1740000 423
1740010 420
1740020 418
1740030 418
1740040 416
1740050 414
1740060 414
1740070 414
1740080 414
1740090 414
1740100 414
1740110 417
1740120 421
1740130 421
1740140 424
1740150 425
1740160 425
1740170 421
1740180 412
1740190 412
1740200 405
1740210 401
1740220 401
1740230 398
1740240 395
1740250 394
1740260 394
1740270 390
1740280 388
1740290 388
1740300 387
1740310 387
1740320 387
1740330 385
1740340 385
1740350 385
1740360 387
1740370 387
1740380 387
1740390 387
1740400 387
1740410 386
1740420 386
1740430 384
1740440 381
1740450 381
1740460 378
1740470 378
1740480 378
1740490 376
1740500 374
1740510 374
1740520 373
1740530 373
1740540 373
1740550 372
1740560 373
1740570 375
1740580 375
1740590 376
1740600 380
1740610 380
1740620 382
1740630 383
1740640 383
1740650 386
1740660 389
1740670 389
1740680 394
1740690 398
1740700 398
1740710 402
1740720 405
1740730 405
1740740 405
1740750 402
1740760 396
1740770 396
1740780 393
1740790 391
1740800 391
1740810 391
1740820 393
1740830 393
1740840 394
1740850 396
1740860 396
1740870 400
1740880 403
1740890 407
1740900 407
1740910 411
1740920 411
1740930 411
1740940 413
1740950 415
1740960 415
1740970 413
1740980 409
1740990 409
1741000 403
1741010 397
1741020 397
1741030 394
1741040 389
1741050 384
1741060 384
1741070 380
1741080 376
1741090 376
1741100 373
1741110 369
1741120 369
1741130 366
1741140 364
1741150 364
1741160 361
1741170 359
1741180 359
1741190 357
1741200 355
1741210 355
1741220 355
1741230 355
1741240 356
1741250 356
1741260 354
1741270 354
1741280 354
1741290 354
1741300 354
1741310 354
1741320 353
1741330 345
1741340 345
1741350 340
1741360 341
1741370 338
1741380 338
1741390 335
1741400 332
1741410 332
1741420 327
1741430 325
1741440 325
1741450 325
1741460 324
1741470 324
1741480 321
1741490 320
1741500 320
1741510 319
1741520 318
1741530 318
1741540 318
1741550 317
1741560 316
1741570 316
1741580 316
1741590 315
1741600 315
1741610 314
1741620 314
1741630 314
1741640 313
1741650 312
1741660 312
1741670 314
1741680 316
1741690 318
1741700 318
1741710 322
1741720 324
1741730 324
1741740 324
1741750 323
1741760 323
1741770 321
1741780 318
1741790 318
1741800 316
1741810 315
1741820 315
1741830 315
1741840 314
1741850 314
1741860 314
1741870 314
1741880 318
1741890 318
1741900 322
1741910 327
1741920 327
1741930 334
1741940 337
1741950 337
1741960 340
1741970 341
1741980 341
1741990 341
1742000 340
1742010 340
1742020 339
1742030 338
1742040 336
1742050 336
1742060 335
1742070 335
1742080 335
1742090 334
1742100 335
1742110 335
1742120 337
1742130 338
1742140 338
1742150 339
1742160 341
1742170 341
1742180 342
1742190 343
1742200 344
1742210 344
1742220 345
1742230 345
1742240 345
1742250 344
1742260 342
1742270 342
1742280 340
1742290 339
1742300 339
1742310 336
1742320 336
1742330 336
1742340 335
1742350 334
1742360 334
1742370 334
1742380 333
1742390 331
1742400 331
1742410 330
1742420 329
1742430 329
1742440 328
