1740000 382
1740010 379
1740020 379
1740030 376
1740040 377
1740050 377
1740060 378
1740070 376
1740080 373
1740090 373
1740100 373
1740110 372
1740120 372
1740130 373
1740140 371
1740150 371
1740160 369
1740170 368
1740180 368
1740190 367
1740200 366
1740210 366
1740220 365
1740230 364
1740240 362
1740250 362
1740260 361
1740270 361
1740280 361
1740290 360
1740300 359
1740310 359
1740320 356
1740330 353
1740340 353
1740350 350
1740360 347
1740370 347
1740380 346
1740390 346
1740400 345
1740410 345
1740420 345
1740430 343
1740440 343
1740450 341
1740460 341
1740470 341
1740480 340
1740490 338
1740500 338
1740510 337
1740520 336
1740530 336
1740540 335
1740550 333
1740560 331
1740570 330
1740580 329
1740590 328
1740600 328
1740610 328
1740620 327
1740630 327
1740640 327
1740650 327
1740660 327
1740670 325
1740680 325
1740690 325
1740700 326
1740710 326
1740720 326
1740730 326
1740740 326
1740750 325
1740760 325
1740770 324
1740780 323
1740790 323
1740800 324
1740810 326
1740820 326
1740830 326
1740840 326
1740850 326
1740860 326
1740870 328
1740880 328
1740890 329
1740900 329
1740910 331
1740920 331
1740930 332
1740940 332
1740950 332
1740960 332
1740970 331
1740980 331
1740990 331
1741000 332
1741010 332
1741020 331
1741030 330
1741040 330
1741050 328
1741060 325
1741070 324
1741080 324
1741090 323
1741100 322
1741110 322
1741120 321
1741130 322
1741140 322
1741150 325
1741160 329
1741170 329
1741180 332
1741190 337
1741200 337
1741210 344
1741220 348
1741230 353
1741240 353
1741250 358
1741260 363
1741270 363
1741280 367
1741290 370
1741300 370
1741310 371
1741320 371
1741330 371
1741340 371
1741350 371
1741360 371
1741370 370
1741380 370
1741390 369
1741400 369
1741410 368
1741420 367
1741430 367
1741440 365
1741450 364
1741460 364
1741470 362
1741480 361
1741490 361
1741500 359
1741510 358
1741520 358
1741530 357
1741540 355
1741550 353
1741560 353
1741570 351
1741580 348
1741590 348
1741600 345
1741610 344
1741620 344
1741630 342
1741640 337
1741650 337
1741660 337
1741670 336
1741680 336
1741690 335
1741700 334
1741710 334
1741720 334
1741730 333
1741740 333
1741750 333
1741760 332
1741770 329
1741780 329
1741790 329
1741800 329
1741810 329
1741820 329
1741830 329
1741840 329
1741850 329
1741860 329
1741870 328
1741880 328
1741890 325
1741900 325
1741910 325
1741920 323
1741930 320
1741940 320
1741950 318
1741960 315
1741970 315
1741980 316
1741990 315
1742000 315
1742010 316
1742020 316
1742030 316
1742040 316
1742050 316
1742060 315
1742070 315
1742080 314
1742090 314
1742100 314
1742110 311
1742120 309
1742130 309
1742140 305
1742150 305
1742160 305
1742170 307
1742180 307
1742190 307
1742200 307
1742210 307
1742220 307
1742230 307
1742240 307
1742250 308
1742260 308
1742270 308
1742280 306
1742290 306
1742300 305
1742310 304
1742320 304
1742330 302
1742340 301
1742350 301
1742360 299
1742370 296
1742380 296
1742390 296
1742400 296
1742410 296
1742420 296
1742430 296
1742440 296
1742450 296
1742460 296
1742470 295
1742480 295
1742490 295
1742500 293
1742510 293
1742520 288
1742530 287
1742540 292
1742550 292
1742560 293
1742570 293
1742580 293
1742590 293
1742600 293
1742610 293
1742620 293
1742630 291
1742640 291
1742650 292
1742660 292
1742670 292
1742680 292
1742690 292
1742700 292
1742710 292
1742720 292
1742730 292
1742740 292
1742750 292
1742760 292
1742770 292
1742780 292
1742790 292
1742800 292
1742810 292
1742820 292
1742830 292
1742840 292
1742850 295
1742860 297
1742870 297
1742880 297
1742890 296
1742900 296
1742910 296
1742920 298
1742930 298
1742940 298
1742950 300
1742960 300
1742970 301
1742980 303
1742990 303
1743000 307
1743010 308
1743020 309
1743030 309
1743040 309
1743050 308
1743060 308
1743070 307
1743080 306
1743090 306
1743100 304
1743110 303
1743120 303
1743130 302
1743140 301
1743150 301
1743160 299
1743170 296
1743180 294
1743190 294
1743200 293
1743210 292
1743220 292
1743230 291
1743240 290
1743250 290
1743260 290
1743270 291
1743280 291
1743290 291
1743300 291
1743310 291
1743320 291
1743330 291
1743340 291
1743350 291
1743360 292
1743370 293
1743380 293
1743390 296
1743400 296
1743410 296
1743420 297
1743430 297
1743440 297
1743450 298
1743460 299
1743470 299
1743480 300
1743490 300
1743500 300
1743510 300
1743520 302
1743530 302
1743540 302
1743550 302
1743560 305
1743570 305
1743580 308
1743590 310
1743600 310
1743610 311
1743620 311
1743630 311
1743640 311
1743650 308
1743660 308
1743670 310
1743680 314
1743690 317
1743700 317
1743710 321
1743720 324
1743730 324
1743740 326
1743750 327
1743760 327
1743770 327
1743780 324
1743790 324
1743800 322
1743810 319
1743820 319
1743830 320
1743840 323
1743850 325
1743860 325
1743870 328
1743880 330
1743890 330
1743900 334
1743910 337
1743920 337
1743930 340
1743940 343
1743950 343
1743960 345
1743970 348
1743980 348
1743990 351
1744000 353
1744010 355
1744020 355
1744030 354
1744040 351
1744050 351
1744060 348
1744070 345
1744080 345
1744090 344
1744100 342
1744110 342
1744120 340
1744130 337
1744140 337
1744150 335
1744160 331
1744170 327
1744180 327
1744190 324
1744200 319
1744210 319
1744220 314
1744230 310
1744240 310
1744250 311
1744260 310
1744270 310
1744280 308
1744290 304
1744300 304
1744310 302
1744320 303
1744330 304
1744340 304
1744350 302
1744360 301
1744370 301
1744380 306
1744390 311
1744400 311
1744410 314
1744420 313
1744430 313
1744440 309
1744450 307
1744460 307
1744470 303
1744480 302
1744490 303
1744500 303
1744510 304
1744520 305
1744530 305
1744540 307
1744550 313
1744560 313
1744570 313
1744580 317
1744590 317
1744600 317
1744610 320
1744620 320
1744630 318
1744640 321
1744650 321
1744660 322
1744670 326
1744680 330
1744690 330
1744700 336
1744710 340
1744720 340
1744730 340
1744740 343
1744750 343
1744760 350
1744770 353
1744780 353
1744790 356
1744800 360
1744810 360
1744820 363
1744830 366
1744840 368
1744850 368
1744860 370
1744870 371
1744880 371
1744890 371
1744900 369
1744910 369
1744920 368
1744930 367
1744940 367
1744950 364
1744960 360
1744970 360
1744980 358
1744990 355
1745000 352
1745010 352
1745020 347
1745030 343
1745040 343
1745050 338
1745060 331
1745070 331
1745080 321
1745090 313
1745100 313
1745110 317
1745120 322
1745130 322
1745140 327
1745150 332
1745160 340
1745170 340
1745180 342
1745190 343
1745200 343
1745210 344
1745220 346
1745230 346
1745240 347
1745250 348
1745260 348
1745270 349
1745280 349
1745290 349
1745300 349
1745310 349
1745320 348
1745330 348
1745340 348
