1740000 316
1740010 316
1740020 316
1740030 314
1740040 314
1740050 313
1740060 312
1740070 311
1740080 311
1740090 310
1740100 308
1740110 308
1740120 306
1740130 304
1740140 304
1740150 303
1740160 302
1740170 302
1740180 300
1740190 299
1740200 299
1740210 297
1740220 295
1740230 293
1740240 293
1740250 291
1740260 289
1740270 289
1740280 287
1740290 286
1740300 286
1740310 283
1740320 283
1740330 283
1740340 281
1740350 280
1740360 280
1740370 280
1740380 280
1740390 279
1740400 279
1740410 276
1740420 271
1740430 271
1740440 270
1740450 269
1740460 269
1740470 268
1740480 269
1740490 269
1740500 269
1740510 270
1740520 270
1740530 270
1740540 272
1740550 274
1740560 274
1740570 278
1740580 280
1740590 280
1740600 281
1740610 285
1740620 285
1740630 292
1740640 294
1740650 294
1740660 295
1740670 296
1740680 296
1740690 298
1740700 299
1740710 299
1740720 299
1740730 298
1740740 296
1740750 296
1740760 294
1740770 293
1740780 293
1740790 292
1740800 291
1740810 291
1740820 290
1740830 289
1740840 289
1740850 289
1740860 288
1740870 287
1740880 287
1740890 287
1740900 286
1740910 286
1740920 285
1740930 285
1740940 285
1740950 284
1740960 283
1740970 283
1740980 282
1740990 281
1741000 281
1741010 280
1741020 279
1741030 279
1741040 278
1741050 277
1741060 276
1741070 276
1741080 275
1741090 274
1741100 274
1741110 272
1741120 269
1741130 269
1741140 269
1741150 270
1741160 270
1741170 270
1741180 270
1741190 270
1741200 270
1741210 270
1741220 271
1741230 271
1741240 271
1741250 271
1741260 271
1741270 271
1741280 271
1741290 271
1741300 271
1741310 271
1741320 271
1741330 271
1741340 275
1741350 275
1741360 282
1741370 282
1741380 283
1741390 283
1741400 283
1741410 284
1741420 284
1741430 284
1741440 284
1741450 284
1741460 285
1741470 285
1741480 285
1741490 285
1741500 284
1741510 284
1741520 284
1741530 284
1741540 284
1741550 284
1741560 284
1741570 282
1741580 282
1741590 283
1741600 286
1741610 286
1741620 288
1741630 289
1741640 289
1741650 290
1741660 290
1741670 290
1741680 291
1741690 292
1741700 293
1741710 293
1741720 294
1741730 298
1741740 298
1741750 302
1741760 304
1741770 304
1741780 308
1741790 312
1741800 312
1741810 312
1741820 311
1741830 311
1741840 312
1741850 316
1741860 319
1741870 319
1741880 319
1741890 320
1741900 320
1741910 329
1741920 335
1741930 335
1741940 340
1741950 343
1741960 343
1741970 347
1741980 351
1741990 351
1742000 356
1742010 360
1742020 360
1742030 364
1742040 365
1742050 363
1742060 363
1742070 361
1742080 356
1742090 356
1742100 352
1742110 348
1742120 348
1742130 343
1742140 341
1742150 341
1742160 337
1742170 337
1742180 337
1742190 336
1742200 334
1742210 331
1742220 331
1742230 325
1742240 325
1742250 325
1742260 333
1742270 341
1742280 341
1742290 344
1742300 349
1742310 349
1742320 353
1742330 357
1742340 357
1742350 360
1742360 363
1742370 366
1742380 366
1742390 368
1742400 369
1742410 369
1742420 370
1742430 373
1742440 373
1742450 375
1742460 376
1742470 376
1742480 376
1742490 376
1742500 376
1742510 376
1742520 376
1742530 377
1742540 377
1742550 376
1742560 374
1742570 374
1742580 372
1742590 368
1742600 368
1742610 366
1742620 365
1742630 365
1742640 363
1742650 359
1742660 359
1742670 358
1742680 355
1742690 355
1742700 355
1742710 354
1742720 353
1742730 353
1742740 354
1742750 354
1742760 354
1742770 353
1742780 351
1742790 351
1742800 350
1742810 350
1742820 350
1742830 349
1742840 348
1742850 347
1742860 347
1742870 346
1742880 347
1742890 347
1742900 348
1742910 349
1742920 349
1742930 349
1742940 349
1742950 349
1742960 349
1742970 348
1742980 348
1742990 347
1743000 345
1743010 345
1743020 343
1743030 340
1743040 337
1743050 337
1743060 332
1743070 327
1743080 327
1743090 323
1743100 318
1743110 318
1743120 314
1743130 307
1743140 307
1743150 302
1743160 304
1743170 304
1743180 305
1743190 301
1743200 298
1743210 298
1743220 295
1743230 294
1743240 294
1743250 293
1743260 292
1743270 292
1743280 291
1743290 290
1743300 290
1743310 288
1743320 288
1743330 288
1743340 285
1743350 282
1743360 279
1743370 279
1743380 278
1743390 278
1743400 278
1743410 278
1743420 278
1743430 278
1743440 278
1743450 281
1743460 281
1743470 280
1743480 277
1743490 277
1743500 274
1743510 272
1743520 272
1743530 272
1743540 279
1743550 285
1743560 285
1743570 292
1743580 296
1743590 296
1743600 298
1743610 301
1743620 301
1743630 306
1743640 307
1743650 307
1743660 303
1743670 298
1743680 294
1743690 294
1743700 289
1743710 287
1743720 287
1743730 286
1743740 281
1743750 281
1743760 276
1743770 274
1743780 274
1743790 276
1743800 280
1743810 280
1743820 283
1743830 285
1743840 288
1743850 288
1743860 291
1743870 295
1743880 295
1743890 299
1743900 303
1743910 303
1743920 306
1743930 309
1743940 309
1743950 312
1743960 315
1743970 315
1743980 318
1743990 320
1744000 320
1744010 323
1744020 324
1744030 325
1744040 325
1744050 324
1744060 323
1744070 323
1744080 321
1744090 321
1744100 321
1744110 323
1744120 329
1744130 329
1744140 331
1744150 332
1744160 332
1744170 335
1744180 339
1744190 342
1744200 342
1744210 344
1744220 345
1744230 345
1744240 345
1744250 344
1744260 344
1744270 343
1744280 342
1744290 342
1744300 340
1744310 338
1744320 338
1744330 337
1744340 336
1744350 335
1744360 335
1744370 335
1744380 334
1744390 334
1744400 333
1744410 332
1744420 332
1744430 330
1744440 329
1744450 329
1744460 328
1744470 323
1744480 323
1744490 319
1744500 317
1744510 315
1744520 315
1744530 318
1744540 317
1744550 317
1744560 316
1744570 320
1744580 320
1744590 324
1744600 326
1744610 326
1744620 327
1744630 327
1744640 327
1744650 325
1744660 327
1744670 327
1744680 327
1744690 329
1744700 331
1744710 331
1744720 331
1744730 331
1744740 331
1744750 330
1744760 329
1744770 329
1744780 328
1744790 328
1744800 328
1744810 328
1744820 328
1744830 328
1744840 327
1744850 327
1744860 327
1744870 327
1744880 327
1744890 327
1744900 327
1744910 327
1744920 328
1744930 328
1744940 328
1744950 328
1744960 328
1744970 330
1744980 331
1744990 331
1745000 338
1745010 341
1745020 343
1745030 343
1745040 345
1745050 346
1745060 346
1745070 349
1745080 352
1745090 352
1745100 356
1745110 358
1745120 358
1745130 359
1745140 358
1745150 358
1745160 357
1745170 355
1745180 352
1745190 352
1745200 347
1745210 341
1745220 341
1745230 341
1745240 340
1745250 340
1745260 337
1745270 334
1745280 334
1745290 333
1745300 330
1745310 330
1745320 327
1745330 323
1745340 320
1745350 320
1745360 317
1745370 314
1745380 314
1745390 312
1745400 310
1745410 310
1745420 308
1745430 307
1745440 307
1745450 304
1745460 302
1745470 302
1745480 300
1745490 298
1745500 296
1745510 296
1745520 297
1745530 298
1745540 298
1745550 298
1745560 299
1745570 299
1745580 299
1745590 298
1745600 298
1745610 299
1745620 300
1745630 300
1745640 301
1745650 301
1745660 303
1745670 303
1745680 304
1745690 306
1745700 306
1745710 306
1745720 307
1745730 307
1745740 310
1745750 312
1745760 312
1745770 312
1745780 315
1745790 315
1745800 319
1745810 324
1745820 324
1745830 328
1745840 332
1745850 333
1745860 333
1745870 335
1745880 338
1745890 338
1745900 341
1745910 346
1745920 346
1745930 350
1745940 353
1745950 353
1745960 354
1745970 358
1745980 358
1745990 362
1746000 364
1746010 368
1746020 368
1746030 369
1746040 370
1746050 370
1746060 369
1746070 368
1746080 368
1746090 366
1746100 364
1746110 364
1746120 362
1746130 359
1746140 359
1746150 357
1746160 354
1746170 350
1746180 350
1746190 344
1746200 340
1746210 340
1746220 337
1746230 333
1746240 333
1746250 331
1746260 327
1746270 327
1746280 322
1746290 317
1746300 317
1746310 313
1746320 309
1746330 306
1746340 306
1746350 303
1746360 301
1746370 301
1746380 298
1746390 295
1746400 295
1746410 293
1746420 292
1746430 292
1746440 291
1746450 290
1746460 290
1746470 289
1746480 287
1746490 286
1746500 286
1746510 286
1746520 287
1746530 287
1746540 287
1746550 286
1746560 286
1746570 286
1746580 286
1746590 286
1746600 286
1746610 286
1746620 286
1746630 285
1746640 285
1746650 284
1746660 284
1746670 284
1746680 284
1746690 284
1746700 284
1746710 284
1746720 284
1746730 284
1746740 285
1746750 285
1746760 288
1746770 292
1746780 292
1746790 296
1746800 301
1746810 301
1746820 305
1746830 306
1746840 309
1746850 309
1746860 310
1746870 313
1746880 313
1746890 315
1746900 315
1746910 315
1746920 315
1746930 315
1746940 315
1746950 313
1746960 312
1746970 312
1746980 310
1746990 309
1747000 308
1747010 308
1747020 306
1747030 304
1747040 304
1747050 298
1747060 288
1747070 288
1747080 284
1747090 282
1747100 282
1747110 283
1747120 286
1747130 286
1747140 287
1747150 288
1747160 292
1747170 292
1747180 297
1747190 302
1747200 302
1747210 309
1747220 312
1747230 312
1747240 314
1747250 317
1747260 317
1747270 320
1747280 324
1747290 324
1747300 326
1747310 326
1747320 327
1747330 327
1747340 324
1747350 321
1747360 321
1747370 316
1747380 312
1747390 312
1747400 308
1747410 304
1747420 304
1747430 301
1747440 298
1747450 298
1747460 295
1747470 291
1747480 288
1747490 288
1747500 285
1747510 281
1747520 281
1747530 277
1747540 274
1747550 274
1747560 271
1747570 271
1747580 271
1747590 272
1747600 274
1747610 274
1747620 275
1747630 277
1747640 279
1747650 279
1747660 280
1747670 282
1747680 282
1747690 283
1747700 282
1747710 282
1747720 282
1747730 280
1747740 280
1747750 277
1747760 274
1747770 274
1747780 272
1747790 269
1747800 269
1747810 269
1747820 269
1747830 271
1747840 271
1747850 276
1747860 281
1747870 281
1747880 286
1747890 291
1747900 291
1747910 296
1747920 302
1747930 302
1747940 307
1747950 310
1747960 310
1747970 310
1747980 307
1747990 306
1748000 306
1748010 305
1748020 305
1748030 305
1748040 306
1748050 308
1748060 308
1748070 309
1748080 310
1748090 310
1748100 311
1748110 310
1748120 310
1748130 306
1748140 303
1748150 298
1748160 298
1748170 293
1748180 290
1748190 290
1748200 286
1748210 284
1748220 284
1748230 281
1748240 275
1748250 275
1748260 277
1748270 282
1748280 282
1748290 285
1748300 286
1748310 286
1748320 286
1748330 285
1748340 284
1748350 284
1748360 284
1748370 283
1748380 283
1748390 282
1748400 279
1748410 279
1748420 276
1748430 277
1748440 277
1748450 278
1748460 279
1748470 280
1748480 280
1748490 282
1748500 283
1748510 283
1748520 284
1748530 285
1748540 285
1748550 286
1748560 286
1748570 286
1748580 285
1748590 282
1748600 282
1748610 279
1748620 277
1748630 274
1748640 274
1748650 272
1748660 270
1748670 270
1748680 268
1748690 266
1748700 266
1748710 264
1748720 263
1748730 263
1748740 261
1748750 260
1748760 260
1748770 258
1748780 256
1748790 256
1748800 254
1748810 253
1748820 251
1748830 251
1748840 249
1748850 248
1748860 248
1748870 247
1748880 246
1748890 246
1748900 247
1748910 247
1748920 247
1748930 245
1748940 245
1748950 245
1748960 244
1748970 244
1748980 244
1748990 244
1749000 244
1749010 244
1749020 244
1749030 242
1749040 244
1749050 244
1749060 244
1749070 244
1749080 244
1749090 244
1749100 244
1749110 244
1749120 244
1749130 244
1749140 246
1749150 246
1749160 249
1749170 252
1749180 252
1749190 254
1749200 255
1749210 255
1749220 255
1749230 256
1749240 256
1749250 256
1749260 255
1749270 255
1749280 254
1749290 253
1749300 251
1749310 251
1749320 251
1749330 249
1749340 249
1749350 248
1749360 246
1749370 246
1749380 244
1749390 245
1749400 245
1749410 245
1749420 246
1749430 246
1749440 248
1749450 254
1749460 257
1749470 257
1749480 259
1749490 260
1749500 260
1749510 261
1749520 263
1749530 263
1749540 264
1749550 267
1749560 267
1749570 268
1749580 270
1749590 270
1749600 272
1749610 274
1749620 274
1749630 274
1749640 279
1749650 281
1749660 281
1749670 279
1749680 274
1749690 274
1749700 274
1749710 273
1749720 273
1749730 274
1749740 278
1749750 278
1749760 282
1749770 286
1749780 287
1749790 290
1749800 293
1749810 297
1749820 297
1749830 300
1749840 303
1749850 303
1749860 305
1749870 306
1749880 306
1749890 306
1749900 305
1749910 305
1749920 303
1749930 300
1749940 300
1749950 298
1749960 294
1749970 290
1749980 290
1749990 287
1750000 284
1750010 284
1750020 281
1750030 278
1750040 278
1750050 275
1750060 273
1750070 273
1750080 269
1750090 264
1750100 264
1750110 260
1750120 254
1750130 249
1750140 249
1750150 247
1750160 249
1750170 249
1750180 255
1750190 258
1750200 258
1750210 262
1750220 263
1750230 263
1750240 265
1750250 264
1750260 264
1750270 266
1750280 269
1750290 270
1750300 270
1750310 272
1750320 274
1750330 274
1750340 276
1750350 275
1750360 275
1750370 279
1750380 282
1750390 282
1750400 283
1750410 287
1750420 287
1750430 291
1750440 294
1750450 297
1750460 297
1750470 300
1750480 303
1750490 303
1750500 307
1750510 311
1750520 311
1750530 313
1750540 317
1750550 317
1750560 322
1750570 325
1750580 325
1750590 327
1750600 329
1750610 328
1750620 328
1750630 329
1750640 329
1750650 329
1750660 329
1750670 328
1750680 328
1750690 325
1750700 321
1750710 321
1750720 319
1750730 317
1750740 317
1750750 314
1750760 312
1750770 312
1750780 310
1750790 308
1750800 306
1750810 306
1750820 304
1750830 299
1750840 299
1750850 292
1750860 288
1750870 288
1750880 286
1750890 287
1750900 287
1750910 289
1750920 291
1750930 291
1750940 298
1750950 301
1750960 306
1750970 306
1750980 308
1750990 309
1751000 309
1751010 309
1751020 310
1751030 310
1751040 310
1751050 309
1751060 309
1751070 309
1751080 308
1751090 308
1751100 307
1751110 305
1751120 304
1751130 304
1751140 303
1751150 302
1751160 302
1751170 300
1751180 299
1751190 299
1751200 296
1751210 294
1751220 294
1751230 292
1751240 290
1751250 290
1751260 288
1751270 286
1751280 285
1751290 285
1751300 284
1751310 283
1751320 283
1751330 280
1751340 276
1751350 276
1751360 271
1751370 267
1751380 267
1751390 263
1751400 259
1751410 259
1751420 255
1751430 251
1751440 249
1751450 249
1751460 247
1751470 246
1751480 246
1751490 246
1751500 246
1751510 246
1751520 247
1751530 248
1751540 248
1751550 253
1751560 259
1751570 259
1751580 260
1751590 258
1751600 260
1751610 260
1751620 257
1751630 255
1751640 255
1751650 255
1751660 254
1751670 254
1751680 255
1751690 257
1751700 257
1751710 256
1751720 259
1751730 259
1751740 262
1751750 265
1751760 265
1751770 267
1751780 270
1751790 273
1751800 273
1751810 276
1751820 281
1751830 281
1751840 284
1751850 289
1751860 289
1751870 293
1751880 298
1751890 298
1751900 303
1751910 305
1751920 305
1751930 306
1751940 306
1751950 306
1751960 306
1751970 304
1751980 302
1751990 302
1752000 300
1752010 297
1752020 297
1752030 294
1752040 291
1752050 291
1752060 285
1752070 282
1752080 282
1752090 279
1752100 279
1752110 282
1752120 282
1752130 284
1752140 285
1752150 285
1752160 287
1752170 290
1752180 290
1752190 292
1752200 295
1752210 295
1752220 298
1752230 300
1752240 300
1752250 301
1752260 304
1752270 307
1752280 307
1752290 308
1752300 310
1752310 310
1752320 313
1752330 313
1752340 313
1752350 313
1752360 310
1752370 310
1752380 307
1752390 304
1752400 304
1752410 300
1752420 296
1752430 293
1752440 293
1752450 289
1752460 287
1752470 287
1752480 281
1752490 279
1752500 279
1752510 276
1752520 275
1752530 275
1752540 272
1752550 270
1752560 270
1752570 268
1752580 267
1752590 266
1752600 266
1752610 264
1752620 261
1752630 261
1752640 261
1752650 261
1752660 261
1752670 260
1752680 259
1752690 259
1752700 258
1752710 257
1752720 257
1752730 256
1752740 255
1752750 255
1752760 252
1752770 249
1752780 246
1752790 246
1752800 245
1752810 245
1752820 245
1752830 244
1752840 244
1752850 244
1752860 243
1752870 243
1752880 243
1752890 243
1752900 244
1752910 244
1752920 245
1752930 248
1752940 251
1752950 251
1752960 254
1752970 256
1752980 256
1752990 258
1753000 260
1753010 260
1753020 261
1753030 263
1753040 263
1753050 264
1753060 266
1753070 266
1753080 267
1753090 268
1753100 269
1753110 269
1753120 270
1753130 270
1753140 270
1753150 269
1753160 270
1753170 270
1753180 269
1753190 270
1753200 270
1753210 269
1753220 267
1753230 267
1753240 266
1753250 265
1753260 262
1753270 262
1753280 262
1753290 262
1753300 262
1753310 262
1753320 263
1753330 263
1753340 260
1753350 260
1753360 260
1753370 260
1753380 260
1753390 260
1753400 260
1753410 260
1753420 257
1753430 257
1753440 255
1753450 255
1753460 255
1753470 253
1753480 254
1753490 254
1753500 256
1753510 255
1753520 255
1753530 256
1753540 256
1753550 256
1753560 256
1753570 256
1753580 255
1753590 255
1753600 253
1753610 253
1753620 253
1753630 253
1753640 253
1753650 253
1753660 254
1753670 255
1753680 255
1753690 256
1753700 256
1753710 256
1753720 256
1753730 257
1753740 257
1753750 258
1753760 259
1753770 260
1753780 260
1753790 262
1753800 263
1753810 263
1753820 264
1753830 266
1753840 266
1753850 267
1753860 268
1753870 268
1753880 269
1753890 269
1753900 269
1753910 270
1753920 270
1753930 270
1753940 270
1753950 271
1753960 271
1753970 271
1753980 271
1753990 271
1754000 271
1754010 272
1754020 273
1754030 273
1754040 272
1754050 269
1754060 269
1754070 267
1754080 266
1754090 266
1754100 266
1754110 266
1754120 266
1754130 266
1754140 268
1754150 269
1754160 269
1754170 271
1754180 273
1754190 273
1754200 276
1754210 278
1754220 278
1754230 279
1754240 280
1754250 281
1754260 281
1754270 282
1754280 283
1754290 283
1754300 284
1754310 285
1754320 285
1754330 286
1754340 286
1754350 286
1754360 286
1754370 286
1754380 286
1754390 285
1754400 287
1754410 287
1754420 287
1754430 283
1754440 283
1754450 283
1754460 283
1754470 283
1754480 283
1754490 284
1754500 284
1754510 284
1754520 284
1754530 285
1754540 285
1754550 287
1754560 289
1754570 289
1754580 290
1754590 292
1754600 293
1754610 293
1754620 295
1754630 296
1754640 296
1754650 297
1754660 298
1754670 298
1754680 301
1754690 303
1754700 303
1754710 304
1754720 305
1754730 305
1754740 305
1754750 309
1754760 310
1754770 310
1754780 312
1754790 315
1754800 315
1754810 315
1754820 316
1754830 316
1754840 317
1754850 318
1754860 318
1754870 318
1754880 319
1754890 319
1754900 319
1754910 320
1754920 320
1754930 320
1754940 320
1754950 320
1754960 320
1754970 322
1754980 326
1754990 326
1755000 328
1755010 328
1755020 328
1755030 327
1755040 329
1755050 329
1755060 329
1755070 332
1755080 332
1755090 332
1755100 332
1755110 332
1755120 332
1755130 333
1755140 333
1755150 333
1755160 333
1755170 334
1755180 334
1755190 334
1755200 335
1755210 335
1755220 336
1755230 336
1755240 337
1755250 337
1755260 338
1755270 339
1755280 339
1755290 339
1755300 340
1755310 340
1755320 341
1755330 341
1755340 341
1755350 339
1755360 338
1755370 338
1755380 339
1755390 337
1755400 335
1755410 335
1755420 333
1755430 331
1755440 331
1755450 331
1755460 330
1755470 330
1755480 330
1755490 331
1755500 331
1755510 332
1755520 334
1755530 334
1755540 336
1755550 338
1755560 338
1755570 340
1755580 342
1755590 343
1755600 343
1755610 344
1755620 345
1755630 345
1755640 345
1755650 346
1755660 346
1755670 346
1755680 347
1755690 347
1755700 347
1755710 347
1755720 347
1755730 348
1755740 348
1755750 348
1755760 348
1755770 348
1755780 349
1755790 349
1755800 349
1755810 349
1755820 349
1755830 349
1755840 349
1755850 349
1755860 349
1755870 349
1755880 349
1755890 350
1755900 350
1755910 350
1755920 350
1755930 350
1755940 350
1755950 350
1755960 350
1755970 350
1755980 350
1755990 349
1756000 348
1756010 348
1756020 347
1756030 345
1756040 345
1756050 344
1756060 342
1756070 339
1756080 339
1756090 336
1756100 334
1756110 334
1756120 331
1756130 327
1756140 327
1756150 328
1756160 329
1756170 329
1756180 329
1756190 328
1756200 328
1756210 328
1756220 327
1756230 327
1756240 327
1756250 326
1756260 324
1756270 324
1756280 325
1756290 327
1756300 327
1756310 330
1756320 332
1756330 332
1756340 335
1756350 337
1756360 337
1756370 337
1756380 338
1756390 339
1756400 339
1756410 340
1756420 341
1756430 341
1756440 342
1756450 342
1756460 342
1756470 342
1756480 343
1756490 343
1756500 346
1756510 348
1756520 348
1756530 354
1756540 358
1756550 358
1756560 359
1756570 359
1756580 360
1756590 360
1756600 360
1756610 361
1756620 361
1756630 361
1756640 361
1756650 361
1756660 361
1756670 361
1756680 361
1756690 362
1756700 362
1756710 362
1756720 362
1756730 362
1756740 363
1756750 363
1756760 365
1756770 367
1756780 367
1756790 369
1756800 370
1756810 370
1756820 370
1756830 370
1756840 370
1756850 370
1756860 369
1756870 369
1756880 368
1756890 366
1756900 364
1756910 364
1756920 362
1756930 358
1756940 358
1756950 355
1756960 353
1756970 353
1756980 349
1756990 343
1757000 343
1757010 343
1757020 341
1757030 341
1757040 339
1757050 329
1757060 327
1757070 327
1757080 327
1757090 331
1757100 331
1757110 337
1757120 342
1757130 342
1757140 346
1757150 350
1757160 350
1757170 353
1757180 357
1757190 357
1757200 361
1757210 364
1757220 366
1757230 366
1757240 369
1757250 371
1757260 371
1757270 374
1757280 376
1757290 376
1757300 375
1757310 377
1757320 377
1757330 377
1757340 376
1757350 376
1757360 374
1757370 371
1757380 368
1757390 370
1757400 367
1757410 364
1757420 364
1757430 363
1757440 361
1757450 361
1757460 359
1757470 357
1757480 357
1757490 355
1757500 354
1757510 354
1757520 353
1757530 351
1757540 351
1757550 349
1757560 347
1757570 345
1757580 345
1757590 343
1757600 341
1757610 341
1757620 339
1757630 337
1757640 337
1757650 334
1757660 332
1757670 332
1757680 330
1757690 327
1757700 327
1757710 323
1757720 320
1757730 319
1757740 319
1757750 319
1757760 318
1757770 318
1757780 320
1757790 323
1757800 323
1757810 325
1757820 327
1757830 327
1757840 329
1757850 330
1757860 330
1757870 333
1757880 336
1757890 339
1757900 339
1757910 343
1757920 347
1757930 347
1757940 350
1757950 353
1757960 353
1757970 356
1757980 359
1757990 359
1758000 361
1758010 362
1758020 362
1758030 363
1758040 362
1758050 360
1758060 360
1758070 360
1758080 359
1758090 359
1758100 358
1758110 357
1758120 357
1758130 357
1758140 356
1758150 356
1758160 355
1758170 354
1758180 354
1758190 353
1758200 352
1758210 350
1758220 350
1758230 349
1758240 347
1758250 347
1758260 344
1758270 341
1758280 341
1758290 337
1758300 334
1758310 334
1758320 331
1758330 327
1758340 327
1758350 324
1758360 316
1758370 311
1758380 311
1758390 311
1758400 312
1758410 312
1758420 314
1758430 319
1758440 319
1758450 323
1758460 327
1758470 327
1758480 330
1758490 332
1758500 332
1758510 335
1758520 338
1758530 338
1758540 340
1758550 341
1758560 345
1758570 345
1758580 347
1758590 349
1758600 349
1758610 350
1758620 351
1758630 351
1758640 351
1758650 349
1758660 349
1758670 347
1758680 346
1758690 346
1758700 344
1758710 343
1758720 342
1758730 342
1758740 341
1758750 340
1758760 340
1758770 339
1758780 338
1758790 338
1758800 338
1758810 337
1758820 337
1758830 336
1758840 334
1758850 334
1758860 329
1758870 326
1758880 323
1758890 323
1758900 322
1758910 323
1758920 323
1758930 324
1758940 324
1758950 324
1758960 325
1758970 324
1758980 324
1758990 323
1759000 321
1759010 321
1759020 319
1759030 318
1759040 316
1759050 316
1759060 317
1759070 317
1759080 317
1759090 318
1759100 318
1759110 318
1759120 318
1759130 318
1759140 318
1759150 319
1759160 319
1759170 319
1759180 320
1759190 326
1759200 330
1759210 330
1759220 334
1759230 336
1759240 336
1759250 335
1759260 337
1759270 337
1759280 338
1759290 338
1759300 338
1759310 339
1759320 341
1759330 341
1759340 345
1759350 348
1759360 351
1759370 351
1759380 356
1759390 361
1759400 361
1759410 364
1759420 367
1759430 367
1759440 371
1759450 374
1759460 374
1759470 377
1759480 379
1759490 379
1759500 381
1759510 383
1759520 383
1759530 384
1759540 386
1759550 388
1759560 388
1759570 390
1759580 392
1759590 392
1759600 394
1759610 395
1759620 395
1759630 396
1759640 397
1759650 397
1759660 398
1759670 397
1759680 397
1759690 394
1759700 390
1759710 389
1759720 389
1759730 388
1759740 386
1759750 386
1759760 384
1759770 380
1759780 380
1759790 377
1759800 376
1759810 376
1759820 375
1759830 375
1759840 375
1759850 373
1759860 371
1759870 370
1759880 370
1759890 367
1759900 366
1759910 366
1759920 366
1759930 364
1759940 364
1759950 362
1759960 361
1759970 361
1759980 361
1759990 360
