1740000 331
1740010 330
1740020 329
1740030 329
1740040 328
1740050 328
1740060 327
1740070 327
1740080 326
1740090 325
1740100 325
1740110 324
1740120 324
1740130 324
1740140 321
1740150 319
1740160 319
1740170 316
1740180 313
1740190 313
1740200 310
1740210 307
1740220 306
1740230 306
1740240 304
1740250 303
1740260 303
1740270 301
1740280 301
1740290 301
1740300 297
1740310 295
1740320 295
1740330 293
1740340 290
1740350 290
1740360 288
1740370 285
1740380 283
1740390 283
1740400 282
1740410 279
1740420 279
1740430 278
1740440 277
1740450 277
1740460 277
1740470 277
1740480 277
1740490 276
1740500 275
1740510 275
1740520 275
1740530 274
1740540 274
1740550 274
1740560 273
1740570 272
1740580 272
1740590 270
1740600 269
1740610 269
1740620 268
1740630 270
1740640 270
1740650 273
1740660 268
1740670 268
1740680 263
1740690 262
1740700 262
1740710 262
1740720 262
1740730 260
1740740 260
1740750 263
1740760 264
1740770 264
1740780 264
1740790 264
1740800 264
1740810 264
1740820 264
1740830 264
1740840 263
1740850 264
1740860 264
1740870 265
1740880 272
1740890 273
1740900 273
1740910 278
1740920 284
1740930 284
1740940 285
1740950 285
1740960 285
1740970 285
1740980 285
1740990 285
1741000 285
1741010 286
1741020 286
1741030 286
1741040 286
1741050 286
1741060 286
1741070 286
1741080 288
1741090 288
1741100 287
1741110 287
1741120 287
1741130 287
1741140 287
1741150 287
1741160 287
1741170 288
1741180 288
1741190 288
1741200 289
1741210 291
1741220 291
1741230 294
1741240 296
1741250 296
1741260 298
1741270 300
1741280 300
1741290 302
1741300 303
1741310 303
1741320 304
1741330 304
1741340 304
1741350 305
1741360 307
1741370 308
1741380 308
1741390 308
1741400 309
1741410 309
1741420 310
1741430 311
1741440 311
1741450 313
1741460 315
1741470 315
1741480 317
1741490 319
1741500 319
1741510 321
1741520 323
1741530 325
1741540 325
1741550 327
1741560 329
1741570 329
1741580 331
1741590 334
1741600 334
1741610 336
1741620 338
1741630 338
1741640 341
1741650 344
1741660 344
1741670 347
1741680 349
1741690 349
1741700 353
1741710 355
1741720 357
1741730 357
1741740 357
1741750 358
1741760 358
1741770 358
1741780 358
1741790 358
1741800 356
1741810 355
1741820 355
1741830 354
1741840 351
1741850 351
1741860 348
1741870 345
1741880 341
1741890 341
1741900 337
1741910 333
1741920 333
1741930 330
1741940 322
1741950 322
1741960 317
1741970 313
1741980 313
1741990 310
1742000 305
1742010 305
1742020 302
1742030 304
1742040 305
1742050 305
1742060 308
1742070 308
1742080 308
1742090 306
1742100 305
1742110 305
1742120 304
1742130 303
1742140 303
1742150 297
1742160 292
1742170 292
1742180 292
1742190 296
1742200 302
1742210 302
1742220 308
1742230 313
1742240 313
1742250 317
1742260 320
1742270 320
1742280 323
1742290 326
1742300 326
1742310 329
1742320 332
1742330 332
1742340 336
1742350 341
1742360 345
1742370 345
1742380 350
1742390 354
1742400 354
1742410 357
1742420 361
1742430 360
1742440 363
1742450 364
1742460 364
1742470 363
1742480 359
1742490 359
1742500 355
1742510 351
1742520 347
1742530 347
1742540 343
1742550 347
1742560 347
1742570 354
1742580 358
1742590 358
1742600 358
1742610 355
1742620 355
1742630 352
1742640 348
1742650 348
1742660 346
1742670 340
1742680 340
1742690 334
1742700 329
1742710 326
1742720 326
1742730 328
1742740 332
1742750 332
1742760 336
1742770 337
1742780 337
1742790 337
1742800 336
1742810 336
1742820 335
1742830 334
1742840 334
1742850 333
1742860 330
1742870 327
1742880 327
1742890 324
1742900 321
1742910 321
1742920 319
1742930 318
1742940 318
1742950 316
1742960 315
1742970 315
1742980 313
1742990 312
1743000 312
1743010 310
1743020 309
1743030 307
1743040 307
1743050 303
1743060 299
1743070 299
1743080 293
1743090 287
1743100 287
1743110 286
1743120 286
1743130 286
1743140 283
1743150 276
1743160 276
1743170 270
1743180 274
1743190 278
1743200 278
1743210 284
1743220 292
1743230 292
1743240 296
1743250 300
1743260 300
1743270 304
1743280 308
1743290 308
1743300 313
1743310 317
1743320 317
1743330 321
1743340 326
1743350 328
1743360 328
1743370 327
1743380 324
1743390 324
1743400 321
1743410 319
1743420 319
1743430 316
1743440 313
1743450 313
1743460 311
1743470 309
1743480 309
1743490 307
1743500 304
1743510 304
1743520 298
1743530 294
1743540 292
1743550 292
1743560 289
1743570 286
1743580 286
1743590 277
1743600 270
1743610 270
1743620 265
1743630 265
1743640 265
1743650 265
1743660 265
1743670 265
1743680 266
1743690 268
1743700 271
1743710 271
1743720 272
1743730 272
1743740 272
1743750 273
1743760 277
1743770 277
1743780 281
1743790 283
1743800 283
1743810 289
1743820 296
1743830 296
1743840 299
1743850 299
1743860 301
1743870 301
1743880 306
1743890 310
1743900 310
1743910 313
1743920 315
1743930 315
1743940 318
1743950 319
1743960 319
1743970 319
1743980 320
1743990 320
1744000 321
1744010 323
1744020 325
1744030 325
1744040 327
1744050 327
1744060 327
1744070 324
1744080 322
1744090 322
1744100 321
1744110 320
1744120 320
1744130 319
1744140 318
1744150 318
1744160 317
1744170 316
1744180 315
1744190 315
1744200 314
1744210 313
1744220 313
1744230 312
1744240 311
1744250 311
1744260 311
1744270 310
1744280 310
1744290 309
1744300 308
1744310 308
1744320 307
1744330 307
1744340 306
1744350 306
1744360 305
1744370 305
1744380 305
1744390 304
1744400 303
1744410 303
1744420 303
1744430 301
1744440 301
1744450 300
1744460 300
1744470 300
1744480 299
1744490 299
1744500 299
1744510 298
1744520 297
1744530 296
1744540 296
1744550 294
1744560 293
1744570 293
1744580 292
1744590 290
1744600 290
1744610 289
1744620 287
1744630 287
1744640 285
1744650 284
1744660 284
1744670 282
1744680 281
1744690 280
1744700 280
1744710 279
1744720 278
1744730 278
1744740 275
1744750 282
1744760 282
1744770 289
1744780 291
1744790 291
1744800 293
1744810 295
1744820 295
1744830 296
1744840 297
1744850 298
1744860 298
1744870 301
1744880 304
1744890 304
1744900 306
1744910 309
1744920 309
1744930 313
1744940 315
1744950 315
1744960 319
1744970 322
1744980 322
1744990 325
1745000 326
1745010 326
1745020 326
1745030 326
1745040 323
1745050 323
1745060 320
1745070 315
1745080 315
1745090 312
1745100 308
1745110 308
1745120 306
1745130 303
1745140 303
1745150 301
1745160 301
1745170 300
1745180 300
1745190 300
1745200 300
1745210 300
1745220 299
1745230 298
1745240 298
1745250 295
1745260 292
1745270 292
1745280 296
1745290 295
1745300 295
1745310 290
1745320 284
1745330 284
1745340 285
1745350 283
1745360 281
1745370 281
1745380 278
1745390 278
1745400 278
1745410 278
1745420 278
1745430 278
1745440 279
1745450 282
1745460 282
1745470 287
1745480 292
1745490 292
1745500 294
1745510 298
1745520 302
1745530 302
1745540 308
1745550 312
1745560 312
1745570 316
1745580 317
1745590 317
1745600 318
1745610 318
1745620 318
1745630 317
1745640 315
1745650 315
1745660 314
1745670 313
1745680 313
1745690 313
1745700 313
1745710 314
1745720 314
1745730 317
1745740 320
1745750 320
1745760 326
1745770 327
1745780 327
1745790 329
1745800 331
1745810 331
1745820 333
1745830 335
1745840 338
1745850 338
1745860 341
1745870 344
1745880 344
1745890 347
1745900 350
1745910 350
1745920 353
1745930 356
1745940 356
1745950 359
1745960 362
1745970 362
1745980 363
1745990 364
1746000 363
1746010 363
1746020 362
1746030 359
1746040 359
1746050 352
1746060 352
1746070 352
1746080 349
1746090 347
1746100 347
1746110 344
1746120 339
1746130 339
1746140 339
1746150 337
1746160 334
1746170 334
1746180 330
1746190 328
1746200 328
1746210 325
1746220 323
1746230 323
1746240 318
1746250 311
1746260 311
1746270 304
1746280 302
1746290 302
1746300 307
1746310 311
1746320 311
1746330 303
1746340 304
1746350 312
1746360 312
1746370 312
1746380 316
1746390 316
1746400 318
1746410 320
1746420 320
1746430 322
1746440 325
1746450 325
1746460 328
1746470 331
1746480 331
1746490 334
1746500 336
1746510 336
1746520 336
1746530 334
1746540 332
1746550 332
1746560 329
1746570 325
1746580 325
1746590 320
1746600 317
1746610 317
1746620 314
1746630 311
1746640 311
1746650 308
1746660 304
1746670 299
1746680 299
1746690 296
1746700 296
1746710 296
1746720 296
1746730 291
1746740 291
1746750 287
1746760 284
1746770 284
1746780 282
1746790 282
1746800 282
1746810 280
1746820 278
1746830 276
1746840 276
1746850 274
1746860 271
1746870 271
1746880 268
1746890 264
1746900 264
1746910 261
1746920 262
1746930 262
1746940 266
1746950 267
1746960 267
1746970 264
1746980 258
1746990 264
1747000 264
1747010 268
1747020 260
1747030 260
1747040 263
1747050 269
1747060 269
1747070 273
1747080 276
1747090 276
1747100 279
1747110 282
1747120 282
1747130 285
1747140 287
1747150 287
1747160 290
1747170 293
1747180 295
1747190 295
1747200 294
1747210 292
1747220 292
1747230 288
1747240 286
1747250 286
1747260 281
1747270 278
1747280 278
1747290 274
1747300 275
1747310 275
1747320 274
1747330 269
1747340 267
1747350 267
1747360 263
1747370 262
1747380 262
1747390 261
1747400 262
1747410 262
1747420 264
1747430 267
1747440 267
1747450 273
1747460 277
1747470 277
1747480 278
1747490 277
1747500 279
1747510 279
1747520 283
1747530 284
1747540 284
1747550 286
1747560 289
1747570 289
1747580 291
1747590 292
1747600 292
1747610 293
1747620 294
1747630 294
1747640 294
1747650 286
1747660 287
1747670 287
1747680 295
1747690 299
1747700 299
1747710 301
1747720 305
1747730 305
1747740 307
1747750 311
1747760 311
1747770 315
1747780 320
1747790 320
1747800 322
1747810 325
1747820 327
1747830 327
1747840 329
1747850 331
1747860 331
1747870 333
1747880 337
1747890 337
1747900 342
1747910 346
1747920 346
1747930 349
1747940 351
1747950 351
1747960 353
1747970 354
1747980 354
1747990 354
1748000 353
1748010 351
1748020 351
1748030 348
1748040 346
1748050 346
1748060 343
1748070 341
1748080 341
1748090 338
1748100 336
1748110 336
1748120 334
1748130 333
1748140 333
1748150 331
1748160 329
1748170 327
1748180 327
1748190 326
1748200 325
1748210 325
1748220 325
1748230 324
1748240 324
1748250 324
1748260 324
1748270 324
1748280 325
1748290 326
1748300 326
1748310 325
1748320 324
1748330 323
1748340 323
1748350 321
1748360 317
1748370 317
1748380 312
1748390 308
1748400 308
1748410 303
1748420 299
1748430 299
1748440 296
1748450 292
1748460 292
1748470 289
1748480 286
1748490 285
1748500 285
1748510 282
1748520 282
1748530 282
1748540 285
1748550 287
1748560 287
1748570 290
1748580 293
1748590 293
1748600 296
1748610 298
1748620 298
1748630 301
1748640 304
1748650 306
1748660 306
1748670 310
1748680 313
1748690 313
1748700 316
1748710 319
1748720 319
1748730 321
1748740 323
1748750 323
1748760 324
1748770 326
1748780 326
1748790 327
1748800 327
1748810 327
1748820 327
1748830 327
1748840 326
1748850 326
1748860 326
1748870 326
1748880 326
1748890 326
1748900 325
1748910 325
1748920 325
1748930 321
1748940 321
1748950 316
1748960 312
1748970 312
1748980 308
1748990 300
1749000 296
1749010 296
1749020 294
1749030 291
1749040 291
1749050 286
1749060 282
1749070 282
1749080 278
1749090 276
1749100 276
1749110 272
1749120 269
1749130 269
1749140 265
1749150 263
1749160 260
1749170 260
1749180 258
1749190 257
1749200 257
1749210 258
1749220 260
1749230 260
1749240 261
1749250 263
1749260 263
1749270 266
1749280 270
1749290 270
1749300 272
1749310 274
1749320 276
1749330 276
1749340 278
1749350 280
1749360 280
1749370 282
1749380 283
1749390 283
1749400 284
1749410 284
1749420 284
1749430 283
1749440 281
1749450 281
1749460 278
1749470 275
1749480 273
1749490 273
1749500 270
1749510 268
1749520 268
1749530 266
1749540 264
1749550 264
1749560 263
1749570 260
1749580 260
1749590 255
1749600 254
1749610 254
1749620 254
1749630 252
1749640 248
1749650 248
1749660 241
1749670 240
1749680 240
1749690 239
1749700 239
1749710 239
1749720 239
1749730 239
1749740 239
1749750 239
1749760 240
1749770 240
1749780 240
1749790 239
1749800 239
1749810 239
1749820 239
1749830 239
1749840 239
1749850 238
1749860 236
1749870 236
1749880 235
1749890 235
1749900 235
1749910 235
1749920 235
1749930 235
1749940 235
1749950 235
1749960 235
1749970 235
1749980 235
1749990 235
1750000 235
1750010 235
1750020 235
1750030 235
1750040 235
1750050 235
1750060 235
1750070 235
1750080 235
1750090 235
1750100 235
1750110 235
1750120 235
1750130 235
1750140 235
1750150 235
1750160 235
1750170 235
1750180 235
1750190 235
1750200 235
1750210 235
1750220 235
1750230 235
1750240 235
1750250 235
1750260 235
1750270 235
1750280 235
1750290 235
1750300 235
1750310 235
1750320 235
1750330 235
1750340 235
1750350 235
1750360 235
1750370 235
1750380 235
1750390 235
1750400 235
1750410 235
1750420 235
1750430 235
1750440 235
1750450 235
1750460 235
1750470 235
1750480 235
1750490 235
1750500 235
1750510 235
1750520 235
1750530 235
1750540 235
1750550 236
1750560 238
1750570 238
1750580 238
1750590 238
1750600 238
1750610 239
1750620 240
1750630 240
1750640 240
1750650 240
1750660 241
1750670 241
1750680 241
1750690 241
1750700 241
1750710 241
1750720 243
1750730 243
1750740 241
1750750 243
1750760 243
1750770 246
1750780 250
1750790 250
1750800 253
1750810 258
1750820 264
1750830 264
1750840 265
1750850 274
1750860 274
1750870 273
1750880 272
1750890 272
1750900 278
1750910 288
1750920 288
1750930 288
1750940 294
1750950 294
1750960 302
1750970 298
1750980 303
1750990 303
1751000 301
1751010 300
1751020 300
1751030 299
1751040 297
1751050 297
1751060 296
1751070 295
1751080 295
1751090 293
1751100 291
1751110 291
1751120 290
1751130 288
1751140 286
1751150 286
1751160 285
1751170 283
1751180 283
1751190 282
1751200 282
1751210 282
1751220 280
1751230 279
1751240 279
1751250 279
1751260 277
1751270 277
1751280 276
1751290 275
1751300 274
1751310 274
1751320 273
1751330 272
1751340 272
1751350 270
1751360 268
1751370 268
1751380 266
1751390 265
1751400 265
1751410 262
1751420 260
1751430 260
1751440 259
1751450 256
1751460 254
1751470 254
1751480 253
1751490 249
1751500 249
1751510 250
1751520 249
1751530 249
1751540 249
1751550 248
1751560 248
1751570 246
1751580 244
1751590 244
1751600 241
1751610 241
1751620 241
1751630 241
1751640 245
1751650 245
1751660 245
1751670 248
1751680 258
1751690 258
1751700 264
1751710 267
1751720 267
1751730 270
1751740 273
1751750 273
1751760 276
1751770 276
1751780 276
1751790 273
1751800 271
1751810 269
1751820 269
1751830 269
1751840 268
1751850 268
1751860 268
1751870 270
1751880 270
1751890 271
1751900 270
1751910 270
1751920 271
1751930 272
1751940 272
1751950 272
1751960 272
1751970 274
1751980 274
1751990 274
1752000 274
1752010 274
1752020 274
1752030 272
1752040 272
1752050 271
1752060 271
1752070 271
1752080 272
1752090 274
1752100 274
1752110 271
1752120 270
1752130 268
1752140 268
1752150 267
1752160 264
1752170 264
1752180 261
1752190 260
1752200 260
1752210 253
1752220 247
1752230 247
1752240 244
1752250 248
1752260 248
1752270 252
1752280 256
1752290 265
1752300 260
1752310 268
1752320 267
1752330 267
1752340 266
1752350 270
1752360 270
1752370 273
1752380 275
1752390 275
1752400 277
1752410 276
1752420 276
1752430 279
1752440 282
1752450 285
1752460 285
1752470 286
1752480 286
1752490 286
1752500 284
1752510 281
1752520 281
1752530 279
1752540 277
1752550 277
1752560 276
1752570 276
1752580 276
1752590 276
1752600 274
1752610 274
1752620 270
1752630 267
1752640 262
1752650 262
1752660 258
1752670 254
1752680 254
1752690 248
1752700 242
1752710 242
1752720 242
1752730 240
1752740 240
1752750 239
1752760 238
1752770 238
1752780 237
1752790 237
1752800 237
1752810 237
1752820 239
1752830 243
1752840 243
1752850 248
1752860 251
1752870 251
1752880 254
1752890 256
1752900 256
1752910 259
1752920 261
1752930 261
1752940 264
1752950 267
1752960 269
1752970 269
1752980 272
1752990 275
1753000 275
1753010 278
1753020 279
1753030 279
1753040 279
1753050 280
1753060 280
1753070 280
1753080 279
1753090 279
1753100 278
1753110 276
1753120 274
1753130 274
1753140 272
1753150 270
1753160 270
1753170 268
1753180 267
1753190 267
1753200 267
1753210 267
1753220 267
1753230 269
1753240 272
1753250 272
1753260 277
1753270 283
1753280 287
1753290 287
1753300 289
1753310 292
1753320 292
1753330 295
1753340 297
1753350 297
1753360 299
1753370 300
1753380 300
1753390 302
1753400 303
1753410 303
1753420 304
1753430 305
1753440 305
1753450 306
1753460 306
1753470 305
1753480 305
1753490 303
1753500 301
1753510 301
1753520 299
1753530 299
1753540 299
1753550 297
1753560 295
1753570 295
1753580 292
1753590 289
1753600 289
1753610 287
1753620 287
1753630 287
1753640 287
1753650 287
1753660 285
1753670 285
1753680 283
1753690 280
1753700 280
1753710 280
1753720 287
1753730 287
1753740 290
1753750 289
1753760 289
1753770 283
1753780 280
1753790 279
1753800 279
1753810 278
1753820 278
1753830 272
1753840 277
1753850 276
1753860 276
1753870 277
1753880 272
1753890 272
1753900 277
1753910 277
1753920 277
1753930 276
1753940 278
1753950 273
1753960 273
1753970 275
1753980 277
1753990 277
1754000 277
1754010 278
1754020 278
1754030 279
1754040 282
1754050 282
1754060 282
1754070 281
1754080 281
1754090 277
1754100 268
1754110 260
1754120 260
1754130 261
1754140 263
1754150 263
1754160 259
1754170 255
1754180 255
1754190 253
1754200 252
1754210 252
1754220 252
1754230 252
1754240 252
1754250 252
1754260 251
1754270 251
1754280 251
1754290 251
1754300 251
1754310 251
1754320 251
1754330 252
1754340 252
1754350 253
1754360 253
1754370 253
1754380 254
1754390 255
1754400 255
1754410 255
1754420 256
1754430 256
1754440 256
1754450 256
1754460 255
1754470 255
1754480 255
1754490 256
1754500 256
1754510 256
1754520 257
1754530 257
1754540 257
1754550 258
1754560 258
1754570 261
1754580 263
1754590 263
1754600 264
1754610 265
1754620 268
1754630 268
1754640 270
1754650 275
1754660 275
1754670 278
1754680 282
1754690 282
1754700 284
1754710 284
1754720 284
1754730 285
1754740 283
1754750 283
1754760 283
1754770 287
1754780 280
1754790 280
1754800 273
1754810 271
1754820 271
1754830 272
1754840 273
1754850 273
1754860 274
1754870 278
1754880 278
1754890 284
1754900 291
1754910 291
1754920 296
1754930 294
1754940 294
1754950 294
1754960 289
1754970 282
1754980 282
1754990 288
1755000 298
1755010 298
1755020 293
1755030 288
1755040 288
1755050 282
1755060 278
1755070 278
1755080 276
1755090 276
1755100 276
1755110 276
1755120 278
1755130 277
1755140 277
1755150 275
1755160 276
1755170 276
1755180 283
1755190 291
1755200 291
1755210 301
1755220 308
1755230 308
1755240 311
1755250 314
1755260 314
1755270 316
1755280 317
1755290 317
1755300 317
1755310 317
1755320 316
1755330 316
1755340 313
1755350 312
1755360 312
1755370 311
1755380 309
1755390 309
1755400 309
1755410 308
1755420 308
1755430 302
1755440 291
1755450 282
1755460 282
1755470 273
1755480 271
1755490 271
1755500 278
1755510 286
1755520 286
1755530 288
1755540 291
1755550 291
1755560 294
1755570 296
1755580 296
1755590 297
1755600 293
1755610 292
1755620 292
1755630 292
1755640 292
1755650 292
1755660 295
1755670 296
1755680 296
1755690 294
1755700 295
1755710 295
1755720 295
1755730 294
1755740 294
1755750 293
1755760 292
1755770 290
1755780 290
1755790 288
1755800 285
1755810 285
1755820 281
1755830 271
1755840 271
1755850 275
1755860 277
1755870 277
1755880 277
1755890 278
1755900 278
1755910 280
1755920 281
1755930 281
1755940 281
1755950 284
1755960 287
1755970 287
1755980 291
1755990 294
1756000 294
1756010 298
1756020 301
1756030 301
1756040 305
1756050 308
1756060 308
1756070 311
1756080 314
1756090 317
1756100 317
1756110 320
1756120 322
1756130 322
1756140 324
1756150 327
1756160 327
1756170 329
1756180 331
1756190 331
1756200 333
1756210 336
1756220 336
1756230 337
1756240 338
1756250 338
1756260 340
1756270 341
1756280 343
1756290 343
1756300 345
1756310 347
1756320 347
1756330 349
1756340 351
1756350 351
1756360 352
1756370 353
1756380 353
1756390 353
1756400 354
1756410 354
1756420 353
1756430 353
1756440 352
1756450 352
1756460 351
1756470 350
1756480 350
1756490 350
1756500 350
1756510 350
1756520 350
1756530 350
1756540 350
1756550 350
1756560 350
1756570 350
1756580 350
1756590 347
1756600 345
1756610 345
1756620 347
1756630 348
1756640 348
1756650 348
1756660 351
1756670 351
1756680 352
1756690 353
1756700 353
1756710 355
1756720 356
1756730 356
1756740 358
1756750 360
1756760 362
1756770 362
1756780 363
1756790 364
1756800 364
1756810 362
1756820 363
1756830 363
1756840 358
1756850 357
1756860 357
1756870 354
1756880 351
1756890 351
1756900 350
1756910 349
1756920 346
1756930 346
1756940 341
1756950 337
1756960 337
1756970 340
1756980 339
1756990 339
1757000 341
1757010 340
1757020 340
1757030 343
1757040 344
1757050 344
1757060 340
1757070 347
1757080 347
1757090 349
1757100 351
1757110 354
1757120 354
1757130 357
1757140 359
1757150 359
1757160 360
1757170 361
1757180 361
1757190 363
1757200 364
1757210 364
1757220 367
1757230 369
1757240 369
1757250 370
1757260 373
1757270 374
1757280 374
1757290 374
1757300 374
1757310 374
1757320 374
1757330 371
1757340 371
1757350 371
1757360 368
1757370 368
1757380 366
1757390 365
1757400 365
1757410 364
1757420 363
1757430 363
1757440 363
1757450 362
1757460 360
1757470 360
1757480 359
1757490 358
1757500 358
1757510 356
1757520 355
1757530 355
1757540 353
1757550 351
1757560 351
1757570 349
1757580 346
1757590 342
1757600 342
1757610 338
1757620 333
1757630 333
1757640 330
1757650 331
1757660 331
1757670 334
1757680 336
1757690 336
1757700 339
1757710 340
1757720 340
1757730 342
1757740 343
1757750 342
1757760 342
1757770 341
1757780 339
1757790 339
1757800 336
1757810 333
1757820 333
1757830 335
1757840 338
1757850 338
1757860 341
1757870 344
1757880 344
1757890 346
1757900 348
1757910 350
1757920 350
1757930 353
1757940 358
1757950 358
1757960 360
1757970 362
1757980 362
1757990 364
1758000 365
1758010 365
1758020 367
1758030 369
1758040 369
1758050 370
1758060 371
1758070 371
1758080 371
1758090 371
1758100 371
1758110 371
1758120 371
1758130 370
1758140 370
1758150 369
1758160 366
1758170 366
1758180 365
1758190 362
1758200 362
1758210 355
1758220 350
1758230 350
1758240 345
1758250 344
1758260 344
1758270 349
1758280 353
1758290 353
1758300 353
1758310 353
1758320 353
1758330 353
1758340 352
1758350 350
1758360 350
1758370 348
1758380 345
1758390 345
1758400 341
1758410 338
1758420 336
1758430 336
1758440 335
1758450 330
1758460 330
1758470 322
1758480 327
1758490 327
1758500 331
1758510 336
1758520 336
1758530 338
1758540 340
1758550 340
1758560 343
1758570 347
1758580 350
1758590 350
1758600 352
1758610 355
1758620 355
1758630 358
1758640 360
1758650 360
1758660 363
1758670 366
1758680 366
1758690 369
1758700 373
1758710 373
1758720 374
1758730 374
1758740 374
1758750 374
1758760 374
1758770 375
1758780 375
1758790 374
1758800 373
1758810 373
1758820 372
1758830 372
1758840 372
1758850 370
1758860 370
1758870 370
1758880 369
1758890 369
1758900 369
1758910 367
1758920 365
1758930 364
1758940 364
1758950 364
1758960 363
1758970 363
1758980 362
1758990 362
1759000 362
1759010 361
1759020 360
1759030 360
1759040 360
1759050 359
1759060 359
1759070 358
1759080 357
1759090 356
1759100 356
1759110 355
1759120 355
1759130 355
1759140 354
1759150 354
1759160 354
1759170 354
1759180 353
1759190 353
1759200 352
1759210 351
1759220 351
1759230 349
1759240 348
1759250 348
1759260 348
1759270 346
1759280 344
1759290 344
1759300 340
1759310 342
1759320 342
1759330 340
1759340 336
1759350 336
1759360 334
1759370 336
1759380 336
1759390 339
1759400 341
1759410 340
1759420 340
1759430 342
1759440 344
1759450 344
1759460 346
1759470 349
1759480 349
1759490 353
1759500 356
1759510 356
1759520 358
1759530 361
1759540 361
1759550 364
1759560 366
1759570 369
1759580 369
1759590 371
1759600 375
1759610 375
1759620 378
1759630 381
1759640 381
1759650 383
1759660 385
1759670 385
1759680 389
1759690 391
1759700 391
1759710 393
1759720 393
1759730 393
1759740 393
1759750 390
1759760 388
1759770 388
1759780 385
1759790 384
1759800 384
1759810 383
1759820 380
1759830 380
1759840 379
1759850 378
1759860 378
1759870 378
1759880 378
1759890 378
1759900 377
1759910 377
1759920 375
1759930 375
1759940 375
1759950 373
1759960 373
1759970 372
1759980 370
1759990 370
