1740000 324
1740010 327
1740020 330
1740030 330
1740040 331
1740050 335
1740060 335
1740070 336
1740080 337
1740090 337
1740100 336
1740110 335
1740120 332
1740130 332
1740140 329
1740150 326
1740160 326
1740170 324
1740180 321
1740190 321
1740200 319
1740210 318
1740220 318
1740230 317
1740240 316
1740250 316
1740260 316
1740270 317
1740280 318
1740290 318
1740300 318
1740310 317
1740320 317
1740330 316
1740340 315
1740350 315
1740360 315
1740370 315
1740380 315
1740390 315
1740400 316
1740410 316
1740420 315
1740430 314
1740440 312
1740450 312
1740460 309
1740470 305
1740480 305
1740490 302
1740500 297
1740510 297
1740520 293
1740530 288
1740540 288
1740550 285
1740560 281
1740570 281
1740580 278
1740590 273
1740600 272
1740610 272
1740620 268
1740630 266
1740640 266
1740650 263
1740660 261
1740670 261
1740680 260
1740690 258
1740700 258
1740710 260
1740720 262
1740730 262
1740740 262
1740750 261
1740760 261
1740770 261
1740780 262
1740790 262
1740800 262
1740810 262
1740820 262
1740830 262
1740840 262
1740850 262
1740860 262
1740870 262
1740880 262
1740890 262
1740900 265
1740910 271
1740920 271
1740930 276
1740940 282
1740950 285
1740960 285
1740970 286
1740980 290
1740990 290
1741000 288
1741010 288
1741020 288
1741030 288
1741040 288
1741050 288
1741060 290
1741070 295
1741080 295
1741090 301
1741100 308
1741110 308
1741120 308
1741130 308
1741140 308
1741150 308
1741160 307
1741170 307
1741180 307
1741190 306
1741200 308
1741210 308
1741220 307
1741230 307
1741240 307
1741250 307
1741260 308
1741270 308
1741280 308
1741290 308
1741300 310
1741310 310
1741320 310
1741330 312
1741340 312
1741350 313
1741360 316
1741370 316
1741380 318
1741390 320
1741400 320
1741410 321
1741420 324
1741430 327
1741440 327
1741450 330
1741460 333
1741470 333
1741480 336
1741490 339
1741500 339
1741510 342
1741520 345
1741530 345
1741540 348
1741550 350
1741560 350
1741570 353
1741580 355
1741590 357
1741600 357
1741610 358
1741620 355
1741630 355
1741640 352
1741650 348
1741660 348
1741670 345
1741680 339
1741690 339
1741700 336
1741710 332
1741720 332
1741730 331
1741740 327
1741750 319
1741760 319
1741770 311
1741780 306
1741790 306
1741800 312
1741810 319
1741820 319
1741830 326
1741840 330
1741850 330
1741860 334
1741870 338
1741880 338
1741890 341
1741900 344
1741910 344
1741920 346
1741930 346
1741940 346
1741950 346
1741960 344
1741970 341
1741980 341
1741990 334
1742000 331
1742010 331
1742020 331
1742030 327
1742040 327
1742050 323
1742060 319
1742070 319
1742080 316
1742090 313
1742100 310
1742110 310
1742120 307
1742130 303
1742140 303
1742150 296
1742160 289
1742170 289
1742180 289
1742190 284
1742200 284
1742210 288
1742220 296
1742230 296
1742240 298
1742250 303
1742260 307
1742270 307
1742280 311
1742290 316
1742300 316
1742310 320
1742320 324
1742330 324
1742340 327
1742350 330
1742360 330
1742370 331
1742380 332
1742390 332
1742400 331
1742410 331
1742420 330
1742430 330
1742440 330
1742450 329
1742460 329
1742470 322
1742480 319
1742490 319
1742500 317
1742510 320
1742520 320
1742530 324
1742540 327
1742550 327
1742560 334
1742570 340
1742580 342
1742590 342
1742600 346
1742610 350
1742620 350
1742630 353
1742640 354
1742650 354
1742660 351
1742670 347
1742680 347
1742690 343
1742700 339
1742710 339
1742720 336
1742730 331
1742740 331
1742750 326
1742760 321
1742770 318
1742780 318
1742790 312
1742800 308
1742810 308
1742820 304
1742830 302
1742840 302
1742850 295
1742860 295
1742870 295
1742880 301
1742890 307
1742900 307
1742910 305
1742920 311
1742930 314
1742940 314
1742950 317
1742960 321
1742970 317
1742980 320
1742990 322
1743000 322
1743010 321
1743020 318
1743030 318
1743040 315
1743050 311
1743060 311
1743070 306
1743080 300
1743090 295
1743100 295
1743110 289
1743120 286
1743130 286
1743140 285
1743150 284
1743160 284
1743170 285
1743180 282
1743190 282
1743200 277
1743210 271
1743220 271
1743230 267
1743240 264
1743250 267
1743260 267
1743270 274
1743280 279
1743290 279
1743300 284
1743310 290
1743320 290
1743330 295
1743340 300
1743350 300
1743360 306
1743370 310
1743380 310
1743390 313
1743400 316
1743410 316
1743420 316
1743430 312
1743440 309
1743450 309
1743460 305
1743470 301
1743480 301
1743490 296
1743500 292
1743510 292
1743520 289
1743530 285
1743540 285
1743550 283
1743560 280
1743570 274
1743580 274
1743590 269
1743600 264
1743610 264
1743620 262
1743630 263
1743640 263
1743650 263
1743660 264
1743670 264
1743680 265
1743690 266
1743700 266
1743710 271
1743720 275
1743730 275
1743740 277
1743750 278
1743760 281
1743770 281
1743780 284
1743790 286
1743800 286
1743810 288
1743820 290
1743830 290
1743840 292
1743850 296
1743860 296
1743870 302
1743880 308
1743890 308
1743900 313
1743910 314
1743920 315
1743930 315
1743940 318
1743950 321
1743960 321
1743970 325
1743980 328
1743990 328
1744000 329
1744010 329
1744020 329
1744030 329
1744040 328
1744050 328
1744060 326
1744070 323
1744080 322
1744090 322
1744100 319
1744110 319
1744120 319
1744130 317
1744140 315
1744150 315
1744160 314
1744170 313
1744180 313
1744190 312
1744200 311
1744210 311
1744220 310
1744230 309
1744240 307
1744250 307
1744260 307
1744270 306
1744280 306
1744290 305
1744300 305
1744310 305
1744320 304
1744330 304
1744340 304
1744350 303
1744360 302
1744370 302
1744380 301
1744390 299
1744400 297
1744410 297
1744420 295
1744430 294
1744440 294
1744450 293
1744460 291
1744470 291
1744480 290
1744490 288
1744500 288
1744510 286
1744520 285
1744530 285
1744540 283
1744550 283
1744560 283
1744570 281
1744580 281
1744590 277
1744600 277
1744610 273
1744620 270
1744630 270
1744640 270
1744650 269
1744660 269
1744670 268
1744680 268
1744690 263
1744700 266
1744710 274
1744720 274
1744730 276
1744740 278
1744750 281
1744760 281
1744770 284
1744780 286
1744790 286
1744800 289
1744810 292
1744820 292
1744830 294
1744840 297
1744850 297
1744860 300
1744870 303
1744880 303
1744890 305
1744900 306
1744910 298
1744920 298
1744930 295
1744940 292
1744950 292
1744960 288
1744970 291
1744980 291
1744990 294
1745000 292
1745010 292
1745020 286
1745030 283
1745040 283
1745050 281
1745060 280
1745070 279
1745080 279
1745090 278
1745100 278
1745110 278
1745120 278
1745130 277
1745140 277
1745150 277
1745160 277
1745170 277
1745180 276
1745190 276
1745200 276
1745210 275
1745220 274
1745230 273
1745240 273
1745250 273
1745260 272
1745270 272
1745280 272
1745290 272
1745300 272
1745310 273
1745320 274
1745330 274
1745340 276
1745350 277
1745360 277
1745370 277
1745380 279
1745390 279
1745400 280
1745410 281
1745420 282
1745430 282
1745440 284
1745450 285
1745460 285
1745470 287
1745480 288
1745490 288
1745500 290
1745510 293
1745520 293
1745530 294
1745540 296
1745550 296
1745560 298
1745570 300
1745580 302
1745590 302
1745600 306
1745610 312
1745620 312
1745630 320
1745640 326
1745650 326
1745660 330
1745670 332
1745680 332
1745690 334
1745700 337
1745710 337
1745720 340
1745730 343
1745740 347
1745750 347
1745760 351
1745770 355
1745780 355
1745790 358
1745800 362
1745810 362
1745820 362
1745830 360
1745840 360
1745850 356
1745860 352
1745870 352
1745880 349
1745890 346
1745900 343
1745910 343
1745920 339
1745930 335
1745940 335
1745950 332
1745960 332
1745970 332
1745980 333
1745990 333
1746000 333
1746010 330
1746020 328
1746030 328
1746040 328
1746050 326
1746060 324
1746070 324
1746080 323
1746090 321
1746100 321
1746110 319
1746120 318
1746130 318
1746140 316
1746150 313
1746160 313
1746170 309
1746180 306
1746190 306
1746200 302
1746210 296
1746220 289
1746230 289
1746240 283
1746250 285
1746260 285
1746270 293
1746280 293
1746290 293
1746300 292
1746310 286
1746320 286
1746330 283
1746340 277
1746350 277
1746360 282
1746370 287
1746380 287
1746390 291
1746400 295
1746410 299
1746420 299
1746430 303
1746440 306
1746450 306
1746460 308
1746470 312
1746480 312
1746490 316
1746500 320
1746510 320
1746520 324
1746530 329
1746540 329
1746550 330
1746560 333
1746570 332
1746580 332
1746590 329
1746600 326
1746610 326
1746620 323
1746630 321
1746640 321
1746650 319
1746660 317
1746670 317
1746680 315
1746690 313
1746700 313
1746710 311
1746720 308
1746730 306
1746740 306
1746750 303
1746760 299
1746770 299
1746780 295
1746790 293
1746800 293
1746810 292
1746820 291
1746830 291
1746840 287
1746850 284
1746860 284
1746870 281
1746880 279
1746890 277
1746900 277
1746910 275
1746920 275
1746930 275
1746940 275
1746950 273
1746960 273
1746970 268
1746980 268
1746990 268
1747000 266
1747010 264
1747020 264
1747030 261
1747040 257
1747050 255
1747060 255
1747070 257
1747080 250
1747090 250
1747100 249
1747110 249
1747120 249
1747130 249
1747140 249
1747150 249
1747160 251
1747170 252
1747180 252
1747190 255
1747200 258
1747210 258
1747220 259
1747230 260
1747240 262
1747250 262
1747260 264
1747270 266
1747280 266
1747290 268
1747300 271
1747310 271
1747320 274
1747330 276
1747340 276
1747350 279
1747360 282
1747370 282
1747380 284
1747390 286
1747400 287
1747410 287
1747420 289
1747430 292
1747440 292
1747450 295
1747460 297
1747470 297
1747480 299
1747490 302
1747500 302
1747510 304
1747520 307
1747530 307
1747540 309
1747550 311
1747560 312
1747570 312
1747580 314
1747590 315
1747600 315
1747610 316
1747620 317
1747630 317
1747640 317
1747650 318
1747660 318
1747670 314
1747680 308
1747690 308
1747700 307
1747710 310
1747720 312
1747730 312
1747740 309
1747750 312
1747760 312
1747770 315
1747780 314
1747790 314
1747800 316
1747810 314
1747820 314
1747830 318
1747840 312
1747850 312
1747860 312
1747870 317
1747880 318
1747890 318
1747900 319
1747910 316
1747920 316
1747930 316
1747940 313
1747950 313
1747960 307
1747970 300
1747980 300
1747990 303
1748000 310
1748010 310
1748020 303
1748030 306
1748040 306
1748050 309
1748060 306
1748070 303
1748080 303
1748090 299
1748100 296
1748110 296
1748120 292
1748130 289
1748140 289
1748150 287
1748160 285
1748170 285
1748180 282
1748190 283
1748200 283
1748210 284
1748220 280
1748230 272
1748240 272
1748250 281
1748260 285
1748270 285
1748280 286
1748290 284
1748300 284
1748310 283
1748320 285
1748330 285
1748340 283
1748350 280
1748360 280
1748370 278
1748380 277
1748390 276
1748400 276
1748410 275
1748420 276
1748430 276
1748440 273
1748450 272
1748460 272
1748470 267
1748480 269
1748490 269
1748500 264
1748510 264
1748520 264
1748530 263
1748540 262
1748550 262
1748560 262
1748570 262
1748580 262
1748590 262
1748600 258
1748610 257
1748620 257
1748630 254
1748640 252
1748650 252
1748660 250
1748670 248
1748680 248
1748690 247
1748700 244
1748710 243
1748720 243
1748730 242
1748740 243
1748750 243
1748760 241
1748770 240
1748780 240
1748790 240
1748800 240
1748810 240
1748820 240
1748830 240
1748840 240
1748850 240
1748860 240
1748870 239
1748880 239
1748890 239
1748900 239
1748910 239
1748920 240
1748930 239
1748940 239
1748950 239
1748960 238
1748970 238
1748980 237
1748990 236
1749000 236
1749010 236
1749020 236
1749030 236
1749040 236
1749050 236
1749060 236
1749070 236
1749080 236
1749090 236
1749100 236
1749110 236
1749120 236
1749130 236
1749140 236
1749150 236
1749160 236
1749170 235
1749180 235
1749190 235
1749200 235
1749210 235
1749220 235
1749230 235
1749240 235
1749250 235
1749260 235
1749270 235
1749280 235
1749290 235
1749300 235
1749310 235
1749320 235
1749330 235
1749340 235
1749350 235
1749360 235
1749370 235
1749380 235
1749390 235
1749400 235
1749410 235
1749420 235
1749430 235
1749440 235
1749450 235
1749460 235
1749470 235
1749480 235
1749490 235
1749500 235
1749510 235
1749520 237
1749530 239
1749540 239
1749550 239
1749560 240
1749570 240
1749580 240
1749590 239
1749600 239
1749610 239
1749620 239
1749630 239
1749640 239
1749650 238
1749660 237
1749670 237
1749680 239
1749690 239
1749700 239
1749710 239
1749720 239
1749730 239
1749740 239
1749750 238
1749760 238
1749770 238
1749780 238
1749790 238
1749800 238
1749810 238
1749820 239
1749830 239
1749840 239
1749850 239
1749860 239
1749870 239
1749880 239
1749890 239
1749900 239
1749910 239
1749920 239
1749930 239
1749940 239
1749950 239
1749960 239
1749970 239
1749980 239
1749990 239
1750000 239
1750010 239
1750020 239
1750030 239
1750040 239
1750050 239
1750060 239
1750070 239
1750080 238
1750090 238
1750100 239
1750110 239
1750120 239
1750130 239
1750140 239
1750150 239
1750160 239
1750170 239
1750180 239
1750190 239
1750200 239
1750210 240
1750220 240
1750230 240
1750240 240
1750250 240
1750260 240
1750270 240
1750280 240
1750290 240
1750300 240
1750310 240
1750320 240
1750330 240
1750340 240
1750350 240
1750360 240
1750370 239
1750380 239
1750390 239
1750400 239
1750410 239
1750420 239
1750430 239
1750440 239
1750450 239
1750460 239
1750470 239
1750480 239
1750490 239
1750500 239
1750510 239
1750520 239
1750530 239
1750540 239
1750550 239
1750560 239
1750570 239
1750580 239
1750590 239
1750600 239
1750610 239
1750620 239
1750630 239
1750640 239
1750650 239
1750660 239
1750670 238
1750680 238
1750690 238
1750700 238
1750710 237
1750720 237
1750730 237
1750740 234
1750750 234
1750760 234
1750770 234
1750780 234
1750790 234
1750800 234
1750810 234
1750820 234
1750830 234
1750840 234
1750850 234
1750860 234
1750870 234
1750880 234
1750890 234
1750900 234
1750910 234
1750920 234
1750930 234
1750940 234
1750950 234
1750960 234
1750970 237
1750980 237
1750990 240
1751000 240
1751010 240
1751020 241
1751030 241
1751040 241
1751050 241
1751060 243
1751070 243
1751080 243
1751090 243
1751100 242
1751110 242
1751120 242
1751130 243
1751140 243
1751150 246
1751160 246
1751170 246
1751180 246
1751190 247
1751200 247
1751210 247
1751220 242
1751230 242
1751240 242
1751250 242
1751260 242
1751270 242
1751280 242
1751290 242
1751300 242
1751310 242
1751320 242
1751330 242
1751340 242
1751350 242
1751360 242
1751370 242
1751380 241
1751390 241
1751400 241
1751410 239
1751420 239
1751430 239
1751440 239
1751450 239
1751460 239
1751470 239
1751480 239
1751490 239
1751500 239
1751510 239
1751520 239
1751530 239
1751540 239
1751550 239
1751560 239
1751570 239
1751580 239
1751590 239
1751600 239
1751610 239
1751620 239
1751630 239
1751640 239
1751650 239
1751660 239
1751670 239
1751680 239
1751690 239
1751700 239
1751710 239
1751720 239
1751730 239
1751740 238
1751750 238
1751760 238
1751770 238
1751780 238
1751790 238
1751800 238
1751810 238
1751820 238
1751830 238
1751840 238
1751850 238
1751860 238
1751870 238
1751880 238
1751890 238
1751900 238
1751910 238
1751920 238
1751930 238
1751940 238
1751950 238
1751960 238
1751970 238
1751980 238
1751990 238
1752000 238
1752010 237
1752020 237
1752030 237
1752040 237
1752050 237
1752060 238
1752070 238
1752080 237
1752090 237
1752100 237
1752110 237
1752120 238
1752130 238
1752140 237
1752150 238
1752160 238
1752170 238
1752180 238
1752190 238
1752200 238
1752210 238
1752220 238
1752230 238
1752240 238
1752250 237
1752260 237
1752270 237
1752280 237
1752290 237
1752300 237
1752310 237
1752320 237
1752330 237
1752340 237
1752350 237
1752360 237
1752370 237
1752380 237
1752390 237
1752400 237
1752410 237
1752420 237
1752430 237
1752440 237
1752450 237
1752460 237
1752470 237
1752480 237
1752490 237
1752500 237
1752510 237
1752520 237
1752530 237
1752540 237
1752550 237
1752560 237
1752570 237
1752580 237
1752590 237
1752600 237
1752610 237
1752620 236
1752630 235
1752640 235
1752650 237
1752660 237
1752670 237
1752680 237
1752690 237
1752700 237
1752710 237
1752720 237
1752730 237
1752740 237
1752750 236
1752760 236
1752770 236
1752780 236
1752790 236
1752800 236
1752810 235
1752820 234
1752830 234
1752840 234
1752850 236
1752860 235
1752870 235
1752880 234
1752890 233
1752900 233
1752910 233
1752920 233
1752930 233
1752940 233
1752950 233
1752960 233
1752970 233
1752980 234
1752990 234
1753000 235
1753010 236
1753020 236
1753030 236
1753040 235
1753050 235
1753060 235
1753070 233
1753080 233
1753090 233
1753100 233
1753110 233
1753120 233
1753130 233
1753140 233
1753150 233
1753160 233
1753170 233
1753180 234
1753190 234
1753200 234
1753210 235
1753220 235
1753230 235
1753240 235
1753250 235
1753260 235
1753270 235
1753280 235
1753290 236
1753300 236
1753310 236
1753320 236
1753330 236
1753340 237
1753350 237
1753360 237
1753370 238
1753380 238
1753390 240
1753400 240
1753410 240
1753420 240
1753430 239
1753440 239
1753450 239
1753460 239
1753470 239
1753480 239
1753490 239
1753500 239
1753510 238
1753520 238
1753530 237
1753540 237
1753550 237
1753560 236
1753570 236
1753580 236
1753590 236
1753600 236
1753610 236
1753620 237
1753630 237
1753640 237
1753650 238
1753660 238
1753670 237
1753680 237
1753690 237
1753700 237
1753710 237
1753720 236
1753730 236
1753740 236
1753750 236
1753760 236
1753770 236
1753780 236
1753790 236
1753800 236
1753810 236
1753820 236
1753830 236
1753840 236
1753850 236
1753860 236
1753870 236
1753880 236
1753890 236
1753900 236
1753910 236
1753920 236
1753930 236
1753940 236
1753950 236
1753960 236
1753970 236
1753980 236
1753990 236
1754000 236
1754010 235
1754020 235
1754030 233
1754040 234
1754050 234
1754060 234
1754070 234
1754080 234
1754090 234
1754100 234
1754110 234
1754120 234
1754130 234
1754140 234
1754150 234
1754160 234
1754170 234
1754180 234
1754190 234
1754200 233
1754210 233
1754220 234
1754230 234
1754240 234
1754250 233
1754260 234
1754270 234
1754280 234
1754290 234
1754300 232
1754310 232
1754320 232
1754330 232
1754340 232
1754350 233
1754360 234
1754370 234
1754380 234
1754390 235
1754400 235
1754410 236
1754420 236
1754430 236
1754440 238
1754450 239
1754460 239
1754470 239
1754480 239
1754490 239
1754500 240
1754510 241
1754520 243
1754530 243
1754540 244
1754550 244
1754560 244
1754570 244
1754580 245
1754590 245
1754600 247
1754610 246
1754620 246
1754630 247
1754640 250
1754650 250
1754660 251
1754670 252
1754680 253
1754690 253
1754700 252
1754710 253
1754720 253
1754730 255
1754740 256
1754750 256
1754760 258
1754770 261
1754780 261
1754790 262
1754800 265
1754810 265
1754820 268
1754830 271
1754840 270
1754850 270
1754860 272
1754870 268
1754880 268
1754890 260
1754900 254
1754910 254
1754920 252
1754930 252
1754940 252
1754950 254
1754960 254
1754970 254
1754980 254
1754990 254
1755000 255
1755010 255
1755020 255
1755030 257
1755040 257
1755050 263
1755060 269
1755070 269
1755080 275
1755090 280
1755100 280
1755110 283
1755120 286
1755130 286
1755140 289
1755150 291
1755160 291
1755170 292
1755180 294
1755190 297
1755200 297
1755210 298
1755220 298
1755230 298
1755240 298
1755250 297
1755260 297
1755270 293
1755280 288
1755290 288
1755300 283
1755310 288
1755320 288
1755330 293
1755340 292
1755350 296
1755360 296
1755370 293
1755380 289
1755390 289
1755400 286
1755410 282
1755420 282
1755430 274
1755440 267
1755450 267
1755460 271
1755470 261
1755480 261
1755490 252
1755500 255
1755510 258
1755520 258
1755530 260
1755540 261
1755550 261
1755560 263
1755570 262
1755580 262
1755590 261
1755600 259
1755610 259
1755620 259
1755630 259
1755640 259
1755650 259
1755660 259
1755670 258
1755680 258
1755690 258
1755700 259
1755710 259
1755720 259
1755730 259
1755740 259
1755750 257
1755760 256
1755770 256
1755780 254
1755790 260
1755800 260
1755810 263
1755820 264
1755830 266
1755840 266
1755850 266
1755860 267
1755870 267
1755880 270
1755890 272
1755900 272
1755910 274
1755920 279
1755930 279
1755940 283
1755950 286
1755960 286
1755970 290
1755980 294
1755990 299
1756000 299
1756010 303
1756020 307
1756030 307
1756040 308
1756050 307
1756060 307
1756070 306
1756080 306
1756090 306
1756100 305
1756110 304
1756120 304
1756130 302
1756140 298
1756150 298
1756160 291
1756170 287
1756180 293
1756190 293
1756200 299
1756210 307
1756220 307
1756230 312
1756240 315
1756250 315
1756260 318
1756270 322
1756280 322
1756290 326
1756300 328
1756310 328
1756320 330
1756330 331
1756340 330
1756350 330
1756360 327
1756370 323
1756380 323
1756390 320
1756400 318
1756410 318
1756420 315
1756430 310
1756440 310
1756450 308
1756460 304
1756470 304
1756480 303
1756490 302
1756500 307
1756510 307
1756520 314
1756530 319
1756540 319
1756550 321
1756560 322
1756570 322
1756580 324
1756590 323
1756600 323
1756610 322
1756620 325
1756630 325
1756640 328
1756650 331
1756660 334
1756670 334
1756680 336
1756690 338
1756700 338
1756710 340
1756720 341
1756730 341
1756740 342
1756750 342
1756760 342
1756770 341
1756780 340
1756790 340
1756800 336
1756810 332
1756820 329
1756830 329
1756840 326
1756850 323
1756860 323
1756870 319
1756880 315
1756890 315
1756900 313
1756910 313
1756920 313
1756930 308
1756940 299
1756950 299
1756960 292
1756970 293
1756980 293
1756990 300
1757000 303
1757010 297
1757020 297
1757030 297
1757040 303
1757050 303
1757060 302
1757070 304
1757080 304
1757090 313
1757100 317
1757110 317
1757120 318
1757130 320
1757140 320
1757150 326
1757160 330
1757170 335
1757180 335
1757190 339
1757200 343
1757210 343
1757220 346
1757230 351
1757240 351
1757250 355
1757260 357
1757270 357
1757280 359
1757290 360
1757300 360
1757310 360
1757320 362
1757330 362
1757340 362
1757350 363
1757360 361
1757370 361
1757380 362
1757390 364
1757400 364
1757410 365
1757420 365
1757430 365
1757440 365
1757450 364
1757460 364
1757470 364
1757480 360
1757490 356
1757500 356
1757510 353
1757520 350
1757530 350
1757540 348
1757550 345
1757560 345
1757570 342
1757580 337
1757590 337
1757600 334
1757610 335
1757620 335
1757630 339
1757640 340
1757650 344
1757660 344
1757670 347
1757680 350
1757690 350
1757700 353
1757710 354
1757720 354
1757730 356
1757740 358
1757750 358
1757760 360
1757770 362
1757780 362
1757790 364
1757800 366
1757810 366
1757820 368
1757830 370
1757840 371
1757850 371
1757860 373
1757870 374
1757880 374
1757890 375
1757900 376
1757910 376
1757920 378
1757930 378
1757940 378
1757950 379
1757960 380
1757970 380
1757980 380
1757990 380
1758000 382
1758010 382
1758020 382
1758030 382
1758040 382
1758050 384
1758060 384
1758070 384
1758080 383
1758090 382
1758100 382
1758110 381
1758120 377
1758130 377
1758140 374
1758150 368
1758160 363
1758170 363
1758180 360
1758190 355
1758200 355
1758210 353
1758220 354
1758230 354
1758240 351
1758250 348
1758260 348
1758270 346
1758280 347
1758290 347
1758300 347
1758310 341
1758320 342
1758330 342
1758340 340
1758350 337
1758360 337
1758370 333
1758380 331
1758390 331
1758400 334
1758410 336
1758420 336
1758430 336
1758440 337
1758450 337
1758460 338
1758470 338
1758480 337
1758490 337
1758500 335
1758510 335
1758520 335
1758530 335
1758540 336
1758550 336
1758560 337
1758570 339
1758580 339
1758590 340
1758600 343
1758610 343
1758620 347
1758630 350
1758640 352
1758650 352
1758660 354
1758670 355
1758680 355
1758690 357
1758700 359
1758710 358
1758720 357
1758730 358
1758740 358
1758750 356
1758760 354
1758770 354
1758780 351
1758790 349
1758800 349
1758810 348
1758820 345
1758830 344
1758840 344
1758850 341
1758860 338
1758870 338
1758880 336
1758890 333
1758900 333
1758910 329
1758920 325
1758930 325
1758940 328
1758950 324
1758960 324
1758970 316
1758980 314
1758990 324
1759000 324
1759010 326
1759020 328
1759030 328
1759040 330
1759050 333
1759060 333
1759070 335
1759080 336
1759090 336
1759100 338
1759110 342
1759120 342
1759130 346
1759140 350
1759150 355
1759160 355
1759170 360
1759180 362
1759190 362
1759200 362
1759210 362
1759220 362
1759230 362
1759240 361
1759250 361
1759260 360
1759270 359
1759280 359
1759290 358
1759300 357
1759310 356
1759320 356
1759330 355
1759340 354
1759350 354
1759360 354
1759370 353
1759380 353
1759390 352
1759400 351
1759410 351
1759420 351
1759430 351
1759440 351
1759450 349
1759460 349
1759470 348
1759480 348
1759490 348
1759500 350
1759510 350
1759520 351
1759530 354
1759540 354
1759550 357
1759560 359
1759570 359
1759580 361
1759590 362
1759600 362
1759610 364
1759620 366
1759630 366
1759640 368
1759650 370
1759660 370
1759670 370
1759680 372
1759690 374
1759700 374
1759710 376
1759720 379
1759730 379
1759740 380
1759750 381
1759760 381
1759770 384
1759780 384
1759790 384
1759800 384
1759810 383
1759820 382
1759830 382
1759840 380
1759850 379
1759860 379
1759870 378
1759880 377
1759890 377
1759900 376
1759910 375
1759920 375
1759930 374
1759940 373
1759950 373
1759960 372
1759970 371
1759980 370
1759990 370
