1740000 270
1740010 270
1740020 270
1740030 270
1740040 270
1740050 270
1740060 270
1740070 269
1740080 268
1740090 268
1740100 268
1740110 270
1740120 270
1740130 270
1740140 270
1740150 270
1740160 269
1740170 271
1740180 271
1740190 272
1740200 272
1740210 267
1740220 267
1740230 268
1740240 271
1740250 271
1740260 270
1740270 270
1740280 270
1740290 269
1740300 268
1740310 268
1740320 267
1740330 266
1740340 266
1740350 266
1740360 266
1740370 266
1740380 265
1740390 265
1740400 265
1740410 259
1740420 258
1740430 259
1740440 259
1740450 259
1740460 259
1740470 259
1740480 259
1740490 261
1740500 261
1740510 266
1740520 267
1740530 267
1740540 263
1740550 258
1740560 256
1740570 256
1740580 258
1740590 258
1740600 258
1740610 259
1740620 259
1740630 259
1740640 259
1740650 259
1740660 259
1740670 258
1740680 258
1740690 258
1740700 258
1740710 262
1740720 273
1740730 273
1740740 278
1740750 285
1740760 285
1740770 287
1740780 287
1740790 287
1740800 288
1740810 285
1740820 285
1740830 285
1740840 286
1740850 286
1740860 285
1740870 286
1740880 285
1740890 285
1740900 287
1740910 293
1740920 293
1740930 298
1740940 298
1740950 298
1740960 299
1740970 300
1740980 300
1740990 301
1741000 302
1741010 302
1741020 303
1741030 304
1741040 305
1741050 305
1741060 306
1741070 307
1741080 307
1741090 308
1741100 309
1741110 309
1741120 311
1741130 312
1741140 312
1741150 312
1741160 314
1741170 314
1741180 314
1741190 315
1741200 315
1741210 315
1741220 319
1741230 323
1741240 323
1741250 325
1741260 332
1741270 332
1741280 337
1741290 340
1741300 340
1741310 342
1741320 345
1741330 345
1741340 347
1741350 350
1741360 350
1741370 352
1741380 352
1741390 349
1741400 349
1741410 346
1741420 343
1741430 343
1741440 340
1741450 338
1741460 338
1741470 336
1741480 332
1741490 332
1741500 329
1741510 325
1741520 325
1741530 322
1741540 317
1741550 310
1741560 310
1741570 301
1741580 307
1741590 307
1741600 306
1741610 306
1741620 306
1741630 303
1741640 314
1741650 314
1741660 321
1741670 324
1741680 324
1741690 314
1741700 310
1741710 310
1741720 310
1741730 310
1741740 309
1741750 309
1741760 311
1741770 310
1741780 310
1741790 307
1741800 302
1741810 302
1741820 295
1741830 290
1741840 290
1741850 288
1741860 286
1741870 284
1741880 284
1741890 284
1741900 288
1741910 288
1741920 289
1741930 287
1741940 287
1741950 285
1741960 283
1741970 283
1741980 278
1741990 277
1742000 277
1742010 283
1742020 288
1742030 288
1742040 288
1742050 292
1742060 293
1742070 293
1742080 294
1742090 296
1742100 296
1742110 298
1742120 298
1742130 298
1742140 299
1742150 303
1742160 303
1742170 305
1742180 307
1742190 307
1742200 310
1742210 309
1742220 312
1742230 312
1742240 313
1742250 314
1742260 314
1742270 314
1742280 315
1742290 315
1742300 318
1742310 317
1742320 317
1742330 319
1742340 320
1742350 320
1742360 321
1742370 322
1742380 319
1742390 319
1742400 316
1742410 316
1742420 316
1742430 315
1742440 318
1742450 318
1742460 322
1742470 327
1742480 327
1742490 332
1742500 335
1742510 335
1742520 337
1742530 336
1742540 339
1742550 339
1742560 341
1742570 342
1742580 342
1742590 343
1742600 342
1742610 342
1742620 337
1742630 334
1742640 334
1742650 330
1742660 325
1742670 325
1742680 323
1742690 325
1742700 323
1742710 323
1742720 321
1742730 318
1742740 318
1742750 322
1742760 321
1742770 321
1742780 323
1742790 324
1742800 324
1742810 324
1742820 324
1742830 324
1742840 324
1742850 322
1742860 322
1742870 320
1742880 316
1742890 313
1742900 313
1742910 308
1742920 303
1742930 303
1742940 302
1742950 300
1742960 300
1742970 298
1742980 295
1742990 295
1743000 292
1743010 287
1743020 287
1743030 285
1743040 286
1743050 284
1743060 284
1743070 280
1743080 276
1743090 276
1743100 276
1743110 278
1743120 278
1743130 277
1743140 274
1743150 274
1743160 275
1743170 277
1743180 277
1743190 276
1743200 274
1743210 272
1743220 272
1743230 269
1743240 270
1743250 270
1743260 269
1743270 266
1743280 266
1743290 260
1743300 256
1743310 256
1743320 256
1743330 257
1743340 257
1743350 256
1743360 257
1743370 260
1743380 260
1743390 265
1743400 271
1743410 271
1743420 278
1743430 285
1743440 285
1743450 292
1743460 296
1743470 296
1743480 299
1743490 302
1743500 302
1743510 303
1743520 304
1743530 304
1743540 304
1743550 302
1743560 300
1743570 300
1743580 298
1743590 296
1743600 296
1743610 293
1743620 292
1743630 292
1743640 286
1743650 285
1743660 285
1743670 286
1743680 289
1743690 289
1743700 293
1743710 299
1743720 304
1743730 304
1743740 307
1743750 310
1743760 310
1743770 313
1743780 316
1743790 316
1743800 319
1743810 320
1743820 320
1743830 318
1743840 317
1743850 317
1743860 316
1743870 315
1743880 315
1743890 315
1743900 313
1743910 314
1743920 314
1743930 313
1743940 306
1743950 306
1743960 307
1743970 307
1743980 307
1743990 306
1744000 304
1744010 304
1744020 306
1744030 306
1744040 305
1744050 305
1744060 303
1744070 303
1744080 303
1744090 304
1744100 306
1744110 306
1744120 309
1744130 309
1744140 309
1744150 311
1744160 313
1744170 313
1744180 316
1744190 316
1744200 315
1744210 315
1744220 315
1744230 314
1744240 314
1744250 314
1744260 313
1744270 313
1744280 311
1744290 311
1744300 311
1744310 310
1744320 308
1744330 308
1744340 305
1744350 302
1744360 298
1744370 298
1744380 296
1744390 294
1744400 294
1744410 293
1744420 291
1744430 291
1744440 289
1744450 288
1744460 288
1744470 290
1744480 291
1744490 291
1744500 290
1744510 287
1744520 287
1744530 286
1744540 283
1744550 282
1744560 282
1744570 280
1744580 279
1744590 279
1744600 279
1744610 278
1744620 278
1744630 278
1744640 277
1744650 277
1744660 276
1744670 276
1744680 276
1744690 276
1744700 275
1744710 274
1744720 274
1744730 273
1744740 272
1744750 272
1744760 271
1744770 269
1744780 269
1744790 269
1744800 266
1744810 266
1744820 262
1744830 258
1744840 258
1744850 256
1744860 254
1744870 253
1744880 253
1744890 254
1744900 257
1744910 257
1744920 259
1744930 262
1744940 262
1744950 264
1744960 266
1744970 266
1744980 269
1744990 270
1745000 270
1745010 272
1745020 274
1745030 276
1745040 276
1745050 278
1745060 281
1745070 281
1745080 285
1745090 288
1745100 288
1745110 291
1745120 294
1745130 294
1745140 296
1745150 299
1745160 299
1745170 301
1745180 302
1745190 303
1745200 303
1745210 304
1745220 305
1745230 305
1745240 306
1745250 305
1745260 305
1745270 304
1745280 302
1745290 302
1745300 303
1745310 304
1745320 304
1745330 307
1745340 308
1745350 308
1745360 313
1745370 315
1745380 318
1745390 318
1745400 320
1745410 323
1745420 323
1745430 325
1745440 328
1745450 328
1745460 330
1745470 331
1745480 331
1745490 332
1745500 334
1745510 334
1745520 332
1745530 333
1745540 332
1745550 332
1745560 330
1745570 328
1745580 328
1745590 326
1745600 322
1745610 322
1745620 316
1745630 313
1745640 312
1745650 310
1745660 306
1745670 306
1745680 301
1745690 294
1745700 287
1745710 287
1745720 282
1745730 288
1745740 288
1745750 296
1745760 301
1745770 301
1745780 303
1745790 308
1745800 308
1745810 310
1745820 310
1745830 310
1745840 313
1745850 316
1745860 319
1745870 319
1745880 322
1745890 325
1745900 325
1745910 326
1745920 326
1745930 326
1745940 323
1745950 318
1745960 318
1745970 314
1745980 312
1745990 312
1746000 310
1746010 306
1746020 302
1746030 302
1746040 299
1746050 295
1746060 295
1746070 293
1746080 290
1746090 290
1746100 288
1746110 285
1746120 285
1746130 282
1746140 280
1746150 280
1746160 276
1746170 275
1746180 275
1746190 272
1746200 271
1746210 269
1746220 269
1746230 269
1746240 266
1746250 266
1746260 265
1746270 266
1746280 266
1746290 264
1746300 263
1746310 263
1746320 254
1746330 256
1746340 256
1746350 262
1746360 269
1746370 275
1746380 275
1746390 275
1746400 276
1746410 276
1746420 277
1746430 282
1746440 282
1746450 284
1746460 285
1746470 285
1746480 286
1746490 286
1746500 286
1746510 285
1746520 284
1746530 282
1746540 282
1746550 279
1746560 279
1746570 279
1746580 281
1746590 281
1746600 281
1746610 280
1746620 280
1746630 280
1746640 279
1746650 275
1746660 275
1746670 278
1746680 276
1746690 272
1746700 272
1746710 269
1746720 266
1746730 266
1746740 264
1746750 265
1746760 265
1746770 259
1746780 257
1746790 257
1746800 254
1746810 252
1746820 252
1746830 250
1746840 248
1746850 243
1746860 243
1746870 238
1746880 238
1746890 238
1746900 238
1746910 238
1746920 238
1746930 238
1746940 238
1746950 238
1746960 238
1746970 238
1746980 238
1746990 238
1747000 238
1747010 238
1747020 238
1747030 238
1747040 238
1747050 238
1747060 238
1747070 238
1747080 238
1747090 240
1747100 242
1747110 242
1747120 242
1747130 242
1747140 242
1747150 242
1747160 242
1747170 242
1747180 242
1747190 242
1747200 242
1747210 242
1747220 241
1747230 242
1747240 242
1747250 242
1747260 242
1747270 242
1747280 242
1747290 242
1747300 242
1747310 241
1747320 241
1747330 241
1747340 240
1747350 241
1747360 241
1747370 241
1747380 242
1747390 241
1747400 241
1747410 242
1747420 242
1747430 242
1747440 242
1747450 242
1747460 242
1747470 242
1747480 242
1747490 242
1747500 241
1747510 241
1747520 241
1747530 241
1747540 241
1747550 241
1747560 241
1747570 241
1747580 241
1747590 241
1747600 241
1747610 241
1747620 241
1747630 241
1747640 241
1747650 241
1747660 241
1747670 241
1747680 241
1747690 241
1747700 241
1747710 241
1747720 241
1747730 241
1747740 241
1747750 241
1747760 241
1747770 241
1747780 241
1747790 241
1747800 239
1747810 239
1747820 239
1747830 239
1747840 240
1747850 240
1747860 241
1747870 241
1747880 241
1747890 241
1747900 241
1747910 241
1747920 241
1747930 241
1747940 241
1747950 241
1747960 241
1747970 241
1747980 241
1747990 241
1748000 241
1748010 241
1748020 241
1748030 241
1748040 241
1748050 241
1748060 241
1748070 241
1748080 241
1748090 241
1748100 241
1748110 241
1748120 241
1748130 241
1748140 241
1748150 241
1748160 241
1748170 241
1748180 241
1748190 241
1748200 241
1748210 241
1748220 241
1748230 241
1748240 241
1748250 241
1748260 241
1748270 241
1748280 241
1748290 241
1748300 241
1748310 241
1748320 241
1748330 241
1748340 240
1748350 240
1748360 240
1748370 240
1748380 241
1748390 241
1748400 240
1748410 240
1748420 240
1748430 240
1748440 240
1748450 240
1748460 240
1748470 240
1748480 240
1748490 240
1748500 238
1748510 239
1748520 239
1748530 239
1748540 240
1748550 240
1748560 240
1748570 240
1748580 240
1748590 241
1748600 241
1748610 241
1748620 241
1748630 241
1748640 241
1748650 241
1748660 241
1748670 241
1748680 241
1748690 240
1748700 240
1748710 240
1748720 241
1748730 241
1748740 241
1748750 240
1748760 240
1748770 240
1748780 240
1748790 240
1748800 240
1748810 240
1748820 240
1748830 240
1748840 240
1748850 240
1748860 240
1748870 240
1748880 240
1748890 240
1748900 240
1748910 240
1748920 240
1748930 240
1748940 240
1748950 240
1748960 240
1748970 240
1748980 240
1748990 240
1749000 240
1749010 240
1749020 240
1749030 240
1749040 240
1749050 240
1749060 240
1749070 240
1749080 240
1749090 240
1749100 240
1749110 240
1749120 240
1749130 240
1749140 240
1749150 240
1749160 240
1749170 240
1749180 240
1749190 240
1749200 240
1749210 240
1749220 240
1749230 240
1749240 240
1749250 240
1749260 240
1749270 240
1749280 240
1749290 240
1749300 240
1749310 240
1749320 240
1749330 240
1749340 240
1749350 240
1749360 240
1749370 240
1749380 240
1749390 239
1749400 240
1749410 240
1749420 240
1749430 240
1749440 240
1749450 240
1749460 240
1749470 240
1749480 240
1749490 240
1749500 240
1749510 240
1749520 240
1749530 240
1749540 240
1749550 240
1749560 240
1749570 240
1749580 240
1749590 240
1749600 240
1749610 240
1749620 240
1749630 240
1749640 239
1749650 239
1749660 239
1749670 239
1749680 239
1749690 239
1749700 239
1749710 238
1749720 238
1749730 238
1749740 239
1749750 239
1749760 239
1749770 239
1749780 239
1749790 239
1749800 239
1749810 239
1749820 239
1749830 239
1749840 239
1749850 238
1749860 238
1749870 238
1749880 238
1749890 238
1749900 239
1749910 239
1749920 239
1749930 240
1749940 240
1749950 240
1749960 240
1749970 240
1749980 240
1749990 240
1750000 240
1750010 240
1750020 240
1750030 239
1750040 239
1750050 239
1750060 239
1750070 239
1750080 239
1750090 239
1750100 239
1750110 239
1750120 239
1750130 240
1750140 240
1750150 239
1750160 239
1750170 239
1750180 239
1750190 239
1750200 239
1750210 239
1750220 239
1750230 239
1750240 239
1750250 239
1750260 239
1750270 239
1750280 239
1750290 239
1750300 239
1750310 239
1750320 239
1750330 239
1750340 239
1750350 239
1750360 239
1750370 239
1750380 239
1750390 239
1750400 239
1750410 239
1750420 239
1750430 239
1750440 239
1750450 239
1750460 239
1750470 239
1750480 239
1750490 239
1750500 239
1750510 239
1750520 239
1750530 239
1750540 239
1750550 238
1750560 238
1750570 238
1750580 238
1750590 238
1750600 239
1750610 239
1750620 239
1750630 239
1750640 239
1750650 239
1750660 239
1750670 239
1750680 238
1750690 238
1750700 239
1750710 239
1750720 239
1750730 238
1750740 238
1750750 238
1750760 238
1750770 238
1750780 238
1750790 238
1750800 238
1750810 238
1750820 238
1750830 238
1750840 238
1750850 238
1750860 238
1750870 238
1750880 238
1750890 238
1750900 238
1750910 238
1750920 238
1750930 238
1750940 238
1750950 238
1750960 238
1750970 238
1750980 238
1750990 238
1751000 238
1751010 238
1751020 238
1751030 238
1751040 238
1751050 238
1751060 238
1751070 238
1751080 238
1751090 238
1751100 238
1751110 238
1751120 238
1751130 238
1751140 238
1751150 238
1751160 238
1751170 238
1751180 238
1751190 238
1751200 238
1751210 238
1751220 238
1751230 238
1751240 238
1751250 238
1751260 238
1751270 238
1751280 238
1751290 238
1751300 237
1751310 237
1751320 237
1751330 238
1751340 238
1751350 238
1751360 238
1751370 238
1751380 238
1751390 238
1751400 238
1751410 237
1751420 237
1751430 237
1751440 236
1751450 236
1751460 236
1751470 237
1751480 237
1751490 238
1751500 238
1751510 237
1751520 237
1751530 237
1751540 237
1751550 237
1751560 237
1751570 238
1751580 238
1751590 238
1751600 238
1751610 238
1751620 238
1751630 238
1751640 238
1751650 238
1751660 237
1751670 237
1751680 237
1751690 237
1751700 237
1751710 237
1751720 237
1751730 235
1751740 235
1751750 233
1751760 233
1751770 233
1751780 233
1751790 233
1751800 233
1751810 233
1751820 233
1751830 233
1751840 233
1751850 233
1751860 233
1751870 233
1751880 233
1751890 233
1751900 233
1751910 233
1751920 233
1751930 233
1751940 233
1751950 233
1751960 233
1751970 233
1751980 233
1751990 233
1752000 233
1752010 233
1752020 233
1752030 233
1752040 233
1752050 233
1752060 233
1752070 233
1752080 233
1752090 233
1752100 233
1752110 233
1752120 233
1752130 233
1752140 233
1752150 233
1752160 233
1752170 233
1752180 233
1752190 233
1752200 233
1752210 233
1752220 233
1752230 233
1752240 233
1752250 233
1752260 233
1752270 233
1752280 233
1752290 233
1752300 233
1752310 233
1752320 233
1752330 233
1752340 233
1752350 233
1752360 233
1752370 233
1752380 233
1752390 233
1752400 233
1752410 233
1752420 233
1752430 233
1752440 233
1752450 233
1752460 233
1752470 233
1752480 233
1752490 233
1752500 233
1752510 233
1752520 233
1752530 233
1752540 233
1752550 233
1752560 233
1752570 233
1752580 233
1752590 233
1752600 233
1752610 233
1752620 233
1752630 233
1752640 233
1752650 233
1752660 233
1752670 233
1752680 233
1752690 233
1752700 233
1752710 233
1752720 233
1752730 233
1752740 233
1752750 233
1752760 233
1752770 233
1752780 233
1752790 233
1752800 233
1752810 233
1752820 235
1752830 235
1752840 236
1752850 236
1752860 236
1752870 236
1752880 236
1752890 236
1752900 236
1752910 236
1752920 236
1752930 236
1752940 235
1752950 235
1752960 235
1752970 235
1752980 235
1752990 235
1753000 235
1753010 236
1753020 236
1753030 236
1753040 236
1753050 236
1753060 236
1753070 236
1753080 236
1753090 237
1753100 237
1753110 237
1753120 236
1753130 236
1753140 236
1753150 236
1753160 237
1753170 237
1753180 237
1753190 237
1753200 237
1753210 237
1753220 236
1753230 236
1753240 236
1753250 236
1753260 236
1753270 236
1753280 236
1753290 236
1753300 236
1753310 236
1753320 236
1753330 236
1753340 236
1753350 236
1753360 234
1753370 234
1753380 236
1753390 237
1753400 237
1753410 237
1753420 237
1753430 237
1753440 237
1753450 237
1753460 237
1753470 237
1753480 237
1753490 236
1753500 236
1753510 236
1753520 236
1753530 236
1753540 236
1753550 236
1753560 236
1753570 236
1753580 236
1753590 236
1753600 236
1753610 236
1753620 236
1753630 236
1753640 236
1753650 236
1753660 236
1753670 236
1753680 236
1753690 236
1753700 236
1753710 236
1753720 236
1753730 236
1753740 236
1753750 236
1753760 236
1753770 235
1753780 235
1753790 235
1753800 235
1753810 235
1753820 235
1753830 236
1753840 235
1753850 235
1753860 235
1753870 235
1753880 235
1753890 235
1753900 235
1753910 235
1753920 235
1753930 235
1753940 235
1753950 235
1753960 235
1753970 235
1753980 235
1753990 235
1754000 235
1754010 235
1754020 236
1754030 236
1754040 236
1754050 236
1754060 236
1754070 236
1754080 236
1754090 236
1754100 236
1754110 235
1754120 235
1754130 235
1754140 235
1754150 235
1754160 235
1754170 235
1754180 235
1754190 235
1754200 235
1754210 235
1754220 235
1754230 235
1754240 235
1754250 235
1754260 235
1754270 234
1754280 234
1754290 234
1754300 234
1754310 234
1754320 234
1754330 234
1754340 234
1754350 234
1754360 234
1754370 234
1754380 234
1754390 234
1754400 234
1754410 234
1754420 234
1754430 234
1754440 234
1754450 234
1754460 234
1754470 234
1754480 234
1754490 234
1754500 234
1754510 234
1754520 234
1754530 234
1754540 231
1754550 231
1754560 235
1754570 235
1754580 235
1754590 235
1754600 234
1754610 234
1754620 234
1754630 234
1754640 234
1754650 234
1754660 234
1754670 234
1754680 234
1754690 234
1754700 234
1754710 234
1754720 234
1754730 234
1754740 234
1754750 234
1754760 234
1754770 234
1754780 234
1754790 234
1754800 234
1754810 234
1754820 234
1754830 234
1754840 234
1754850 234
1754860 234
1754870 234
1754880 234
1754890 234
1754900 234
1754910 234
1754920 234
1754930 234
1754940 234
1754950 234
1754960 234
1754970 234
1754980 234
1754990 233
1755000 233
1755010 233
1755020 233
1755030 233
1755040 233
1755050 233
1755060 233
1755070 233
1755080 233
1755090 233
1755100 234
1755110 234
1755120 234
1755130 231
1755140 234
1755150 233
1755160 233
1755170 233
1755180 233
1755190 233
1755200 233
1755210 233
1755220 233
1755230 233
1755240 233
1755250 233
1755260 233
1755270 234
1755280 234
1755290 233
1755300 233
1755310 234
1755320 234
1755330 233
1755340 233
1755350 233
1755360 232
1755370 233
1755380 233
1755390 233
1755400 232
1755410 232
1755420 232
1755430 233
1755440 233
1755450 233
1755460 233
1755470 233
1755480 233
1755490 233
1755500 233
1755510 233
1755520 233
1755530 232
1755540 232
1755550 231
1755560 230
1755570 230
1755580 230
1755590 230
1755600 230
1755610 230
1755620 230
1755630 230
1755640 230
1755650 230
1755660 230
1755670 230
1755680 230
1755690 230
1755700 230
1755710 230
1755720 230
1755730 230
1755740 230
1755750 234
1755760 234
1755770 238
1755780 243
1755790 243
1755800 247
1755810 257
1755820 265
1755830 265
1755840 268
1755850 266
1755860 266
1755870 263
1755880 261
1755890 261
1755900 257
1755910 251
1755920 251
1755930 244
1755940 250
1755950 250
1755960 258
1755970 266
1755980 270
1755990 270
1756000 274
1756010 277
1756020 277
1756030 278
1756040 281
1756050 281
1756060 284
1756070 284
1756080 284
1756090 286
1756100 288
1756110 288
1756120 289
1756130 290
1756140 291
1756150 291
1756160 291
1756170 291
1756180 291
1756190 290
1756200 288
1756210 288
1756220 285
1756230 281
1756240 281
1756250 278
1756260 275
1756270 275
1756280 272
1756290 269
1756300 262
1756310 262
1756320 257
1756330 261
1756340 261
1756350 266
1756360 269
1756370 269
1756380 271
1756390 274
1756400 274
1756410 272
1756420 274
1756430 274
1756440 277
1756450 282
1756460 282
1756470 286
1756480 285
1756490 289
1756500 289
1756510 293
1756520 296
1756530 296
1756540 298
1756550 299
1756560 299
1756570 300
1756580 302
1756590 302
1756600 303
1756610 304
1756620 303
1756630 304
1756640 305
1756650 308
1756660 308
1756670 309
1756680 304
1756690 304
1756700 304
1756710 299
1756720 299
1756730 298
1756740 294
1756750 294
1756760 290
1756770 287
1756780 287
1756790 284
1756800 282
1756810 276
1756820 276
1756830 269
1756840 271
1756850 271
1756860 268
1756870 262
1756880 262
1756890 265
1756900 265
1756910 265
1756920 268
1756930 269
1756940 269
1756950 271
1756960 272
1756970 274
1756980 274
1756990 277
1757000 280
1757010 280
1757020 280
1757030 281
1757040 281
1757050 284
1757060 286
1757070 286
1757080 289
1757090 293
1757100 293
1757110 298
1757120 303
1757130 308
1757140 308
1757150 313
1757160 314
1757170 314
1757180 315
1757190 318
1757200 318
1757210 321
1757220 320
1757230 320
1757240 319
1757250 320
1757260 320
1757270 321
1757280 322
1757290 322
1757300 323
1757310 324
1757320 324
1757330 324
1757340 325
1757350 326
1757360 326
1757370 325
1757380 326
1757390 326
1757400 326
1757410 329
1757420 329
1757430 333
1757440 335
1757450 335
1757460 333
1757470 332
1757480 338
1757490 338
1757500 342
1757510 343
1757520 343
1757530 346
1757540 352
1757550 352
1757560 354
1757570 357
1757580 357
1757590 358
1757600 359
1757610 359
1757620 361
1757630 361
1757640 361
1757650 361
1757660 361
1757670 362
1757680 362
1757690 363
1757700 364
1757710 364
1757720 364
1757730 365
1757740 365
1757750 366
1757760 368
1757770 368
1757780 369
1757790 369
1757800 370
1757810 370
1757820 370
1757830 369
1757840 369
1757850 367
1757860 365
1757870 365
1757880 360
1757890 358
1757900 358
1757910 357
1757920 355
1757930 355
1757940 358
1757950 357
1757960 358
1757970 358
1757980 358
1757990 359
1758000 359
1758010 361
1758020 362
1758030 362
1758040 362
1758050 362
1758060 362
1758070 363
1758080 362
1758090 362
1758100 362
1758110 364
1758120 364
1758130 365
1758140 369
1758150 372
1758160 372
1758170 373
1758180 373
1758190 373
1758200 373
1758210 372
1758220 372
1758230 370
1758240 364
1758250 364
1758260 361
1758270 357
1758280 357
1758290 353
1758300 349
1758310 350
1758320 350
1758330 347
1758340 346
1758350 346
1758360 342
1758370 338
1758380 338
1758390 335
1758400 332
1758410 332
1758420 331
1758430 328
1758440 328
1758450 326
1758460 323
1758470 318
1758480 318
1758490 311
1758500 304
1758510 304
1758520 302
1758530 296
1758540 296
1758550 292
1758560 290
1758570 290
1758580 288
1758590 285
1758600 285
1758610 283
1758620 284
1758630 287
1758640 287
1758650 285
1758660 284
1758670 284
1758680 287
1758690 284
1758700 284
1758710 279
1758720 276
1758730 276
1758740 273
1758750 271
1758760 271
1758770 273
1758780 277
1758790 276
1758800 276
1758810 271
1758820 266
1758830 266
1758840 266
1758850 266
1758860 266
1758870 266
1758880 268
1758890 268
1758900 272
1758910 276
1758920 276
1758930 277
1758940 279
1758950 279
1758960 282
1758970 285
1758980 290
1758990 290
1759000 294
1759010 299
1759020 299
1759030 304
1759040 308
1759050 308
1759060 312
1759070 316
1759080 316
1759090 319
1759100 321
1759110 321
1759120 325
1759130 329
1759140 333
1759150 333
1759160 337
1759170 340
1759180 340
1759190 344
1759200 348
1759210 348
1759220 351
1759230 354
1759240 354
1759250 356
1759260 355
1759270 355
1759280 354
1759290 353
1759300 349
1759310 349
1759320 347
1759330 344
1759340 344
1759350 341
1759360 338
1759370 338
1759380 332
1759390 327
1759400 327
1759410 323
1759420 320
1759430 320
1759440 323
1759450 325
1759460 324
1759470 324
1759480 322
1759490 324
1759500 324
1759510 325
1759520 326
1759530 326
1759540 328
1759550 330
1759560 330
1759570 331
1759580 330
1759590 330
1759600 328
1759610 327
1759620 326
1759630 326
1759640 323
1759650 316
1759660 316
1759670 315
1759680 323
1759690 323
1759700 326
1759710 329
1759720 329
1759730 331
1759740 335
1759750 335
1759760 338
1759770 341
1759780 341
1759790 345
1759800 349
1759810 352
1759820 352
1759830 355
1759840 358
1759850 358
1759860 362
1759870 364
1759880 364
1759890 367
1759900 370
1759910 370
1759920 375
1759930 379
1759940 379
1759950 381
1759960 382
1759970 382
1759980 382
1759990 382
