1740000 287
1740010 287
1740020 287
1740030 286
1740040 286
1740050 286
1740060 285
1740070 284
1740080 284
1740090 283
1740100 283
1740110 283
1740120 282
1740130 282
1740140 282
1740150 281
1740160 281
1740170 281
1740180 280
1740190 279
1740200 279
1740210 278
1740220 278
1740230 278
1740240 278
1740250 277
1740260 277
1740270 277
1740280 275
1740290 274
1740300 274
1740310 274
1740320 274
1740330 274
1740340 274
1740350 274
1740360 274
1740370 274
1740380 274
1740390 274
1740400 274
1740410 273
1740420 268
1740430 268
1740440 267
1740450 267
1740460 267
1740470 266
1740480 264
1740490 264
1740500 262
1740510 262
1740520 262
1740530 261
1740540 260
1740550 260
1740560 260
1740570 256
1740580 256
1740590 256
1740600 255
1740610 251
1740620 251
1740630 252
1740640 252
1740650 252
1740660 253
1740670 255
1740680 255
1740690 256
1740700 258
1740710 259
1740720 259
1740730 261
1740740 263
1740750 263
1740760 265
1740770 266
1740780 266
1740790 268
1740800 269
1740810 269
1740820 270
1740830 276
1740840 276
1740850 275
1740860 275
1740870 275
1740880 275
1740890 274
1740900 280
1740910 280
1740920 286
1740930 288
1740940 288
1740950 291
1740960 293
1740970 293
1740980 295
1740990 296
1741000 296
1741010 296
1741020 295
1741030 295
1741040 293
1741050 292
1741060 291
1741070 291
1741080 290
1741090 289
1741100 289
1741110 288
1741120 288
1741130 288
1741140 287
1741150 286
1741160 286
1741170 284
1741180 282
1741190 282
1741200 281
1741210 280
1741220 279
1741230 279
1741240 278
1741250 277
1741260 277
1741270 277
1741280 276
1741290 276
1741300 276
1741310 275
1741320 275
1741330 275
1741340 274
1741350 274
1741360 273
1741370 272
1741380 271
1741390 271
1741400 270
1741410 269
1741420 269
1741430 269
1741440 268
1741450 268
1741460 267
1741470 266
1741480 266
1741490 265
1741500 265
1741510 265
1741520 264
1741530 263
1741540 263
1741550 263
1741560 262
1741570 262
1741580 262
1741590 261
1741600 260
1741610 260
1741620 260
1741630 259
1741640 259
1741650 259
1741660 258
1741670 258
1741680 256
1741690 258
1741700 258
1741710 264
1741720 272
1741730 279
1741740 279
1741750 287
1741760 291
1741770 291
1741780 295
1741790 298
1741800 298
1741810 303
1741820 307
1741830 307
1741840 310
1741850 311
1741860 311
1741870 312
1741880 312
1741890 313
1741900 313
1741910 317
1741920 321
1741930 321
1741940 322
1741950 325
1741960 325
1741970 328
1741980 331
1741990 331
1742000 333
1742010 334
1742020 334
1742030 335
1742040 335
1742050 335
1742060 335
1742070 327
1742080 325
1742090 325
1742100 323
1742110 321
1742120 321
1742130 320
1742140 318
1742150 318
1742160 317
1742170 316
1742180 316
1742190 314
1742200 307
1742210 300
1742220 300
1742230 294
1742240 299
1742250 299
1742260 303
1742270 308
1742280 308
1742290 314
1742300 319
1742310 319
1742320 323
1742330 326
1742340 326
1742350 331
1742360 333
1742370 335
1742380 335
1742390 335
1742400 337
1742410 337
1742420 329
1742430 325
1742440 325
1742450 320
1742460 316
1742470 316
1742480 311
1742490 307
1742500 307
1742510 304
1742520 301
1742530 301
1742540 298
1742550 296
1742560 293
1742570 293
1742580 289
1742590 282
1742600 282
1742610 280
1742620 273
1742630 273
1742640 279
1742650 285
1742660 285
1742670 291
1742680 293
1742690 293
1742700 294
1742710 293
1742720 294
1742730 294
1742740 294
1742750 295
1742760 295
1742770 294
1742780 296
1742790 296
1742800 298
1742810 299
1742820 299
1742830 301
1742840 304
1742850 304
1742860 307
1742870 310
1742880 312
1742890 312
1742900 312
1742910 311
1742920 311
1742930 310
1742940 307
1742950 307
1742960 303
1742970 299
1742980 299
1742990 296
1743000 293
1743010 293
1743020 290
1743030 284
1743040 282
1743050 282
1743060 278
1743070 271
1743080 271
1743090 265
1743100 264
1743110 264
1743120 260
1743130 261
1743140 261
1743150 261
1743160 256
1743170 256
1743180 252
1743190 249
1743200 249
1743210 249
1743220 251
1743230 256
1743240 256
1743250 263
1743260 272
1743270 272
1743280 277
1743290 283
1743300 283
1743310 287
1743320 292
1743330 292
1743340 293
1743350 291
1743360 291
1743370 295
1743380 300
1743390 301
1743400 301
1743410 303
1743420 305
1743430 305
1743440 307
1743450 310
1743460 310
1743470 313
1743480 315
1743490 315
1743500 317
1743510 320
1743520 320
1743530 321
1743540 322
1743550 323
1743560 323
1743570 322
1743580 322
1743590 322
1743600 321
1743610 320
1743620 320
1743630 320
1743640 319
1743650 319
1743660 317
1743670 317
1743680 317
1743690 315
1743700 313
1743710 311
1743720 311
1743730 310
1743740 309
1743750 309
1743760 308
1743770 306
1743780 306
1743790 305
1743800 303
1743810 306
1743820 302
1743830 300
1743840 300
1743850 297
1743860 294
1743870 292
1743880 292
1743890 289
1743900 288
1743910 288
1743920 286
1743930 284
1743940 284
1743950 281
1743960 279
1743970 279
1743980 278
1743990 276
1744000 276
1744010 273
1744020 271
1744030 271
1744040 268
1744050 267
1744060 265
1744070 265
1744080 263
1744090 260
1744100 260
1744110 256
1744120 256
1744130 256
1744140 254
1744150 253
1744160 253
1744170 252
1744180 252
1744190 252
1744200 251
1744210 251
1744220 250
1744230 250
1744240 249
1744250 249
1744260 249
1744270 247
1744280 247
1744290 247
1744300 246
1744310 246
1744320 246
1744330 246
1744340 246
1744350 246
1744360 245
1744370 245
1744380 245
1744390 245
1744400 245
1744410 245
1744420 245
1744430 245
1744440 245
1744450 245
1744460 245
1744470 245
1744480 245
1744490 245
1744500 245
1744510 245
1744520 245
1744530 245
1744540 245
1744550 245
1744560 245
1744570 245
1744580 245
1744590 245
1744600 245
1744610 245
1744620 245
1744630 245
1744640 245
1744650 245
1744660 245
1744670 245
1744680 245
1744690 245
1744700 245
1744710 245
1744720 245
1744730 245
1744740 245
1744750 245
1744760 245
1744770 245
1744780 245
1744790 244
1744800 244
1744810 244
1744820 244
1744830 244
1744840 244
1744850 244
1744860 244
1744870 244
1744880 244
1744890 244
1744900 244
1744910 244
1744920 244
1744930 244
1744940 244
1744950 244
1744960 244
1744970 244
1744980 244
1744990 244
1745000 244
1745010 244
1745020 244
1745030 244
1745040 244
1745050 244
1745060 244
1745070 244
1745080 244
1745090 244
1745100 243
1745110 243
1745120 243
1745130 243
1745140 243
1745150 243
1745160 243
1745170 243
1745180 243
1745190 243
1745200 243
1745210 243
1745220 243
1745230 243
1745240 243
1745250 243
1745260 243
1745270 243
1745280 243
1745290 243
1745300 243
1745310 243
1745320 243
1745330 243
1745340 243
1745350 243
1745360 243
1745370 243
1745380 243
1745390 243
1745400 243
1745410 243
1745420 243
1745430 243
1745440 243
1745450 243
1745460 243
1745470 243
1745480 243
1745490 243
1745500 243
1745510 243
1745520 243
1745530 243
1745540 243
1745550 243
1745560 243
1745570 243
1745580 243
1745590 243
1745600 243
1745610 243
1745620 243
1745630 243
1745640 243
1745650 243
1745660 243
1745670 243
1745680 243
1745690 243
1745700 243
1745710 243
1745720 243
1745730 243
1745740 243
1745750 243
1745760 243
1745770 244
1745780 243
1745790 243
1745800 244
1745810 243
1745820 243
1745830 243
1745840 242
1745850 242
1745860 241
1745870 240
1745880 241
1745890 241
1745900 241
1745910 243
1745920 243
1745930 244
1745940 243
1745950 243
1745960 243
1745970 243
1745980 243
1745990 243
1746000 243
1746010 243
1746020 243
1746030 243
1746040 243
1746050 243
1746060 243
1746070 240
1746080 240
1746090 240
1746100 240
1746110 240
1746120 240
1746130 240
1746140 240
1746150 240
1746160 240
1746170 240
1746180 240
1746190 240
1746200 240
1746210 240
1746220 240
1746230 240
1746240 240
1746250 240
1746260 240
1746270 240
1746280 240
1746290 241
1746300 241
1746310 243
1746320 243
1746330 243
1746340 243
1746350 243
1746360 243
1746370 243
1746380 243
1746390 243
1746400 243
1746410 243
1746420 243
1746430 243
1746440 243
1746450 243
1746460 243
1746470 243
1746480 243
1746490 243
1746500 242
1746510 242
1746520 242
1746530 242
1746540 242
1746550 242
1746560 242
1746570 242
1746580 242
1746590 242
1746600 242
1746610 242
1746620 242
1746630 242
1746640 242
1746650 242
1746660 241
1746670 240
1746680 240
1746690 242
1746700 242
1746710 242
1746720 242
1746730 242
1746740 242
1746750 242
1746760 242
1746770 242
1746780 242
1746790 243
1746800 243
1746810 243
1746820 243
1746830 243
1746840 243
1746850 243
1746860 243
1746870 243
1746880 243
1746890 243
1746900 243
1746910 243
1746920 243
1746930 243
1746940 243
1746950 243
1746960 242
1746970 242
1746980 242
1746990 242
1747000 242
1747010 242
1747020 242
1747030 242
1747040 242
1747050 242
1747060 242
1747070 242
1747080 242
1747090 242
1747100 242
1747110 242
1747120 242
1747130 242
1747140 242
1747150 242
1747160 242
1747170 242
1747180 242
1747190 242
1747200 242
1747210 242
1747220 242
1747230 242
1747240 242
1747250 242
1747260 242
1747270 242
1747280 242
1747290 242
1747300 241
1747310 241
1747320 241
1747330 241
1747340 242
1747350 242
1747360 240
1747370 240
1747380 240
1747390 240
1747400 241
1747410 242
1747420 242
1747430 241
1747440 241
1747450 241
1747460 241
1747470 241
1747480 241
1747490 242
1747500 242
1747510 242
1747520 242
1747530 242
1747540 242
1747550 242
1747560 242
1747570 242
1747580 242
1747590 242
1747600 242
1747610 242
1747620 242
1747630 242
1747640 242
1747650 242
1747660 242
1747670 242
1747680 242
1747690 241
1747700 241
1747710 241
1747720 241
1747730 241
1747740 241
1747750 241
1747760 241
1747770 241
1747780 241
1747790 241
1747800 241
1747810 241
1747820 241
1747830 241
1747840 241
1747850 241
1747860 241
1747870 241
1747880 241
1747890 241
1747900 241
1747910 241
1747920 241
1747930 241
1747940 241
1747950 241
1747960 241
1747970 241
1747980 241
1747990 241
1748000 241
1748010 241
1748020 241
1748030 241
1748040 241
1748050 241
1748060 241
1748070 241
1748080 241
1748090 241
1748100 241
1748110 241
1748120 241
1748130 241
1748140 241
1748150 241
1748160 241
1748170 241
1748180 241
1748190 241
1748200 241
1748210 241
1748220 241
1748230 241
1748240 241
1748250 241
1748260 241
1748270 241
1748280 241
1748290 240
1748300 241
1748310 241
1748320 240
1748330 240
1748340 240
1748350 240
1748360 240
1748370 241
1748380 241
1748390 241
1748400 241
1748410 241
1748420 241
1748430 241
1748440 241
1748450 241
1748460 241
1748470 241
1748480 241
1748490 241
1748500 241
1748510 241
1748520 241
1748530 241
1748540 241
1748550 241
1748560 241
1748570 241
1748580 241
1748590 241
1748600 241
1748610 241
1748620 241
1748630 241
1748640 241
1748650 241
1748660 241
1748670 241
1748680 240
1748690 240
1748700 240
1748710 240
1748720 240
1748730 240
1748740 240
1748750 240
1748760 240
1748770 240
1748780 240
1748790 240
1748800 240
1748810 240
1748820 240
1748830 240
1748840 240
1748850 240
1748860 240
1748870 240
1748880 240
1748890 240
1748900 240
1748910 240
1748920 240
1748930 240
1748940 240
1748950 240
1748960 240
1748970 240
1748980 240
1748990 240
1749000 240
1749010 240
1749020 240
1749030 239
1749040 239
1749050 239
1749060 240
1749070 240
1749080 240
1749090 240
1749100 240
1749110 240
1749120 240
1749130 240
1749140 240
1749150 240
1749160 240
1749170 240
1749180 240
1749190 240
1749200 240
1749210 240
1749220 240
1749230 240
1749240 240
1749250 240
1749260 240
1749270 240
1749280 240
1749290 240
1749300 240
1749310 240
1749320 240
1749330 240
1749340 240
1749350 240
1749360 240
1749370 240
1749380 240
1749390 240
1749400 240
1749410 240
1749420 240
1749430 240
1749440 240
1749450 240
1749460 240
1749470 240
1749480 240
1749490 240
1749500 240
1749510 240
1749520 240
1749530 240
1749540 240
1749550 240
1749560 240
1749570 239
1749580 239
1749590 239
1749600 239
1749610 239
1749620 239
1749630 239
1749640 239
1749650 239
1749660 240
1749670 239
1749680 239
1749690 239
1749700 239
1749710 239
1749720 239
1749730 239
1749740 239
1749750 239
1749760 239
1749770 239
1749780 239
1749790 240
1749800 240
1749810 240
1749820 240
1749830 240
1749840 240
1749850 240
1749860 240
1749870 240
1749880 240
1749890 240
1749900 240
1749910 240
1749920 240
1749930 240
1749940 240
1749950 240
1749960 240
1749970 240
1749980 240
1749990 240
1750000 240
1750010 239
1750020 239
1750030 239
1750040 239
1750050 239
1750060 239
1750070 239
1750080 239
1750090 239
1750100 239
1750110 239
1750120 239
1750130 239
1750140 239
1750150 239
1750160 239
1750170 239
1750180 239
1750190 239
1750200 239
1750210 239
1750220 239
1750230 239
1750240 239
1750250 239
1750260 239
1750270 239
1750280 239
1750290 239
1750300 239
1750310 239
1750320 239
1750330 239
1750340 239
1750350 239
1750360 239
1750370 239
1750380 239
1750390 239
1750400 239
1750410 238
1750420 238
1750430 236
1750440 236
1750450 236
1750460 237
1750470 239
1750480 239
1750490 239
1750500 239
1750510 239
1750520 239
1750530 239
1750540 239
1750550 239
1750560 239
1750570 239
1750580 239
1750590 239
1750600 239
1750610 239
1750620 239
1750630 239
1750640 239
1750650 239
1750660 239
1750670 239
1750680 239
1750690 239
1750700 239
1750710 239
1750720 239
1750730 239
1750740 239
1750750 239
1750760 239
1750770 239
1750780 239
1750790 239
1750800 239
1750810 239
1750820 239
1750830 239
1750840 239
1750850 239
1750860 239
1750870 239
1750880 239
1750890 239
1750900 239
1750910 239
1750920 239
1750930 239
1750940 239
1750950 239
1750960 239
1750970 239
1750980 239
1750990 239
1751000 238
1751010 239
1751020 239
1751030 239
1751040 239
1751050 239
1751060 239
1751070 239
1751080 238
1751090 238
1751100 238
1751110 239
1751120 239
1751130 239
1751140 239
1751150 239
1751160 239
1751170 239
1751180 239
1751190 239
1751200 238
1751210 239
1751220 239
1751230 238
1751240 238
1751250 238
1751260 238
1751270 239
1751280 239
1751290 239
1751300 239
1751310 239
1751320 239
1751330 239
1751340 239
1751350 238
1751360 238
1751370 239
1751380 239
1751390 239
1751400 239
1751410 239
1751420 239
1751430 239
1751440 239
1751450 238
1751460 238
1751470 238
1751480 238
1751490 238
1751500 238
1751510 238
1751520 238
1751530 238
1751540 238
1751550 238
1751560 238
1751570 238
1751580 238
1751590 238
1751600 238
1751610 238
1751620 238
1751630 238
1751640 238
1751650 238
1751660 238
1751670 238
1751680 238
1751690 237
1751700 237
1751710 238
1751720 238
1751730 238
1751740 237
1751750 237
1751760 237
1751770 237
1751780 237
1751790 237
1751800 238
1751810 238
1751820 238
1751830 238
1751840 238
1751850 238
1751860 238
1751870 238
1751880 238
1751890 238
1751900 238
1751910 238
1751920 238
1751930 238
1751940 238
1751950 238
1751960 238
1751970 238
1751980 238
1751990 238
1752000 238
1752010 238
1752020 238
1752030 237
1752040 237
1752050 237
1752060 237
1752070 237
1752080 237
1752090 237
1752100 237
1752110 237
1752120 237
1752130 237
1752140 237
1752150 237
1752160 237
1752170 237
1752180 237
1752190 237
1752200 237
1752210 237
1752220 237
1752230 237
1752240 237
1752250 237
1752260 237
1752270 237
1752280 237
1752290 237
1752300 237
1752310 237
1752320 237
1752330 237
1752340 237
1752350 237
1752360 237
1752370 237
1752380 237
1752390 237
1752400 237
1752410 237
1752420 237
1752430 237
1752440 237
1752450 237
1752460 237
1752470 237
1752480 237
1752490 237
1752500 237
1752510 237
1752520 237
1752530 237
1752540 237
1752550 237
1752560 237
1752570 237
1752580 237
1752590 237
1752600 237
1752610 237
1752620 237
1752630 237
1752640 237
1752650 237
1752660 237
1752670 237
1752680 237
1752690 237
1752700 237
1752710 237
1752720 237
1752730 237
1752740 237
1752750 237
1752760 237
1752770 237
1752780 237
1752790 237
1752800 237
1752810 237
1752820 237
1752830 237
1752840 237
1752850 237
1752860 237
1752870 237
1752880 237
1752890 237
1752900 237
1752910 237
1752920 237
1752930 237
1752940 237
1752950 237
1752960 237
1752970 237
1752980 237
1752990 237
1753000 237
1753010 237
1753020 237
1753030 237
1753040 237
1753050 237
1753060 237
1753070 237
1753080 237
1753090 237
1753100 237
1753110 237
1753120 237
1753130 237
1753140 237
1753150 237
1753160 237
1753170 237
1753180 237
1753190 237
1753200 237
1753210 236
1753220 236
1753230 236
1753240 236
1753250 237
1753260 237
1753270 237
1753280 237
1753290 237
1753300 236
1753310 236
1753320 236
1753330 236
1753340 236
1753350 236
1753360 236
1753370 237
1753380 237
1753390 237
1753400 236
1753410 236
1753420 236
1753430 236
1753440 236
1753450 236
1753460 236
1753470 236
1753480 236
1753490 236
1753500 236
1753510 236
1753520 236
1753530 237
1753540 237
1753550 237
1753560 236
1753570 236
1753580 236
1753590 236
1753600 236
1753610 236
1753620 236
1753630 236
1753640 236
1753650 236
1753660 236
1753670 236
1753680 236
1753690 236
1753700 236
1753710 236
1753720 236
1753730 236
1753740 236
1753750 236
1753760 236
1753770 236
1753780 236
1753790 236
1753800 236
1753810 236
1753820 236
1753830 236
1753840 236
1753850 236
1753860 236
1753870 236
1753880 236
1753890 236
1753900 236
1753910 236
1753920 236
1753930 236
1753940 236
1753950 236
1753960 236
1753970 236
1753980 235
1753990 235
1754000 235
1754010 235
1754020 235
1754030 235
1754040 235
1754050 235
1754060 235
1754070 235
1754080 236
1754090 236
1754100 235
1754110 235
1754120 235
1754130 235
1754140 235
1754150 235
1754160 235
1754170 235
1754180 235
1754190 235
1754200 235
1754210 235
1754220 235
1754230 235
1754240 235
1754250 235
1754260 235
1754270 235
1754280 235
1754290 235
1754300 235
1754310 235
1754320 235
1754330 235
1754340 235
1754350 235
1754360 235
1754370 235
1754380 235
1754390 235
1754400 235
1754410 235
1754420 235
1754430 235
1754440 235
1754450 235
1754460 235
1754470 235
1754480 234
1754490 234
1754500 234
1754510 234
1754520 234
1754530 234
1754540 234
1754550 234
1754560 235
1754570 235
1754580 235
1754590 235
1754600 235
1754610 235
1754620 235
1754630 235
1754640 234
1754650 235
1754660 235
1754670 235
1754680 235
1754690 235
1754700 235
1754710 235
1754720 235
1754730 235
1754740 235
1754750 235
1754760 235
1754770 235
1754780 235
1754790 235
1754800 235
1754810 235
1754820 235
1754830 235
1754840 235
1754850 235
1754860 235
1754870 235
1754880 235
1754890 235
1754900 235
1754910 235
1754920 235
1754930 235
1754940 234
1754950 234
1754960 234
1754970 235
1754980 235
1754990 235
1755000 235
1755010 235
1755020 235
1755030 235
1755040 235
1755050 235
1755060 235
1755070 235
1755080 235
1755090 235
1755100 235
1755110 235
1755120 235
1755130 235
1755140 235
1755150 235
1755160 235
1755170 235
1755180 235
1755190 235
1755200 235
1755210 235
1755220 235
1755230 235
1755240 235
1755250 235
1755260 235
1755270 235
1755280 235
1755290 235
1755300 235
1755310 235
1755320 235
1755330 235
1755340 235
1755350 235
1755360 235
1755370 235
1755380 234
1755390 234
1755400 234
1755410 234
1755420 234
1755430 234
1755440 239
1755450 244
1755460 244
1755470 244
1755480 237
1755490 237
1755500 234
1755510 234
1755520 234
1755530 234
1755540 235
1755550 234
1755560 234
1755570 234
1755580 234
1755590 234
1755600 234
1755610 234
1755620 234
1755630 234
1755640 234
1755650 234
1755660 234
1755670 234
1755680 234
1755690 234
1755700 234
1755710 235
1755720 235
1755730 235
1755740 234
1755750 234
1755760 234
1755770 234
1755780 234
1755790 234
1755800 234
1755810 234
1755820 234
1755830 235
1755840 235
1755850 235
1755860 235
1755870 234
1755880 234
1755890 234
1755900 234
1755910 234
1755920 234
1755930 234
1755940 234
1755950 233
1755960 233
1755970 233
1755980 233
1755990 233
1756000 233
1756010 234
1756020 234
1756030 234
1756040 234
1756050 234
1756060 234
1756070 234
1756080 234
1756090 234
1756100 234
1756110 234
1756120 233
1756130 233
1756140 230
1756150 233
1756160 233
1756170 233
1756180 233
1756190 232
1756200 232
1756210 232
1756220 231
1756230 231
1756240 229
1756250 229
1756260 229
1756270 229
1756280 229
1756290 229
1756300 229
1756310 229
1756320 229
1756330 229
1756340 229
1756350 229
1756360 229
1756370 229
1756380 229
1756390 229
1756400 229
1756410 229
1756420 229
1756430 229
1756440 231
1756450 231
1756460 233
1756470 234
1756480 234
1756490 234
1756500 234
1756510 234
1756520 234
1756530 234
1756540 234
1756550 234
1756560 234
1756570 234
1756580 234
1756590 234
1756600 235
1756610 235
1756620 235
1756630 235
1756640 235
1756650 236
1756660 236
1756670 237
1756680 237
1756690 237
1756700 241
1756710 241
1756720 245
1756730 250
1756740 250
1756750 255
1756760 260
1756770 260
1756780 265
1756790 271
1756800 271
1756810 274
1756820 275
1756830 275
1756840 279
1756850 282
1756860 282
1756870 282
1756880 286
1756890 287
1756900 287
1756910 287
1756920 287
1756930 287
1756940 287
1756950 282
1756960 282
1756970 278
1756980 273
1756990 273
1757000 268
1757010 262
1757020 256
1757030 256
1757040 254
1757050 259
1757060 259
1757070 259
1757080 262
1757090 262
1757100 268
1757110 271
1757120 271
1757130 272
1757140 272
1757150 272
1757160 273
1757170 277
1757180 280
1757190 280
1757200 283
1757210 288
1757220 288
1757230 294
1757240 297
1757250 297
1757260 300
1757270 302
1757280 302
1757290 303
1757300 305
1757310 305
1757320 307
1757330 309
1757340 311
1757350 311
1757360 313
1757370 315
1757380 315
1757390 317
1757400 318
1757410 318
1757420 319
1757430 317
1757440 317
1757450 317
1757460 316
1757470 316
1757480 314
1757490 306
1757500 300
1757510 300
1757520 297
1757530 292
1757540 292
1757550 288
1757560 285
1757570 285
1757580 285
1757590 284
1757600 284
1757610 284
1757620 284
1757630 284
1757640 282
1757650 281
1757660 281
1757670 279
1757680 280
1757690 278
1757700 278
1757710 277
1757720 280
1757730 280
1757740 282
1757750 283
1757760 283
1757770 286
1757780 288
1757790 288
1757800 290
1757810 291
1757820 291
1757830 292
1757840 296
1757850 301
1757860 301
1757870 306
1757880 311
1757890 311
1757900 314
1757910 317
1757920 317
1757930 321
1757940 322
1757950 322
1757960 322
1757970 324
1757980 324
1757990 325
1758000 326
1758010 327
1758020 327
1758030 328
1758040 331
1758050 331
1758060 333
1758070 335
1758080 335
1758090 338
1758100 340
1758110 340
1758120 341
1758130 341
1758140 341
1758150 338
1758160 335
1758170 331
1758180 331
1758190 328
1758200 326
1758210 326
1758220 323
1758230 321
1758240 321
1758250 321
1758260 319
1758270 319
1758280 316
1758290 313
1758300 313
1758310 303
1758320 298
1758330 298
1758340 295
1758350 292
1758360 291
1758370 291
1758380 290
1758390 288
1758400 288
1758410 287
1758420 283
1758430 283
1758440 281
1758450 281
1758460 281
1758470 279
1758480 278
1758490 278
1758500 279
1758510 280
1758520 283
1758530 283
1758540 284
1758550 284
1758560 284
1758570 284
1758580 283
1758590 283
1758600 280
1758610 276
1758620 276
1758630 273
1758640 270
1758650 270
1758660 268
1758670 267
1758680 266
1758690 266
1758700 265
1758710 263
1758720 263
1758730 262
1758740 259
1758750 259
1758760 258
1758770 257
1758780 257
1758790 255
1758800 254
1758810 254
1758820 252
1758830 252
1758840 250
1758850 250
1758860 250
1758870 253
1758880 253
1758890 254
1758900 256
1758910 256
1758920 259
1758930 263
1758940 263
1758950 266
1758960 269
1758970 269
1758980 273
1758990 274
1759000 276
1759010 276
1759020 277
1759030 281
1759040 281
1759050 284
1759060 288
1759070 288
1759080 291
1759090 293
1759100 293
1759110 296
1759120 298
1759130 298
1759140 301
1759150 305
1759160 305
1759170 307
1759180 310
1759190 312
1759200 312
1759210 314
1759220 316
1759230 316
1759240 318
1759250 319
1759260 319
1759270 319
1759280 320
1759290 320
1759300 320
1759310 320
1759320 320
1759330 318
1759340 316
1759350 314
1759360 314
1759370 312
1759380 309
1759390 309
1759400 305
1759410 304
1759420 304
1759430 301
1759440 299
1759450 299
1759460 297
1759470 295
1759480 295
1759490 293
1759500 289
1759510 284
1759520 284
1759530 279
1759540 275
1759550 275
1759560 269
1759570 264
1759580 264
1759590 263
1759600 260
1759610 260
1759620 258
1759630 256
1759640 256
1759650 251
1759660 248
1759670 240
1759680 240
1759690 246
1759700 254
1759710 254
1759720 261
1759730 267
1759740 267
1759750 273
1759760 278
1759770 278
1759780 281
1759790 284
1759800 284
1759810 288
1759820 290
1759830 292
1759840 292
1759850 292
1759860 291
1759870 291
1759880 289
1759890 284
1759900 284
1759910 281
1759920 275
1759930 275
1759940 271
1759950 267
1759960 267
1759970 262
1759980 260
1759990 260
