1740000 308
1740010 308
1740020 308
1740030 308
1740040 308
1740050 308
1740060 308
1740070 308
1740080 308
1740090 308
1740100 308
1740110 308
1740120 307
1740130 307
1740140 307
1740150 307
1740160 307
1740170 307
1740180 307
1740190 307
1740200 306
1740210 306
1740220 306
1740230 306
1740240 306
1740250 305
1740260 304
1740270 304
1740280 304
1740290 303
1740300 303
1740310 303
1740320 303
1740330 303
1740340 303
1740350 302
1740360 302
1740370 302
1740380 300
1740390 299
1740400 299
1740410 298
1740420 297
1740430 297
1740440 296
1740450 295
1740460 295
1740470 294
1740480 293
1740490 293
1740500 292
1740510 292
1740520 292
1740530 291
1740540 290
1740550 290
1740560 290
1740570 289
1740580 287
1740590 287
1740600 287
1740610 286
1740620 286
1740630 285
1740640 284
1740650 284
1740660 284
1740670 283
1740680 283
1740690 283
1740700 283
1740710 283
1740720 283
1740730 282
1740740 282
1740750 282
1740760 281
1740770 281
1740780 281
1740790 280
1740800 280
1740810 280
1740820 280
1740830 279
1740840 279
1740850 279
1740860 279
1740870 279
1740880 279
1740890 279
1740900 279
1740910 279
1740920 279
1740930 280
1740940 280
1740950 280
1740960 280
1740970 280
1740980 280
1740990 281
1741000 281
1741010 281
1741020 282
1741030 282
1741040 283
1741050 284
1741060 284
1741070 285
1741080 285
1741090 284
1741100 284
1741110 283
1741120 282
1741130 282
1741140 282
1741150 281
1741160 281
1741170 280
1741180 279
1741190 279
1741200 278
1741210 277
1741220 277
1741230 276
1741240 276
1741250 276
1741260 276
1741270 276
1741280 274
1741290 274
1741300 274
1741310 274
1741320 274
1741330 273
1741340 273
1741350 273
1741360 273
1741370 273
1741380 273
1741390 273
1741400 273
1741410 273
1741420 273
1741430 272
1741440 272
1741450 272
1741460 272
1741470 272
1741480 272
1741490 272
1741500 272
1741510 272
1741520 272
1741530 272
1741540 272
1741550 272
1741560 271
1741570 271
1741580 271
1741590 271
1741600 271
1741610 271
1741620 271
1741630 271
1741640 271
1741650 271
1741660 271
1741670 271
1741680 271
1741690 271
1741700 271
1741710 271
1741720 271
1741730 271
1741740 271
1741750 271
1741760 271
1741770 271
1741780 271
1741790 271
1741800 271
1741810 271
1741820 271
1741830 271
1741840 271
1741850 271
1741860 271
1741870 271
1741880 271
1741890 271
1741900 271
1741910 271
1741920 271
1741930 271
1741940 270
1741950 267
1741960 267
1741970 269
1741980 271
1741990 271
1742000 271
1742010 271
1742020 271
1742030 271
1742040 271
1742050 271
1742060 271
1742070 271
1742080 271
1742090 271
1742100 271
1742110 271
1742120 270
1742130 270
1742140 270
1742150 270
1742160 270
1742170 270
1742180 270
1742190 270
1742200 270
1742210 270
1742220 270
1742230 270
1742240 270
1742250 270
1742260 271
1742270 271
1742280 272
1742290 272
1742300 273
1742310 273
1742320 275
1742330 276
1742340 276
1742350 280
1742360 282
1742370 282
1742380 285
1742390 288
1742400 288
1742410 291
1742420 296
1742430 296
1742440 299
1742450 302
1742460 302
1742470 306
1742480 308
1742490 314
1742500 314
1742510 315
1742520 316
1742530 316
1742540 318
1742550 319
1742560 319
1742570 321
1742580 322
1742590 322
1742600 324
1742610 324
1742620 324
1742630 325
1742640 326
1742650 326
1742660 326
1742670 325
1742680 325
1742690 325
1742700 325
1742710 325
1742720 325
1742730 324
1742740 324
1742750 324
1742760 323
1742770 323
1742780 323
1742790 322
1742800 321
1742810 321
1742820 320
1742830 320
1742840 319
1742850 319
1742860 318
1742870 317
1742880 317
1742890 317
1742900 316
1742910 316
1742920 316
1742930 315
1742940 315
1742950 315
1742960 314
1742970 314
1742980 314
1742990 313
1743000 313
1743010 313
1743020 312
1743030 312
1743040 312
1743050 311
1743060 310
1743070 310
1743080 310
1743090 309
1743100 309
1743110 308
1743120 307
1743130 307
1743140 305
1743150 303
1743160 303
1743170 301
1743180 299
1743190 297
1743200 297
1743210 293
1743220 292
1743230 292
1743240 291
1743250 292
1743260 292
1743270 292
1743280 292
1743290 292
1743300 293
1743310 294
1743320 294
1743330 295
1743340 297
1743350 297
1743360 298
1743370 300
1743380 301
1743390 301
1743400 301
1743410 302
1743420 302
1743430 302
1743440 302
1743450 302
1743460 302
1743470 301
1743480 301
1743490 300
1743500 299
1743510 299
1743520 298
1743530 297
1743540 297
1743550 297
1743560 296
1743570 295
1743580 295
1743590 295
1743600 294
1743610 294
1743620 293
1743630 293
1743640 293
1743650 292
1743660 292
1743670 292
1743680 291
1743690 291
1743700 291
1743710 290
1743720 289
1743730 289
1743740 289
1743750 289
1743760 287
1743770 287
1743780 287
1743790 287
1743800 287
1743810 286
1743820 286
1743830 286
1743840 286
1743850 285
1743860 285
1743870 285
1743880 285
1743890 284
1743900 284
1743910 284
1743920 284
1743930 284
1743940 283
1743950 283
1743960 283
1743970 282
1743980 282
1743990 282
1744000 282
1744010 282
1744020 282
1744030 281
1744040 281
1744050 281
1744060 281
1744070 281
1744080 280
1744090 280
1744100 281
1744110 282
1744120 282
1744130 284
1744140 289
1744150 289
1744160 291
1744170 294
1744180 294
1744190 296
1744200 297
1744210 297
1744220 301
1744230 304
1744240 309
1744250 309
1744260 313
1744270 315
1744280 315
1744290 317
1744300 319
1744310 319
1744320 321
1744330 321
1744340 321
1744350 322
1744360 321
1744370 321
1744380 320
1744390 319
1744400 319
1744410 318
1744420 316
1744430 313
1744440 313
1744450 309
1744460 311
1744470 311
1744480 313
1744490 317
1744500 317
1744510 318
1744520 319
1744530 319
1744540 320
1744550 321
1744560 321
1744570 321
1744580 321
1744590 321
1744600 321
1744610 320
1744620 320
1744630 320
1744640 319
1744650 317
1744660 317
1744670 314
1744680 312
1744690 312
1744700 311
1744710 311
1744720 311
1744730 307
1744740 304
1744750 304
1744760 306
1744770 305
1744780 304
1744790 304
1744800 301
1744810 296
1744820 296
1744830 292
1744840 291
1744850 291
1744860 291
1744870 292
1744880 292
1744890 292
1744900 292
1744910 292
1744920 292
1744930 295
1744940 295
1744950 297
1744960 299
1744970 301
1744980 301
1744990 303
1745000 305
1745010 305
1745020 308
1745030 312
1745040 312
1745050 315
1745060 316
1745070 316
1745080 317
1745090 319
1745100 319
1745110 320
1745120 321
1745130 321
1745140 321
1745150 320
1745160 317
1745170 317
1745180 315
1745190 313
1745200 313
1745210 314
1745220 318
1745230 318
1745240 318
1745250 319
1745260 319
1745270 318
1745280 317
1745290 317
1745300 317
1745310 319
1745320 321
1745330 321
1745340 321
1745350 322
1745360 322
1745370 322
1745380 323
1745390 323
1745400 323
1745410 322
1745420 322
1745430 322
1745440 319
1745450 319
1745460 318
1745470 316
1745480 314
1745490 314
1745500 312
1745510 313
1745520 313
1745530 315
1745540 317
1745550 317
1745560 319
1745570 321
1745580 321
1745590 322
1745600 323
1745610 323
1745620 323
1745630 324
1745640 324
1745650 325
1745660 325
1745670 325
1745680 325
1745690 325
1745700 326
1745710 326
1745720 326
1745730 326
1745740 326
1745750 326
1745760 326
1745770 326
1745780 325
1745790 325
1745800 325
1745810 325
1745820 324
1745830 324
1745840 324
1745850 323
1745860 323
1745870 323
1745880 322
1745890 320
1745900 320
1745910 318
1745920 321
1745930 321
1745940 323
1745950 323
1745960 323
1745970 324
1745980 325
1745990 325
1746000 325
1746010 326
1746020 326
1746030 326
1746040 326
1746050 327
1746060 327
1746070 327
1746080 327
1746090 327
1746100 328
1746110 328
1746120 328
1746130 328
1746140 328
1746150 328
1746160 328
1746170 328
1746180 329
1746190 329
1746200 329
1746210 329
1746220 329
1746230 329
1746240 329
1746250 329
1746260 329
1746270 329
1746280 329
1746290 329
1746300 329
1746310 329
1746320 329
1746330 329
1746340 329
1746350 329
1746360 329
1746370 329
1746380 329
1746390 329
1746400 329
1746410 329
1746420 329
1746430 329
1746440 329
1746450 329
1746460 329
1746470 329
1746480 329
1746490 328
1746500 328
1746510 328
1746520 328
1746530 328
1746540 328
1746550 328
1746560 328
1746570 328
1746580 327
1746590 327
1746600 327
1746610 327
1746620 327
1746630 327
1746640 326
1746650 326
1746660 326
1746670 325
1746680 325
1746690 325
1746700 324
1746710 324
1746720 324
1746730 324
1746740 323
1746750 323
1746760 323
1746770 322
1746780 322
1746790 322
1746800 321
1746810 321
1746820 321
1746830 320
1746840 319
1746850 319
1746860 318
1746870 317
1746880 316
1746890 316
1746900 315
1746910 314
1746920 314
1746930 314
1746940 314
1746950 314
1746960 314
1746970 314
1746980 314
1746990 313
1747000 312
1747010 312
1747020 310
1747030 309
1747040 309
1747050 308
1747060 306
1747070 304
1747080 304
1747090 306
1747100 306
1747110 307
1747120 307
1747130 307
1747140 307
1747150 308
1747160 308
1747170 308
1747180 309
1747190 309
1747200 309
1747210 310
1747220 311
1747230 311
1747240 311
1747250 311
1747260 311
1747270 311
1747280 311
1747290 311
1747300 311
1747310 311
1747320 311
1747330 311
1747340 310
1747350 310
1747360 310
1747370 308
1747380 306
1747390 306
1747400 305
1747410 305
1747420 303
1747430 303
1747440 301
1747450 299
1747460 299
1747470 299
1747480 298
1747490 298
1747500 297
1747510 296
1747520 296
1747530 295
1747540 294
1747550 294
1747560 294
1747570 294
1747580 294
1747590 293
1747600 292
1747610 291
1747620 291
1747630 290
1747640 288
1747650 288
1747660 287
1747670 285
1747680 285
1747690 285
1747700 285
1747710 285
1747720 284
1747730 284
1747740 284
1747750 284
1747760 284
1747770 285
1747780 285
1747790 287
1747800 289
1747810 289
1747820 291
1747830 293
1747840 293
1747850 293
1747860 294
1747870 294
1747880 294
1747890 290
1747900 290
1747910 289
1747920 289
1747930 289
1747940 288
1747950 287
1747960 286
1747970 286
1747980 285
1747990 285
1748000 285
1748010 284
1748020 283
1748030 283
1748040 282
1748050 281
1748060 281
1748070 281
1748080 280
1748090 280
1748100 280
1748110 279
1748120 279
1748130 279
1748140 279
1748150 278
1748160 278
1748170 278
1748180 278
1748190 278
1748200 277
1748210 277
1748220 277
1748230 276
1748240 276
1748250 276
1748260 275
1748270 275
1748280 275
1748290 274
1748300 274
1748310 273
1748320 273
1748330 273
1748340 272
1748350 272
1748360 272
1748370 272
1748380 272
1748390 272
1748400 271
1748410 271
1748420 271
1748430 271
1748440 271
1748450 270
1748460 270
1748470 270
1748480 270
1748490 270
1748500 269
1748510 269
1748520 269
1748530 269
1748540 269
1748550 269
1748560 269
1748570 269
1748580 269
1748590 269
1748600 269
1748610 269
1748620 268
1748630 268
1748640 268
1748650 268
1748660 268
1748670 268
1748680 268
1748690 268
1748700 268
1748710 268
1748720 268
1748730 268
1748740 269
1748750 269
1748760 269
1748770 269
1748780 268
1748790 268
1748800 268
1748810 268
1748820 268
1748830 268
1748840 268
1748850 268
1748860 268
1748870 267
1748880 267
1748890 267
1748900 267
1748910 267
1748920 267
1748930 267
1748940 267
1748950 267
1748960 267
1748970 267
1748980 267
1748990 267
1749000 267
1749010 267
1749020 267
1749030 267
1749040 267
1749050 267
1749060 267
1749070 266
1749080 266
1749090 266
1749100 266
1749110 266
1749120 266
1749130 267
1749140 267
1749150 267
1749160 266
1749170 267
1749180 267
1749190 267
1749200 267
1749210 267
1749220 266
1749230 266
1749240 266
1749250 267
1749260 267
1749270 267
1749280 267
1749290 267
1749300 267
1749310 267
1749320 267
1749330 267
1749340 267
1749350 267
1749360 267
1749370 267
1749380 267
1749390 268
1749400 268
1749410 268
1749420 267
1749430 267
1749440 267
1749450 267
1749460 267
1749470 267
1749480 267
1749490 267
1749500 267
1749510 267
1749520 267
1749530 267
1749540 267
1749550 267
1749560 267
1749570 266
1749580 264
1749590 264
1749600 266
1749610 266
1749620 266
1749630 266
1749640 267
1749650 267
1749660 267
1749670 267
1749680 267
1749690 267
1749700 267
1749710 267
1749720 267
1749730 267
1749740 267
1749750 267
1749760 267
1749770 267
1749780 267
1749790 267
1749800 267
1749810 267
1749820 267
1749830 267
1749840 267
1749850 267
1749860 267
1749870 267
1749880 269
1749890 270
1749900 272
1749910 272
1749920 273
1749930 275
1749940 275
1749950 276
1749960 279
1749970 279
1749980 280
1749990 283
1750000 283
1750010 287
1750020 290
1750030 290
1750040 294
1750050 298
1750060 300
1750070 300
1750080 303
1750090 306
1750100 306
1750110 306
1750120 308
1750130 308
1750140 309
1750150 313
1750160 313
1750170 316
1750180 318
1750190 318
1750200 323
1750210 327
1750220 327
1750230 330
1750240 334
1750250 339
1750260 339
1750270 340
1750280 342
1750290 342
1750300 343
1750310 343
1750320 343
1750330 344
1750340 345
1750350 345
1750360 346
1750370 346
1750380 346
1750390 346
1750400 347
1750410 347
1750420 347
1750430 348
1750440 348
1750450 348
1750460 348
1750470 349
1750480 349
1750490 349
1750500 350
1750510 350
1750520 351
1750530 350
1750540 350
1750550 351
1750560 352
1750570 352
1750580 352
1750590 353
1750600 353
1750610 353
1750620 353
1750630 352
1750640 352
1750650 351
1750660 349
1750670 349
1750680 347
1750690 345
1750700 345
1750710 344
1750720 344
1750730 344
1750740 346
1750750 349
1750760 351
1750770 351
1750780 354
1750790 356
1750800 356
1750810 359
1750820 360
1750830 360
1750840 362
1750850 364
1750860 364
1750870 366
1750880 368
1750890 368
1750900 370
1750910 371
1750920 371
1750930 374
1750940 376
1750950 377
1750960 377
1750970 379
1750980 380
1750990 380
1751000 381
1751010 383
1751020 383
1751030 384
1751040 383
1751050 383
1751060 382
1751070 381
1751080 381
1751090 380
1751100 376
1751110 372
1751120 372
1751130 369
1751140 366
1751150 366
1751160 362
1751170 361
1751180 361
1751190 365
1751200 368
1751210 368
1751220 369
1751230 371
1751240 371
1751250 373
1751260 374
1751270 374
1751280 375
1751290 374
1751300 373
1751310 373
1751320 372
1751330 369
1751340 369
1751350 367
1751360 364
1751370 364
1751380 363
1751390 362
1751400 362
1751410 360
1751420 355
1751430 355
1751440 349
1751450 352
1751460 357
1751470 357
1751480 358
1751490 360
1751500 360
1751510 362
1751520 364
1751530 364
1751540 366
1751550 368
1751560 368
1751570 371
1751580 374
1751590 374
1751600 377
1751610 378
1751620 378
1751630 380
1751640 381
1751650 380
1751660 380
1751670 380
1751680 379
1751690 379
1751700 378
1751710 376
1751720 376
1751730 374
1751740 371
1751750 371
1751760 368
1751770 366
1751780 366
1751790 364
1751800 361
1751810 361
1751820 360
1751830 360
1751840 357
1751850 357
1751860 356
1751870 354
1751880 354
1751890 352
1751900 351
1751910 352
1751920 349
1751930 347
1751940 347
1751950 345
1751960 344
1751970 344
1751980 342
1751990 340
1752000 338
1752010 338
1752020 337
1752030 335
1752040 335
1752050 333
1752060 332
1752070 332
1752080 330
1752090 329
1752100 329
1752110 328
1752120 327
1752130 327
1752140 329
1752150 330
1752160 330
1752170 332
1752180 334
1752190 337
1752200 337
1752210 340
1752220 342
1752230 342
1752240 346
1752250 349
1752260 349
1752270 352
1752280 355
1752290 355
1752300 358
1752310 361
1752320 361
1752330 363
1752340 366
1752350 366
1752360 366
1752370 366
1752380 366
1752390 366
1752400 366
1752410 365
1752420 365
1752430 363
1752440 361
1752450 361
1752460 359
1752470 357
1752480 357
1752490 356
1752500 354
1752510 354
1752520 352
1752530 351
1752540 350
1752550 350
1752560 349
1752570 348
1752580 348
1752590 347
1752600 345
1752610 345
1752620 344
1752630 343
1752640 343
1752650 340
1752660 339
1752670 339
1752680 337
1752690 335
1752700 334
1752710 334
1752720 334
1752730 334
1752740 334
1752750 334
1752760 333
1752770 333
1752780 333
1752790 332
1752800 332
1752810 330
1752820 329
1752830 329
1752840 327
1752850 325
1752860 325
1752870 323
1752880 321
1752890 320
1752900 320
1752910 318
1752920 316
1752930 316
1752940 314
1752950 312
1752960 312
1752970 311
1752980 311
1752990 311
1753000 310
1753010 308
1753020 308
1753030 305
1753040 304
1753050 306
1753060 306
1753070 307
1753080 306
1753090 306
1753100 306
1753110 305
1753120 305
1753130 305
1753140 305
1753150 305
1753160 304
1753170 303
1753180 303
1753190 303
1753200 302
1753210 302
1753220 302
1753230 302
1753240 301
1753250 301
1753260 301
1753270 300
1753280 300
1753290 300
1753300 299
1753310 299
1753320 299
1753330 298
1753340 298
1753350 298
1753360 297
1753370 297
1753380 296
1753390 295
1753400 295
1753410 295
1753420 294
1753430 294
1753440 294
1753450 294
1753460 294
1753470 294
1753480 294
1753490 294
1753500 294
1753510 293
1753520 293
1753530 293
1753540 294
1753550 295
1753560 295
1753570 296
1753580 297
1753590 298
1753600 298
1753610 298
1753620 297
1753630 297
1753640 296
1753650 295
1753660 295
1753670 293
1753680 291
1753690 291
1753700 289
1753710 287
1753720 287
1753730 286
1753740 285
1753750 285
1753760 285
1753770 284
1753780 284
1753790 284
1753800 283
1753810 284
1753820 284
1753830 282
1753840 281
1753850 281
1753860 281
1753870 281
1753880 281
1753890 280
1753900 280
1753910 280
1753920 280
1753930 279
1753940 279
1753950 279
1753960 279
1753970 279
1753980 279
1753990 279
1754000 279
1754010 279
1754020 278
1754030 278
1754040 278
1754050 278
1754060 278
1754070 278
1754080 277
1754090 277
1754100 277
1754110 277
1754120 276
1754130 276
1754140 276
1754150 276
1754160 276
1754170 276
1754180 275
1754190 275
1754200 275
1754210 275
1754220 275
1754230 275
1754240 274
1754250 274
1754260 274
1754270 274
1754280 273
1754290 273
1754300 273
1754310 272
1754320 272
1754330 272
1754340 272
1754350 272
1754360 272
1754370 271
1754380 271
1754390 271
1754400 270
1754410 270
1754420 270
1754430 269
1754440 269
1754450 269
1754460 268
1754470 268
1754480 268
1754490 268
1754500 267
1754510 267
1754520 267
1754530 267
1754540 267
1754550 267
1754560 267
1754570 266
1754580 266
1754590 266
1754600 266
1754610 266
1754620 266
1754630 265
1754640 265
1754650 265
1754660 264
1754670 264
1754680 264
1754690 264
1754700 263
1754710 263
1754720 263
1754730 263
1754740 263
1754750 263
1754760 263
1754770 263
1754780 263
1754790 263
1754800 263
1754810 263
1754820 263
1754830 262
1754840 262
1754850 262
1754860 262
1754870 262
1754880 262
1754890 262
1754900 262
1754910 261
1754920 261
1754930 261
1754940 261
1754950 261
1754960 260
1754970 260
1754980 260
1754990 260
1755000 260
1755010 260
1755020 260
1755030 260
1755040 260
1755050 259
1755060 259
1755070 259
1755080 259
1755090 259
1755100 259
1755110 259
1755120 259
1755130 259
1755140 259
1755150 259
1755160 259
1755170 259
1755180 259
1755190 259
1755200 259
1755210 259
1755220 259
1755230 259
1755240 259
1755250 259
1755260 259
1755270 259
1755280 259
1755290 259
1755300 259
1755310 259
1755320 259
1755330 259
1755340 259
1755350 259
1755360 259
1755370 259
1755380 259
1755390 260
1755400 260
1755410 260
1755420 260
1755430 257
1755440 257
1755450 260
1755460 260
1755470 260
1755480 260
1755490 260
1755500 260
1755510 260
1755520 259
1755530 259
1755540 259
1755550 259
1755560 259
1755570 259
1755580 259
1755590 259
1755600 259
1755610 259
1755620 259
1755630 259
1755640 259
1755650 259
1755660 259
1755670 259
1755680 259
1755690 259
1755700 259
1755710 259
1755720 259
1755730 259
1755740 259
1755750 259
1755760 259
1755770 259
1755780 259
1755790 259
1755800 259
1755810 259
1755820 259
1755830 260
1755840 260
1755850 260
1755860 258
1755870 260
1755880 261
1755890 261
1755900 261
1755910 261
1755920 261
1755930 261
1755940 260
1755950 260
1755960 260
1755970 260
1755980 260
1755990 260
1756000 260
1756010 260
1756020 260
1756030 260
1756040 260
1756050 260
1756060 260
1756070 260
1756080 260
1756090 260
1756100 261
1756110 261
1756120 261
1756130 261
1756140 261
1756150 261
1756160 262
1756170 262
1756180 264
1756190 264
1756200 264
1756210 266
1756220 266
1756230 267
1756240 267
1756250 271
1756260 270
1756270 270
1756280 271
1756290 271
1756300 271
1756310 272
1756320 271
1756330 271
1756340 272
1756350 272
1756360 272
1756370 272
1756380 273
1756390 273
1756400 273
1756410 274
1756420 275
1756430 275
1756440 276
1756450 276
1756460 276
1756470 277
1756480 279
1756490 279
1756500 280
1756510 281
1756520 281
1756530 282
1756540 283
1756550 283
1756560 284
1756570 282
1756580 288
1756590 288
1756600 291
1756610 294
1756620 294
1756630 297
1756640 300
1756650 300
1756660 303
1756670 306
1756680 306
1756690 310
1756700 314
1756710 314
1756720 318
1756730 321
1756740 321
1756750 323
1756760 325
1756770 326
1756780 326
1756790 324
1756800 321
1756810 321
1756820 320
1756830 318
1756840 318
1756850 316
1756860 315
1756870 315
1756880 315
1756890 317
1756900 317
1756910 316
1756920 313
1756930 313
1756940 313
1756950 314
1756960 314
1756970 314
1756980 312
1756990 310
1757000 310
1757010 309
1757020 306
1757030 306
1757040 305
1757050 304
1757060 304
1757070 303
1757080 301
1757090 301
1757100 299
1757110 298
1757120 299
1757130 299
1757140 300
1757150 301
1757160 301
1757170 305
1757180 307
1757190 307
1757200 311
1757210 314
1757220 314
1757230 317
1757240 320
1757250 320
1757260 323
1757270 326
1757280 328
1757290 328
1757300 332
1757310 336
1757320 336
1757330 338
1757340 339
1757350 339
1757360 339
1757370 338
1757380 338
1757390 337
1757400 335
1757410 335
1757420 334
1757430 333
1757440 333
1757450 332
1757460 330
1757470 329
1757480 329
1757490 328
1757500 326
1757510 326
1757520 325
1757530 325
1757540 325
1757550 324
1757560 323
1757570 323
1757580 322
1757590 321
1757600 321
1757610 321
1757620 320
1757630 320
1757640 320
1757650 319
1757660 319
1757670 319
1757680 319
1757690 319
1757700 319
1757710 319
1757720 320
1757730 320
1757740 321
1757750 322
1757760 322
1757770 323
1757780 325
1757790 325
1757800 326
1757810 328
1757820 329
1757830 329
1757840 331
1757850 334
1757860 334
1757870 336
1757880 337
1757890 337
1757900 339
1757910 342
1757920 342
1757930 344
1757940 346
1757950 346
1757960 349
1757970 351
1757980 353
1757990 353
1758000 355
1758010 358
1758020 358
1758030 359
1758040 361
1758050 361
1758060 362
1758070 363
1758080 363
1758090 363
1758100 364
1758110 364
1758120 364
1758130 364
1758140 364
1758150 364
1758160 364
1758170 362
1758180 362
1758190 363
1758200 362
1758210 362
1758220 362
1758230 361
1758240 361
1758250 361
1758260 361
1758270 361
1758280 362
1758290 362
1758300 362
1758310 364
1758320 365
1758330 365
1758340 366
1758350 366
1758360 367
1758370 367
1758380 368
1758390 368
1758400 368
1758410 368
1758420 369
1758430 369
1758440 369
1758450 369
1758460 369
1758470 369
1758480 369
1758490 369
1758500 368
1758510 367
1758520 366
1758530 366
1758540 366
1758550 365
1758560 365
1758570 364
1758580 364
1758590 364
1758600 364
1758610 364
1758620 364
1758630 364
1758640 364
1758650 364
1758660 364
1758670 365
1758680 365
1758690 365
1758700 366
1758710 368
1758720 368
1758730 369
1758740 371
1758750 371
1758760 372
1758770 372
1758780 372
1758790 373
1758800 374
1758810 374
1758820 374
1758830 374
1758840 374
1758850 374
1758860 373
1758870 373
1758880 373
1758890 372
1758900 371
1758910 371
1758920 371
1758930 371
1758940 371
1758950 371
1758960 371
1758970 371
1758980 371
1758990 372
1759000 372
1759010 372
1759020 372
1759030 372
1759040 373
1759050 373
1759060 372
1759070 372
1759080 371
1759090 369
1759100 369
1759110 369
1759120 369
1759130 369
1759140 368
1759150 366
1759160 366
1759170 366
1759180 364
1759190 364
1759200 362
1759210 360
1759220 358
1759230 358
1759240 356
1759250 355
1759260 355
1759270 353
1759280 350
1759290 350
1759300 345
1759310 339
1759320 339
1759330 337
1759340 336
1759350 333
1759360 335
1759370 334
1759380 334
1759390 332
1759400 331
1759410 330
1759420 330
1759430 329
1759440 328
1759450 328
1759460 323
1759470 320
1759480 320
1759490 318
1759500 318
1759510 318
1759520 319
1759530 319
1759540 319
1759550 318
1759560 315
1759570 311
1759580 311
1759590 314
1759600 315
1759610 315
1759620 315
1759630 313
1759640 313
1759650 311
1759660 308
1759670 308
1759680 306
1759690 304
1759700 304
1759710 302
1759720 301
1759730 301
1759740 298
1759750 296
1759760 293
1759770 293
1759780 290
1759790 288
1759800 288
1759810 287
1759820 288
1759830 288
1759840 288
1759850 287
1759860 287
1759870 286
1759880 284
1759890 284
1759900 283
1759910 283
1759920 283
1759930 283
1759940 282
1759950 282
1759960 282
1759970 281
1759980 283
1759990 283
