1740000 308
1740010 308
1740020 308
1740030 308
1740040 308
1740050 308
1740060 308
1740070 308
1740080 308
1740090 308
1740100 308
1740110 308
1740120 307
1740130 307
1740140 307
1740150 307
1740160 307
1740170 307
1740180 307
1740190 307
1740200 307
1740210 307
1740220 307
1740230 307
1740240 307
1740250 306
1740260 306
1740270 306
1740280 306
1740290 306
1740300 306
1740310 304
1740320 305
1740330 305
1740340 305
1740350 305
1740360 304
1740370 304
1740380 304
1740390 303
1740400 303
1740410 302
1740420 302
1740430 302
1740440 301
1740450 301
1740460 301
1740470 300
1740480 299
1740490 299
1740500 299
1740510 298
1740520 297
1740530 297
1740540 297
1740550 296
1740560 296
1740570 295
1740580 294
1740590 294
1740600 293
1740610 293
1740620 293
1740630 292
1740640 292
1740650 292
1740660 292
1740670 291
1740680 291
1740690 291
1740700 291
1740710 290
1740720 290
1740730 290
1740740 290
1740750 290
1740760 289
1740770 288
1740780 288
1740790 288
1740800 287
1740810 287
1740820 287
1740830 287
1740840 287
1740850 287
1740860 287
1740870 286
1740880 286
1740890 286
1740900 285
1740910 285
1740920 281
1740930 279
1740940 279
1740950 279
1740960 279
1740970 279
1740980 279
1740990 279
1741000 279
1741010 278
1741020 278
1741030 278
1741040 278
1741050 277
1741060 277
1741070 277
1741080 277
1741090 276
1741100 276
1741110 276
1741120 276
1741130 276
1741140 276
1741150 276
1741160 276
1741170 276
1741180 276
1741190 276
1741200 276
1741210 276
1741220 276
1741230 276
1741240 276
1741250 276
1741260 276
1741270 275
1741280 274
1741290 274
1741300 274
1741310 274
1741320 274
1741330 274
1741340 274
1741350 274
1741360 274
1741370 273
1741380 273
1741390 273
1741400 273
1741410 273
1741420 273
1741430 272
1741440 271
1741450 271
1741460 271
1741470 272
1741480 272
1741490 272
1741500 272
1741510 272
1741520 272
1741530 272
1741540 272
1741550 271
1741560 271
1741570 271
1741580 271
1741590 271
1741600 271
1741610 271
1741620 271
1741630 271
1741640 271
1741650 271
1741660 270
1741670 270
1741680 271
1741690 270
1741700 270
1741710 270
1741720 270
1741730 270
1741740 271
1741750 270
1741760 270
1741770 270
1741780 270
1741790 270
1741800 270
1741810 270
1741820 270
1741830 270
1741840 270
1741850 270
1741860 270
1741870 270
1741880 270
1741890 270
1741900 270
1741910 271
1741920 271
1741930 271
1741940 271
1741950 271
1741960 271
1741970 271
1741980 271
1741990 271
1742000 271
1742010 269
1742020 269
1742030 267
1742040 271
1742050 271
1742060 271
1742070 271
1742080 271
1742090 270
1742100 270
1742110 270
1742120 270
1742130 270
1742140 270
1742150 270
1742160 270
1742170 270
1742180 270
1742190 270
1742200 270
1742210 270
1742220 270
1742230 270
1742240 270
1742250 270
1742260 270
1742270 270
1742280 270
1742290 270
1742300 270
1742310 270
1742320 271
1742330 271
1742340 271
1742350 272
1742360 274
1742370 274
1742380 275
1742390 279
1742400 279
1742410 281
1742420 284
1742430 284
1742440 288
1742450 293
1742460 295
1742470 295
1742480 300
1742490 305
1742500 305
1742510 306
1742520 307
1742530 307
1742540 308
1742550 309
1742560 309
1742570 311
1742580 313
1742590 313
1742600 315
1742610 317
1742620 319
1742630 319
1742640 321
1742650 322
1742660 322
1742670 323
1742680 324
1742690 324
1742700 324
1742710 324
1742720 324
1742730 324
1742740 323
1742750 323
1742760 323
1742770 322
1742780 322
1742790 321
1742800 321
1742810 320
1742820 320
1742830 319
1742840 318
1742850 318
1742860 318
1742870 317
1742880 317
1742890 316
1742900 316
1742910 316
1742920 315
1742930 315
1742940 315
1742950 314
1742960 314
1742970 313
1742980 313
1742990 313
1743000 313
1743010 313
1743020 312
1743030 312
1743040 312
1743050 312
1743060 311
1743070 311
1743080 310
1743090 309
1743100 309
1743110 308
1743120 307
1743130 307
1743140 306
1743150 304
1743160 303
1743170 303
1743180 303
1743190 303
1743200 303
1743210 302
1743220 301
1743230 301
1743240 296
1743250 292
1743260 292
1743270 290
1743280 290
1743290 290
1743300 290
1743310 290
1743320 291
1743330 291
1743340 291
1743350 291
1743360 291
1743370 292
1743380 292
1743390 292
1743400 293
1743410 294
1743420 294
1743430 294
1743440 295
1743450 295
1743460 295
1743470 295
1743480 295
1743490 294
1743500 294
1743510 293
1743520 293
1743530 293
1743540 293
1743550 293
1743560 292
1743570 292
1743580 292
1743590 292
1743600 292
1743610 292
1743620 291
1743630 291
1743640 291
1743650 290
1743660 290
1743670 290
1743680 289
1743690 289
1743700 288
1743710 288
1743720 288
1743730 287
1743740 287
1743750 287
1743760 286
1743770 286
1743780 286
1743790 286
1743800 286
1743810 285
1743820 285
1743830 285
1743840 285
1743850 285
1743860 284
1743870 284
1743880 284
1743890 284
1743900 284
1743910 283
1743920 283
1743930 283
1743940 283
1743950 282
1743960 282
1743970 282
1743980 281
1743990 281
1744000 281
1744010 281
1744020 281
1744030 281
1744040 281
1744050 281
1744060 281
1744070 279
1744080 281
1744090 281
1744100 284
1744110 287
1744120 287
1744130 290
1744140 294
1744150 294
1744160 296
1744170 297
1744180 297
1744190 298
1744200 301
1744210 303
1744220 303
1744230 306
1744240 310
1744250 310
1744260 314
1744270 315
1744280 315
1744290 318
1744300 319
1744310 319
1744320 321
1744330 321
1744340 321
1744350 321
1744360 321
1744370 321
1744380 321
1744390 320
1744400 320
1744410 320
1744420 319
1744430 318
1744440 318
1744450 317
1744460 315
1744470 315
1744480 311
1744490 307
1744500 307
1744510 302
1744520 300
1744530 300
1744540 304
1744550 306
1744560 307
1744570 307
1744580 308
1744590 308
1744600 308
1744610 306
1744620 305
1744630 305
1744640 301
1744650 297
1744660 297
1744670 295
1744680 294
1744690 294
1744700 292
1744710 291
1744720 291
1744730 291
1744740 289
1744750 289
1744760 289
1744770 289
1744780 289
1744790 289
1744800 290
1744810 290
1744820 290
1744830 290
1744840 291
1744850 291
1744860 296
1744870 300
1744880 300
1744890 301
1744900 303
1744910 305
1744920 305
1744930 307
1744940 308
1744950 308
1744960 311
1744970 314
1744980 314
1744990 316
1745000 317
1745010 317
1745020 319
1745030 321
1745040 321
1745050 322
1745060 323
1745070 323
1745080 324
1745090 324
1745100 324
1745110 324
1745120 324
1745130 324
1745140 324
1745150 324
1745160 324
1745170 324
1745180 324
1745190 324
1745200 324
1745210 323
1745220 323
1745230 323
1745240 323
1745250 324
1745260 324
1745270 324
1745280 324
1745290 324
1745300 324
1745310 324
1745320 324
1745330 324
1745340 324
1745350 324
1745360 324
1745370 324
1745380 324
1745390 324
1745400 325
1745410 324
1745420 324
1745430 325
1745440 324
1745450 324
1745460 324
1745470 324
1745480 324
1745490 324
1745500 323
1745510 322
1745520 322
1745530 322
1745540 320
1745550 320
1745560 316
1745570 317
1745580 317
1745590 321
1745600 322
1745610 323
1745620 323
1745630 324
1745640 324
1745650 324
1745660 325
1745670 325
1745680 325
1745690 326
1745700 326
1745710 326
1745720 326
1745730 326
1745740 326
1745750 326
1745760 327
1745770 327
1745780 326
1745790 326
1745800 326
1745810 326
1745820 326
1745830 326
1745840 326
1745850 326
1745860 326
1745870 326
1745880 326
1745890 325
1745900 325
1745910 325
1745920 325
1745930 325
1745940 325
1745950 325
1745960 325
1745970 325
1745980 325
1745990 325
1746000 325
1746010 325
1746020 326
1746030 326
1746040 326
1746050 326
1746060 326
1746070 326
1746080 327
1746090 327
1746100 327
1746110 327
1746120 327
1746130 327
1746140 328
1746150 328
1746160 328
1746170 328
1746180 328
1746190 328
1746200 328
1746210 328
1746220 328
1746230 328
1746240 328
1746250 328
1746260 328
1746270 328
1746280 328
1746290 328
1746300 328
1746310 328
1746320 328
1746330 328
1746340 329
1746350 329
1746360 328
1746370 328
1746380 328
1746390 328
1746400 328
1746410 328
1746420 328
1746430 328
1746440 328
1746450 328
1746460 328
1746470 328
1746480 328
1746490 328
1746500 328
1746510 328
1746520 328
1746530 328
1746540 328
1746550 328
1746560 328
1746570 328
1746580 327
1746590 327
1746600 327
1746610 327
1746620 327
1746630 327
1746640 327
1746650 326
1746660 326
1746670 326
1746680 325
1746690 325
1746700 325
1746710 324
1746720 324
1746730 324
1746740 324
1746750 323
1746760 323
1746770 323
1746780 322
1746790 322
1746800 322
1746810 321
1746820 321
1746830 321
1746840 320
1746850 320
1746860 320
1746870 319
1746880 319
1746890 319
1746900 318
1746910 317
1746920 317
1746930 316
1746940 315
1746950 315
1746960 315
1746970 314
1746980 314
1746990 313
1747000 312
1747010 312
1747020 311
1747030 310
1747040 309
1747050 309
1747060 309
1747070 308
1747080 308
1747090 308
1747100 307
1747110 307
1747120 306
1747130 305
1747140 305
1747150 304
1747160 304
1747170 304
1747180 302
1747190 301
1747200 300
1747210 300
1747220 298
1747230 297
1747240 297
1747250 299
1747260 300
1747270 300
1747280 301
1747290 302
1747300 302
1747310 302
1747320 302
1747330 302
1747340 302
1747350 301
1747360 301
1747370 301
1747380 300
1747390 300
1747400 300
1747410 300
1747420 299
1747430 299
1747440 299
1747450 299
1747460 299
1747470 298
1747480 297
1747490 297
1747500 296
1747510 295
1747520 295
1747530 294
1747540 293
1747550 292
1747560 292
1747570 291
1747580 291
1747590 291
1747600 290
1747610 289
1747620 289
1747630 288
1747640 287
1747650 287
1747660 286
1747670 286
1747680 286
1747690 286
1747700 288
1747710 288
1747720 283
1747730 283
1747740 283
1747750 283
1747760 282
1747770 282
1747780 282
1747790 282
1747800 282
1747810 282
1747820 282
1747830 282
1747840 282
1747850 282
1747860 282
1747870 282
1747880 283
1747890 283
1747900 284
1747910 284
1747920 285
1747930 284
1747940 284
1747950 286
1747960 285
1747970 285
1747980 284
1747990 283
1748000 283
1748010 282
1748020 282
1748030 282
1748040 281
1748050 280
1748060 280
1748070 280
1748080 280
1748090 279
1748100 279
1748110 279
1748120 279
1748130 279
1748140 279
1748150 279
1748160 279
1748170 278
1748180 278
1748190 278
1748200 278
1748210 278
1748220 278
1748230 278
1748240 278
1748250 278
1748260 278
1748270 278
1748280 277
1748290 277
1748300 277
1748310 276
1748320 276
1748330 275
1748340 274
1748350 274
1748360 274
1748370 273
1748380 273
1748390 273
1748400 273
1748410 273
1748420 272
1748430 271
1748440 271
1748450 271
1748460 270
1748470 270
1748480 270
1748490 270
1748500 270
1748510 270
1748520 270
1748530 270
1748540 270
1748550 270
1748560 270
1748570 270
1748580 269
1748590 269
1748600 269
1748610 269
1748620 269
1748630 269
1748640 269
1748650 269
1748660 269
1748670 269
1748680 268
1748690 268
1748700 268
1748710 268
1748720 268
1748730 268
1748740 268
1748750 268
1748760 268
1748770 268
1748780 268
1748790 268
1748800 268
1748810 268
1748820 268
1748830 268
1748840 268
1748850 268
1748860 268
1748870 268
1748880 268
1748890 268
1748900 267
1748910 267
1748920 267
1748930 267
1748940 267
1748950 267
1748960 267
1748970 266
1748980 266
1748990 266
1749000 266
1749010 266
1749020 266
1749030 266
1749040 266
1749050 266
1749060 266
1749070 266
1749080 266
1749090 266
1749100 266
1749110 266
1749120 266
1749130 266
1749140 264
1749150 264
1749160 267
1749170 266
1749180 266
1749190 266
1749200 266
1749210 266
1749220 266
1749230 266
1749240 266
1749250 266
1749260 266
1749270 266
1749280 266
1749290 266
1749300 266
1749310 266
1749320 266
1749330 266
1749340 266
1749350 267
1749360 267
1749370 267
1749380 267
1749390 267
1749400 267
1749410 268
1749420 267
1749430 267
1749440 267
1749450 267
1749460 267
1749470 267
1749480 266
1749490 267
1749500 267
1749510 267
1749520 267
1749530 267
1749540 267
1749550 266
1749560 266
1749570 266
1749580 266
1749590 266
1749600 266
1749610 266
1749620 266
1749630 267
1749640 267
1749650 267
1749660 267
1749670 267
1749680 267
1749690 267
1749700 267
1749710 267
1749720 267
1749730 267
1749740 267
1749750 267
1749760 267
1749770 267
1749780 267
1749790 267
1749800 267
1749810 267
1749820 267
1749830 267
1749840 269
1749850 269
1749860 271
1749870 274
1749880 274
1749890 277
1749900 281
1749910 281
1749920 285
1749930 289
1749940 289
1749950 293
1749960 297
1749970 297
1749980 300
1749990 301
1750000 301
1750010 301
1750020 303
1750030 306
1750040 306
1750050 307
1750060 309
1750070 309
1750080 310
1750090 314
1750100 314
1750110 318
1750120 321
1750130 321
1750140 326
1750150 329
1750160 329
1750170 333
1750180 336
1750190 336
1750200 336
1750210 337
1750220 338
1750230 338
1750240 337
1750250 337
1750260 337
1750270 337
1750280 337
1750290 337
1750300 338
1750310 338
1750320 338
1750330 338
1750340 338
1750350 338
1750360 338
1750370 339
1750380 340
1750390 340
1750400 341
1750410 339
1750420 339
1750430 340
1750440 340
1750450 340
1750460 341
1750470 341
1750480 341
1750490 341
1750500 340
1750510 340
1750520 341
1750530 340
1750540 340
1750550 340
1750560 340
1750570 339
1750580 339
1750590 339
1750600 338
1750610 338
1750620 338
1750630 338
1750640 338
1750650 340
1750660 341
1750670 341
1750680 344
1750690 346
1750700 346
1750710 348
1750720 350
1750730 351
1750740 351
1750750 351
1750760 353
1750770 353
1750780 353
1750790 354
1750800 354
1750810 354
1750820 355
1750830 355
1750840 355
1750850 356
1750860 356
1750870 356
1750880 356
1750890 356
1750900 356
1750910 357
1750920 358
1750930 358
1750940 359
1750950 361
1750960 361
1750970 362
1750980 363
1750990 363
1751000 365
1751010 366
1751020 366
1751030 367
1751040 367
1751050 367
1751060 368
1751070 369
1751080 368
1751090 368
1751100 367
1751110 365
1751120 365
1751130 364
1751140 359
1751150 359
1751160 358
1751170 352
1751180 352
1751190 352
1751200 355
1751210 355
1751220 358
1751230 360
1751240 360
1751250 362
1751260 364
1751270 365
1751280 365
1751290 366
1751300 365
1751310 365
1751320 364
1751330 363
1751340 363
1751350 361
1751360 357
1751370 357
1751380 353
1751390 350
1751400 350
1751410 348
1751420 345
1751430 346
1751440 346
1751450 347
1751460 349
1751470 349
1751480 350
1751490 354
1751500 354
1751510 358
1751520 360
1751530 360
1751540 362
1751550 363
1751560 363
1751570 365
1751580 366
1751590 366
1751600 368
1751610 371
1751620 371
1751630 371
1751640 369
1751650 367
1751660 367
1751670 366
1751680 365
1751690 365
1751700 363
1751710 362
1751720 362
1751730 361
1751740 360
1751750 360
1751760 359
1751770 357
1751780 356
1751790 356
1751800 354
1751810 353
1751820 353
1751830 351
1751840 350
1751850 350
1751860 350
1751870 348
1751880 348
1751890 347
1751900 345
1751910 345
1751920 344
1751930 343
1751940 343
1751950 341
1751960 340
1751970 339
1751980 339
1751990 338
1752000 336
1752010 336
1752020 334
1752030 332
1752040 332
1752050 330
1752060 327
1752070 327
1752080 325
1752090 324
1752100 324
1752110 325
1752120 325
1752130 328
1752140 328
1752150 332
1752160 334
1752170 334
1752180 336
1752190 338
1752200 338
1752210 340
1752220 343
1752230 343
1752240 345
1752250 347
1752260 347
1752270 349
1752280 352
1752290 352
1752300 353
1752310 355
1752320 358
1752330 358
1752340 360
1752350 361
1752360 361
1752370 363
1752380 365
1752390 365
1752400 366
1752410 367
1752420 367
1752430 368
1752440 367
1752450 367
1752460 366
1752470 364
1752480 363
1752490 363
1752500 362
1752510 361
1752520 361
1752530 359
1752540 358
1752550 358
1752560 357
1752570 356
1752580 356
1752590 355
1752600 354
1752610 354
1752620 353
1752630 353
1752640 353
1752650 352
1752660 351
1752670 348
1752680 348
1752690 346
1752700 344
1752710 344
1752720 342
1752730 340
1752740 340
1752750 338
1752760 336
1752770 336
1752780 334
1752790 332
1752800 332
1752810 330
1752820 328
1752830 326
1752840 326
1752850 325
1752860 323
1752870 323
1752880 321
1752890 320
1752900 320
1752910 319
1752920 318
1752930 318
1752940 318
1752950 318
1752960 318
1752970 317
1752980 316
1752990 316
1753000 315
1753010 314
1753020 312
1753030 312
1753040 311
1753050 311
1753060 311
1753070 311
1753080 311
1753090 311
1753100 307
1753110 302
1753120 302
1753130 306
1753140 305
1753150 305
1753160 304
1753170 304
1753180 304
1753190 304
1753200 304
1753210 304
1753220 304
1753230 304
1753240 304
1753250 304
1753260 303
1753270 303
1753280 303
1753290 302
1753300 302
1753310 302
1753320 301
1753330 300
1753340 300
1753350 299
1753360 298
1753370 297
1753380 297
1753390 296
1753400 295
1753410 295
1753420 295
1753430 295
1753440 295
1753450 294
1753460 294
1753470 294
1753480 293
1753490 292
1753500 292
1753510 291
1753520 290
1753530 290
1753540 289
1753550 287
1753560 286
1753570 286
1753580 288
1753590 287
1753600 287
1753610 287
1753620 288
1753630 288
1753640 288
1753650 289
1753660 289
1753670 289
1753680 289
1753690 289
1753700 289
1753710 288
1753720 287
1753730 287
1753740 287
1753750 286
1753760 286
1753770 285
1753780 285
1753790 285
1753800 284
1753810 284
1753820 284
1753830 284
1753840 283
1753850 283
1753860 283
1753870 283
1753880 283
1753890 282
1753900 282
1753910 282
1753920 282
1753930 281
1753940 281
1753950 281
1753960 281
1753970 281
1753980 281
1753990 280
1754000 280
1754010 280
1754020 280
1754030 279
1754040 279
1754050 279
1754060 279
1754070 278
1754080 278
1754090 278
1754100 278
1754110 278
1754120 277
1754130 277
1754140 277
1754150 277
1754160 276
1754170 276
1754180 276
1754190 276
1754200 276
1754210 275
1754220 275
1754230 275
1754240 275
1754250 275
1754260 274
1754270 274
1754280 274
1754290 274
1754300 274
1754310 273
1754320 273
1754330 273
1754340 273
1754350 272
1754360 272
1754370 272
1754380 272
1754390 272
1754400 272
1754410 271
1754420 271
1754430 271
1754440 270
1754450 270
1754460 270
1754470 269
1754480 269
1754490 269
1754500 268
1754510 268
1754520 268
1754530 267
1754540 267
1754550 267
1754560 266
1754570 265
1754580 265
1754590 265
1754600 264
1754610 264
1754620 264
1754630 264
1754640 264
1754650 264
1754660 264
1754670 264
1754680 264
1754690 263
1754700 263
1754710 263
1754720 263
1754730 263
1754740 263
1754750 263
1754760 263
1754770 263
1754780 263
1754790 263
1754800 262
1754810 262
1754820 262
1754830 262
1754840 262
1754850 261
1754860 261
1754870 261
1754880 260
1754890 260
1754900 260
1754910 259
1754920 259
1754930 259
1754940 259
1754950 259
1754960 259
1754970 259
1754980 259
1754990 259
1755000 259
1755010 259
1755020 259
1755030 259
1755040 259
1755050 259
1755060 259
1755070 259
1755080 259
1755090 259
1755100 259
1755110 259
1755120 259
1755130 259
1755140 259
1755150 259
1755160 259
1755170 259
1755180 259
1755190 259
1755200 259
1755210 259
1755220 259
1755230 259
1755240 259
1755250 259
1755260 259
1755270 259
1755280 259
1755290 259
1755300 259
1755310 258
1755320 258
1755330 259
1755340 259
1755350 259
1755360 259
1755370 259
1755380 259
1755390 259
1755400 259
1755410 259
1755420 259
1755430 259
1755440 259
1755450 259
1755460 259
1755470 259
1755480 259
1755490 259
1755500 259
1755510 259
1755520 259
1755530 259
1755540 259
1755550 259
1755560 259
1755570 259
1755580 259
1755590 259
1755600 259
1755610 259
1755620 259
1755630 259
1755640 258
1755650 259
1755660 259
1755670 259
1755680 259
1755690 259
1755700 259
1755710 259
1755720 259
1755730 259
1755740 260
1755750 260
1755760 260
1755770 260
1755780 260
1755790 260
1755800 261
1755810 261
1755820 261
1755830 262
1755840 262
1755850 262
1755860 262
1755870 262
1755880 262
1755890 262
1755900 261
1755910 261
1755920 261
1755930 261
1755940 261
1755950 261
1755960 261
1755970 261
1755980 261
1755990 261
1756000 261
1756010 261
1756020 261
1756030 262
1756040 262
1756050 262
1756060 263
1756070 263
1756080 263
1756090 265
1756100 269
1756110 269
1756120 269
1756130 270
1756140 270
1756150 272
1756160 275
1756170 275
1756180 277
1756190 277
1756200 278
1756210 278
1756220 281
1756230 283
1756240 283
1756250 284
1756260 285
1756270 285
1756280 288
1756290 289
1756300 289
1756310 291
1756320 294
1756330 294
1756340 296
1756350 297
1756360 297
1756370 297
1756380 297
1756390 298
1756400 298
1756410 301
1756420 302
1756430 302
1756440 304
1756450 306
1756460 306
1756470 306
1756480 309
1756490 309
1756500 311
1756510 312
1756520 312
1756530 312
1756540 313
1756550 315
1756560 315
1756570 316
1756580 318
1756590 318
1756600 318
1756610 320
1756620 320
1756630 322
1756640 323
1756650 323
1756660 324
1756670 325
1756680 325
1756690 327
1756700 331
1756710 335
1756720 335
1756730 339
1756740 340
1756750 340
1756760 343
1756770 344
1756780 344
1756790 346
1756800 347
1756810 347
1756820 349
1756830 350
1756840 350
1756850 352
1756860 353
1756870 353
1756880 353
1756890 352
1756900 350
1756910 350
1756920 349
1756930 348
1756940 348
1756950 345
1756960 341
1756970 341
1756980 337
1756990 334
1757000 334
1757010 331
1757020 329
1757030 329
1757040 325
1757050 324
1757060 325
1757070 325
1757080 325
1757090 325
1757100 325
1757110 321
1757120 319
1757130 319
1757140 322
1757150 325
1757160 325
1757170 325
1757180 324
1757190 324
1757200 323
1757210 327
1757220 327
1757230 332
1757240 336
1757250 339
1757260 339
1757270 343
1757280 343
1757290 343
1757300 343
1757310 342
1757320 342
1757330 341
1757340 339
1757350 339
1757360 338
1757370 336
1757380 336
1757390 335
1757400 334
1757410 333
1757420 333
1757430 330
1757440 330
1757450 330
1757460 328
1757470 327
1757480 327
1757490 326
1757500 325
1757510 325
1757520 324
1757530 323
1757540 323
1757550 322
1757560 321
1757570 321
1757580 320
1757590 319
1757600 318
1757610 318
1757620 318
1757630 317
1757640 317
1757650 317
1757660 316
1757670 316
1757680 316
1757690 316
1757700 316
1757710 317
1757720 318
1757730 318
1757740 319
1757750 320
1757760 321
1757770 321
1757780 322
1757790 324
1757800 324
1757810 326
1757820 327
1757830 327
1757840 329
1757850 331
1757860 331
1757870 333
1757880 335
1757890 335
1757900 336
1757910 337
1757920 337
1757930 339
1757940 339
1757950 341
1757960 341
1757970 344
1757980 346
1757990 346
1758000 347
1758010 349
1758020 349
1758030 351
1758040 353
1758050 353
1758060 356
1758070 358
1758080 358
1758090 361
1758100 364
1758110 364
1758120 367
1758130 370
1758140 372
1758150 372
1758160 374
1758170 375
1758180 375
1758190 376
1758200 375
1758210 375
1758220 376
1758230 375
1758240 375
1758250 376
1758260 375
1758270 375
1758280 375
1758290 375
1758300 375
1758310 375
1758320 375
1758330 375
1758340 375
1758350 375
1758360 374
1758370 374
1758380 374
1758390 374
1758400 374
1758410 373
1758420 372
1758430 372
1758440 371
1758450 369
1758460 369
1758470 366
1758480 364
1758490 363
1758500 363
1758510 361
1758520 360
1758530 360
1758540 359
1758550 358
1758560 358
1758570 357
1758580 356
1758590 356
1758600 355
1758610 353
1758620 353
1758630 353
1758640 352
1758650 352
1758660 352
1758670 352
1758680 353
1758690 353
1758700 353
1758710 354
1758720 354
1758730 355
1758740 356
1758750 356
1758760 357
1758770 357
1758780 357
1758790 357
1758800 357
1758810 357
1758820 357
1758830 357
1758840 356
1758850 356
1758860 356
1758870 356
1758880 356
1758890 355
1758900 355
1758910 355
1758920 354
1758930 354
1758940 354
1758950 353
1758960 353
1758970 353
1758980 353
1758990 353
1759000 353
1759010 353
1759020 353
1759030 354
1759040 354
1759050 355
1759060 355
1759070 355
1759080 356
1759090 357
1759100 357
1759110 357
1759120 358
1759130 358
1759140 359
1759150 361
1759160 361
1759170 362
1759180 362
1759190 363
1759200 363
1759210 364
1759220 366
1759230 366
1759240 367
1759250 367
1759260 367
1759270 367
1759280 366
1759290 366
1759300 365
1759310 363
1759320 363
1759330 360
1759340 358
1759350 356
1759360 356
1759370 352
1759380 347
1759390 347
1759400 344
1759410 340
1759420 340
1759430 338
1759440 338
1759450 338
1759460 337
1759470 336
1759480 336
1759490 334
1759500 334
1759510 334
1759520 334
1759530 334
1759540 332
1759550 332
1759560 331
1759570 330
1759580 330
1759590 327
1759600 323
1759610 323
1759620 321
1759630 318
1759640 318
1759650 319
1759660 323
1759670 323
1759680 323
1759690 321
1759700 321
1759710 321
1759720 320
1759730 317
1759740 317
1759750 314
1759760 309
1759770 309
1759780 309
1759790 307
1759800 307
1759810 308
1759820 308
1759830 308
1759840 310
1759850 310
1759860 310
1759870 308
1759880 305
1759890 304
1759900 304
1759910 307
1759920 308
1759930 308
1759940 308
1759950 310
1759960 310
1759970 310
1759980 310
1759990 310
