1740000 310
1740010 310
1740020 310
1740030 309
1740040 309
1740050 309
1740060 309
1740070 308
1740080 308
1740090 308
1740100 307
1740110 307
1740120 307
1740130 306
1740140 305
1740150 305
1740160 305
1740170 305
1740180 305
1740190 305
1740200 305
1740210 305
1740220 305
1740230 305
1740240 305
1740250 305
1740260 305
1740270 305
1740280 305
1740290 305
1740300 305
1740310 305
1740320 305
1740330 305
1740340 305
1740350 305
1740360 305
1740370 305
1740380 304
1740390 304
1740400 303
1740410 303
1740420 303
1740430 303
1740440 303
1740450 303
1740460 304
1740470 304
1740480 304
1740490 301
1740500 301
1740510 300
1740520 299
1740530 299
1740540 297
1740550 296
1740560 295
1740570 295
1740580 293
1740590 292
1740600 292
1740610 291
1740620 289
1740630 289
1740640 288
1740650 286
1740660 286
1740670 285
1740680 284
1740690 284
1740700 283
1740710 282
1740720 282
1740730 281
1740740 281
1740750 281
1740760 281
1740770 280
1740780 279
1740790 279
1740800 279
1740810 279
1740820 279
1740830 278
1740840 278
1740850 278
1740860 278
1740870 277
1740880 277
1740890 277
1740900 277
1740910 277
1740920 277
1740930 277
1740940 277
1740950 277
1740960 277
1740970 277
1740980 277
1740990 277
1741000 277
1741010 277
1741020 277
1741030 277
1741040 277
1741050 277
1741060 277
1741070 277
1741080 277
1741090 277
1741100 277
1741110 277
1741120 277
1741130 277
1741140 277
1741150 277
1741160 277
1741170 277
1741180 277
1741190 277
1741200 277
1741210 277
1741220 277
1741230 277
1741240 277
1741250 277
1741260 277
1741270 277
1741280 277
1741290 277
1741300 277
1741310 277
1741320 277
1741330 277
1741340 277
1741350 277
1741360 277
1741370 277
1741380 277
1741390 277
1741400 277
1741410 277
1741420 277
1741430 277
1741440 277
1741450 277
1741460 277
1741470 276
1741480 276
1741490 276
1741500 277
1741510 277
1741520 277
1741530 277
1741540 277
1741550 277
1741560 277
1741570 277
1741580 277
1741590 277
1741600 276
1741610 276
1741620 276
1741630 276
1741640 276
1741650 276
1741660 276
1741670 276
1741680 276
1741690 276
1741700 276
1741710 276
1741720 276
1741730 276
1741740 276
1741750 276
1741760 276
1741770 276
1741780 276
1741790 276
1741800 276
1741810 276
1741820 276
1741830 275
1741840 275
1741850 276
1741860 276
1741870 276
1741880 275
1741890 275
1741900 275
1741910 274
1741920 273
1741930 273
1741940 275
1741950 275
1741960 275
1741970 276
1741980 276
1741990 276
1742000 276
1742010 276
1742020 276
1742030 276
1742040 276
1742050 276
1742060 276
1742070 278
1742080 279
1742090 279
1742100 281
1742110 283
1742120 283
1742130 285
1742140 288
1742150 288
1742160 291
1742170 294
1742180 296
1742190 296
1742200 298
1742210 299
1742220 299
1742230 302
1742240 303
1742250 303
1742260 303
1742270 303
1742280 303
1742290 303
1742300 301
1742310 301
1742320 301
1742330 300
1742340 299
1742350 299
1742360 299
1742370 298
1742380 298
1742390 297
1742400 295
1742410 295
1742420 295
1742430 294
1742440 294
1742450 294
1742460 293
1742470 293
1742480 293
1742490 292
1742500 292
1742510 291
1742520 290
1742530 289
1742540 289
1742550 289
1742560 288
1742570 288
1742580 287
1742590 287
1742600 287
1742610 288
1742620 289
1742630 289
1742640 290
1742650 291
1742660 291
1742670 292
1742680 293
1742690 293
1742700 294
1742710 294
1742720 295
1742730 295
1742740 296
1742750 297
1742760 297
1742770 297
1742780 298
1742790 298
1742800 299
1742810 300
1742820 300
1742830 300
1742840 301
1742850 301
1742860 301
1742870 301
1742880 302
1742890 302
1742900 302
1742910 303
1742920 303
1742930 304
1742940 305
1742950 305
1742960 307
1742970 308
1742980 308
1742990 307
1743000 307
1743010 307
1743020 308
1743030 309
1743040 309
1743050 309
1743060 310
1743070 311
1743080 311
1743090 312
1743100 313
1743110 313
1743120 314
1743130 315
1743140 315
1743150 316
1743160 317
1743170 317
1743180 318
1743190 319
1743200 319
1743210 321
1743220 322
1743230 324
1743240 324
1743250 325
1743260 327
1743270 327
1743280 329
1743290 329
1743300 329
1743310 330
1743320 330
1743330 330
1743340 330
1743350 330
1743360 330
1743370 330
1743380 330
1743390 330
1743400 330
1743410 330
1743420 330
1743430 330
1743440 330
1743450 330
1743460 330
1743470 329
1743480 329
1743490 329
1743500 329
1743510 328
1743520 328
1743530 328
1743540 327
1743550 327
1743560 326
1743570 326
1743580 326
1743590 326
1743600 327
1743610 325
1743620 325
1743630 324
1743640 324
1743650 324
1743660 324
1743670 324
1743680 324
1743690 324
1743700 324
1743710 324
1743720 323
1743730 323
1743740 323
1743750 322
1743760 322
1743770 321
1743780 321
1743790 320
1743800 319
1743810 319
1743820 318
1743830 318
1743840 318
1743850 317
1743860 316
1743870 316
1743880 316
1743890 316
1743900 316
1743910 315
1743920 315
1743930 315
1743940 314
1743950 314
1743960 313
1743970 313
1743980 313
1743990 313
1744000 313
1744010 312
1744020 312
1744030 312
1744040 312
1744050 311
1744060 311
1744070 311
1744080 311
1744090 311
1744100 310
1744110 310
1744120 310
1744130 310
1744140 309
1744150 309
1744160 309
1744170 308
1744180 308
1744190 308
1744200 308
1744210 308
1744220 308
1744230 308
1744240 308
1744250 308
1744260 307
1744270 307
1744280 307
1744290 307
1744300 307
1744310 307
1744320 307
1744330 308
1744340 307
1744350 307
1744360 307
1744370 306
1744380 306
1744390 305
1744400 305
1744410 305
1744420 305
1744430 304
1744440 304
1744450 304
1744460 303
1744470 303
1744480 303
1744490 302
1744500 302
1744510 302
1744520 302
1744530 301
1744540 301
1744550 301
1744560 301
1744570 301
1744580 300
1744590 300
1744600 300
1744610 300
1744620 299
1744630 299
1744640 299
1744650 299
1744660 299
1744670 299
1744680 299
1744690 299
1744700 299
1744710 298
1744720 298
1744730 298
1744740 298
1744750 298
1744760 298
1744770 298
1744780 298
1744790 298
1744800 298
1744810 298
1744820 298
1744830 298
1744840 296
1744850 296
1744860 296
1744870 297
1744880 300
1744890 300
1744900 302
1744910 304
1744920 304
1744930 306
1744940 307
1744950 307
1744960 309
1744970 311
1744980 311
1744990 312
1745000 314
1745010 315
1745020 315
1745030 316
1745040 318
1745050 318
1745060 319
1745070 322
1745080 322
1745090 323
1745100 326
1745110 326
1745120 327
1745130 330
1745140 330
1745150 334
1745160 341
1745170 341
1745180 347
1745190 349
1745200 352
1745210 352
1745220 352
1745230 351
1745240 351
1745250 349
1745260 349
1745270 349
1745280 348
1745290 345
1745300 345
1745310 341
1745320 346
1745330 346
1745340 348
1745350 350
1745360 350
1745370 352
1745380 353
1745390 355
1745400 355
1745410 357
1745420 359
1745430 359
1745440 360
1745450 361
1745460 361
1745470 362
1745480 362
1745490 362
1745500 362
1745510 362
1745520 362
1745530 362
1745540 362
1745550 361
1745560 361
1745570 361
1745580 361
1745590 361
1745600 360
1745610 360
1745620 360
1745630 359
1745640 359
1745650 359
1745660 358
1745670 358
1745680 358
1745690 357
1745700 357
1745710 357
1745720 356
1745730 355
1745740 355
1745750 355
1745760 354
1745770 353
1745780 353
1745790 352
1745800 351
1745810 351
1745820 350
1745830 349
1745840 349
1745850 348
1745860 347
1745870 347
1745880 346
1745890 344
1745900 344
1745910 343
1745920 340
1745930 339
1745940 339
1745950 342
1745960 343
1745970 343
1745980 344
1745990 345
1746000 345
1746010 346
1746020 346
1746030 346
1746040 346
1746050 346
1746060 346
1746070 346
1746080 346
1746090 346
1746100 346
1746110 345
1746120 345
1746130 345
1746140 345
1746150 345
1746160 345
1746170 345
1746180 344
1746190 344
1746200 344
1746210 344
1746220 344
1746230 343
1746240 343
1746250 343
1746260 343
1746270 343
1746280 342
1746290 342
1746300 342
1746310 342
1746320 342
1746330 341
1746340 341
1746350 341
1746360 341
1746370 340
1746380 340
1746390 339
1746400 339
1746410 339
1746420 338
1746430 336
1746440 335
1746450 335
1746460 334
1746470 333
1746480 333
1746490 332
1746500 331
1746510 331
1746520 330
1746530 329
1746540 329
1746550 323
1746560 320
1746570 320
1746580 319
1746590 319
1746600 319
1746610 319
1746620 320
1746630 319
1746640 319
1746650 319
1746660 320
1746670 320
1746680 321
1746690 324
1746700 324
1746710 325
1746720 327
1746730 327
1746740 328
1746750 330
1746760 330
1746770 332
1746780 333
1746790 333
1746800 334
1746810 334
1746820 333
1746830 333
1746840 333
1746850 332
1746860 332
1746870 332
1746880 332
1746890 332
1746900 332
1746910 332
1746920 332
1746930 331
1746940 331
1746950 331
1746960 331
1746970 331
1746980 331
1746990 331
1747000 330
1747010 330
1747020 330
1747030 330
1747040 330
1747050 330
1747060 329
1747070 329
1747080 329
1747090 329
1747100 328
1747110 328
1747120 328
1747130 328
1747140 328
1747150 328
1747160 328
1747170 327
1747180 327
1747190 327
1747200 327
1747210 327
1747220 327
1747230 327
1747240 327
1747250 326
1747260 326
1747270 326
1747280 325
1747290 325
1747300 325
1747310 324
1747320 323
1747330 323
1747340 323
1747350 322
1747360 321
1747370 321
1747380 319
1747390 317
1747400 317
1747410 317
1747420 317
1747430 317
1747440 316
1747450 316
1747460 316
1747470 315
1747480 315
1747490 315
1747500 315
1747510 315
1747520 313
1747530 313
1747540 312
1747550 312
1747560 312
1747570 312
1747580 311
1747590 311
1747600 311
1747610 310
1747620 310
1747630 309
1747640 309
1747650 309
1747660 308
1747670 307
1747680 307
1747690 307
1747700 306
1747710 306
1747720 306
1747730 305
1747740 304
1747750 304
1747760 304
1747770 303
1747780 303
1747790 302
1747800 301
1747810 301
1747820 301
1747830 300
1747840 300
1747850 299
1747860 299
1747870 299
1747880 299
1747890 297
1747900 296
1747910 296
1747920 295
1747930 293
1747940 293
1747950 294
1747960 295
1747970 295
1747980 296
1747990 296
1748000 296
1748010 296
1748020 297
1748030 297
1748040 297
1748050 298
1748060 298
1748070 298
1748080 299
1748090 300
1748100 300
1748110 300
1748120 301
1748130 301
1748140 302
1748150 303
1748160 303
1748170 304
1748180 304
1748190 304
1748200 305
1748210 305
1748220 305
1748230 306
1748240 307
1748250 308
1748260 308
1748270 309
1748280 309
1748290 309
1748300 309
1748310 309
1748320 309
1748330 309
1748340 309
1748350 309
1748360 308
1748370 307
1748380 307
1748390 307
1748400 306
1748410 306
1748420 306
1748430 305
1748440 304
1748450 304
1748460 303
1748470 303
1748480 303
1748490 302
1748500 302
1748510 302
1748520 301
1748530 301
1748540 301
1748550 300
1748560 300
1748570 300
1748580 299
1748590 299
1748600 298
1748610 298
1748620 298
1748630 297
1748640 297
1748650 297
1748660 296
1748670 296
1748680 296
1748690 296
1748700 296
1748710 295
1748720 294
1748730 294
1748740 294
1748750 293
1748760 292
1748770 292
1748780 291
1748790 290
1748800 290
1748810 289
1748820 288
1748830 288
1748840 288
1748850 287
1748860 287
1748870 285
1748880 284
1748890 284
1748900 283
1748910 282
1748920 282
1748930 281
1748940 281
1748950 281
1748960 281
1748970 280
1748980 281
1748990 281
1749000 280
1749010 281
1749020 281
1749030 281
1749040 280
1749050 280
1749060 280
1749070 280
1749080 280
1749090 280
1749100 279
1749110 279
1749120 278
1749130 278
1749140 278
1749150 278
1749160 278
1749170 278
1749180 278
1749190 278
1749200 277
1749210 277
1749220 277
1749230 277
1749240 277
1749250 278
1749260 278
1749270 278
1749280 278
1749290 277
1749300 277
1749310 277
1749320 277
1749330 277
1749340 277
1749350 277
1749360 277
1749370 277
1749380 277
1749390 277
1749400 277
1749410 276
1749420 276
1749430 276
1749440 277
1749450 277
1749460 277
1749470 276
1749480 276
1749490 276
1749500 276
1749510 276
1749520 276
1749530 276
1749540 276
1749550 275
1749560 275
1749570 275
1749580 275
1749590 275
1749600 275
1749610 275
1749620 275
1749630 275
1749640 275
1749650 275
1749660 275
1749670 275
1749680 274
1749690 274
1749700 274
1749710 273
1749720 273
1749730 274
1749740 274
1749750 274
1749760 274
1749770 274
1749780 274
1749790 274
1749800 274
1749810 274
1749820 274
1749830 274
1749840 274
1749850 274
1749860 274
1749870 274
1749880 274
1749890 274
1749900 274
1749910 274
1749920 275
1749930 274
1749940 274
1749950 274
1749960 275
1749970 275
1749980 275
1749990 275
1750000 275
1750010 275
1750020 275
1750030 275
1750040 275
1750050 275
1750060 275
1750070 275
1750080 275
1750090 275
1750100 275
1750110 275
1750120 275
1750130 275
1750140 275
1750150 275
1750160 275
1750170 275
1750180 275
1750190 275
1750200 275
1750210 275
1750220 273
1750230 273
1750240 274
1750250 276
1750260 276
1750270 280
1750280 281
1750290 281
1750300 283
1750310 285
1750320 285
1750330 289
1750340 292
1750350 292
1750360 295
1750370 299
1750380 303
1750390 303
1750400 307
1750410 311
1750420 311
1750430 313
1750440 316
1750450 316
1750460 320
1750470 325
1750480 325
1750490 329
1750500 337
1750510 337
1750520 343
1750530 348
1750540 348
1750550 353
1750560 360
1750570 368
1750580 368
1750590 370
1750600 371
1750610 371
1750620 371
1750630 370
1750640 370
1750650 368
1750660 367
1750670 367
1750680 366
1750690 365
1750700 365
1750710 364
1750720 362
1750730 361
1750740 361
1750750 360
1750760 360
1750770 360
1750780 363
1750790 367
1750800 367
1750810 368
1750820 370
1750830 370
1750840 372
1750850 374
1750860 374
1750870 376
1750880 378
1750890 378
1750900 380
1750910 382
1750920 384
1750930 384
1750940 387
1750950 387
1750960 387
1750970 388
1750980 388
1750990 388
1751000 388
1751010 386
1751020 386
1751030 384
1751040 382
1751050 382
1751060 379
1751070 375
1751080 372
1751090 372
1751100 370
1751110 366
1751120 366
1751130 359
1751140 358
1751150 358
1751160 362
1751170 365
1751180 365
1751190 367
1751200 371
1751210 371
1751220 373
1751230 374
1751240 374
1751250 376
1751260 378
1751270 380
1751280 380
1751290 383
1751300 385
1751310 385
1751320 387
1751330 390
1751340 390
1751350 392
1751360 394
1751370 394
1751380 396
1751390 397
1751400 397
1751410 398
1751420 398
1751430 398
1751440 398
1751450 397
1751460 397
1751470 397
1751480 395
1751490 394
1751500 394
1751510 392
1751520 391
1751530 391
1751540 389
1751550 387
1751560 387
1751570 386
1751580 384
1751590 384
1751600 382
1751610 380
1751620 376
1751630 376
1751640 372
1751650 369
1751660 369
1751670 364
1751680 362
1751690 362
1751700 360
1751710 359
1751720 359
1751730 359
1751740 358
1751750 358
1751760 355
1751770 347
1751780 347
1751790 340
1751800 338
1751810 343
1751820 343
1751830 350
1751840 356
1751850 356
1751860 357
1751870 358
1751880 358
1751890 358
1751900 359
1751910 359
1751920 360
1751930 360
1751940 360
1751950 361
1751960 361
1751970 358
1751980 358
1751990 357
1752000 357
1752010 357
1752020 357
1752030 357
1752040 357
1752050 356
1752060 354
1752070 354
1752080 353
1752090 352
1752100 352
1752110 352
1752120 351
1752130 351
1752140 350
1752150 348
1752160 345
1752170 345
1752180 342
1752190 340
1752200 340
1752210 338
1752220 337
1752230 337
1752240 335
1752250 334
1752260 334
1752270 331
1752280 327
1752290 327
1752300 328
1752310 326
1752320 326
1752330 325
1752340 323
1752350 319
1752360 319
1752370 317
1752380 313
1752390 313
1752400 310
1752410 309
1752420 309
1752430 310
1752440 309
1752450 309
1752460 309
1752470 309
1752480 309
1752490 310
1752500 310
1752510 310
1752520 310
1752530 310
1752540 309
1752550 309
1752560 309
1752570 309
1752580 309
1752590 309
1752600 310
1752610 310
1752620 311
1752630 312
1752640 312
1752650 312
1752660 313
1752670 313
1752680 313
1752690 315
1752700 316
1752710 316
1752720 318
1752730 320
1752740 320
1752750 322
1752760 325
1752770 325
1752780 327
1752790 329
1752800 329
1752810 329
1752820 329
1752830 329
1752840 327
1752850 325
1752860 325
1752870 322
1752880 320
1752890 316
1752900 316
1752910 311
1752920 309
1752930 309
1752940 308
1752950 305
1752960 305
1752970 307
1752980 311
1752990 311
1753000 315
1753010 317
1753020 317
1753030 318
1753040 319
1753050 320
1753060 320
1753070 321
1753080 322
1753090 322
1753100 322
1753110 322
1753120 322
1753130 321
1753140 320
1753150 320
1753160 316
1753170 309
1753180 309
1753190 303
1753200 309
1753210 309
1753220 314
1753230 315
1753240 316
1753250 316
1753260 317
1753270 319
1753280 319
1753290 321
1753300 321
1753310 322
1753320 322
1753330 322
1753340 322
1753350 322
1753360 322
1753370 322
1753380 322
1753390 322
1753400 322
1753410 322
1753420 322
1753430 322
1753440 322
1753450 320
1753460 317
1753470 317
1753480 316
1753490 314
1753500 314
1753510 312
1753520 308
1753530 308
1753540 314
1753550 318
1753560 318
1753570 320
1753580 321
1753590 322
1753600 322
1753610 322
1753620 321
1753630 321
1753640 321
1753650 321
1753660 321
1753670 321
1753680 320
1753690 320
1753700 320
1753710 320
1753720 320
1753730 320
1753740 320
1753750 320
1753760 319
1753770 319
1753780 319
1753790 319
1753800 319
1753810 319
1753820 319
1753830 318
1753840 318
1753850 318
1753860 318
1753870 317
1753880 317
1753890 316
1753900 315
1753910 315
1753920 314
1753930 313
1753940 313
1753950 313
1753960 312
1753970 311
1753980 311
1753990 310
1754000 309
1754010 309
1754020 308
1754030 307
1754040 307
1754050 306
1754060 305
1754070 305
1754080 304
1754090 303
1754100 303
1754110 302
1754120 301
1754130 299
1754140 299
1754150 298
1754160 296
1754170 296
1754180 295
1754190 293
1754200 293
1754210 292
1754220 290
1754230 290
1754240 289
1754250 287
1754260 287
1754270 286
1754280 285
1754290 285
1754300 285
1754310 285
1754320 287
1754330 287
1754340 287
1754350 288
1754360 288
1754370 287
1754380 288
1754390 288
1754400 288
1754410 287
1754420 287
1754430 287
1754440 286
1754450 286
1754460 285
1754470 284
1754480 283
1754490 283
1754500 283
1754510 282
1754520 282
1754530 281
1754540 279
1754550 279
1754560 278
1754570 278
1754580 278
1754590 277
1754600 277
1754610 277
1754620 276
1754630 277
1754640 277
1754650 275
1754660 275
1754670 274
1754680 274
1754690 274
1754700 274
1754710 274
1754720 274
1754730 274
1754740 274
1754750 274
1754760 274
1754770 274
1754780 273
1754790 273
1754800 273
1754810 272
1754820 271
1754830 271
1754840 271
1754850 271
1754860 271
1754870 271
1754880 271
1754890 271
1754900 271
1754910 268
1754920 271
1754930 271
1754940 271
1754950 271
1754960 271
1754970 271
1754980 271
1754990 271
1755000 271
1755010 271
1755020 271
1755030 271
1755040 271
1755050 272
1755060 272
1755070 272
1755080 273
1755090 273
1755100 273
1755110 274
1755120 274
1755130 275
1755140 275
1755150 275
1755160 276
1755170 277
1755180 277
1755190 277
1755200 278
1755210 278
1755220 278
1755230 278
1755240 278
1755250 278
1755260 279
1755270 279
1755280 279
1755290 280
1755300 281
1755310 281
1755320 282
1755330 284
1755340 284
1755350 286
1755360 287
1755370 289
1755380 289
1755390 291
1755400 293
1755410 293
1755420 295
1755430 296
1755440 296
1755450 298
1755460 300
1755470 300
1755480 302
1755490 304
1755500 304
1755510 307
1755520 309
1755530 309
1755540 313
1755550 316
1755560 320
1755570 320
1755580 322
1755590 326
1755600 326
1755610 329
1755620 332
1755630 332
1755640 335
1755650 340
1755660 340
1755670 343
1755680 347
1755690 347
1755700 350
1755710 353
1755720 357
1755730 357
1755740 360
1755750 362
1755760 362
1755770 364
1755780 365
1755790 365
1755800 367
1755810 367
1755820 367
1755830 368
1755840 368
1755850 368
1755860 368
1755870 369
1755880 369
1755890 370
1755900 370
1755910 369
1755920 369
1755930 368
1755940 366
1755950 366
1755960 361
1755970 360
1755980 360
1755990 357
1756000 355
1756010 355
1756020 353
1756030 350
1756040 350
1756050 347
1756060 345
1756070 345
1756080 342
1756090 338
1756100 336
1756110 336
1756120 333
1756130 330
1756140 330
1756150 329
1756160 326
1756170 326
1756180 325
1756190 324
1756200 324
1756210 324
1756220 322
1756230 322
1756240 320
1756250 318
1756260 318
1756270 318
1756280 320
1756290 321
1756300 321
1756310 324
1756320 326
1756330 326
1756340 327
1756350 328
1756360 328
1756370 330
1756380 331
1756390 331
1756400 331
1756410 331
1756420 331
1756430 330
1756440 330
1756450 328
1756460 328
1756470 327
1756480 326
1756490 326
1756500 325
1756510 324
1756520 324
1756530 321
1756540 321
1756550 321
1756560 318
1756570 315
1756580 315
1756590 311
1756600 309
1756610 308
1756620 308
1756630 305
1756640 305
1756650 305
1756660 305
1756670 306
1756680 306
1756690 306
1756700 306
1756710 306
1756720 306
1756730 306
1756740 306
1756750 305
1756760 305
1756770 305
1756780 305
1756790 304
1756800 304
1756810 304
1756820 303
1756830 302
1756840 302
1756850 302
1756860 302
1756870 302
1756880 304
1756890 306
1756900 306
1756910 309
1756920 312
1756930 312
1756940 314
1756950 316
1756960 316
1756970 319
1756980 321
1756990 324
1757000 324
1757010 326
1757020 329
1757030 329
1757040 331
1757050 331
1757060 331
1757070 331
1757080 331
1757090 331
1757100 331
1757110 331
1757120 331
1757130 331
1757140 330
1757150 330
1757160 330
1757170 330
1757180 329
1757190 329
1757200 329
1757210 328
1757220 328
1757230 328
1757240 328
1757250 328
1757260 327
1757270 327
1757280 327
1757290 326
1757300 326
1757310 326
1757320 325
1757330 325
1757340 324
1757350 324
1757360 323
1757370 322
1757380 322
1757390 321
1757400 319
1757410 319
1757420 318
1757430 318
1757440 318
1757450 318
1757460 318
1757470 318
1757480 317
1757490 316
1757500 316
1757510 315
1757520 314
1757530 313
1757540 313
1757550 312
1757560 309
1757570 309
1757580 306
1757590 305
1757600 305
1757610 303
1757620 302
1757630 302
1757640 301
1757650 299
1757660 299
1757670 299
1757680 301
1757690 303
1757700 303
1757710 303
1757720 303
1757730 303
1757740 303
1757750 303
1757760 303
1757770 304
1757780 304
1757790 304
1757800 304
1757810 303
1757820 303
1757830 303
1757840 303
1757850 303
1757860 305
1757870 305
1757880 305
1757890 305
1757900 306
1757910 306
1757920 306
1757930 305
1757940 304
1757950 304
1757960 304
1757970 302
1757980 302
1757990 301
1758000 301
1758010 301
1758020 300
1758030 299
1758040 298
1758050 298
1758060 297
1758070 296
1758080 296
1758090 295
1758100 294
1758110 294
1758120 293
1758130 293
1758140 293
1758150 292
1758160 291
1758170 291
1758180 291
1758190 291
1758200 291
1758210 290
1758220 290
1758230 290
1758240 290
1758250 290
1758260 289
1758270 289
1758280 289
1758290 288
1758300 288
1758310 288
1758320 288
1758330 288
1758340 288
1758350 287
1758360 287
1758370 287
1758380 287
1758390 287
1758400 286
1758410 286
1758420 286
1758430 286
1758440 285
1758450 285
1758460 285
1758470 285
1758480 284
1758490 284
1758500 283
1758510 283
1758520 283
1758530 282
1758540 282
1758550 282
1758560 282
1758570 281
1758580 281
1758590 281
1758600 280
1758610 280
1758620 280
1758630 280
1758640 279
1758650 279
1758660 279
1758670 279
1758680 279
1758690 278
1758700 278
1758710 278
1758720 277
1758730 277
1758740 277
1758750 277
1758760 277
1758770 276
1758780 276
1758790 276
1758800 276
1758810 276
1758820 276
1758830 276
1758840 276
1758850 276
1758860 275
1758870 275
1758880 275
1758890 274
1758900 274
1758910 275
1758920 275
1758930 275
1758940 275
1758950 276
1758960 276
1758970 276
1758980 276
1758990 276
1759000 276
1759010 276
1759020 277
1759030 277
1759040 278
1759050 279
1759060 279
1759070 280
1759080 282
1759090 282
1759100 284
1759110 286
1759120 288
1759130 288
1759140 290
1759150 293
1759160 293
1759170 296
1759180 297
1759190 297
1759200 298
1759210 297
1759220 297
1759230 299
1759240 301
1759250 301
1759260 302
1759270 303
1759280 303
1759290 302
1759300 302
1759310 301
1759320 301
1759330 301
1759340 301
1759350 301
1759360 300
1759370 299
1759380 299
1759390 298
1759400 297
1759410 297
1759420 296
1759430 296
1759440 296
1759450 296
1759460 295
1759470 294
1759480 294
1759490 294
1759500 295
1759510 295
1759520 295
1759530 295
1759540 295
1759550 295
1759560 296
1759570 296
1759580 296
1759590 296
1759600 296
1759610 296
1759620 296
1759630 296
1759640 297
1759650 296
1759660 296
1759670 296
1759680 296
1759690 296
1759700 296
1759710 296
1759720 295
1759730 295
1759740 295
1759750 295
1759760 295
1759770 295
1759780 294
1759790 294
1759800 294
1759810 294
1759820 294
1759830 293
1759840 292
1759850 292
1759860 292
1759870 292
1759880 292
1759890 292
1759900 292
1759910 292
1759920 292
1759930 292
1759940 292
1759950 292
1759960 292
1759970 292
1759980 292
1759990 293
