1740000 294
1740010 293
1740020 293
1740030 293
1740040 293
1740050 293
1740060 293
1740070 292
1740080 292
1740090 292
1740100 292
1740110 292
1740120 292
1740130 292
1740140 292
1740150 292
1740160 291
1740170 291
1740180 291
1740190 291
1740200 291
1740210 291
1740220 291
1740230 291
1740240 291
1740250 290
1740260 291
1740270 291
1740280 291
1740290 291
1740300 291
1740310 291
1740320 291
1740330 291
1740340 291
1740350 292
1740360 292
1740370 292
1740380 292
1740390 293
1740400 293
1740410 293
1740420 294
1740430 294
1740440 294
1740450 295
1740460 295
1740470 296
1740480 296
1740490 296
1740500 297
1740510 297
1740520 297
1740530 298
1740540 298
1740550 297
1740560 297
1740570 296
1740580 295
1740590 295
1740600 293
1740610 290
1740620 290
1740630 288
1740640 286
1740650 286
1740660 285
1740670 283
1740680 283
1740690 282
1740700 282
1740710 282
1740720 281
1740730 281
1740740 281
1740750 281
1740760 281
1740770 281
1740780 281
1740790 281
1740800 281
1740810 281
1740820 281
1740830 281
1740840 281
1740850 281
1740860 281
1740870 281
1740880 281
1740890 281
1740900 281
1740910 281
1740920 281
1740930 280
1740940 280
1740950 281
1740960 280
1740970 280
1740980 280
1740990 280
1741000 280
1741010 280
1741020 280
1741030 280
1741040 280
1741050 280
1741060 280
1741070 280
1741080 280
1741090 280
1741100 280
1741110 280
1741120 280
1741130 280
1741140 280
1741150 280
1741160 280
1741170 280
1741180 280
1741190 280
1741200 280
1741210 280
1741220 280
1741230 280
1741240 280
1741250 280
1741260 280
1741270 278
1741280 276
1741290 276
1741300 278
1741310 280
1741320 280
1741330 280
1741340 280
1741350 280
1741360 280
1741370 280
1741380 280
1741390 280
1741400 280
1741410 280
1741420 280
1741430 280
1741440 280
1741450 279
1741460 280
1741470 280
1741480 280
1741490 280
1741500 280
1741510 280
1741520 280
1741530 280
1741540 280
1741550 280
1741560 280
1741570 280
1741580 280
1741590 280
1741600 280
1741610 280
1741620 280
1741630 281
1741640 281
1741650 281
1741660 281
1741670 281
1741680 281
1741690 282
1741700 282
1741710 282
1741720 283
1741730 283
1741740 283
1741750 283
1741760 283
1741770 283
1741780 283
1741790 283
1741800 283
1741810 284
1741820 284
1741830 284
1741840 284
1741850 284
1741860 284
1741870 285
1741880 286
1741890 286
1741900 287
1741910 287
1741920 288
1741930 289
1741940 290
1741950 290
1741960 291
1741970 292
1741980 292
1741990 294
1742000 296
1742010 297
1742020 297
1742030 301
1742040 302
1742050 302
1742060 304
1742070 306
1742080 306
1742090 308
1742100 310
1742110 310
1742120 312
1742130 314
1742140 314
1742150 316
1742160 318
1742170 320
1742180 320
1742190 322
1742200 326
1742210 326
1742220 329
1742230 332
1742240 332
1742250 334
1742260 336
1742270 336
1742280 339
1742290 341
1742300 341
1742310 343
1742320 346
1742330 346
1742340 348
1742350 350
1742360 351
1742370 351
1742380 352
1742390 352
1742400 352
1742410 352
1742420 352
1742430 352
1742440 352
1742450 352
1742460 352
1742470 352
1742480 351
1742490 351
1742500 351
1742510 351
1742520 351
1742530 350
1742540 350
1742550 349
1742560 349
1742570 349
1742580 347
1742590 347
1742600 346
1742610 344
1742620 344
1742630 342
1742640 340
1742650 340
1742660 337
1742670 335
1742680 335
1742690 331
1742700 331
1742710 331
1742720 331
1742730 331
1742740 332
1742750 332
1742760 333
1742770 335
1742780 335
1742790 336
1742800 338
1742810 338
1742820 340
1742830 341
1742840 341
1742850 343
1742860 345
1742870 345
1742880 347
1742890 348
1742900 350
1742910 350
1742920 351
1742930 352
1742940 352
1742950 353
1742960 354
1742970 354
1742980 356
1742990 358
1743000 358
1743010 359
1743020 361
1743030 361
1743040 362
1743050 363
1743060 363
1743070 364
1743080 365
1743090 367
1743100 367
1743110 368
1743120 370
1743130 370
1743140 372
1743150 374
1743160 374
1743170 376
1743180 377
1743190 377
1743200 377
1743210 378
1743220 378
1743230 378
1743240 378
1743250 378
1743260 378
1743270 379
1743280 379
1743290 379
1743300 379
1743310 380
1743320 380
1743330 380
1743340 380
1743350 380
1743360 380
1743370 380
1743380 380
1743390 379
1743400 378
1743410 378
1743420 378
1743430 377
1743440 376
1743450 376
1743460 375
1743470 374
1743480 374
1743490 374
1743500 373
1743510 373
1743520 372
1743530 371
1743540 371
1743550 370
1743560 368
1743570 368
1743580 367
1743590 366
1743600 366
1743610 364
1743620 363
1743630 361
1743640 361
1743650 360
1743660 359
1743670 360
1743680 359
1743690 358
1743700 358
1743710 357
1743720 356
1743730 356
1743740 355
1743750 354
1743760 354
1743770 353
1743780 353
1743790 352
1743800 352
1743810 352
1743820 351
1743830 351
1743840 351
1743850 350
1743860 350
1743870 350
1743880 349
1743890 349
1743900 348
1743910 348
1743920 348
1743930 348
1743940 347
1743950 347
1743960 347
1743970 346
1743980 346
1743990 346
1744000 345
1744010 344
1744020 344
1744030 344
1744040 343
1744050 343
1744060 342
1744070 342
1744080 342
1744090 341
1744100 340
1744110 340
1744120 339
1744130 339
1744140 339
1744150 337
1744160 334
1744170 334
1744180 334
1744190 333
1744200 332
1744210 332
1744220 332
1744230 331
1744240 331
1744250 332
1744260 330
1744270 330
1744280 329
1744290 329
1744300 329
1744310 329
1744320 328
1744330 328
1744340 327
1744350 327
1744360 329
1744370 329
1744380 330
1744390 332
1744400 332
1744410 333
1744420 334
1744430 334
1744440 336
1744450 337
1744460 337
1744470 337
1744480 337
1744490 337
1744500 337
1744510 337
1744520 337
1744530 337
1744540 336
1744550 336
1744560 336
1744570 336
1744580 336
1744590 336
1744600 336
1744610 334
1744620 334
1744630 333
1744640 332
1744650 332
1744660 330
1744670 329
1744680 329
1744690 327
1744700 324
1744710 323
1744720 323
1744730 320
1744740 319
1744750 319
1744760 317
1744770 316
1744780 316
1744790 315
1744800 314
1744810 314
1744820 314
1744830 313
1744840 313
1744850 313
1744860 312
1744870 312
1744880 312
1744890 312
1744900 312
1744910 312
1744920 312
1744930 312
1744940 312
1744950 312
1744960 312
1744970 312
1744980 312
1744990 311
1745000 311
1745010 311
1745020 311
1745030 311
1745040 311
1745050 311
1745060 311
1745070 311
1745080 311
1745090 311
1745100 311
1745110 312
1745120 312
1745130 312
1745140 312
1745150 312
1745160 312
1745170 312
1745180 312
1745190 312
1745200 312
1745210 312
1745220 312
1745230 313
1745240 314
1745250 316
1745260 316
1745270 317
1745280 318
1745290 318
1745300 319
1745310 320
1745320 320
1745330 321
1745340 322
1745350 322
1745360 323
1745370 324
1745380 325
1745390 327
1745400 330
1745410 330
1745420 333
1745430 337
1745440 341
1745450 341
1745460 342
1745470 342
1745480 342
1745490 343
1745500 348
1745510 348
1745520 351
1745530 354
1745540 354
1745550 356
1745560 358
1745570 358
1745580 359
1745590 364
1745600 367
1745610 367
1745620 371
1745630 378
1745640 378
1745650 380
1745660 382
1745670 382
1745680 384
1745690 386
1745700 386
1745710 386
1745720 390
1745730 390
1745740 394
1745750 396
1745760 396
1745770 397
1745780 398
1745790 398
1745800 398
1745810 398
1745820 397
1745830 397
1745840 396
1745850 395
1745860 395
1745870 394
1745880 393
1745890 393
1745900 392
1745910 391
1745920 391
1745930 391
1745940 390
1745950 390
1745960 390
1745970 391
1745980 391
1745990 391
1746000 392
1746010 393
1746020 393
1746030 394
1746040 395
1746050 395
1746060 395
1746070 396
1746080 396
1746090 397
1746100 397
1746110 397
1746120 396
1746130 394
1746140 389
1746150 389
1746160 391
1746170 389
1746180 389
1746190 386
1746200 386
1746210 386
1746220 384
1746230 383
1746240 383
1746250 382
1746260 382
1746270 382
1746280 380
1746290 376
1746300 376
1746310 377
1746320 376
1746330 374
1746340 374
1746350 373
1746360 371
1746370 371
1746380 370
1746390 369
1746400 369
1746410 369
1746420 368
1746430 368
1746440 368
1746450 367
1746460 367
1746470 366
1746480 365
1746490 365
1746500 364
1746510 363
1746520 363
1746530 363
1746540 362
1746550 361
1746560 361
1746570 359
1746580 358
1746590 358
1746600 357
1746610 354
1746620 354
1746630 356
1746640 356
1746650 356
1746660 356
1746670 356
1746680 356
1746690 356
1746700 356
1746710 356
1746720 356
1746730 357
1746740 358
1746750 358
1746760 358
1746770 359
1746780 359
1746790 360
1746800 361
1746810 361
1746820 361
1746830 361
1746840 361
1746850 361
1746860 361
1746870 360
1746880 360
1746890 360
1746900 359
1746910 359
1746920 359
1746930 358
1746940 358
1746950 357
1746960 356
1746970 356
1746980 355
1746990 353
1747000 353
1747010 352
1747020 351
1747030 351
1747040 350
1747050 348
1747060 346
1747070 346
1747080 346
1747090 345
1747100 345
1747110 343
1747120 343
1747130 343
1747140 343
1747150 344
1747160 344
1747170 344
1747180 344
1747190 344
1747200 345
1747210 345
1747220 345
1747230 345
1747240 346
1747250 346
1747260 346
1747270 345
1747280 345
1747290 345
1747300 343
1747310 340
1747320 340
1747330 340
1747340 339
1747350 339
1747360 339
1747370 338
1747380 338
1747390 337
1747400 337
1747410 336
1747420 336
1747430 336
1747440 335
1747450 335
1747460 334
1747470 334
1747480 334
1747490 333
1747500 332
1747510 332
1747520 331
1747530 329
1747540 329
1747550 328
1747560 326
1747570 326
1747580 325
1747590 324
1747600 321
1747610 321
1747620 318
1747630 317
1747640 317
1747650 317
1747660 317
1747670 317
1747680 317
1747690 318
1747700 318
1747710 320
1747720 323
1747730 323
1747740 324
1747750 326
1747760 329
1747770 329
1747780 331
1747790 333
1747800 333
1747810 335
1747820 335
1747830 335
1747840 336
1747850 336
1747860 336
1747870 336
1747880 335
1747890 335
1747900 335
1747910 335
1747920 335
1747930 335
1747940 334
1747950 334
1747960 334
1747970 334
1747980 334
1747990 334
1748000 333
1748010 333
1748020 333
1748030 332
1748040 332
1748050 332
1748060 331
1748070 330
1748080 330
1748090 329
1748100 328
1748110 328
1748120 327
1748130 326
1748140 324
1748150 324
1748160 323
1748170 323
1748180 323
1748190 322
1748200 321
1748210 321
1748220 320
1748230 319
1748240 319
1748250 318
1748260 318
1748270 318
1748280 317
1748290 317
1748300 316
1748310 316
1748320 313
1748330 312
1748340 312
1748350 312
1748360 312
1748370 312
1748380 311
1748390 311
1748400 311
1748410 312
1748420 312
1748430 312
1748440 313
1748450 314
1748460 314
1748470 314
1748480 314
1748490 315
1748500 315
1748510 316
1748520 317
1748530 317
1748540 318
1748550 320
1748560 320
1748570 320
1748580 321
1748590 321
1748600 322
1748610 322
1748620 322
1748630 321
1748640 318
1748650 318
1748660 317
1748670 315
1748680 313
1748690 313
1748700 310
1748710 308
1748720 308
1748730 307
1748740 310
1748750 310
1748760 312
1748770 314
1748780 314
1748790 316
1748800 319
1748810 319
1748820 321
1748830 322
1748840 323
1748850 323
1748860 324
1748870 324
1748880 324
1748890 324
1748900 323
1748910 323
1748920 322
1748930 321
1748940 321
1748950 320
1748960 318
1748970 318
1748980 317
1748990 316
1749000 316
1749010 314
1749020 314
1749030 314
1749040 314
1749050 316
1749060 317
1749070 317
1749080 318
1749090 319
1749100 319
1749110 319
1749120 320
1749130 320
1749140 320
1749150 319
1749160 319
1749170 319
1749180 318
1749190 318
1749200 318
1749210 317
1749220 316
1749230 316
1749240 315
1749250 313
1749260 313
1749270 311
1749280 310
1749290 310
1749300 308
1749310 306
1749320 306
1749330 304
1749340 303
1749350 303
1749360 302
1749370 301
1749380 300
1749390 300
1749400 299
1749410 298
1749420 298
1749430 298
1749440 297
1749450 297
1749460 296
1749470 296
1749480 296
1749490 294
1749500 293
1749510 293
1749520 292
1749530 291
1749540 291
1749550 290
1749560 288
1749570 286
1749580 286
1749590 287
1749600 287
1749610 287
1749620 287
1749630 287
1749640 287
1749650 287
1749660 288
1749670 288
1749680 288
1749690 288
1749700 288
1749710 289
1749720 289
1749730 289
1749740 288
1749750 288
1749760 288
1749770 288
1749780 289
1749790 289
1749800 289
1749810 289
1749820 289
1749830 289
1749840 290
1749850 290
1749860 290
1749870 291
1749880 291
1749890 291
1749900 291
1749910 292
1749920 292
1749930 292
1749940 292
1749950 291
1749960 291
1749970 291
1749980 291
1749990 291
1750000 291
1750010 291
1750020 291
1750030 290
1750040 290
1750050 290
1750060 290
1750070 289
1750080 289
1750090 289
1750100 289
1750110 289
1750120 289
1750130 289
1750140 288
1750150 288
1750160 288
1750170 288
1750180 288
1750190 288
1750200 287
1750210 287
1750220 287
1750230 286
1750240 286
1750250 286
1750260 285
1750270 285
1750280 285
1750290 285
1750300 284
1750310 284
1750320 284
1750330 283
1750340 283
1750350 283
1750360 283
1750370 283
1750380 283
1750390 283
1750400 283
1750410 282
1750420 282
1750430 282
1750440 282
1750450 284
1750460 284
1750470 284
1750480 282
1750490 282
1750500 282
1750510 282
1750520 282
1750530 282
1750540 282
1750550 282
1750560 282
1750570 282
1750580 282
1750590 282
1750600 282
1750610 282
1750620 282
1750630 282
1750640 281
1750650 281
1750660 281
1750670 281
1750680 281
1750690 281
1750700 281
1750710 281
1750720 281
1750730 281
1750740 281
1750750 281
1750760 280
1750770 280
1750780 280
1750790 280
1750800 279
1750810 279
1750820 279
1750830 279
1750840 279
1750850 279
1750860 279
1750870 279
1750880 279
1750890 279
1750900 279
1750910 279
1750920 277
1750930 276
1750940 276
1750950 276
1750960 277
1750970 277
1750980 280
1750990 280
1751000 280
1751010 280
1751020 280
1751030 280
1751040 280
1751050 280
1751060 280
1751070 280
1751080 281
1751090 280
1751100 280
1751110 281
1751120 282
1751130 282
1751140 284
1751150 285
1751160 285
1751170 288
1751180 290
1751190 291
1751200 291
1751210 292
1751220 293
1751230 293
1751240 294
1751250 294
1751260 294
1751270 295
1751280 296
1751290 296
1751300 297
1751310 297
1751320 297
1751330 298
1751340 300
1751350 300
1751360 300
1751370 302
1751380 303
1751390 303
1751400 304
1751410 305
1751420 305
1751430 306
1751440 307
1751450 307
1751460 308
1751470 308
1751480 308
1751490 309
1751500 310
1751510 310
1751520 310
1751530 311
1751540 311
1751550 312
1751560 313
1751570 314
1751580 314
1751590 315
1751600 317
1751610 317
1751620 318
1751630 320
1751640 320
1751650 323
1751660 324
1751670 324
1751680 325
1751690 327
1751700 327
1751710 328
1751720 330
1751730 332
1751740 332
1751750 333
1751760 335
1751770 335
1751780 337
1751790 339
1751800 339
1751810 341
1751820 341
1751830 341
1751840 345
1751850 347
1751860 347
1751870 348
1751880 350
1751890 350
1751900 354
1751910 354
1751920 352
1751930 352
1751940 352
1751950 351
1751960 351
1751970 349
1751980 348
1751990 348
1752000 346
1752010 345
1752020 345
1752030 343
1752040 342
1752050 342
1752060 341
1752070 340
1752080 340
1752090 339
1752100 338
1752110 337
1752120 337
1752130 336
1752140 334
1752150 334
1752160 333
1752170 331
1752180 331
1752190 330
1752200 329
1752210 329
1752220 327
1752230 326
1752240 326
1752250 325
1752260 324
1752270 323
1752280 323
1752290 322
1752300 321
1752310 321
1752320 320
1752330 318
1752340 318
1752350 316
1752360 316
1752370 316
1752380 317
1752390 318
1752400 318
1752410 320
1752420 321
1752430 321
1752440 321
1752450 321
1752460 322
1752470 322
1752480 322
1752490 321
1752500 321
1752510 321
1752520 319
1752530 319
1752540 320
1752550 320
1752560 320
1752570 319
1752580 318
1752590 318
1752600 317
1752610 316
1752620 316
1752630 315
1752640 314
1752650 313
1752660 313
1752670 313
1752680 313
1752690 313
1752700 313
1752710 313
1752720 313
1752730 312
1752740 312
1752750 312
1752760 311
1752770 312
1752780 312
1752790 312
1752800 311
1752810 311
1752820 311
1752830 311
1752840 311
1752850 311
1752860 310
1752870 310
1752880 310
1752890 310
1752900 310
1752910 310
1752920 310
1752930 309
1752940 309
1752950 309
1752960 309
1752970 309
1752980 309
1752990 308
1753000 308
1753010 308
1753020 308
1753030 307
1753040 307
1753050 307
1753060 307
1753070 307
1753080 306
1753090 305
1753100 305
1753110 305
1753120 305
1753130 305
1753140 305
1753150 304
1753160 304
1753170 304
1753180 304
1753190 304
1753200 304
1753210 303
1753220 304
1753230 304
1753240 303
1753250 303
1753260 303
1753270 303
1753280 303
1753290 303
1753300 303
1753310 303
1753320 303
1753330 302
1753340 302
1753350 301
1753360 301
1753370 301
1753380 302
1753390 302
1753400 303
1753410 302
1753420 302
1753430 302
1753440 301
1753450 301
1753460 300
1753470 300
1753480 300
1753490 299
1753500 299
1753510 299
1753520 298
1753530 297
1753540 297
1753550 297
1753560 296
1753570 295
1753580 295
1753590 294
1753600 293
1753610 293
1753620 292
1753630 291
1753640 291
1753650 290
1753660 290
1753670 290
1753680 289
1753690 288
1753700 288
1753710 287
1753720 287
1753730 286
1753740 286
1753750 285
1753760 284
1753770 284
1753780 283
1753790 283
1753800 283
1753810 283
1753820 282
1753830 282
1753840 282
1753850 283
1753860 283
1753870 283
1753880 283
1753890 282
1753900 282
1753910 282
1753920 281
1753930 281
1753940 281
1753950 281
1753960 281
1753970 281
1753980 281
1753990 281
1754000 281
1754010 281
1754020 281
1754030 281
1754040 281
1754050 281
1754060 281
1754070 280
1754080 280
1754090 280
1754100 280
1754110 279
1754120 279
1754130 280
1754140 281
1754150 281
1754160 281
1754170 281
1754180 281
1754190 283
1754200 283
1754210 283
1754220 284
1754230 285
1754240 285
1754250 286
1754260 287
1754270 289
1754280 289
1754290 291
1754300 294
1754310 294
1754320 296
1754330 299
1754340 299
1754350 302
1754360 305
1754370 305
1754380 307
1754390 310
1754400 310
1754410 313
1754420 316
1754430 320
1754440 320
1754450 323
1754460 324
1754470 324
1754480 325
1754490 326
1754500 326
1754510 326
1754520 327
1754530 327
1754540 328
1754550 329
1754560 329
1754570 330
1754580 331
1754590 331
1754600 331
1754610 332
1754620 330
1754630 330
1754640 327
1754650 327
1754660 327
1754670 326
1754680 325
1754690 325
1754700 325
1754710 326
1754720 326
1754730 326
1754740 326
1754750 326
1754760 327
1754770 328
1754780 328
1754790 330
1754800 334
1754810 336
1754820 336
1754830 337
1754840 339
1754850 339
1754860 339
1754870 341
1754880 341
1754890 342
1754900 343
1754910 342
1754920 344
1754930 346
1754940 346
1754950 348
1754960 350
1754970 353
1754980 353
1754990 356
1755000 357
1755010 357
1755020 359
1755030 358
1755040 358
1755050 355
1755060 354
1755070 354
1755080 354
1755090 353
1755100 353
1755110 354
1755120 354
1755130 354
1755140 355
1755150 355
1755160 355
1755170 355
1755180 355
1755190 356
1755200 356
1755210 357
1755220 359
1755230 359
1755240 359
1755250 358
1755260 358
1755270 356
1755280 355
1755290 355
1755300 353
1755310 352
1755320 352
1755330 351
1755340 351
1755350 353
1755360 353
1755370 353
1755380 353
1755390 353
1755400 353
1755410 353
1755420 353
1755430 351
1755440 349
1755450 349
1755460 346
1755470 344
1755480 344
1755490 342
1755500 340
1755510 339
1755520 339
1755530 338
1755540 337
1755550 337
1755560 337
1755570 336
1755580 336
1755590 336
1755600 335
1755610 335
1755620 335
1755630 335
1755640 335
1755650 335
1755660 336
1755670 336
1755680 338
1755690 340
1755700 341
1755710 341
1755720 344
1755730 347
1755740 347
1755750 350
1755760 353
1755770 353
1755780 355
1755790 358
1755800 358
1755810 360
1755820 363
1755830 363
1755840 366
1755850 369
1755860 369
1755870 371
1755880 374
1755890 376
1755900 376
1755910 378
1755920 380
1755930 380
1755940 382
1755950 384
1755960 384
1755970 386
1755980 387
1755990 387
1756000 388
1756010 388
1756020 388
1756030 387
1756040 386
1756050 384
1756060 384
1756070 383
1756080 378
1756090 378
1756100 373
1756110 373
1756120 373
1756130 370
1756140 366
1756150 366
1756160 367
1756170 367
1756180 367
1756190 366
1756200 366
1756210 366
1756220 370
1756230 371
1756240 370
1756250 370
1756260 368
1756270 363
1756280 363
1756290 363
1756300 360
1756310 360
1756320 360
1756330 359
1756340 359
1756350 358
1756360 356
1756370 356
1756380 355
1756390 353
1756400 351
1756410 349
1756420 350
1756430 349
1756440 349
1756450 347
1756460 345
1756470 345
1756480 343
1756490 342
1756500 342
1756510 339
1756520 337
1756530 337
1756540 337
1756550 336
1756560 336
1756570 333
1756580 332
1756590 331
1756600 331
1756610 329
1756620 327
1756630 327
1756640 328
1756650 330
1756660 330
1756670 332
1756680 332
1756690 332
1756700 333
1756710 333
1756720 333
1756730 334
1756740 334
1756750 334
1756760 333
1756770 333
1756780 332
1756790 332
1756800 332
1756810 331
1756820 331
1756830 330
1756840 329
1756850 329
1756860 328
1756870 326
1756880 326
1756890 323
1756900 320
1756910 320
1756920 319
1756930 320
1756940 320
1756950 322
1756960 323
1756970 321
1756980 321
1756990 320
1757000 320
1757010 320
1757020 318
1757030 315
1757040 315
1757050 316
1757060 316
1757070 316
1757080 316
1757090 316
1757100 316
1757110 315
1757120 315
1757130 314
1757140 314
1757150 314
1757160 314
1757170 314
1757180 314
1757190 313
1757200 313
1757210 312
1757220 312
1757230 312
1757240 311
1757250 311
1757260 311
1757270 311
1757280 310
1757290 310
1757300 310
1757310 311
1757320 311
1757330 311
1757340 310
1757350 310
1757360 310
1757370 310
1757380 310
1757390 310
1757400 310
1757410 310
1757420 310
1757430 309
1757440 309
1757450 309
1757460 309
1757470 309
1757480 309
1757490 309
1757500 309
1757510 309
1757520 309
1757530 310
1757540 311
1757550 311
1757560 313
1757570 315
1757580 315
1757590 316
1757600 317
1757610 317
1757620 318
1757630 319
1757640 319
1757650 320
1757660 320
1757670 320
1757680 320
1757690 320
1757700 319
1757710 319
1757720 318
1757730 316
1757740 316
1757750 315
1757760 313
1757770 313
1757780 312
1757790 310
1757800 310
1757810 309
1757820 308
1757830 308
1757840 307
1757850 306
1757860 305
1757870 305
1757880 305
1757890 304
1757900 304
1757910 304
1757920 303
1757930 303
1757940 303
1757950 302
1757960 302
1757970 302
1757980 301
1757990 301
1758000 301
1758010 301
1758020 301
1758030 300
1758040 300
1758050 299
1758060 299
1758070 299
1758080 299
1758090 299
1758100 298
1758110 298
1758120 298
1758130 298
1758140 298
1758150 298
1758160 298
1758170 297
1758180 297
1758190 296
1758200 295
1758210 295
1758220 295
1758230 294
1758240 293
1758250 293
1758260 293
1758270 293
1758280 293
1758290 292
1758300 292
1758310 292
1758320 292
1758330 292
1758340 292
1758350 292
1758360 291
1758370 291
1758380 292
1758390 291
1758400 291
1758410 291
1758420 291
1758430 291
1758440 291
1758450 291
1758460 291
1758470 291
1758480 290
1758490 290
1758500 290
1758510 290
1758520 289
1758530 289
1758540 289
1758550 289
1758560 289
1758570 289
1758580 288
1758590 288
1758600 288
1758610 288
1758620 287
1758630 287
1758640 287
1758650 287
1758660 287
1758670 287
1758680 287
1758690 287
1758700 287
1758710 287
1758720 287
1758730 287
1758740 286
1758750 286
1758760 286
1758770 286
1758780 286
1758790 286
1758800 285
1758810 286
1758820 286
1758830 286
1758840 286
1758850 286
1758860 286
1758870 287
1758880 287
1758890 287
1758900 287
1758910 287
1758920 287
1758930 288
1758940 288
1758950 288
1758960 289
1758970 289
1758980 289
1758990 291
1759000 293
1759010 293
1759020 295
1759030 297
1759040 297
1759050 300
1759060 305
1759070 305
1759080 309
1759090 313
1759100 313
1759110 317
1759120 320
1759130 322
1759140 322
1759150 321
1759160 321
1759170 321
1759180 319
1759190 318
1759200 318
1759210 317
1759220 316
1759230 316
1759240 315
1759250 314
1759260 314
1759270 314
1759280 313
1759290 312
1759300 311
1759310 310
1759320 310
1759330 310
1759340 309
1759350 308
1759360 308
1759370 307
1759380 306
1759390 306
1759400 305
1759410 304
1759420 304
1759430 303
1759440 302
1759450 302
1759460 302
1759470 301
1759480 300
1759490 300
1759500 299
1759510 298
1759520 298
1759530 298
1759540 297
1759550 297
1759560 296
1759570 295
1759580 295
1759590 295
1759600 294
1759610 294
1759620 293
1759630 292
1759640 292
1759650 291
1759660 290
1759670 289
1759680 289
1759690 288
1759700 286
1759710 286
1759720 287
1759730 287
1759740 287
1759750 286
1759760 285
1759770 285
1759780 286
1759790 287
1759800 287
1759810 287
1759820 287
1759830 287
1759840 286
1759850 286
1759860 285
1759870 285
1759880 285
1759890 285
1759900 285
1759910 284
1759920 284
1759930 284
1759940 284
1759950 284
1759960 284
1759970 284
1759980 283
1759990 283
