1740000 295
1740010 295
1740020 295
1740030 294
1740040 294
1740050 294
1740060 294
1740070 294
1740080 294
1740090 294
1740100 294
1740110 294
1740120 294
1740130 294
1740140 294
1740150 293
1740160 293
1740170 293
1740180 293
1740190 293
1740200 293
1740210 293
1740220 293
1740230 293
1740240 293
1740250 293
1740260 293
1740270 293
1740280 293
1740290 293
1740300 293
1740310 292
1740320 292
1740330 292
1740340 292
1740350 293
1740360 293
1740370 293
1740380 293
1740390 293
1740400 293
1740410 293
1740420 293
1740430 294
1740440 294
1740450 294
1740460 294
1740470 295
1740480 295
1740490 295
1740500 296
1740510 297
1740520 297
1740530 297
1740540 298
1740550 298
1740560 299
1740570 300
1740580 300
1740590 301
1740600 303
1740610 303
1740620 304
1740630 304
1740640 305
1740650 305
1740660 304
1740670 303
1740680 303
1740690 303
1740700 300
1740710 300
1740720 298
1740730 295
1740740 295
1740750 293
1740760 292
1740770 292
1740780 290
1740790 288
1740800 288
1740810 286
1740820 284
1740830 283
1740840 283
1740850 282
1740860 282
1740870 282
1740880 282
1740890 281
1740900 281
1740910 281
1740920 281
1740930 281
1740940 281
1740950 281
1740960 281
1740970 281
1740980 281
1740990 281
1741000 281
1741010 282
1741020 282
1741030 282
1741040 281
1741050 281
1741060 281
1741070 278
1741080 280
1741090 280
1741100 281
1741110 281
1741120 281
1741130 281
1741140 281
1741150 281
1741160 281
1741170 281
1741180 281
1741190 281
1741200 280
1741210 280
1741220 280
1741230 280
1741240 280
1741250 280
1741260 280
1741270 280
1741280 280
1741290 280
1741300 280
1741310 280
1741320 280
1741330 280
1741340 280
1741350 280
1741360 280
1741370 280
1741380 280
1741390 280
1741400 280
1741410 280
1741420 280
1741430 280
1741440 280
1741450 280
1741460 280
1741470 280
1741480 280
1741490 279
1741500 279
1741510 280
1741520 280
1741530 280
1741540 280
1741550 280
1741560 280
1741570 280
1741580 280
1741590 280
1741600 280
1741610 280
1741620 280
1741630 280
1741640 281
1741650 281
1741660 281
1741670 281
1741680 281
1741690 281
1741700 282
1741710 282
1741720 282
1741730 282
1741740 283
1741750 284
1741760 284
1741770 285
1741780 284
1741790 284
1741800 285
1741810 285
1741820 285
1741830 285
1741840 286
1741850 286
1741860 286
1741870 286
1741880 286
1741890 287
1741900 288
1741910 289
1741920 289
1741930 290
1741940 291
1741950 291
1741960 292
1741970 293
1741980 293
1741990 295
1742000 296
1742010 296
1742020 298
1742030 299
1742040 299
1742050 301
1742060 303
1742070 303
1742080 305
1742090 307
1742100 309
1742110 309
1742120 311
1742130 314
1742140 314
1742150 316
1742160 318
1742170 318
1742180 320
1742190 323
1742200 323
1742210 324
1742220 326
1742230 326
1742240 330
1742250 332
1742260 333
1742270 333
1742280 336
1742290 339
1742300 339
1742310 342
1742320 345
1742330 345
1742340 347
1742350 349
1742360 349
1742370 351
1742380 353
1742390 353
1742400 354
1742410 356
1742420 356
1742430 357
1742440 357
1742450 358
1742460 358
1742470 358
1742480 358
1742490 358
1742500 358
1742510 357
1742520 357
1742530 356
1742540 355
1742550 355
1742560 354
1742570 353
1742580 353
1742590 352
1742600 351
1742610 351
1742620 350
1742630 350
1742640 349
1742650 349
1742660 347
1742670 345
1742680 345
1742690 343
1742700 341
1742710 341
1742720 339
1742730 337
1742740 337
1742750 337
1742760 337
1742770 337
1742780 338
1742790 339
1742800 339
1742810 339
1742820 340
1742830 341
1742840 341
1742850 341
1742860 341
1742870 341
1742880 341
1742890 342
1742900 342
1742910 342
1742920 343
1742930 343
1742940 343
1742950 344
1742960 344
1742970 345
1742980 347
1742990 348
1743000 348
1743010 349
1743020 350
1743030 350
1743040 350
1743050 351
1743060 351
1743070 352
1743080 354
1743090 354
1743100 355
1743110 356
1743120 356
1743130 357
1743140 358
1743150 358
1743160 359
1743170 359
1743180 359
1743190 359
1743200 360
1743210 362
1743220 362
1743230 363
1743240 364
1743250 364
1743260 365
1743270 368
1743280 368
1743290 372
1743300 374
1743310 374
1743320 376
1743330 377
1743340 377
1743350 379
1743360 380
1743370 380
1743380 380
1743390 381
1743400 381
1743410 381
1743420 381
1743430 381
1743440 381
1743450 381
1743460 380
1743470 380
1743480 379
1743490 378
1743500 378
1743510 377
1743520 376
1743530 374
1743540 374
1743550 373
1743560 371
1743570 371
1743580 369
1743590 367
1743600 367
1743610 366
1743620 365
1743630 365
1743640 366
1743650 366
1743660 366
1743670 366
1743680 366
1743690 366
1743700 366
1743710 365
1743720 365
1743730 365
1743740 365
1743750 365
1743760 365
1743770 364
1743780 363
1743790 363
1743800 363
1743810 362
1743820 362
1743830 361
1743840 360
1743850 360
1743860 359
1743870 358
1743880 358
1743890 357
1743900 356
1743910 355
1743920 355
1743930 354
1743940 353
1743950 353
1743960 352
1743970 351
1743980 351
1743990 350
1744000 349
1744010 349
1744020 347
1744030 346
1744040 346
1744050 345
1744060 344
1744070 343
1744080 343
1744090 341
1744100 338
1744110 338
1744120 338
1744130 339
1744140 339
1744150 339
1744160 339
1744170 339
1744180 340
1744190 340
1744200 340
1744210 341
1744220 341
1744230 341
1744240 341
1744250 342
1744260 341
1744270 341
1744280 341
1744290 341
1744300 341
1744310 341
1744320 341
1744330 341
1744340 342
1744350 342
1744360 342
1744370 342
1744380 343
1744390 343
1744400 343
1744410 342
1744420 342
1744430 343
1744440 342
1744450 342
1744460 342
1744470 342
1744480 341
1744490 341
1744500 341
1744510 340
1744520 340
1744530 338
1744540 337
1744550 335
1744560 334
1744570 332
1744580 332
1744590 331
1744600 329
1744610 328
1744620 328
1744630 327
1744640 326
1744650 326
1744660 326
1744670 326
1744680 326
1744690 325
1744700 325
1744710 325
1744720 324
1744730 324
1744740 324
1744750 324
1744760 322
1744770 322
1744780 321
1744790 321
1744800 320
1744810 320
1744820 319
1744830 319
1744840 319
1744850 318
1744860 317
1744870 317
1744880 317
1744890 316
1744900 316
1744910 316
1744920 315
1744930 315
1744940 315
1744950 315
1744960 315
1744970 315
1744980 314
1744990 314
1745000 314
1745010 314
1745020 314
1745030 314
1745040 314
1745050 314
1745060 314
1745070 314
1745080 314
1745090 314
1745100 313
1745110 313
1745120 313
1745130 313
1745140 313
1745150 313
1745160 313
1745170 313
1745180 313
1745190 313
1745200 313
1745210 312
1745220 312
1745230 314
1745240 315
1745250 315
1745260 316
1745270 317
1745280 317
1745290 317
1745300 318
1745310 318
1745320 319
1745330 321
1745340 323
1745350 323
1745360 324
1745370 325
1745380 325
1745390 327
1745400 328
1745410 328
1745420 329
1745430 331
1745440 331
1745450 332
1745460 333
1745470 333
1745480 336
1745490 340
1745500 340
1745510 344
1745520 349
1745530 352
1745540 352
1745550 352
1745560 357
1745570 357
1745580 360
1745590 364
1745600 364
1745610 366
1745620 369
1745630 369
1745640 371
1745650 373
1745660 373
1745670 375
1745680 376
1745690 377
1745700 377
1745710 380
1745720 382
1745730 382
1745740 384
1745750 386
1745760 386
1745770 387
1745780 389
1745790 389
1745800 391
1745810 392
1745820 392
1745830 393
1745840 395
1745850 395
1745860 396
1745870 396
1745880 397
1745890 397
1745900 398
1745910 398
1745920 398
1745930 399
1745940 399
1745950 399
1745960 399
1745970 400
1745980 400
1745990 400
1746000 400
1746010 400
1746020 401
1746030 401
1746040 401
1746050 401
1746060 401
1746070 401
1746080 401
1746090 400
1746100 400
1746110 400
1746120 399
1746130 398
1746140 398
1746150 396
1746160 394
1746170 394
1746180 387
1746190 383
1746200 383
1746210 384
1746220 380
1746230 377
1746240 377
1746250 374
1746260 380
1746270 380
1746280 381
1746290 382
1746300 382
1746310 383
1746320 385
1746330 385
1746340 387
1746350 389
1746360 389
1746370 391
1746380 392
1746390 392
1746400 393
1746410 394
1746420 394
1746430 394
1746440 393
1746450 393
1746460 393
1746470 391
1746480 390
1746490 390
1746500 389
1746510 387
1746520 387
1746530 386
1746540 384
1746550 384
1746560 383
1746570 382
1746580 382
1746590 381
1746600 379
1746610 378
1746620 378
1746630 376
1746640 374
1746650 374
1746660 373
1746670 372
1746680 372
1746690 371
1746700 370
1746710 370
1746720 369
1746730 368
1746740 368
1746750 367
1746760 367
1746770 367
1746780 366
1746790 365
1746800 364
1746810 364
1746820 362
1746830 361
1746840 361
1746850 360
1746860 359
1746870 359
1746880 358
1746890 357
1746900 357
1746910 355
1746920 353
1746930 353
1746940 352
1746950 351
1746960 350
1746970 350
1746980 347
1746990 346
1747000 346
1747010 342
1747020 343
1747030 343
1747040 342
1747050 341
1747060 341
1747070 341
1747080 340
1747090 340
1747100 339
1747110 337
1747120 337
1747130 336
1747140 334
1747150 333
1747160 333
1747170 331
1747180 330
1747190 330
1747200 328
1747210 328
1747220 328
1747230 328
1747240 328
1747250 328
1747260 327
1747270 326
1747280 326
1747290 327
1747300 328
1747310 328
1747320 328
1747330 329
1747340 329
1747350 329
1747360 330
1747370 330
1747380 330
1747390 330
1747400 330
1747410 330
1747420 330
1747430 331
1747440 331
1747450 332
1747460 333
1747470 333
1747480 333
1747490 334
1747500 334
1747510 334
1747520 335
1747530 336
1747540 336
1747550 337
1747560 337
1747570 337
1747580 338
1747590 339
1747600 339
1747610 340
1747620 339
1747630 339
1747640 336
1747650 333
1747660 333
1747670 334
1747680 339
1747690 341
1747700 341
1747710 342
1747720 342
1747730 342
1747740 342
1747750 341
1747760 341
1747770 341
1747780 341
1747790 341
1747800 340
1747810 340
1747820 340
1747830 340
1747840 339
1747850 339
1747860 339
1747870 338
1747880 337
1747890 338
1747900 337
1747910 336
1747920 336
1747930 335
1747940 334
1747950 334
1747960 333
1747970 331
1747980 331
1747990 330
1748000 328
1748010 328
1748020 329
1748030 331
1748040 332
1748050 332
1748060 333
1748070 334
1748080 334
1748090 334
1748100 334
1748110 334
1748120 334
1748130 334
1748140 334
1748150 334
1748160 334
1748170 334
1748180 334
1748190 333
1748200 333
1748210 333
1748220 333
1748230 332
1748240 332
1748250 332
1748260 332
1748270 332
1748280 331
1748290 331
1748300 331
1748310 331
1748320 331
1748330 331
1748340 330
1748350 330
1748360 330
1748370 330
1748380 329
1748390 329
1748400 329
1748410 328
1748420 327
1748430 327
1748440 326
1748450 325
1748460 325
1748470 324
1748480 323
1748490 323
1748500 321
1748510 319
1748520 319
1748530 321
1748540 322
1748550 322
1748560 323
1748570 323
1748580 324
1748590 324
1748600 325
1748610 325
1748620 325
1748630 325
1748640 324
1748650 324
1748660 325
1748670 326
1748680 326
1748690 327
1748700 327
1748710 327
1748720 327
1748730 328
1748740 328
1748750 328
1748760 328
1748770 327
1748780 327
1748790 327
1748800 327
1748810 327
1748820 327
1748830 327
1748840 327
1748850 326
1748860 326
1748870 326
1748880 326
1748890 326
1748900 326
1748910 326
1748920 326
1748930 326
1748940 326
1748950 326
1748960 326
1748970 326
1748980 326
1748990 326
1749000 326
1749010 326
1749020 326
1749030 326
1749040 325
1749050 325
1749060 325
1749070 324
1749080 323
1749090 323
1749100 322
1749110 321
1749120 320
1749130 320
1749140 319
1749150 318
1749160 318
1749170 316
1749180 315
1749190 315
1749200 313
1749210 312
1749220 312
1749230 312
1749240 311
1749250 311
1749260 310
1749270 310
1749280 310
1749290 310
1749300 309
1749310 308
1749320 308
1749330 308
1749340 306
1749350 306
1749360 305
1749370 301
1749380 301
1749390 294
1749400 290
1749410 290
1749420 289
1749430 290
1749440 290
1749450 290
1749460 290
1749470 290
1749480 290
1749490 291
1749500 293
1749510 293
1749520 294
1749530 294
1749540 294
1749550 294
1749560 296
1749570 296
1749580 298
1749590 299
1749600 299
1749610 301
1749620 302
1749630 302
1749640 304
1749650 304
1749660 304
1749670 304
1749680 303
1749690 304
1749700 304
1749710 304
1749720 305
1749730 305
1749740 304
1749750 303
1749760 303
1749770 301
1749780 300
1749790 300
1749800 298
1749810 297
1749820 297
1749830 296
1749840 296
1749850 295
1749860 295
1749870 294
1749880 294
1749890 294
1749900 293
1749910 293
1749920 293
1749930 293
1749940 293
1749950 293
1749960 292
1749970 292
1749980 292
1749990 292
1750000 292
1750010 292
1750020 292
1750030 291
1750040 291
1750050 291
1750060 291
1750070 291
1750080 291
1750090 291
1750100 291
1750110 291
1750120 291
1750130 291
1750140 291
1750150 291
1750160 291
1750170 291
1750180 291
1750190 290
1750200 290
1750210 290
1750220 290
1750230 290
1750240 290
1750250 290
1750260 290
1750270 290
1750280 290
1750290 290
1750300 290
1750310 289
1750320 289
1750330 289
1750340 289
1750350 289
1750360 289
1750370 288
1750380 287
1750390 287
1750400 287
1750410 286
1750420 286
1750430 286
1750440 286
1750450 285
1750460 285
1750470 285
1750480 285
1750490 285
1750500 285
1750510 284
1750520 284
1750530 284
1750540 284
1750550 284
1750560 284
1750570 284
1750580 284
1750590 284
1750600 283
1750610 283
1750620 283
1750630 283
1750640 283
1750650 283
1750660 283
1750670 282
1750680 282
1750690 282
1750700 282
1750710 282
1750720 282
1750730 282
1750740 282
1750750 282
1750760 282
1750770 281
1750780 281
1750790 281
1750800 281
1750810 281
1750820 280
1750830 280
1750840 280
1750850 280
1750860 280
1750870 280
1750880 280
1750890 280
1750900 280
1750910 280
1750920 280
1750930 280
1750940 280
1750950 280
1750960 280
1750970 280
1750980 280
1750990 280
1751000 280
1751010 280
1751020 280
1751030 280
1751040 280
1751050 280
1751060 280
1751070 280
1751080 280
1751090 280
1751100 280
1751110 280
1751120 277
1751130 277
1751140 280
1751150 280
1751160 280
1751170 280
1751180 280
1751190 280
1751200 280
1751210 281
1751220 281
1751230 281
1751240 281
1751250 281
1751260 281
1751270 281
1751280 281
1751290 281
1751300 281
1751310 281
1751320 281
1751330 281
1751340 282
1751350 282
1751360 281
1751370 282
1751380 282
1751390 282
1751400 283
1751410 283
1751420 284
1751430 285
1751440 285
1751450 286
1751460 289
1751470 292
1751480 292
1751490 294
1751500 296
1751510 296
1751520 297
1751530 299
1751540 299
1751550 301
1751560 302
1751570 302
1751580 303
1751590 305
1751600 305
1751610 306
1751620 308
1751630 308
1751640 309
1751650 311
1751660 313
1751670 313
1751680 315
1751690 318
1751700 318
1751710 322
1751720 326
1751730 326
1751740 328
1751750 330
1751760 330
1751770 333
1751780 337
1751790 337
1751800 343
1751810 349
1751820 349
1751830 354
1751840 360
1751850 366
1751860 366
1751870 372
1751880 378
1751890 378
1751900 378
1751910 379
1751920 379
1751930 379
1751940 379
1751950 379
1751960 377
1751970 377
1751980 377
1751990 376
1752000 374
1752010 372
1752020 372
1752030 371
1752040 371
1752050 371
1752060 370
1752070 369
1752080 369
1752090 367
1752100 365
1752110 365
1752120 363
1752130 361
1752140 361
1752150 361
1752160 360
1752170 360
1752180 358
1752190 358
1752200 357
1752210 357
1752220 356
1752230 355
1752240 355
1752250 354
1752260 352
1752270 352
1752280 352
1752290 350
1752300 350
1752310 350
1752320 349
1752330 349
1752340 349
1752350 349
1752360 349
1752370 349
1752380 349
1752390 349
1752400 349
1752410 349
1752420 349
1752430 349
1752440 349
1752450 349
1752460 349
1752470 349
1752480 349
1752490 349
1752500 349
1752510 348
1752520 348
1752530 348
1752540 347
1752550 346
1752560 346
1752570 346
1752580 345
1752590 345
1752600 345
1752610 345
1752620 345
1752630 346
1752640 346
1752650 346
1752660 346
1752670 345
1752680 345
1752690 344
1752700 343
1752710 343
1752720 342
1752730 340
1752740 338
1752750 338
1752760 335
1752770 334
1752780 334
1752790 333
1752800 332
1752810 332
1752820 331
1752830 331
1752840 331
1752850 330
1752860 329
1752870 329
1752880 328
1752890 328
1752900 328
1752910 327
1752920 326
1752930 326
1752940 326
1752950 325
1752960 324
1752970 324
1752980 323
1752990 323
1753000 323
1753010 320
1753020 319
1753030 319
1753040 318
1753050 316
1753060 316
1753070 316
1753080 315
1753090 314
1753100 314
1753110 313
1753120 312
1753130 312
1753140 311
1753150 311
1753160 311
1753170 310
1753180 309
1753190 309
1753200 308
1753210 308
1753220 308
1753230 307
1753240 306
1753250 306
1753260 306
1753270 305
1753280 304
1753290 304
1753300 303
1753310 302
1753320 302
1753330 301
1753340 301
1753350 301
1753360 301
1753370 300
1753380 300
1753390 300
1753400 300
1753410 300
1753420 300
1753430 300
1753440 300
1753450 299
1753460 299
1753470 298
1753480 298
1753490 298
1753500 297
1753510 297
1753520 296
1753530 295
1753540 295
1753550 295
1753560 294
1753570 294
1753580 293
1753590 292
1753600 292
1753610 292
1753620 291
1753630 291
1753640 291
1753650 291
1753660 290
1753670 290
1753680 289
1753690 288
1753700 288
1753710 287
1753720 287
1753730 287
1753740 286
1753750 286
1753760 286
1753770 286
1753780 286
1753790 286
1753800 285
1753810 285
1753820 285
1753830 285
1753840 285
1753850 284
1753860 284
1753870 284
1753880 284
1753890 284
1753900 283
1753910 283
1753920 283
1753930 283
1753940 283
1753950 283
1753960 283
1753970 282
1753980 282
1753990 282
1754000 282
1754010 282
1754020 282
1754030 281
1754040 281
1754050 281
1754060 281
1754070 281
1754080 281
1754090 281
1754100 281
1754110 281
1754120 281
1754130 282
1754140 282
1754150 282
1754160 282
1754170 282
1754180 282
1754190 283
1754200 283
1754210 283
1754220 283
1754230 283
1754240 283
1754250 283
1754260 283
1754270 283
1754280 284
1754290 284
1754300 284
1754310 284
1754320 284
1754330 284
1754340 285
1754350 286
1754360 285
1754370 285
1754380 285
1754390 286
1754400 286
1754410 286
1754420 286
1754430 286
1754440 285
1754450 286
1754460 286
1754470 288
1754480 290
1754490 290
1754500 292
1754510 295
1754520 295
1754530 297
1754540 299
1754550 301
1754560 301
1754570 303
1754580 306
1754590 306
1754600 308
1754610 311
1754620 311
1754630 314
1754640 317
1754650 317
1754660 320
1754670 323
1754680 323
1754690 325
1754700 328
1754710 328
1754720 329
1754730 330
1754740 328
1754750 328
1754760 321
1754770 319
1754780 319
1754790 317
1754800 316
1754810 316
1754820 316
1754830 317
1754840 317
1754850 318
1754860 318
1754870 318
1754880 316
1754890 313
1754900 312
1754910 312
1754920 310
1754930 306
1754940 306
1754950 303
1754960 301
1754970 301
1754980 301
1754990 300
1755000 300
1755010 301
1755020 303
1755030 303
1755040 306
1755050 308
1755060 308
1755070 311
1755080 314
1755090 314
1755100 314
1755110 313
1755120 311
1755130 311
1755140 309
1755150 308
1755160 308
1755170 308
1755180 307
1755190 307
1755200 305
1755210 303
1755220 303
1755230 303
1755240 304
1755250 304
1755260 305
1755270 307
1755280 308
1755290 308
1755300 309
1755310 309
1755320 309
1755330 309
1755340 309
1755350 309
1755360 310
1755370 311
1755380 311
1755390 311
1755400 312
1755410 312
1755420 312
1755430 313
1755440 315
1755450 315
1755460 319
1755470 323
1755480 323
1755490 323
1755500 324
1755510 324
1755520 326
1755530 327
1755540 327
1755550 329
1755560 330
1755570 330
1755580 328
1755590 329
1755600 329
1755610 328
1755620 328
1755630 324
1755640 324
1755650 319
1755660 314
1755670 313
1755680 316
1755690 320
1755700 320
1755710 320
1755720 321
1755730 321
1755740 323
1755750 324
1755760 324
1755770 328
1755780 331
1755790 331
1755800 333
1755810 339
1755820 343
1755830 343
1755840 347
1755850 350
1755860 350
1755870 353
1755880 357
1755890 357
1755900 361
1755910 365
1755920 365
1755930 369
1755940 372
1755950 372
1755960 375
1755970 377
1755980 377
1755990 377
1756000 375
1756010 372
1756020 372
1756030 369
1756040 366
1756050 366
1756060 364
1756070 362
1756080 362
1756090 361
1756100 359
1756110 359
1756120 357
1756130 356
1756140 356
1756150 354
1756160 353
1756170 351
1756180 351
1756190 350
1756200 350
1756210 350
1756220 349
1756230 348
1756240 348
1756250 347
1756260 346
1756270 346
1756280 344
1756290 344
1756300 344
1756310 343
1756320 343
1756330 343
1756340 342
1756350 341
1756360 339
1756370 339
1756380 339
1756390 338
1756400 338
1756410 336
1756420 334
1756430 334
1756440 336
1756450 337
1756460 337
1756470 337
1756480 337
1756490 337
1756500 336
1756510 335
1756520 334
1756530 334
1756540 333
1756550 333
1756560 333
1756570 332
1756580 331
1756590 331
1756600 329
1756610 329
1756620 329
1756630 328
1756640 327
1756650 327
1756660 326
1756670 324
1756680 324
1756690 324
1756700 326
1756710 326
1756720 326
1756730 327
1756740 327
1756750 327
1756760 327
1756770 328
1756780 328
1756790 328
1756800 328
1756810 328
1756820 329
1756830 330
1756840 330
1756850 330
1756860 331
1756870 331
1756880 331
1756890 331
1756900 332
1756910 332
1756920 332
1756930 332
1756940 332
1756950 332
1756960 332
1756970 332
1756980 333
1756990 332
1757000 332
1757010 332
1757020 332
1757030 332
1757040 332
1757050 332
1757060 332
1757070 332
1757080 332
1757090 332
1757100 332
1757110 332
1757120 332
1757130 332
1757140 333
1757150 333
1757160 333
1757170 333
1757180 332
1757190 332
1757200 332
1757210 332
1757220 332
1757230 332
1757240 332
1757250 332
1757260 332
1757270 332
1757280 333
1757290 333
1757300 333
1757310 334
1757320 334
1757330 333
1757340 333
1757350 333
1757360 333
1757370 333
1757380 333
1757390 332
1757400 331
1757410 331
1757420 330
1757430 329
1757440 328
1757450 328
1757460 327
1757470 326
1757480 326
1757490 325
1757500 324
1757510 324
1757520 324
1757530 323
1757540 323
1757550 322
1757560 322
1757570 322
1757580 321
1757590 320
1757600 319
1757610 319
1757620 318
1757630 317
1757640 317
1757650 317
1757660 317
1757670 317
1757680 316
1757690 316
1757700 316
1757710 316
1757720 315
1757730 315
1757740 315
1757750 314
1757760 314
1757770 314
1757780 313
1757790 312
1757800 312
1757810 311
1757820 310
1757830 310
1757840 309
1757850 308
1757860 308
1757870 307
1757880 306
1757890 306
1757900 306
1757910 306
1757920 306
1757930 305
1757940 304
1757950 304
1757960 304
1757970 303
1757980 303
1757990 303
1758000 302
1758010 302
1758020 302
1758030 301
1758040 301
1758050 301
1758060 300
1758070 299
1758080 299
1758090 299
1758100 298
1758110 298
1758120 297
1758130 296
1758140 296
1758150 295
1758160 295
1758170 295
1758180 295
1758190 294
1758200 294
1758210 294
1758220 294
1758230 293
1758240 293
1758250 293
1758260 293
1758270 293
1758280 293
1758290 292
1758300 292
1758310 292
1758320 291
1758330 291
1758340 291
1758350 291
1758360 290
1758370 290
1758380 290
1758390 290
1758400 290
1758410 289
1758420 289
1758430 289
1758440 289
1758450 289
1758460 289
1758470 289
1758480 288
1758490 288
1758500 288
1758510 288
1758520 288
1758530 288
1758540 288
1758550 287
1758560 287
1758570 287
1758580 288
1758590 290
1758600 291
1758610 294
1758620 294
1758630 296
1758640 296
1758650 296
1758660 299
1758670 299
1758680 299
1758690 300
1758700 303
1758710 304
1758720 304
1758730 306
1758740 307
1758750 307
1758760 310
1758770 312
1758780 312
1758790 316
1758800 318
1758810 318
1758820 321
1758830 324
1758840 324
1758850 327
1758860 329
1758870 331
1758880 331
1758890 332
1758900 331
1758910 331
1758920 330
1758930 329
1758940 329
1758950 327
1758960 326
1758970 326
1758980 325
1758990 323
1759000 323
1759010 322
1759020 321
1759030 321
1759040 319
1759050 318
1759060 317
1759070 317
1759080 315
1759090 313
1759100 313
1759110 311
1759120 310
1759130 310
1759140 309
1759150 308
1759160 308
1759170 306
1759180 306
1759190 306
1759200 305
1759210 305
1759220 305
1759230 305
1759240 305
1759250 304
1759260 304
1759270 303
1759280 302
1759290 302
1759300 303
1759310 304
1759320 304
1759330 306
1759340 306
1759350 306
1759360 306
1759370 305
1759380 305
1759390 303
1759400 302
1759410 302
1759420 302
1759430 303
1759440 302
1759450 302
1759460 301
1759470 301
1759480 301
1759490 301
1759500 300
1759510 300
1759520 301
1759530 301
1759540 301
1759550 301
1759560 300
1759570 300
1759580 300
1759590 299
1759600 299
1759610 299
1759620 299
1759630 299
1759640 299
1759650 299
1759660 299
1759670 299
1759680 299
1759690 299
1759700 299
1759710 298
1759720 299
1759730 299
1759740 299
1759750 299
1759760 299
1759770 299
1759780 300
1759790 301
1759800 301
1759810 301
1759820 302
1759830 302
1759840 302
1759850 302
1759860 302
1759870 303
1759880 303
1759890 303
1759900 303
1759910 303
1759920 303
1759930 303
1759940 303
1759950 303
1759960 303
1759970 302
1759980 303
1759990 303
