1740000 310
1740010 309
1740020 309
1740030 308
1740040 306
1740050 306
1740060 306
1740070 305
1740080 305
1740090 304
1740100 304
1740110 304
1740120 303
1740130 303
1740140 303
1740150 302
1740160 302
1740170 301
1740180 301
1740190 301
1740200 300
1740210 300
1740220 300
1740230 300
1740240 300
1740250 300
1740260 299
1740270 299
1740280 299
1740290 299
1740300 299
1740310 299
1740320 299
1740330 299
1740340 298
1740350 298
1740360 298
1740370 298
1740380 298
1740390 298
1740400 298
1740410 297
1740420 297
1740430 297
1740440 297
1740450 296
1740460 296
1740470 296
1740480 295
1740490 295
1740500 295
1740510 294
1740520 294
1740530 294
1740540 294
1740550 293
1740560 293
1740570 293
1740580 293
1740590 293
1740600 293
1740610 293
1740620 293
1740630 293
1740640 292
1740650 292
1740660 292
1740670 292
1740680 292
1740690 292
1740700 291
1740710 291
1740720 291
1740730 291
1740740 290
1740750 290
1740760 289
1740770 288
1740780 288
1740790 288
1740800 288
1740810 288
1740820 287
1740830 287
1740840 287
1740850 286
1740860 288
1740870 288
1740880 288
1740890 287
1740900 286
1740910 286
1740920 286
1740930 286
1740940 286
1740950 286
1740960 285
1740970 285
1740980 285
1740990 286
1741000 286
1741010 286
1741020 286
1741030 286
1741040 287
1741050 287
1741060 288
1741070 288
1741080 289
1741090 289
1741100 289
1741110 289
1741120 290
1741130 290
1741140 290
1741150 290
1741160 290
1741170 290
1741180 291
1741190 291
1741200 291
1741210 291
1741220 291
1741230 292
1741240 292
1741250 292
1741260 292
1741270 291
1741280 290
1741290 290
1741300 289
1741310 287
1741320 287
1741330 285
1741340 284
1741350 284
1741360 283
1741370 283
1741380 283
1741390 283
1741400 283
1741410 283
1741420 283
1741430 283
1741440 283
1741450 283
1741460 283
1741470 282
1741480 282
1741490 282
1741500 280
1741510 280
1741520 282
1741530 283
1741540 283
1741550 283
1741560 283
1741570 283
1741580 283
1741590 283
1741600 283
1741610 283
1741620 283
1741630 283
1741640 283
1741650 283
1741660 283
1741670 283
1741680 283
1741690 283
1741700 283
1741710 283
1741720 283
1741730 283
1741740 283
1741750 283
1741760 283
1741770 283
1741780 283
1741790 283
1741800 283
1741810 283
1741820 283
1741830 283
1741840 284
1741850 284
1741860 284
1741870 282
1741880 284
1741890 284
1741900 284
1741910 284
1741920 284
1741930 284
1741940 284
1741950 284
1741960 284
1741970 284
1741980 284
1741990 284
1742000 284
1742010 284
1742020 284
1742030 284
1742040 284
1742050 284
1742060 284
1742070 284
1742080 284
1742090 284
1742100 284
1742110 284
1742120 284
1742130 284
1742140 284
1742150 284
1742160 284
1742170 284
1742180 284
1742190 284
1742200 285
1742210 285
1742220 285
1742230 285
1742240 285
1742250 285
1742260 285
1742270 285
1742280 286
1742290 287
1742300 287
1742310 288
1742320 289
1742330 289
1742340 291
1742350 292
1742360 293
1742370 293
1742380 294
1742390 295
1742400 295
1742410 297
1742420 301
1742430 301
1742440 305
1742450 308
1742460 308
1742470 310
1742480 312
1742490 312
1742500 319
1742510 324
1742520 327
1742530 327
1742540 331
1742550 333
1742560 333
1742570 333
1742580 333
1742590 333
1742600 333
1742610 332
1742620 332
1742630 332
1742640 331
1742650 331
1742660 331
1742670 332
1742680 332
1742690 333
1742700 334
1742710 336
1742720 336
1742730 337
1742740 338
1742750 338
1742760 340
1742770 342
1742780 342
1742790 343
1742800 344
1742810 344
1742820 346
1742830 347
1742840 347
1742850 349
1742860 350
1742870 350
1742880 352
1742890 353
1742900 354
1742910 354
1742920 355
1742930 357
1742940 357
1742950 358
1742960 360
1742970 360
1742980 363
1742990 367
1743000 367
1743010 369
1743020 370
1743030 370
1743040 372
1743050 374
1743060 375
1743070 375
1743080 377
1743090 378
1743100 378
1743110 380
1743120 381
1743130 381
1743140 382
1743150 380
1743160 380
1743170 378
1743180 379
1743190 379
1743200 379
1743210 380
1743220 380
1743230 382
1743240 383
1743250 383
1743260 383
1743270 383
1743280 384
1743290 384
1743300 385
1743310 385
1743320 385
1743330 386
1743340 387
1743350 387
1743360 387
1743370 388
1743380 388
1743390 389
1743400 389
1743410 389
1743420 390
1743430 392
1743440 394
1743450 394
1743460 396
1743470 397
1743480 397
1743490 396
1743500 394
1743510 394
1743520 394
1743530 394
1743540 394
1743550 394
1743560 394
1743570 394
1743580 394
1743590 394
1743600 394
1743610 393
1743620 393
1743630 393
1743640 393
1743650 392
1743660 392
1743670 392
1743680 390
1743690 388
1743700 388
1743710 386
1743720 383
1743730 383
1743740 380
1743750 378
1743760 378
1743770 376
1743780 374
1743790 372
1743800 372
1743810 371
1743820 369
1743830 369
1743840 368
1743850 368
1743860 368
1743870 367
1743880 367
1743890 367
1743900 367
1743910 368
1743920 368
1743930 369
1743940 369
1743950 369
1743960 369
1743970 370
1743980 371
1743990 371
1744000 371
1744010 371
1744020 371
1744030 371
1744040 371
1744050 371
1744060 371
1744070 370
1744080 370
1744090 369
1744100 368
1744110 368
1744120 368
1744130 367
1744140 367
1744150 366
1744160 365
1744170 363
1744180 363
1744190 363
1744200 362
1744210 362
1744220 361
1744230 360
1744240 360
1744250 359
1744260 359
1744270 359
1744280 358
1744290 357
1744300 357
1744310 356
1744320 355
1744330 355
1744340 355
1744350 354
1744360 353
1744370 353
1744380 352
1744390 351
1744400 351
1744410 350
1744420 349
1744430 349
1744440 348
1744450 347
1744460 347
1744470 347
1744480 347
1744490 347
1744500 347
1744510 347
1744520 347
1744530 347
1744540 346
1744550 345
1744560 345
1744570 345
1744580 345
1744590 345
1744600 345
1744610 346
1744620 346
1744630 346
1744640 346
1744650 346
1744660 346
1744670 345
1744680 345
1744690 344
1744700 343
1744710 342
1744720 342
1744730 341
1744740 340
1744750 340
1744760 340
1744770 339
1744780 339
1744790 339
1744800 337
1744810 337
1744820 336
1744830 335
1744840 335
1744850 335
1744860 334
1744870 334
1744880 334
1744890 334
1744900 334
1744910 334
1744920 334
1744930 333
1744940 333
1744950 333
1744960 333
1744970 333
1744980 332
1744990 332
1745000 332
1745010 332
1745020 331
1745030 331
1745040 331
1745050 331
1745060 330
1745070 330
1745080 330
1745090 329
1745100 329
1745110 328
1745120 327
1745130 327
1745140 326
1745150 325
1745160 325
1745170 326
1745180 326
1745190 326
1745200 326
1745210 325
1745220 325
1745230 325
1745240 325
1745250 324
1745260 324
1745270 324
1745280 324
1745290 324
1745300 323
1745310 322
1745320 322
1745330 321
1745340 321
1745350 321
1745360 321
1745370 321
1745380 321
1745390 321
1745400 320
1745410 320
1745420 320
1745430 320
1745440 320
1745450 320
1745460 320
1745470 319
1745480 319
1745490 320
1745500 320
1745510 320
1745520 321
1745530 321
1745540 321
1745550 321
1745560 322
1745570 322
1745580 323
1745590 324
1745600 325
1745610 325
1745620 327
1745630 329
1745640 329
1745650 331
1745660 334
1745670 334
1745680 335
1745690 337
1745700 337
1745710 343
1745720 350
1745730 350
1745740 352
1745750 354
1745760 354
1745770 355
1745780 355
1745790 355
1745800 355
1745810 353
1745820 352
1745830 352
1745840 350
1745850 349
1745860 349
1745870 347
1745880 345
1745890 345
1745900 341
1745910 337
1745920 337
1745930 336
1745940 339
1745950 339
1745960 342
1745970 345
1745980 348
1745990 348
1746000 346
1746010 347
1746020 347
1746030 347
1746040 350
1746050 350
1746060 356
1746070 359
1746080 359
1746090 363
1746100 365
1746110 365
1746120 368
1746130 370
1746140 370
1746150 372
1746160 373
1746170 375
1746180 375
1746190 377
1746200 377
1746210 377
1746220 378
1746230 382
1746240 382
1746250 386
1746260 388
1746270 388
1746280 389
1746290 390
1746300 390
1746310 391
1746320 392
1746330 392
1746340 392
1746350 392
1746360 389
1746370 389
1746380 386
1746390 383
1746400 383
1746410 381
1746420 379
1746430 379
1746440 378
1746450 377
1746460 377
1746470 375
1746480 373
1746490 373
1746500 375
1746510 378
1746520 379
1746530 379
1746540 380
1746550 382
1746560 382
1746570 385
1746580 388
1746590 388
1746600 390
1746610 392
1746620 392
1746630 393
1746640 395
1746650 395
1746660 397
1746670 399
1746680 399
1746690 401
1746700 404
1746710 406
1746720 406
1746730 407
1746740 407
1746750 407
1746760 407
1746770 407
1746780 407
1746790 407
1746800 406
1746810 406
1746820 405
1746830 405
1746840 405
1746850 404
1746860 403
1746870 402
1746880 402
1746890 401
1746900 400
1746910 400
1746920 399
1746930 398
1746940 398
1746950 398
1746960 397
1746970 397
1746980 396
1746990 395
1747000 395
1747010 394
1747020 393
1747030 393
1747040 392
1747050 391
1747060 390
1747070 390
1747080 388
1747090 385
1747100 385
1747110 384
1747120 382
1747130 382
1747140 380
1747150 379
1747160 379
1747170 377
1747180 374
1747190 374
1747200 372
1747210 370
1747220 370
1747230 370
1747240 369
1747250 368
1747260 368
1747270 365
1747280 362
1747290 362
1747300 361
1747310 360
1747320 360
1747330 358
1747340 357
1747350 357
1747360 355
1747370 354
1747380 354
1747390 355
1747400 357
1747410 362
1747420 364
1747430 366
1747440 367
1747450 367
1747460 368
1747470 370
1747480 370
1747490 372
1747500 374
1747510 374
1747520 374
1747530 374
1747540 374
1747550 374
1747560 373
1747570 373
1747580 373
1747590 372
1747600 371
1747610 371
1747620 370
1747630 369
1747640 369
1747650 368
1747660 367
1747670 367
1747680 367
1747690 366
1747700 366
1747710 365
1747720 364
1747730 364
1747740 364
1747750 363
1747760 363
1747770 362
1747780 361
1747790 360
1747800 360
1747810 359
1747820 358
1747830 358
1747840 357
1747850 355
1747860 355
1747870 353
1747880 351
1747890 351
1747900 348
1747910 346
1747920 346
1747930 345
1747940 344
1747950 344
1747960 343
1747970 342
1747980 340
1747990 340
1748000 339
1748010 337
1748020 337
1748030 336
1748040 335
1748050 335
1748060 332
1748070 331
1748080 331
1748090 332
1748100 335
1748110 335
1748120 341
1748130 345
1748140 345
1748150 346
1748160 346
1748170 346
1748180 346
1748190 345
1748200 345
1748210 345
1748220 345
1748230 344
1748240 344
1748250 344
1748260 343
1748270 343
1748280 343
1748290 342
1748300 342
1748310 342
1748320 342
1748330 341
1748340 341
1748350 340
1748360 340
1748370 340
1748380 340
1748390 341
1748400 341
1748410 341
1748420 341
1748430 341
1748440 341
1748450 341
1748460 341
1748470 342
1748480 342
1748490 342
1748500 343
1748510 343
1748520 343
1748530 343
1748540 343
1748550 343
1748560 343
1748570 343
1748580 343
1748590 343
1748600 342
1748610 341
1748620 341
1748630 339
1748640 337
1748650 337
1748660 336
1748670 335
1748680 335
1748690 335
1748700 334
1748710 333
1748720 333
1748730 332
1748740 330
1748750 330
1748760 328
1748770 326
1748780 326
1748790 324
1748800 323
1748810 323
1748820 322
1748830 322
1748840 322
1748850 321
1748860 320
1748870 319
1748880 319
1748890 317
1748900 316
1748910 316
1748920 314
1748930 313
1748940 313
1748950 311
1748960 311
1748970 311
1748980 310
1748990 310
1749000 310
1749010 310
1749020 310
1749030 312
1749040 314
1749050 319
1749060 322
1749070 322
1749080 324
1749090 326
1749100 326
1749110 329
1749120 332
1749130 332
1749140 335
1749150 335
1749160 335
1749170 334
1749180 333
1749190 333
1749200 332
1749210 330
1749220 330
1749230 332
1749240 333
1749250 334
1749260 334
1749270 334
1749280 335
1749290 335
1749300 335
1749310 336
1749320 336
1749330 336
1749340 336
1749350 336
1749360 336
1749370 336
1749380 336
1749390 336
1749400 336
1749410 336
1749420 336
1749430 336
1749440 336
1749450 336
1749460 335
1749470 335
1749480 335
1749490 335
1749500 335
1749510 335
1749520 335
1749530 335
1749540 335
1749550 335
1749560 335
1749570 335
1749580 335
1749590 335
1749600 335
1749610 335
1749620 334
1749630 334
1749640 334
1749650 333
1749660 331
1749670 331
1749680 330
1749690 327
1749700 327
1749710 325
1749720 323
1749730 323
1749740 321
1749750 319
1749760 319
1749770 318
1749780 316
1749790 314
1749800 314
1749810 313
1749820 312
1749830 312
1749840 311
1749850 310
1749860 310
1749870 309
1749880 307
1749890 307
1749900 306
1749910 306
1749920 306
1749930 305
1749940 304
1749950 304
1749960 304
1749970 303
1749980 302
1749990 302
1750000 302
1750010 301
1750020 301
1750030 301
1750040 300
1750050 300
1750060 300
1750070 299
1750080 299
1750090 299
1750100 298
1750110 298
1750120 298
1750130 297
1750140 297
1750150 297
1750160 297
1750170 296
1750180 296
1750190 296
1750200 296
1750210 296
1750220 295
1750230 295
1750240 295
1750250 295
1750260 295
1750270 295
1750280 295
1750290 295
1750300 295
1750310 294
1750320 294
1750330 294
1750340 294
1750350 294
1750360 294
1750370 294
1750380 294
1750390 293
1750400 293
1750410 293
1750420 293
1750430 293
1750440 293
1750450 293
1750460 293
1750470 292
1750480 292
1750490 292
1750500 292
1750510 292
1750520 291
1750530 291
1750540 291
1750550 291
1750560 291
1750570 290
1750580 290
1750590 290
1750600 290
1750610 289
1750620 289
1750630 290
1750640 289
1750650 289
1750660 289
1750670 289
1750680 289
1750690 289
1750700 289
1750710 289
1750720 289
1750730 289
1750740 288
1750750 288
1750760 288
1750770 288
1750780 288
1750790 288
1750800 288
1750810 288
1750820 288
1750830 288
1750840 288
1750850 287
1750860 287
1750870 287
1750880 287
1750890 287
1750900 287
1750910 287
1750920 287
1750930 286
1750940 286
1750950 286
1750960 286
1750970 286
1750980 286
1750990 286
1751000 286
1751010 285
1751020 285
1751030 285
1751040 285
1751050 285
1751060 285
1751070 285
1751080 285
1751090 285
1751100 285
1751110 285
1751120 285
1751130 285
1751140 284
1751150 284
1751160 284
1751170 284
1751180 284
1751190 284
1751200 284
1751210 284
1751220 284
1751230 284
1751240 284
1751250 283
1751260 283
1751270 284
1751280 284
1751290 284
1751300 284
1751310 284
1751320 284
1751330 284
1751340 284
1751350 284
1751360 284
1751370 284
1751380 284
1751390 284
1751400 284
1751410 284
1751420 284
1751430 284
1751440 284
1751450 284
1751460 284
1751470 284
1751480 284
1751490 284
1751500 284
1751510 284
1751520 282
1751530 285
1751540 285
1751550 285
1751560 284
1751570 284
1751580 284
1751590 284
1751600 284
1751610 284
1751620 284
1751630 284
1751640 284
1751650 284
1751660 285
1751670 285
1751680 286
1751690 288
1751700 288
1751710 289
1751720 291
1751730 291
1751740 293
1751750 296
1751760 296
1751770 299
1751780 301
1751790 303
1751800 303
1751810 304
1751820 305
1751830 305
1751840 308
1751850 313
1751860 313
1751870 318
1751880 324
1751890 324
1751900 330
1751910 334
1751920 334
1751930 339
1751940 344
1751950 344
1751960 349
1751970 352
1751980 356
1751990 356
1752000 360
1752010 366
1752020 366
1752030 366
1752040 365
1752050 365
1752060 363
1752070 362
1752080 362
1752090 361
1752100 360
1752110 360
1752120 360
1752130 358
1752140 358
1752150 358
1752160 357
1752170 356
1752180 356
1752190 355
1752200 354
1752210 354
1752220 353
1752230 352
1752240 352
1752250 351
1752260 350
1752270 350
1752280 349
1752290 349
1752300 349
1752310 348
1752320 348
1752330 348
1752340 348
1752350 348
1752360 348
1752370 348
1752380 348
1752390 346
1752400 346
1752410 345
1752420 344
1752430 344
1752440 342
1752450 342
1752460 342
1752470 341
1752480 341
1752490 341
1752500 341
1752510 341
1752520 341
1752530 341
1752540 340
1752550 340
1752560 340
1752570 339
1752580 339
1752590 339
1752600 338
1752610 336
1752620 336
1752630 335
1752640 333
1752650 333
1752660 331
1752670 330
1752680 328
1752690 328
1752700 327
1752710 325
1752720 325
1752730 324
1752740 322
1752750 322
1752760 320
1752770 319
1752780 319
1752790 318
1752800 316
1752810 316
1752820 315
1752830 314
1752840 314
1752850 313
1752860 310
1752870 310
1752880 310
1752890 312
1752900 315
1752910 315
1752920 317
1752930 318
1752940 318
1752950 318
1752960 319
1752970 319
1752980 318
1752990 318
1753000 318
1753010 317
1753020 317
1753030 317
1753040 317
1753050 316
1753060 315
1753070 315
1753080 315
1753090 314
1753100 314
1753110 313
1753120 312
1753130 312
1753140 312
1753150 311
1753160 311
1753170 310
1753180 309
1753190 309
1753200 308
1753210 308
1753220 308
1753230 307
1753240 307
1753250 307
1753260 307
1753270 306
1753280 305
1753290 305
1753300 304
1753310 304
1753320 304
1753330 304
1753340 303
1753350 303
1753360 303
1753370 302
1753380 302
1753390 301
1753400 300
1753410 300
1753420 300
1753430 299
1753440 298
1753450 298
1753460 297
1753470 296
1753480 296
1753490 296
1753500 295
1753510 295
1753520 294
1753530 293
1753540 293
1753550 292
1753560 291
1753570 291
1753580 290
1753590 290
1753600 290
1753610 290
1753620 290
1753630 290
1753640 290
1753650 289
1753660 289
1753670 289
1753680 289
1753690 289
1753700 289
1753710 289
1753720 289
1753730 289
1753740 289
1753750 289
1753760 289
1753770 289
1753780 289
1753790 289
1753800 289
1753810 289
1753820 289
1753830 289
1753840 289
1753850 289
1753860 289
1753870 290
1753880 290
1753890 290
1753900 289
1753910 290
1753920 290
1753930 290
1753940 291
1753950 291
1753960 291
1753970 291
1753980 291
1753990 291
1754000 291
1754010 291
1754020 291
1754030 292
1754040 292
1754050 292
1754060 293
1754070 293
1754080 293
1754090 294
1754100 295
1754110 295
1754120 296
1754130 297
1754140 299
1754150 299
1754160 300
1754170 303
1754180 303
1754190 306
1754200 308
1754210 308
1754220 311
1754230 313
1754240 313
1754250 315
1754260 314
1754270 314
1754280 310
1754290 306
1754300 306
1754310 302
1754320 301
1754330 299
1754340 299
1754350 298
1754360 299
1754370 299
1754380 299
1754390 300
1754400 300
1754410 301
1754420 302
1754430 302
1754440 306
1754450 309
1754460 309
1754470 310
1754480 312
1754490 312
1754500 314
1754510 316
1754520 319
1754530 319
1754540 322
1754550 325
1754560 325
1754570 328
1754580 331
1754590 331
1754600 333
1754610 337
1754620 337
1754630 341
1754640 344
1754650 344
1754660 346
1754670 349
1754680 352
1754690 352
1754700 355
1754710 358
1754720 358
1754730 362
1754740 365
1754750 365
1754760 368
1754770 369
1754780 369
1754790 372
1754800 370
1754810 370
1754820 367
1754830 364
1754840 364
1754850 361
1754860 358
1754870 356
1754880 356
1754890 353
1754900 352
1754910 352
1754920 350
1754930 349
1754940 349
1754950 348
1754960 347
1754970 347
1754980 346
1754990 345
1755000 345
1755010 345
1755020 344
1755030 344
1755040 343
1755050 341
1755060 339
1755070 339
1755080 337
1755090 336
1755100 336
1755110 335
1755120 334
1755130 334
1755140 332
1755150 331
1755160 331
1755170 330
1755180 328
1755190 328
1755200 327
1755210 325
1755220 325
1755230 326
1755240 326
1755250 326
1755260 326
1755270 325
1755280 324
1755290 324
1755300 323
1755310 321
1755320 321
1755330 320
1755340 319
1755350 319
1755360 318
1755370 317
1755380 317
1755390 317
1755400 316
1755410 316
1755420 316
1755430 315
1755440 313
1755450 313
1755460 311
1755470 310
1755480 310
1755490 307
1755500 306
1755510 306
1755520 305
1755530 306
1755540 306
1755550 306
1755560 305
1755570 305
1755580 304
1755590 305
1755600 305
1755610 305
1755620 305
1755630 306
1755640 306
1755650 307
1755660 307
1755670 307
1755680 308
1755690 309
1755700 309
1755710 309
1755720 310
1755730 310
1755740 311
1755750 312
1755760 312
1755770 313
1755780 313
1755790 314
1755800 314
1755810 314
1755820 316
1755830 316
1755840 318
1755850 319
1755860 319
1755870 321
1755880 322
1755890 322
1755900 323
1755910 323
1755920 323
1755930 325
1755940 324
1755950 324
1755960 324
1755970 324
1755980 324
1755990 324
1756000 324
1756010 324
1756020 324
1756030 324
1756040 325
1756050 325
1756060 325
1756070 326
1756080 326
1756090 329
1756100 330
1756110 330
1756120 331
1756130 333
1756140 335
1756150 335
1756160 338
1756170 340
1756180 340
1756190 342
1756200 343
1756210 343
1756220 345
1756230 347
1756240 347
1756250 349
1756260 351
1756270 351
1756280 353
1756290 356
1756300 356
1756310 358
1756320 361
1756330 365
1756340 365
1756350 369
1756360 372
1756370 372
1756380 375
1756390 379
1756400 379
1756410 381
1756420 384
1756430 384
1756440 390
1756450 395
1756460 395
1756470 398
1756480 402
1756490 402
1756500 404
1756510 406
1756520 407
1756530 407
1756540 408
1756550 408
1756560 408
1756570 408
1756580 408
1756590 408
1756600 407
1756610 405
1756620 405
1756630 403
1756640 399
1756650 399
1756660 396
1756670 393
1756680 390
1756690 390
1756700 388
1756710 385
1756720 387
1756730 385
1756740 382
1756750 382
1756760 381
1756770 380
1756780 380
1756790 379
1756800 379
1756810 379
1756820 378
1756830 379
1756840 379
1756850 380
1756860 382
1756870 384
1756880 384
1756890 387
1756900 389
1756910 389
1756920 392
1756930 395
1756940 395
1756950 397
1756960 399
1756970 399
1756980 399
1756990 399
1757000 399
1757010 398
1757020 397
1757030 397
1757040 395
1757050 393
1757060 391
1757070 391
1757080 390
1757090 388
1757100 388
1757110 387
1757120 386
1757130 386
1757140 384
1757150 383
1757160 383
1757170 382
1757180 381
1757190 381
1757200 381
1757210 380
1757220 379
1757230 379
1757240 378
1757250 378
1757260 378
1757270 378
1757280 378
1757290 378
1757300 377
1757310 376
1757320 376
1757330 376
1757340 375
1757350 375
1757360 376
1757370 375
1757380 375
1757390 374
1757400 374
1757410 372
1757420 372
1757430 371
1757440 368
1757450 368
1757460 364
1757470 360
1757480 360
1757490 358
1757500 358
1757510 358
1757520 358
1757530 357
1757540 357
1757550 357
1757560 356
1757570 356
1757580 354
1757590 353
1757600 351
1757610 351
1757620 350
1757630 348
1757640 348
1757650 346
1757660 345
1757670 345
1757680 344
1757690 343
1757700 343
1757710 341
1757720 340
1757730 340
1757740 338
1757750 336
1757760 336
1757770 334
1757780 332
1757790 331
1757800 331
1757810 330
1757820 330
1757830 330
1757840 331
1757850 330
1757860 330
1757870 330
1757880 330
1757890 330
1757900 329
1757910 329
1757920 329
1757930 329
1757940 329
1757950 328
1757960 328
1757970 328
1757980 328
1757990 328
1758000 328
1758010 327
1758020 327
1758030 327
1758040 327
1758050 327
1758060 326
1758070 326
1758080 326
1758090 325
1758100 325
1758110 325
1758120 324
1758130 323
1758140 323
1758150 323
1758160 322
1758170 321
1758180 321
1758190 320
1758200 319
1758210 319
1758220 318
1758230 317
1758240 317
1758250 316
1758260 315
1758270 315
1758280 314
1758290 312
1758300 312
1758310 311
1758320 310
1758330 310
1758340 310
1758350 309
1758360 309
1758370 309
1758380 308
1758390 307
1758400 307
1758410 307
1758420 306
1758430 306
1758440 306
1758450 305
1758460 305
1758470 305
1758480 305
1758490 305
1758500 305
1758510 304
1758520 305
1758530 305
1758540 304
1758550 304
1758560 304
1758570 304
1758580 304
1758590 304
1758600 303
1758610 303
1758620 303
1758630 302
1758640 301
1758650 301
1758660 301
1758670 300
1758680 300
1758690 300
1758700 299
1758710 299
1758720 299
1758730 298
1758740 298
1758750 298
1758760 298
1758770 298
1758780 298
1758790 297
1758800 297
1758810 297
1758820 297
1758830 296
1758840 296
1758850 296
1758860 296
1758870 295
1758880 295
1758890 295
1758900 295
1758910 295
1758920 295
1758930 295
1758940 295
1758950 295
1758960 295
1758970 295
1758980 295
1758990 295
1759000 295
1759010 295
1759020 295
1759030 295
1759040 295
1759050 295
1759060 294
1759070 294
1759080 295
1759090 295
1759100 295
1759110 295
1759120 295
1759130 295
1759140 295
1759150 295
1759160 295
1759170 295
1759180 296
1759190 296
1759200 296
1759210 296
1759220 296
1759230 296
1759240 296
1759250 297
1759260 297
1759270 297
1759280 297
1759290 297
1759300 299
1759310 302
1759320 302
1759330 306
1759340 310
1759350 310
1759360 316
1759370 319
1759380 319
1759390 319
1759400 319
1759410 318
1759420 318
1759430 317
1759440 316
1759450 316
1759460 315
1759470 314
1759480 314
1759490 313
1759500 312
1759510 312
1759520 311
1759530 310
1759540 310
1759550 310
1759560 310
1759570 310
1759580 311
1759590 312
1759600 316
1759610 316
1759620 316
1759630 317
1759640 317
1759650 318
1759660 319
1759670 319
1759680 320
1759690 321
1759700 321
1759710 321
1759720 322
1759730 322
1759740 322
1759750 322
1759760 322
1759770 322
1759780 321
1759790 321
1759800 321
1759810 321
1759820 321
1759830 321
1759840 320
1759850 320
1759860 320
1759870 321
1759880 321
1759890 321
1759900 321
1759910 321
1759920 321
1759930 318
1759940 318
1759950 318
1759960 318
1759970 315
1759980 314
1759990 314
