1740000 310
1740010 310
1740020 310
1740030 310
1740040 310
1740050 310
1740060 310
1740070 310
1740080 310
1740090 310
1740100 310
1740110 310
1740120 310
1740130 309
1740140 309
1740150 309
1740160 309
1740170 309
1740180 310
1740190 309
1740200 309
1740210 309
1740220 309
1740230 309
1740240 309
1740250 308
1740260 307
1740270 307
1740280 307
1740290 308
1740300 308
1740310 308
1740320 309
1740330 309
1740340 309
1740350 309
1740360 309
1740370 309
1740380 308
1740390 308
1740400 307
1740410 306
1740420 306
1740430 305
1740440 304
1740450 303
1740460 303
1740470 302
1740480 301
1740490 301
1740500 301
1740510 300
1740520 300
1740530 299
1740540 299
1740550 299
1740560 298
1740570 298
1740580 298
1740590 298
1740600 299
1740610 299
1740620 303
1740630 308
1740640 309
1740650 309
1740660 310
1740670 310
1740680 310
1740690 310
1740700 310
1740710 310
1740720 310
1740730 310
1740740 310
1740750 310
1740760 309
1740770 309
1740780 309
1740790 309
1740800 308
1740810 308
1740820 308
1740830 308
1740840 308
1740850 308
1740860 307
1740870 307
1740880 307
1740890 307
1740900 307
1740910 307
1740920 307
1740930 307
1740940 306
1740950 306
1740960 306
1740970 306
1740980 305
1740990 305
1741000 305
1741010 304
1741020 303
1741030 303
1741040 302
1741050 302
1741060 302
1741070 301
1741080 300
1741090 300
1741100 299
1741110 299
1741120 299
1741130 299
1741140 298
1741150 298
1741160 297
1741170 297
1741180 297
1741190 297
1741200 296
1741210 296
1741220 296
1741230 296
1741240 296
1741250 296
1741260 295
1741270 295
1741280 295
1741290 296
1741300 296
1741310 296
1741320 295
1741330 295
1741340 295
1741350 295
1741360 295
1741370 295
1741380 295
1741390 295
1741400 294
1741410 294
1741420 295
1741430 295
1741440 295
1741450 294
1741460 294
1741470 294
1741480 294
1741490 294
1741500 294
1741510 293
1741520 293
1741530 293
1741540 293
1741550 293
1741560 292
1741570 292
1741580 292
1741590 292
1741600 292
1741610 292
1741620 292
1741630 292
1741640 292
1741650 292
1741660 292
1741670 292
1741680 292
1741690 292
1741700 292
1741710 292
1741720 292
1741730 292
1741740 292
1741750 292
1741760 292
1741770 292
1741780 292
1741790 292
1741800 292
1741810 293
1741820 293
1741830 293
1741840 293
1741850 293
1741860 293
1741870 293
1741880 293
1741890 293
1741900 293
1741910 293
1741920 293
1741930 294
1741940 294
1741950 294
1741960 294
1741970 294
1741980 294
1741990 294
1742000 293
1742010 293
1742020 293
1742030 292
1742040 292
1742050 292
1742060 291
1742070 291
1742080 290
1742090 290
1742100 290
1742110 290
1742120 289
1742130 289
1742140 289
1742150 288
1742160 288
1742170 288
1742180 288
1742190 288
1742200 288
1742210 288
1742220 287
1742230 287
1742240 287
1742250 287
1742260 287
1742270 287
1742280 287
1742290 287
1742300 287
1742310 287
1742320 287
1742330 287
1742340 287
1742350 287
1742360 287
1742370 286
1742380 286
1742390 286
1742400 286
1742410 286
1742420 286
1742430 286
1742440 284
1742450 285
1742460 285
1742470 287
1742480 287
1742490 287
1742500 287
1742510 287
1742520 287
1742530 287
1742540 287
1742550 287
1742560 287
1742570 287
1742580 287
1742590 287
1742600 287
1742610 287
1742620 287
1742630 287
1742640 287
1742650 287
1742660 287
1742670 287
1742680 287
1742690 287
1742700 287
1742710 287
1742720 287
1742730 287
1742740 287
1742750 287
1742760 287
1742770 287
1742780 287
1742790 287
1742800 287
1742810 287
1742820 287
1742830 287
1742840 287
1742850 287
1742860 287
1742870 287
1742880 287
1742890 287
1742900 287
1742910 286
1742920 287
1742930 287
1742940 288
1742950 288
1742960 288
1742970 288
1742980 288
1742990 288
1743000 288
1743010 289
1743020 289
1743030 289
1743040 290
1743050 290
1743060 290
1743070 291
1743080 291
1743090 291
1743100 292
1743110 292
1743120 292
1743130 293
1743140 293
1743150 293
1743160 294
1743170 294
1743180 295
1743190 295
1743200 295
1743210 296
1743220 296
1743230 297
1743240 297
1743250 297
1743260 298
1743270 299
1743280 299
1743290 300
1743300 301
1743310 301
1743320 301
1743330 302
1743340 302
1743350 303
1743360 304
1743370 305
1743380 305
1743390 307
1743400 308
1743410 308
1743420 309
1743430 310
1743440 310
1743450 311
1743460 312
1743470 312
1743480 313
1743490 314
1743500 314
1743510 315
1743520 316
1743530 316
1743540 317
1743550 318
1743560 319
1743570 319
1743580 320
1743590 321
1743600 321
1743610 324
1743620 324
1743630 324
1743640 326
1743650 328
1743660 328
1743670 333
1743680 333
1743690 333
1743700 337
1743710 340
1743720 340
1743730 345
1743740 348
1743750 352
1743760 352
1743770 353
1743780 354
1743790 354
1743800 353
1743810 353
1743820 353
1743830 352
1743840 353
1743850 353
1743860 354
1743870 356
1743880 356
1743890 357
1743900 358
1743910 360
1743920 360
1743930 360
1743940 362
1743950 362
1743960 364
1743970 366
1743980 366
1743990 367
1744000 370
1744010 370
1744020 374
1744030 376
1744040 376
1744050 378
1744060 381
1744070 381
1744080 382
1744090 381
1744100 381
1744110 381
1744120 382
1744130 381
1744140 381
1744150 381
1744160 381
1744170 381
1744180 381
1744190 380
1744200 380
1744210 380
1744220 379
1744230 379
1744240 379
1744250 379
1744260 379
1744270 380
1744280 378
1744290 379
1744300 379
1744310 379
1744320 379
1744330 379
1744340 379
1744350 379
1744360 379
1744370 378
1744380 378
1744390 378
1744400 378
1744410 378
1744420 378
1744430 378
1744440 377
1744450 377
1744460 377
1744470 377
1744480 376
1744490 376
1744500 376
1744510 375
1744520 375
1744530 375
1744540 374
1744550 374
1744560 374
1744570 373
1744580 373
1744590 373
1744600 372
1744610 372
1744620 372
1744630 371
1744640 371
1744650 371
1744660 370
1744670 370
1744680 370
1744690 370
1744700 369
1744710 369
1744720 369
1744730 368
1744740 368
1744750 368
1744760 368
1744770 368
1744780 367
1744790 367
1744800 367
1744810 367
1744820 366
1744830 366
1744840 366
1744850 366
1744860 366
1744870 366
1744880 366
1744890 365
1744900 365
1744910 365
1744920 365
1744930 365
1744940 364
1744950 364
1744960 364
1744970 364
1744980 363
1744990 363
1745000 362
1745010 360
1745020 359
1745030 359
1745040 358
1745050 357
1745060 357
1745070 356
1745080 355
1745090 355
1745100 355
1745110 354
1745120 354
1745130 352
1745140 351
1745150 351
1745160 350
1745170 349
1745180 349
1745190 348
1745200 347
1745210 346
1745220 346
1745230 345
1745240 344
1745250 344
1745260 343
1745270 343
1745280 343
1745290 345
1745300 348
1745310 348
1745320 349
1745330 353
1745340 353
1745350 355
1745360 357
1745370 357
1745380 357
1745390 357
1745400 356
1745410 356
1745420 354
1745430 352
1745440 352
1745450 350
1745460 351
1745470 351
1745480 352
1745490 353
1745500 353
1745510 355
1745520 356
1745530 356
1745540 357
1745550 357
1745560 358
1745570 358
1745580 358
1745590 358
1745600 358
1745610 358
1745620 358
1745630 358
1745640 358
1745650 358
1745660 358
1745670 358
1745680 358
1745690 358
1745700 356
1745710 356
1745720 356
1745730 354
1745740 352
1745750 349
1745760 349
1745770 346
1745780 345
1745790 345
1745800 343
1745810 341
1745820 341
1745830 340
1745840 338
1745850 338
1745860 336
1745870 336
1745880 336
1745890 339
1745900 339
1745910 339
1745920 339
1745930 340
1745940 341
1745950 341
1745960 342
1745970 343
1745980 343
1745990 345
1746000 346
1746010 346
1746020 348
1746030 349
1746040 349
1746050 350
1746060 351
1746070 351
1746080 354
1746090 355
1746100 355
1746110 357
1746120 360
1746130 362
1746140 362
1746150 362
1746160 364
1746170 364
1746180 366
1746190 368
1746200 368
1746210 369
1746220 371
1746230 371
1746240 374
1746250 376
1746260 376
1746270 380
1746280 382
1746290 382
1746300 383
1746310 384
1746320 386
1746330 386
1746340 389
1746350 392
1746360 392
1746370 396
1746380 399
1746390 399
1746400 402
1746410 404
1746420 404
1746430 406
1746440 407
1746450 407
1746460 408
1746470 410
1746480 411
1746490 411
1746500 413
1746510 414
1746520 414
1746530 413
1746540 411
1746550 411
1746560 408
1746570 402
1746580 402
1746590 397
1746600 399
1746610 399
1746620 404
1746630 409
1746640 409
1746650 410
1746660 412
1746670 414
1746680 414
1746690 417
1746700 420
1746710 420
1746720 421
1746730 423
1746740 423
1746750 423
1746760 423
1746770 423
1746780 423
1746790 422
1746800 422
1746810 420
1746820 417
1746830 417
1746840 415
1746850 414
1746860 414
1746870 414
1746880 414
1746890 414
1746900 414
1746910 413
1746920 412
1746930 412
1746940 410
1746950 409
1746960 409
1746970 407
1746980 405
1746990 405
1747000 403
1747010 402
1747020 402
1747030 401
1747040 399
1747050 398
1747060 398
1747070 396
1747080 394
1747090 394
1747100 392
1747110 390
1747120 390
1747130 388
1747140 385
1747150 385
1747160 383
1747170 380
1747180 380
1747190 377
1747200 374
1747210 371
1747220 371
1747230 370
1747240 368
1747250 368
1747260 368
1747270 368
1747280 368
1747290 370
1747300 373
1747310 373
1747320 377
1747330 380
1747340 380
1747350 383
1747360 385
1747370 385
1747380 388
1747390 390
1747400 392
1747410 392
1747420 395
1747430 397
1747440 397
1747450 398
1747460 401
1747470 401
1747480 403
1747490 406
1747500 406
1747510 410
1747520 414
1747530 414
1747540 416
1747550 418
1747560 418
1747570 420
1747580 421
1747590 422
1747600 422
1747610 423
1747620 422
1747630 422
1747640 421
1747650 420
1747660 420
1747670 418
1747680 417
1747690 417
1747700 415
1747710 413
1747720 413
1747730 412
1747740 410
1747750 410
1747760 408
1747770 406
1747780 404
1747790 404
1747800 402
1747810 399
1747820 399
1747830 397
1747840 395
1747850 395
1747860 394
1747870 393
1747880 393
1747890 391
1747900 389
1747910 389
1747920 388
1747930 387
1747940 387
1747950 385
1747960 383
1747970 383
1747980 383
1747990 382
1748000 381
1748010 381
1748020 380
1748030 378
1748040 378
1748050 377
1748060 375
1748070 375
1748080 374
1748090 373
1748100 373
1748110 372
1748120 371
1748130 369
1748140 369
1748150 368
1748160 368
1748170 368
1748180 367
1748190 365
1748200 365
1748210 364
1748220 362
1748230 362
1748240 361
1748250 361
1748260 361
1748270 359
1748280 356
1748290 356
1748300 354
1748310 353
1748320 351
1748330 354
1748340 356
1748350 359
1748360 359
1748370 360
1748380 360
1748390 360
1748400 360
1748410 359
1748420 359
1748430 359
1748440 358
1748450 358
1748460 357
1748470 357
1748480 357
1748490 357
1748500 356
1748510 355
1748520 355
1748530 355
1748540 354
1748550 354
1748560 354
1748570 353
1748580 353
1748590 353
1748600 353
1748610 353
1748620 352
1748630 352
1748640 352
1748650 351
1748660 351
1748670 351
1748680 351
1748690 350
1748700 349
1748710 349
1748720 349
1748730 348
1748740 348
1748750 348
1748760 347
1748770 347
1748780 346
1748790 345
1748800 345
1748810 344
1748820 343
1748830 343
1748840 343
1748850 343
1748860 343
1748870 343
1748880 343
1748890 343
1748900 343
1748910 343
1748920 343
1748930 343
1748940 343
1748950 343
1748960 343
1748970 343
1748980 343
1748990 343
1749000 343
1749010 343
1749020 343
1749030 343
1749040 344
1749050 344
1749060 344
1749070 343
1749080 344
1749090 344
1749100 344
1749110 343
1749120 343
1749130 343
1749140 343
1749150 343
1749160 343
1749170 343
1749180 343
1749190 343
1749200 342
1749210 342
1749220 342
1749230 342
1749240 342
1749250 342
1749260 341
1749270 341
1749280 341
1749290 341
1749300 341
1749310 341
1749320 341
1749330 340
1749340 340
1749350 340
1749360 339
1749370 339
1749380 339
1749390 338
1749400 338
1749410 338
1749420 337
1749430 336
1749440 336
1749450 335
1749460 335
1749470 335
1749480 334
1749490 334
1749500 334
1749510 334
1749520 334
1749530 334
1749540 334
1749550 334
1749560 334
1749570 334
1749580 333
1749590 333
1749600 333
1749610 332
1749620 332
1749630 332
1749640 331
1749650 330
1749660 330
1749670 328
1749680 327
1749690 327
1749700 326
1749710 325
1749720 325
1749730 324
1749740 323
1749750 323
1749760 322
1749770 321
1749780 321
1749790 321
1749800 319
1749810 319
1749820 319
1749830 319
1749840 318
1749850 318
1749860 318
1749870 317
1749880 317
1749890 317
1749900 316
1749910 316
1749920 316
1749930 316
1749940 316
1749950 316
1749960 315
1749970 314
1749980 314
1749990 313
1750000 312
1750010 312
1750020 311
1750030 309
1750040 309
1750050 308
1750060 307
1750070 307
1750080 306
1750090 304
1750100 304
1750110 303
1750120 302
1750130 302
1750140 302
1750150 301
1750160 301
1750170 301
1750180 300
1750190 300
1750200 300
1750210 300
1750220 299
1750230 299
1750240 298
1750250 298
1750260 298
1750270 298
1750280 297
1750290 297
1750300 297
1750310 297
1750320 297
1750330 297
1750340 296
1750350 296
1750360 296
1750370 296
1750380 296
1750390 296
1750400 296
1750410 295
1750420 295
1750430 295
1750440 295
1750450 295
1750460 295
1750470 295
1750480 295
1750490 294
1750500 294
1750510 294
1750520 294
1750530 294
1750540 294
1750550 294
1750560 294
1750570 293
1750580 293
1750590 293
1750600 293
1750610 293
1750620 293
1750630 293
1750640 293
1750650 293
1750660 293
1750670 293
1750680 292
1750690 292
1750700 292
1750710 292
1750720 292
1750730 292
1750740 292
1750750 292
1750760 292
1750770 292
1750780 291
1750790 291
1750800 291
1750810 291
1750820 291
1750830 291
1750840 290
1750850 290
1750860 290
1750870 290
1750880 290
1750890 290
1750900 290
1750910 290
1750920 289
1750930 289
1750940 289
1750950 289
1750960 289
1750970 290
1750980 290
1750990 290
1751000 290
1751010 288
1751020 288
1751030 290
1751040 290
1751050 290
1751060 290
1751070 290
1751080 290
1751090 290
1751100 291
1751110 291
1751120 291
1751130 291
1751140 291
1751150 291
1751160 291
1751170 291
1751180 291
1751190 291
1751200 291
1751210 291
1751220 291
1751230 291
1751240 292
1751250 292
1751260 289
1751270 292
1751280 292
1751290 291
1751300 291
1751310 291
1751320 291
1751330 291
1751340 291
1751350 291
1751360 291
1751370 291
1751380 291
1751390 292
1751400 292
1751410 293
1751420 295
1751430 297
1751440 297
1751450 299
1751460 302
1751470 302
1751480 305
1751490 308
1751500 308
1751510 310
1751520 313
1751530 313
1751540 316
1751550 319
1751560 319
1751570 324
1751580 331
1751590 331
1751600 337
1751610 345
1751620 349
1751630 349
1751640 352
1751650 356
1751660 356
1751670 361
1751680 365
1751690 365
1751700 369
1751710 372
1751720 372
1751730 374
1751740 381
1751750 381
1751760 384
1751770 388
1751780 388
1751790 391
1751800 393
1751810 396
1751820 396
1751830 395
1751840 394
1751850 394
1751860 392
1751870 389
1751880 389
1751890 386
1751900 385
1751910 385
1751920 383
1751930 381
1751940 381
1751950 380
1751960 379
1751970 379
1751980 378
1751990 376
1752000 375
1752010 375
1752020 373
1752030 372
1752040 372
1752050 370
1752060 368
1752070 368
1752080 367
1752090 366
1752100 366
1752110 364
1752120 363
1752130 363
1752140 360
1752150 358
1752160 356
1752170 356
1752180 355
1752190 354
1752200 354
1752210 354
1752220 353
1752230 353
1752240 354
1752250 354
1752260 354
1752270 353
1752280 352
1752290 352
1752300 352
1752310 350
1752320 350
1752330 350
1752340 350
1752350 349
1752360 349
1752370 348
1752380 348
1752390 348
1752400 348
1752410 348
1752420 348
1752430 348
1752440 347
1752450 347
1752460 348
1752470 348
1752480 348
1752490 349
1752500 349
1752510 349
1752520 350
1752530 349
1752540 349
1752550 349
1752560 349
1752570 349
1752580 349
1752590 349
1752600 350
1752610 350
1752620 349
1752630 349
1752640 349
1752650 349
1752660 349
1752670 349
1752680 349
1752690 349
1752700 349
1752710 349
1752720 347
1752730 346
1752740 346
1752750 345
1752760 344
1752770 344
1752780 344
1752790 343
1752800 343
1752810 343
1752820 342
1752830 342
1752840 341
1752850 341
1752860 341
1752870 341
1752880 340
1752890 340
1752900 340
1752910 339
1752920 339
1752930 339
1752940 337
1752950 337
1752960 337
1752970 336
1752980 335
1752990 335
1753000 334
1753010 333
1753020 333
1753030 333
1753040 333
1753050 333
1753060 335
1753070 336
1753080 336
1753090 336
1753100 336
1753110 336
1753120 336
1753130 336
1753140 336
1753150 336
1753160 336
1753170 336
1753180 336
1753190 336
1753200 335
1753210 335
1753220 335
1753230 334
1753240 334
1753250 332
1753260 332
1753270 330
1753280 330
1753290 329
1753300 327
1753310 327
1753320 325
1753330 324
1753340 324
1753350 322
1753360 320
1753370 320
1753380 318
1753390 315
1753400 315
1753410 314
1753420 311
1753430 311
1753440 310
1753450 309
1753460 308
1753470 308
1753480 307
1753490 306
1753500 306
1753510 306
1753520 306
1753530 306
1753540 306
1753550 306
1753560 306
1753570 305
1753580 304
1753590 304
1753600 304
1753610 304
1753620 304
1753630 303
1753640 302
1753650 301
1753660 301
1753670 301
1753680 301
1753690 301
1753700 301
1753710 300
1753720 300
1753730 300
1753740 300
1753750 300
1753760 300
1753770 300
1753780 300
1753790 299
1753800 299
1753810 299
1753820 299
1753830 298
1753840 298
1753850 298
1753860 298
1753870 298
1753880 298
1753890 298
1753900 298
1753910 298
1753920 298
1753930 298
1753940 298
1753950 298
1753960 298
1753970 298
1753980 298
1753990 298
1754000 298
1754010 298
1754020 298
1754030 298
1754040 298
1754050 298
1754060 297
1754070 297
1754080 297
1754090 297
1754100 297
1754110 298
1754120 298
1754130 298
1754140 298
1754150 298
1754160 298
1754170 298
1754180 298
1754190 298
1754200 298
1754210 299
1754220 300
1754230 300
1754240 302
1754250 304
1754260 304
1754270 307
1754280 309
1754290 309
1754300 310
1754310 310
1754320 310
1754330 311
1754340 312
1754350 312
1754360 314
1754370 315
1754380 315
1754390 315
1754400 317
1754410 318
1754420 318
1754430 319
1754440 321
1754450 321
1754460 322
1754470 324
1754480 324
1754490 325
1754500 326
1754510 326
1754520 327
1754530 330
1754540 333
1754550 333
1754560 337
1754570 342
1754580 343
1754590 346
1754600 350
1754610 350
1754620 354
1754630 359
1754640 359
1754650 363
1754660 364
1754670 364
1754680 362
1754690 358
1754700 358
1754710 355
1754720 353
1754730 349
1754740 349
1754750 349
1754760 349
1754770 349
1754780 347
1754790 347
1754800 347
1754810 349
1754820 350
1754830 350
1754840 350
1754850 353
1754860 353
1754870 356
1754880 360
1754890 360
1754900 361
1754910 362
1754920 361
1754930 361
1754940 361
1754950 360
1754960 360
1754970 360
1754980 361
1754990 361
1755000 361
1755010 363
1755020 363
1755030 362
1755040 365
1755050 365
1755060 366
1755070 364
1755080 364
1755090 367
1755100 371
1755110 373
1755120 373
1755130 376
1755140 379
1755150 379
1755160 382
1755170 387
1755180 387
1755190 391
1755200 396
1755210 396
1755220 397
1755230 397
1755240 397
1755250 398
1755260 399
1755270 399
1755280 399
1755290 399
1755300 399
1755310 399
1755320 397
1755330 397
1755340 397
1755350 396
1755360 395
1755370 395
1755380 394
1755390 392
1755400 392
1755410 390
1755420 388
1755430 388
1755440 386
1755450 384
1755460 382
1755470 382
1755480 379
1755490 377
1755500 377
1755510 375
1755520 373
1755530 373
1755540 371
1755550 369
1755560 369
1755570 367
1755580 364
1755590 364
1755600 360
1755610 357
1755620 357
1755630 354
1755640 351
1755650 347
1755660 347
1755670 344
1755680 342
1755690 342
1755700 342
1755710 343
1755720 343
1755730 352
1755740 356
1755750 356
1755760 360
1755770 364
1755780 364
1755790 368
1755800 372
1755810 372
1755820 376
1755830 380
1755840 384
1755850 384
1755860 387
1755870 388
1755880 388
1755890 389
1755900 389
1755910 389
1755920 390
1755930 390
1755940 390
1755950 390
1755960 390
1755970 390
1755980 390
1755990 390
1756000 390
1756010 390
1756020 390
1756030 390
1756040 390
1756050 390
1756060 390
1756070 390
1756080 389
1756090 388
1756100 388
1756110 387
1756120 386
1756130 386
1756140 385
1756150 384
1756160 384
1756170 384
1756180 383
1756190 382
1756200 382
1756210 380
1756220 379
1756230 379
1756240 377
1756250 375
1756260 375
1756270 373
1756280 371
1756290 371
1756300 368
1756310 366
1756320 366
1756330 365
1756340 363
1756350 363
1756360 361
1756370 359
1756380 355
1756390 355
1756400 353
1756410 351
1756420 351
1756430 350
1756440 348
1756450 348
1756460 347
1756470 346
1756480 346
1756490 346
1756500 343
1756510 343
1756520 342
1756530 340
1756540 340
1756550 338
1756560 337
1756570 336
1756580 336
1756590 335
1756600 335
1756610 335
1756620 335
1756630 334
1756640 334
1756650 333
1756660 332
1756670 332
1756680 331
1756690 331
1756700 331
1756710 330
1756720 329
1756730 329
1756740 328
1756750 327
1756760 326
1756770 326
1756780 325
1756790 325
1756800 325
1756810 324
1756820 323
1756830 323
1756840 323
1756850 321
1756860 321
1756870 321
1756880 321
1756890 321
1756900 321
1756910 321
1756920 320
1756930 320
1756940 320
1756950 319
1756960 319
1756970 319
1756980 318
1756990 318
1757000 318
1757010 318
1757020 318
1757030 319
1757040 317
1757050 317
1757060 316
1757070 316
1757080 316
1757090 316
1757100 316
1757110 317
1757120 317
1757130 318
1757140 318
1757150 318
1757160 319
1757170 321
1757180 321
1757190 323
1757200 324
1757210 324
1757220 326
1757230 327
1757240 327
1757250 329
1757260 332
1757270 332
1757280 333
1757290 333
1757300 333
1757310 333
1757320 333
1757330 332
1757340 332
1757350 331
1757360 330
1757370 330
1757380 329
1757390 327
1757400 327
1757410 326
1757420 325
1757430 325
1757440 324
1757450 323
1757460 323
1757470 322
1757480 321
1757490 320
1757500 320
1757510 319
1757520 318
1757530 318
1757540 317
1757550 316
1757560 316
1757570 314
1757580 314
1757590 314
1757600 313
1757610 312
1757620 312
1757630 312
1757640 311
1757650 311
1757660 311
1757670 310
1757680 310
1757690 310
1757700 310
1757710 308
1757720 308
1757730 308
1757740 307
1757750 307
1757760 307
1757770 307
1757780 307
1757790 306
1757800 305
1757810 305
1757820 306
1757830 306
1757840 306
1757850 306
1757860 306
1757870 306
1757880 306
1757890 306
1757900 307
1757910 307
1757920 307
1757930 307
1757940 307
1757950 308
1757960 309
1757970 309
1757980 310
1757990 310
1758000 310
1758010 310
1758020 310
1758030 310
1758040 310
1758050 311
1758060 311
1758070 311
1758080 312
1758090 313
1758100 313
1758110 313
1758120 314
1758130 314
1758140 316
1758150 316
1758160 316
1758170 318
1758180 319
1758190 319
1758200 320
1758210 322
1758220 323
1758230 323
1758240 324
1758250 324
1758260 324
1758270 326
1758280 327
1758290 327
1758300 328
1758310 329
1758320 329
1758330 330
1758340 331
1758350 331
1758360 332
1758370 333
1758380 333
1758390 334
1758400 335
1758410 336
1758420 336
1758430 337
1758440 338
1758450 338
1758460 339
1758470 340
1758480 340
1758490 339
1758500 339
1758510 339
1758520 338
1758530 337
1758540 337
1758550 337
1758560 336
1758570 335
1758580 335
1758590 333
1758600 333
1758610 333
1758620 332
1758630 331
1758640 331
1758650 330
1758660 329
1758670 329
1758680 328
1758690 326
1758700 326
1758710 324
1758720 322
1758730 322
1758740 321
1758750 320
1758760 320
1758770 320
1758780 318
1758790 316
1758800 316
1758810 313
1758820 310
1758830 310
1758840 310
1758850 309
1758860 309
1758870 308
1758880 308
1758890 308
1758900 305
1758910 305
1758920 305
1758930 307
1758940 310
1758950 314
1758960 314
1758970 318
1758980 321
1758990 320
1759000 321
1759010 322
1759020 322
1759030 323
1759040 322
1759050 322
1759060 320
1759070 318
1759080 318
1759090 314
1759100 313
1759110 313
1759120 312
1759130 312
1759140 311
1759150 311
1759160 311
1759170 310
1759180 310
1759190 310
1759200 309
1759210 309
1759220 309
1759230 308
1759240 308
1759250 307
1759260 306
1759270 306
1759280 305
1759290 304
1759300 304
1759310 303
1759320 302
1759330 301
1759340 301
1759350 299
1759360 298
1759370 298
1759380 296
1759390 294
1759400 294
1759410 293
1759420 292
1759430 292
1759440 291
1759450 290
1759460 290
1759470 289
1759480 288
1759490 288
1759500 288
1759510 287
1759520 287
1759530 287
1759540 287
1759550 286
1759560 286
1759570 286
1759580 284
1759590 284
1759600 285
1759610 285
1759620 285
1759630 285
1759640 286
1759650 286
1759660 286
1759670 286
1759680 287
1759690 287
1759700 286
1759710 287
1759720 287
1759730 287
1759740 288
1759750 288
1759760 288
1759770 289
1759780 289
1759790 290
1759800 291
1759810 291
1759820 292
1759830 293
1759840 293
1759850 294
1759860 295
1759870 295
1759880 295
1759890 296
1759900 296
1759910 296
1759920 297
1759930 298
1759940 298
1759950 299
1759960 300
1759970 300
1759980 302
1759990 304
