1740000 339
1740010 339
1740020 338
1740030 338
1740040 337
1740050 337
1740060 337
1740070 336
1740080 336
1740090 336
1740100 336
1740110 335
1740120 334
1740130 334
1740140 334
1740150 333
1740160 333
1740170 332
1740180 331
1740190 331
1740200 331
1740210 330
1740220 330
1740230 329
1740240 329
1740250 329
1740260 328
1740270 327
1740280 326
1740290 326
1740300 325
1740310 325
1740320 325
1740330 324
1740340 324
1740350 324
1740360 323
1740370 322
1740380 322
1740390 321
1740400 321
1740410 321
1740420 320
1740430 320
1740440 320
1740450 319
1740460 318
1740470 318
1740480 318
1740490 318
1740500 317
1740510 317
1740520 316
1740530 315
1740540 315
1740550 314
1740560 313
1740570 313
1740580 313
1740590 312
1740600 312
1740610 312
1740620 311
1740630 311
1740640 311
1740650 310
1740660 310
1740670 310
1740680 309
1740690 309
1740700 309
1740710 308
1740720 308
1740730 308
1740740 308
1740750 307
1740760 307
1740770 307
1740780 307
1740790 307
1740800 306
1740810 306
1740820 306
1740830 305
1740840 305
1740850 305
1740860 305
1740870 305
1740880 304
1740890 304
1740900 304
1740910 304
1740920 304
1740930 304
1740940 303
1740950 303
1740960 303
1740970 303
1740980 303
1740990 303
1741000 302
1741010 302
1741020 302
1741030 302
1741040 302
1741050 302
1741060 300
1741070 302
1741080 302
1741090 303
1741100 303
1741110 303
1741120 303
1741130 303
1741140 303
1741150 304
1741160 304
1741170 304
1741180 304
1741190 304
1741200 304
1741210 304
1741220 304
1741230 305
1741240 305
1741250 305
1741260 306
1741270 306
1741280 307
1741290 308
1741300 308
1741310 309
1741320 311
1741330 311
1741340 312
1741350 314
1741360 314
1741370 316
1741380 320
1741390 320
1741400 322
1741410 323
1741420 323
1741430 323
1741440 322
1741450 321
1741460 321
1741470 320
1741480 320
1741490 320
1741500 319
1741510 319
1741520 319
1741530 319
1741540 320
1741550 320
1741560 321
1741570 322
1741580 322
1741590 322
1741600 323
1741610 327
1741620 327
1741630 331
1741640 337
1741650 337
1741660 340
1741670 342
1741680 342
1741690 345
1741700 346
1741710 346
1741720 348
1741730 351
1741740 351
1741750 357
1741760 361
1741770 361
1741780 364
1741790 363
1741800 362
1741810 362
1741820 361
1741830 359
1741840 359
1741850 358
1741860 357
1741870 357
1741880 358
1741890 359
1741900 359
1741910 359
1741920 360
1741930 360
1741940 361
1741950 363
1741960 363
1741970 364
1741980 365
1741990 366
1742000 366
1742010 366
1742020 366
1742030 366
1742040 366
1742050 365
1742060 365
1742070 365
1742080 364
1742090 364
1742100 363
1742110 363
1742120 363
1742130 362
1742140 361
1742150 361
1742160 360
1742170 359
1742180 358
1742190 358
1742200 358
1742210 357
1742220 357
1742230 356
1742240 355
1742250 355
1742260 355
1742270 354
1742280 354
1742290 354
1742300 353
1742310 353
1742320 353
1742330 352
1742340 352
1742350 352
1742360 351
1742370 351
1742380 351
1742390 350
1742400 350
1742410 350
1742420 349
1742430 349
1742440 349
1742450 349
1742460 348
1742470 348
1742480 348
1742490 348
1742500 348
1742510 347
1742520 347
1742530 347
1742540 346
1742550 346
1742560 345
1742570 345
1742580 344
1742590 344
1742600 344
1742610 344
1742620 343
1742630 343
1742640 343
1742650 342
1742660 342
1742670 341
1742680 340
1742690 340
1742700 340
1742710 339
1742720 339
1742730 339
1742740 338
1742750 337
1742760 337
1742770 337
1742780 334
1742790 334
1742800 333
1742810 333
1742820 333
1742830 331
1742840 330
1742850 330
1742860 329
1742870 327
1742880 327
1742890 326
1742900 325
1742910 325
1742920 324
1742930 323
1742940 322
1742950 322
1742960 321
1742970 320
1742980 320
1742990 318
1743000 317
1743010 317
1743020 316
1743030 315
1743040 315
1743050 314
1743060 313
1743070 313
1743080 311
1743090 310
1743100 310
1743110 310
1743120 309
1743130 308
1743140 308
1743150 308
1743160 307
1743170 307
1743180 307
1743190 307
1743200 307
1743210 306
1743220 306
1743230 306
1743240 306
1743250 306
1743260 306
1743270 306
1743280 305
1743290 305
1743300 305
1743310 305
1743320 304
1743330 304
1743340 304
1743350 303
1743360 303
1743370 303
1743380 302
1743390 302
1743400 302
1743410 302
1743420 302
1743430 301
1743440 301
1743450 301
1743460 301
1743470 301
1743480 301
1743490 301
1743500 301
1743510 300
1743520 300
1743530 300
1743540 300
1743550 300
1743560 298
1743570 299
1743580 299
1743590 300
1743600 300
1743610 300
1743620 300
1743630 300
1743640 300
1743650 300
1743660 300
1743670 300
1743680 300
1743690 300
1743700 300
1743710 300
1743720 300
1743730 300
1743740 300
1743750 300
1743760 300
1743770 300
1743780 300
1743790 301
1743800 301
1743810 301
1743820 300
1743830 300
1743840 301
1743850 301
1743860 301
1743870 301
1743880 301
1743890 301
1743900 301
1743910 301
1743920 301
1743930 301
1743940 301
1743950 301
1743960 301
1743970 300
1743980 300
1743990 300
1744000 300
1744010 297
1744020 297
1744030 300
1744040 300
1744050 301
1744060 301
1744070 301
1744080 301
1744090 301
1744100 301
1744110 302
1744120 302
1744130 302
1744140 305
1744150 305
1744160 308
1744170 311
1744180 311
1744190 315
1744200 319
1744210 319
1744220 326
1744230 334
1744240 341
1744250 341
1744260 346
1744270 350
1744280 350
1744290 353
1744300 356
1744310 356
1744320 358
1744330 360
1744340 360
1744350 361
1744360 361
1744370 361
1744380 361
1744390 361
1744400 361
1744410 361
1744420 361
1744430 361
1744440 361
1744450 361
1744460 362
1744470 362
1744480 362
1744490 363
1744500 363
1744510 363
1744520 363
1744530 363
1744540 362
1744550 363
1744560 363
1744570 364
1744580 365
1744590 365
1744600 367
1744610 369
1744620 370
1744630 370
1744640 371
1744650 372
1744660 372
1744670 373
1744680 375
1744690 375
1744700 377
1744710 379
1744720 379
1744730 380
1744740 381
1744750 381
1744760 381
1744770 381
1744780 381
1744790 379
1744800 377
1744810 376
1744820 376
1744830 373
1744840 371
1744850 371
1744860 369
1744870 367
1744880 367
1744890 366
1744900 364
1744910 364
1744920 362
1744930 361
1744940 361
1744950 360
1744960 359
1744970 359
1744980 358
1744990 356
1745000 355
1745010 355
1745020 355
1745030 355
1745040 355
1745050 354
1745060 354
1745070 354
1745080 352
1745090 352
1745100 352
1745110 352
1745120 350
1745130 350
1745140 349
1745150 348
1745160 348
1745170 346
1745180 345
1745190 343
1745200 343
1745210 339
1745220 337
1745230 337
1745240 335
1745250 336
1745260 336
1745270 335
1745280 335
1745290 335
1745300 335
1745310 335
1745320 335
1745330 336
1745340 343
1745350 343
1745360 351
1745370 355
1745380 359
1745390 359
1745400 361
1745410 365
1745420 365
1745430 368
1745440 371
1745450 371
1745460 373
1745470 376
1745480 376
1745490 378
1745500 379
1745510 379
1745520 381
1745530 381
1745540 381
1745550 381
1745560 381
1745570 380
1745580 380
1745590 379
1745600 377
1745610 377
1745620 376
1745630 375
1745640 375
1745650 375
1745660 374
1745670 374
1745680 375
1745690 375
1745700 375
1745710 375
1745720 375
1745730 375
1745740 375
1745750 375
1745760 375
1745770 375
1745780 375
1745790 375
1745800 375
1745810 375
1745820 375
1745830 375
1745840 375
1745850 375
1745860 375
1745870 374
1745880 375
1745890 375
1745900 377
1745910 380
1745920 380
1745930 383
1745940 386
1745950 390
1745960 390
1745970 393
1745980 396
1745990 396
1746000 400
1746010 403
1746020 404
1746030 406
1746040 411
1746050 411
1746060 412
1746070 412
1746080 412
1746090 411
1746100 410
1746110 410
1746120 407
1746130 404
1746140 401
1746150 401
1746160 398
1746170 394
1746180 394
1746190 390
1746200 387
1746210 387
1746220 386
1746230 383
1746240 383
1746250 382
1746260 379
1746270 379
1746280 376
1746290 373
1746300 370
1746310 370
1746320 369
1746330 368
1746340 368
1746350 368
1746360 367
1746370 367
1746380 365
1746390 363
1746400 363
1746410 361
1746420 359
1746430 359
1746440 358
1746450 356
1746460 356
1746470 354
1746480 354
1746490 352
1746500 352
1746510 353
1746520 351
1746530 351
1746540 351
1746550 349
1746560 349
1746570 349
1746580 350
1746590 350
1746600 355
1746610 362
1746620 362
1746630 368
1746640 373
1746650 373
1746660 376
1746670 378
1746680 378
1746690 378
1746700 379
1746710 379
1746720 379
1746730 379
1746740 379
1746750 379
1746760 379
1746770 378
1746780 378
1746790 377
1746800 376
1746810 376
1746820 375
1746830 373
1746840 373
1746850 369
1746860 372
1746870 371
1746880 371
1746890 369
1746900 368
1746910 368
1746920 367
1746930 366
1746940 366
1746950 365
1746960 365
1746970 365
1746980 364
1746990 363
1747000 363
1747010 362
1747020 361
1747030 361
1747040 360
1747050 360
1747060 359
1747070 359
1747080 359
1747090 358
1747100 358
1747110 358
1747120 358
1747130 358
1747140 358
1747150 358
1747160 358
1747170 359
1747180 362
1747190 362
1747200 366
1747210 367
1747220 367
1747230 363
1747240 359
1747250 358
1747260 358
1747270 357
1747280 358
1747290 358
1747300 357
1747310 356
1747320 356
1747330 355
1747340 353
1747350 353
1747360 353
1747370 353
1747380 353
1747390 353
1747400 353
1747410 353
1747420 353
1747430 353
1747440 353
1747450 353
1747460 354
1747470 357
1747480 357
1747490 359
1747500 361
1747510 361
1747520 364
1747530 364
1747540 364
1747550 364
1747560 363
1747570 363
1747580 362
1747590 361
1747600 361
1747610 360
1747620 359
1747630 357
1747640 357
1747650 356
1747660 355
1747670 355
1747680 352
1747690 351
1747700 351
1747710 350
1747720 348
1747730 348
1747740 347
1747750 346
1747760 346
1747770 344
1747780 343
1747790 343
1747800 342
1747810 341
1747820 340
1747830 340
1747840 339
1747850 338
1747860 338
1747870 336
1747880 334
1747890 334
1747900 333
1747910 331
1747920 331
1747930 330
1747940 329
1747950 329
1747960 329
1747970 328
1747980 328
1747990 327
1748000 327
1748010 327
1748020 327
1748030 327
1748040 327
1748050 327
1748060 327
1748070 326
1748080 326
1748090 326
1748100 326
1748110 326
1748120 326
1748130 325
1748140 325
1748150 325
1748160 326
1748170 326
1748180 326
1748190 326
1748200 326
1748210 326
1748220 326
1748230 326
1748240 326
1748250 326
1748260 326
1748270 326
1748280 326
1748290 326
1748300 326
1748310 326
1748320 326
1748330 326
1748340 327
1748350 327
1748360 327
1748370 328
1748380 329
1748390 329
1748400 329
1748410 330
1748420 331
1748430 331
1748440 332
1748450 333
1748460 333
1748470 334
1748480 334
1748490 334
1748500 334
1748510 333
1748520 333
1748530 334
1748540 336
1748550 336
1748560 336
1748570 334
1748580 334
1748590 334
1748600 338
1748610 338
1748620 338
1748630 341
1748640 343
1748650 343
1748660 343
1748670 346
1748680 346
1748690 347
1748700 347
1748710 347
1748720 347
1748730 347
1748740 347
1748750 349
1748760 351
1748770 353
1748780 353
1748790 352
1748800 352
1748810 352
1748820 354
1748830 355
1748840 355
1748850 358
1748860 359
1748870 359
1748880 360
1748890 361
1748900 361
1748910 364
1748920 366
1748930 366
1748940 367
1748950 368
1748960 369
1748970 369
1748980 370
1748990 371
1749000 371
1749010 372
1749020 372
1749030 372
1749040 372
1749050 371
1749060 371
1749070 371
1749080 370
1749090 370
1749100 370
1749110 369
1749120 369
1749130 368
1749140 367
1749150 367
1749160 367
1749170 366
1749180 365
1749190 365
1749200 365
1749210 364
1749220 364
1749230 363
1749240 362
1749250 362
1749260 360
1749270 359
1749280 359
1749290 359
1749300 359
1749310 359
1749320 359
1749330 358
1749340 357
1749350 357
1749360 357
1749370 357
1749380 357
1749390 357
1749400 356
1749410 356
1749420 356
1749430 356
1749440 356
1749450 356
1749460 356
1749470 356
1749480 356
1749490 356
1749500 356
1749510 356
1749520 355
1749530 355
1749540 355
1749550 354
1749560 353
1749570 353
1749580 352
1749590 349
1749600 349
1749610 347
1749620 343
1749630 343
1749640 340
1749650 336
1749660 336
1749670 333
1749680 330
1749690 328
1749700 328
1749710 326
1749720 324
1749730 324
1749740 323
1749750 322
1749760 322
1749770 320
1749780 318
1749790 318
1749800 317
1749810 315
1749820 315
1749830 314
1749840 312
1749850 312
1749860 311
1749870 310
1749880 310
1749890 310
1749900 309
1749910 308
1749920 308
1749930 308
1749940 307
1749950 307
1749960 307
1749970 307
1749980 307
1749990 307
1750000 306
1750010 306
1750020 306
1750030 306
1750040 306
1750050 306
1750060 306
1750070 307
1750080 307
1750090 307
1750100 307
1750110 307
1750120 307
1750130 307
1750140 307
1750150 307
1750160 307
1750170 307
1750180 307
1750190 307
1750200 307
1750210 307
1750220 307
1750230 307
1750240 307
1750250 307
1750260 307
1750270 307
1750280 307
1750290 307
1750300 307
1750310 307
1750320 307
1750330 307
1750340 307
1750350 304
1750360 304
1750370 307
1750380 307
1750390 307
1750400 307
1750410 307
1750420 307
1750430 307
1750440 307
1750450 307
1750460 307
1750470 308
1750480 308
1750490 308
1750500 308
1750510 308
1750520 308
1750530 308
1750540 309
1750550 309
1750560 309
1750570 309
1750580 309
1750590 309
1750600 309
1750610 309
1750620 310
1750630 310
1750640 311
1750650 311
1750660 311
1750670 312
1750680 312
1750690 312
1750700 312
1750710 312
1750720 313
1750730 313
1750740 313
1750750 314
1750760 314
1750770 314
1750780 315
1750790 315
1750800 315
1750810 316
1750820 316
1750830 317
1750840 317
1750850 318
1750860 318
1750870 318
1750880 319
1750890 319
1750900 319
1750910 320
1750920 320
1750930 320
1750940 321
1750950 321
1750960 321
1750970 322
1750980 323
1750990 323
1751000 323
1751010 324
1751020 325
1751030 325
1751040 326
1751050 326
1751060 326
1751070 327
1751080 328
1751090 328
1751100 328
1751110 329
1751120 329
1751130 330
1751140 332
1751150 332
1751160 333
1751170 333
1751180 333
1751190 335
1751200 336
1751210 337
1751220 337
1751230 338
1751240 339
1751250 339
1751260 340
1751270 342
1751280 342
1751290 342
1751300 343
1751310 343
1751320 344
1751330 346
1751340 346
1751350 347
1751360 349
1751370 349
1751380 351
1751390 354
1751400 356
1751410 356
1751420 359
1751430 361
1751440 361
1751450 365
1751460 369
1751470 369
1751480 372
1751490 375
1751500 375
1751510 378
1751520 381
1751530 381
1751540 383
1751550 387
1751560 387
1751570 391
1751580 395
1751590 398
1751600 398
1751610 401
1751620 403
1751630 403
1751640 404
1751650 405
1751660 405
1751670 405
1751680 406
1751690 406
1751700 405
1751710 405
1751720 405
1751730 404
1751740 404
1751750 404
1751760 403
1751770 403
1751780 403
1751790 403
1751800 404
1751810 405
1751820 405
1751830 402
1751840 400
1751850 400
1751860 398
1751870 397
1751880 397
1751890 395
1751900 394
1751910 394
1751920 392
1751930 390
1751940 390
1751950 388
1751960 386
1751970 385
1751980 385
1751990 382
1752000 379
1752010 379
1752020 376
1752030 373
1752040 373
1752050 370
1752060 368
1752070 368
1752080 367
1752090 365
1752100 365
1752110 364
1752120 363
1752130 363
1752140 362
1752150 360
1752160 358
1752170 358
1752180 356
1752190 353
1752200 353
1752210 350
1752220 347
1752230 347
1752240 345
1752250 343
1752260 343
1752270 341
1752280 340
1752290 340
1752300 339
1752310 338
1752320 338
1752330 337
1752340 337
1752350 336
1752360 336
1752370 335
1752380 335
1752390 335
1752400 334
1752410 333
1752420 333
1752430 333
1752440 333
1752450 333
1752460 333
1752470 333
1752480 333
1752490 333
1752500 333
1752510 332
1752520 332
1752530 333
1752540 333
1752550 333
1752560 334
1752570 334
1752580 334
1752590 336
1752600 337
1752610 337
1752620 339
1752630 340
1752640 340
1752650 342
1752660 344
1752670 344
1752680 347
1752690 348
1752700 349
1752710 349
1752720 351
1752730 352
1752740 352
1752750 353
1752760 354
1752770 354
1752780 356
1752790 363
1752800 363
1752810 366
1752820 368
1752830 368
1752840 373
1752850 378
1752860 378
1752870 382
1752880 384
1752890 385
1752900 385
1752910 386
1752920 386
1752930 386
1752940 385
1752950 380
1752960 380
1752970 374
1752980 369
1752990 369
1753000 366
1753010 363
1753020 363
1753030 359
1753040 355
1753050 355
1753060 352
1753070 351
1753080 350
1753090 350
1753100 350
1753110 350
1753120 350
1753130 351
1753140 351
1753150 351
1753160 351
1753170 351
1753180 351
1753190 352
1753200 352
1753210 352
1753220 353
1753230 354
1753240 354
1753250 356
1753260 357
1753270 360
1753280 360
1753290 362
1753300 365
1753310 365
1753320 367
1753330 368
1753340 368
1753350 370
1753360 373
1753370 373
1753380 375
1753390 377
1753400 377
1753410 377
1753420 378
1753430 378
1753440 380
1753450 381
1753460 383
1753470 383
1753480 385
1753490 387
1753500 387
1753510 388
1753520 391
1753530 391
1753540 394
1753550 397
1753560 397
1753570 400
1753580 403
1753590 403
1753600 406
1753610 408
1753620 408
1753630 412
1753640 412
1753650 413
1753660 413
1753670 413
1753680 411
1753690 411
1753700 409
1753710 407
1753720 407
1753730 405
1753740 403
1753750 403
1753760 401
1753770 399
1753780 399
1753790 396
1753800 393
1753810 393
1753820 392
1753830 390
1753840 388
1753850 388
1753860 386
1753870 384
1753880 384
1753890 383
1753900 381
1753910 381
1753920 380
1753930 379
1753940 379
1753950 379
1753960 379
1753970 379
1753980 380
1753990 380
1754000 380
1754010 379
1754020 379
1754030 377
1754040 377
1754050 376
1754060 373
1754070 373
1754080 369
1754090 366
1754100 366
1754110 363
1754120 360
1754130 360
1754140 358
1754150 356
1754160 356
1754170 353
1754180 351
1754190 351
1754200 350
1754210 348
1754220 349
1754230 349
1754240 350
1754250 352
1754260 352
1754270 354
1754280 356
1754290 356
1754300 358
1754310 359
1754320 359
1754330 360
1754340 367
1754350 367
1754360 372
1754370 373
1754380 373
1754390 374
1754400 376
1754410 377
1754420 377
1754430 380
1754440 381
1754450 381
1754460 383
1754470 385
1754480 385
1754490 387
1754500 390
1754510 390
1754520 392
1754530 394
1754540 394
1754550 397
1754560 399
1754570 399
1754580 402
1754590 404
1754600 407
1754610 407
1754620 409
1754630 411
1754640 411
1754650 413
1754660 414
1754670 414
1754680 416
1754690 415
1754700 415
1754710 416
1754720 416
1754730 416
1754740 415
1754750 413
1754760 413
1754770 412
1754780 411
1754790 410
1754800 410
1754810 409
1754820 409
1754830 409
1754840 410
1754850 410
1754860 410
1754870 411
1754880 412
1754890 412
1754900 412
1754910 411
1754920 411
1754930 411
1754940 410
1754950 410
1754960 408
1754970 405
1754980 403
1754990 403
1755000 401
1755010 399
1755020 399
1755030 396
1755040 393
1755050 393
1755060 392
1755070 392
1755080 392
1755090 392
1755100 392
1755110 392
1755120 391
1755130 391
1755140 391
1755150 392
1755160 392
1755170 392
1755180 392
1755190 392
1755200 392
1755210 392
1755220 393
1755230 393
1755240 393
1755250 391
1755260 390
1755270 390
1755280 388
1755290 385
1755300 385
1755310 385
1755320 386
1755330 386
1755340 389
1755350 389
1755360 390
1755370 390
1755380 390
1755390 391
1755400 391
1755410 390
1755420 390
1755430 390
1755440 390
1755450 389
1755460 389
1755470 388
1755480 389
1755490 389
1755500 388
1755510 387
1755520 387
1755530 387
1755540 386
1755550 385
1755560 385
1755570 384
1755580 384
1755590 384
1755600 383
1755610 382
1755620 382
1755630 382
1755640 381
1755650 381
1755660 380
1755670 378
1755680 378
1755690 378
1755700 376
1755710 375
1755720 375
1755730 374
1755740 374
1755750 374
1755760 372
1755770 371
1755780 371
1755790 371
1755800 370
1755810 370
1755820 369
1755830 369
1755840 369
1755850 368
1755860 368
1755870 368
1755880 368
1755890 368
1755900 367
1755910 367
1755920 366
1755930 365
1755940 365
1755950 363
1755960 362
1755970 362
1755980 360
1755990 359
1756000 359
1756010 358
1756020 357
1756030 357
1756040 356
1756050 355
1756060 355
1756070 354
1756080 354
1756090 353
1756100 353
1756110 353
1756120 353
1756130 353
1756140 352
1756150 353
1756160 353
1756170 354
1756180 356
1756190 356
1756200 357
1756210 358
1756220 358
1756230 360
1756240 362
1756250 362
1756260 362
1756270 364
1756280 365
1756290 365
1756300 366
1756310 367
1756320 367
1756330 369
1756340 371
1756350 371
1756360 374
1756370 376
1756380 376
1756390 380
1756400 383
1756410 383
1756420 386
1756430 389
1756440 389
1756450 390
1756460 391
1756470 390
1756480 390
1756490 389
1756500 386
1756510 386
1756520 382
1756530 379
1756540 379
1756550 377
1756560 374
1756570 374
1756580 371
1756590 366
1756600 366
1756610 363
1756620 360
1756630 360
1756640 356
1756650 355
1756660 354
1756670 354
1756680 353
1756690 349
1756700 349
1756710 345
1756720 342
1756730 342
1756740 339
1756750 338
1756760 338
1756770 339
1756780 337
1756790 337
1756800 336
1756810 330
1756820 330
1756830 330
1756840 329
1756850 327
1756860 327
1756870 326
1756880 325
1756890 325
1756900 324
1756910 323
1756920 323
1756930 322
1756940 321
1756950 321
1756960 319
1756970 319
1756980 319
1756990 319
1757000 319
1757010 319
1757020 319
1757030 319
1757040 320
1757050 320
1757060 319
1757070 317
1757080 317
1757090 313
1757100 311
1757110 311
1757120 309
1757130 307
1757140 307
1757150 305
1757160 303
1757170 303
1757180 302
1757190 301
1757200 301
1757210 300
1757220 299
1757230 298
1757240 298
1757250 297
1757260 297
1757270 297
1757280 296
1757290 296
1757300 296
1757310 295
1757320 295
1757330 295
1757340 295
1757350 294
1757360 294
1757370 294
1757380 293
1757390 293
1757400 293
1757410 293
1757420 293
1757430 293
1757440 292
1757450 292
1757460 292
1757470 291
1757480 291
1757490 291
1757500 291
1757510 290
1757520 290
1757530 290
1757540 290
1757550 290
1757560 290
1757570 289
1757580 289
1757590 289
1757600 289
1757610 288
1757620 288
1757630 288
1757640 288
1757650 288
1757660 288
1757670 288
1757680 288
1757690 288
1757700 288
1757710 288
1757720 288
1757730 288
1757740 288
1757750 288
1757760 288
1757770 288
1757780 288
1757790 288
1757800 288
1757810 288
1757820 288
1757830 288
1757840 288
1757850 287
1757860 287
1757870 287
1757880 287
1757890 287
1757900 287
1757910 287
1757920 287
1757930 287
1757940 287
1757950 287
1757960 287
1757970 285
1757980 286
1757990 287
1758000 287
1758010 287
1758020 287
1758030 287
1758040 287
1758050 287
1758060 287
1758070 287
1758080 287
1758090 287
1758100 287
1758110 287
1758120 287
1758130 288
1758140 288
1758150 288
1758160 289
1758170 290
1758180 291
1758190 291
1758200 292
1758210 292
1758220 292
1758230 292
1758240 293
1758250 293
1758260 293
1758270 292
1758280 292
1758290 291
1758300 292
1758310 292
1758320 293
1758330 294
1758340 294
1758350 295
1758360 295
1758370 295
1758380 295
1758390 295
1758400 295
1758410 296
1758420 296
1758430 296
1758440 296
1758450 296
1758460 297
1758470 297
1758480 297
1758490 297
1758500 297
1758510 297
1758520 296
1758530 296
1758540 296
1758550 296
1758560 296
1758570 296
1758580 296
1758590 296
1758600 296
1758610 296
1758620 296
1758630 296
1758640 296
1758650 297
1758660 297
1758670 297
1758680 298
1758690 298
1758700 299
1758710 299
1758720 299
1758730 300
1758740 301
1758750 301
1758760 301
1758770 302
1758780 303
1758790 303
1758800 303
1758810 304
1758820 304
1758830 305
1758840 306
1758850 306
1758860 305
1758870 305
1758880 305
1758890 301
1758900 296
1758910 295
1758920 295
1758930 294
1758940 293
1758950 293
1758960 291
1758970 290
1758980 290
1758990 288
1759000 287
1759010 287
1759020 286
1759030 286
1759040 286
1759050 285
1759060 285
1759070 285
1759080 283
1759090 284
1759100 284
1759110 284
1759120 284
1759130 284
1759140 284
1759150 284
1759160 284
1759170 284
1759180 284
1759190 284
1759200 284
1759210 284
1759220 284
1759230 284
1759240 284
1759250 284
1759260 284
1759270 284
1759280 284
1759290 284
1759300 284
1759310 284
1759320 284
1759330 284
1759340 284
1759350 284
1759360 284
1759370 284
1759380 284
1759390 284
1759400 284
1759410 284
1759420 284
1759430 284
1759440 285
1759450 285
1759460 285
1759470 285
1759480 285
1759490 285
1759500 285
1759510 286
1759520 286
1759530 286
1759540 286
1759550 286
1759560 287
1759570 287
1759580 287
1759590 288
1759600 288
1759610 288
1759620 289
1759630 289
1759640 289
1759650 290
1759660 290
1759670 291
1759680 291
1759690 291
1759700 292
1759710 292
1759720 291
1759730 291
1759740 291
1759750 289
1759760 288
1759770 288
1759780 287
1759790 288
1759800 288
1759810 289
1759820 290
1759830 290
1759840 291
1759850 292
1759860 293
1759870 293
1759880 294
1759890 294
1759900 294
1759910 294
1759920 295
1759930 295
1759940 295
1759950 296
1759960 296
1759970 297
1759980 298
1759990 298
