1740000 343
1740010 342
1740020 341
1740030 341
1740040 340
1740050 338
1740060 338
1740070 338
1740080 337
1740090 336
1740100 336
1740110 335
1740120 334
1740130 334
1740140 332
1740150 331
1740160 331
1740170 330
1740180 329
1740190 329
1740200 329
1740210 328
1740220 328
1740230 327
1740240 327
1740250 326
1740260 326
1740270 326
1740280 326
1740290 326
1740300 325
1740310 325
1740320 325
1740330 325
1740340 325
1740350 325
1740360 324
1740370 324
1740380 324
1740390 324
1740400 323
1740410 323
1740420 323
1740430 322
1740440 322
1740450 322
1740460 321
1740470 319
1740480 319
1740490 319
1740500 318
1740510 318
1740520 318
1740530 317
1740540 317
1740550 317
1740560 317
1740570 317
1740580 316
1740590 316
1740600 316
1740610 315
1740620 315
1740630 314
1740640 314
1740650 314
1740660 314
1740670 314
1740680 313
1740690 312
1740700 312
1740710 312
1740720 311
1740730 311
1740740 311
1740750 310
1740760 310
1740770 309
1740780 308
1740790 307
1740800 307
1740810 306
1740820 306
1740830 306
1740840 305
1740850 305
1740860 305
1740870 304
1740880 304
1740890 304
1740900 304
1740910 304
1740920 304
1740930 304
1740940 304
1740950 304
1740960 303
1740970 303
1740980 303
1740990 303
1741000 302
1741010 302
1741020 302
1741030 302
1741040 302
1741050 302
1741060 302
1741070 302
1741080 302
1741090 302
1741100 302
1741110 302
1741120 300
1741130 302
1741140 302
1741150 302
1741160 301
1741170 301
1741180 301
1741190 301
1741200 301
1741210 301
1741220 301
1741230 301
1741240 301
1741250 301
1741260 301
1741270 301
1741280 301
1741290 301
1741300 301
1741310 301
1741320 302
1741330 302
1741340 302
1741350 302
1741360 302
1741370 302
1741380 302
1741390 302
1741400 302
1741410 302
1741420 302
1741430 302
1741440 302
1741450 302
1741460 302
1741470 302
1741480 302
1741490 302
1741500 303
1741510 303
1741520 303
1741530 304
1741540 304
1741550 305
1741560 305
1741570 305
1741580 306
1741590 306
1741600 307
1741610 309
1741620 309
1741630 310
1741640 312
1741650 312
1741660 313
1741670 315
1741680 315
1741690 316
1741700 318
1741710 318
1741720 320
1741730 323
1741740 326
1741750 326
1741760 326
1741770 335
1741780 335
1741790 343
1741800 351
1741810 351
1741820 357
1741830 359
1741840 359
1741850 358
1741860 357
1741870 357
1741880 354
1741890 352
1741900 352
1741910 351
1741920 350
1741930 351
1741940 351
1741950 353
1741960 354
1741970 354
1741980 354
1741990 356
1742000 356
1742010 357
1742020 358
1742030 358
1742040 358
1742050 359
1742060 359
1742070 358
1742080 358
1742090 358
1742100 358
1742110 358
1742120 357
1742130 357
1742140 357
1742150 356
1742160 356
1742170 355
1742180 355
1742190 355
1742200 354
1742210 353
1742220 353
1742230 353
1742240 352
1742250 352
1742260 351
1742270 350
1742280 350
1742290 349
1742300 348
1742310 347
1742320 347
1742330 346
1742340 345
1742350 345
1742360 342
1742370 337
1742380 337
1742390 334
1742400 337
1742410 337
1742420 339
1742430 341
1742440 341
1742450 341
1742460 341
1742470 341
1742480 341
1742490 341
1742500 342
1742510 342
1742520 342
1742530 343
1742540 343
1742550 343
1742560 343
1742570 343
1742580 343
1742590 343
1742600 343
1742610 342
1742620 342
1742630 342
1742640 341
1742650 341
1742660 341
1742670 340
1742680 339
1742690 337
1742700 337
1742710 336
1742720 334
1742730 334
1742740 332
1742750 330
1742760 330
1742770 328
1742780 326
1742790 326
1742800 323
1742810 322
1742820 322
1742830 322
1742840 321
1742850 321
1742860 321
1742870 320
1742880 319
1742890 319
1742900 319
1742910 318
1742920 318
1742930 317
1742940 316
1742950 316
1742960 316
1742970 315
1742980 315
1742990 314
1743000 314
1743010 314
1743020 313
1743030 313
1743040 313
1743050 312
1743060 311
1743070 311
1743080 311
1743090 310
1743100 309
1743110 309
1743120 308
1743130 307
1743140 307
1743150 306
1743160 306
1743170 306
1743180 305
1743190 304
1743200 304
1743210 304
1743220 303
1743230 303
1743240 303
1743250 303
1743260 302
1743270 302
1743280 302
1743290 302
1743300 302
1743310 301
1743320 301
1743330 301
1743340 301
1743350 300
1743360 300
1743370 300
1743380 300
1743390 300
1743400 300
1743410 300
1743420 300
1743430 299
1743440 299
1743450 299
1743460 299
1743470 299
1743480 299
1743490 299
1743500 299
1743510 300
1743520 300
1743530 300
1743540 300
1743550 300
1743560 299
1743570 299
1743580 299
1743590 299
1743600 299
1743610 299
1743620 299
1743630 300
1743640 300
1743650 300
1743660 300
1743670 300
1743680 300
1743690 300
1743700 300
1743710 300
1743720 300
1743730 300
1743740 300
1743750 300
1743760 300
1743770 300
1743780 300
1743790 297
1743800 299
1743810 299
1743820 300
1743830 300
1743840 300
1743850 300
1743860 301
1743870 301
1743880 301
1743890 301
1743900 301
1743910 301
1743920 302
1743930 302
1743940 302
1743950 302
1743960 302
1743970 302
1743980 302
1743990 302
1744000 302
1744010 302
1744020 303
1744030 303
1744040 303
1744050 303
1744060 303
1744070 304
1744080 305
1744090 305
1744100 307
1744110 314
1744120 314
1744130 318
1744140 320
1744150 320
1744160 322
1744170 324
1744180 326
1744190 326
1744200 327
1744210 328
1744220 328
1744230 328
1744240 330
1744250 330
1744260 330
1744270 332
1744280 332
1744290 333
1744300 333
1744310 333
1744320 334
1744330 334
1744340 334
1744350 334
1744360 334
1744370 336
1744380 336
1744390 337
1744400 337
1744410 337
1744420 338
1744430 339
1744440 339
1744450 339
1744460 340
1744470 340
1744480 341
1744490 342
1744500 342
1744510 343
1744520 344
1744530 344
1744540 347
1744550 348
1744560 349
1744570 349
1744580 351
1744590 351
1744600 351
1744610 354
1744620 354
1744630 354
1744640 357
1744650 359
1744660 359
1744670 361
1744680 362
1744690 362
1744700 363
1744710 361
1744720 361
1744730 359
1744740 357
1744750 355
1744760 355
1744770 355
1744780 353
1744790 353
1744800 351
1744810 349
1744820 349
1744830 347
1744840 346
1744850 346
1744860 343
1744870 341
1744880 341
1744890 340
1744900 340
1744910 340
1744920 340
1744930 338
1744940 336
1744950 336
1744960 335
1744970 334
1744980 334
1744990 332
1745000 331
1745010 331
1745020 330
1745030 328
1745040 328
1745050 327
1745060 327
1745070 327
1745080 327
1745090 328
1745100 328
1745110 335
1745120 339
1745130 342
1745140 342
1745150 346
1745160 350
1745170 350
1745180 352
1745190 355
1745200 355
1745210 358
1745220 361
1745230 361
1745240 364
1745250 365
1745260 365
1745270 366
1745280 363
1745290 363
1745300 364
1745310 369
1745320 370
1745330 370
1745340 370
1745350 373
1745360 373
1745370 377
1745380 379
1745390 379
1745400 381
1745410 385
1745420 385
1745430 388
1745440 389
1745450 389
1745460 391
1745470 394
1745480 394
1745490 397
1745500 400
1745510 403
1745520 403
1745530 406
1745540 408
1745550 408
1745560 409
1745570 409
1745580 409
1745590 409
1745600 409
1745610 409
1745620 405
1745630 402
1745640 402
1745650 401
1745660 400
1745670 400
1745680 399
1745690 399
1745700 398
1745710 398
1745720 397
1745730 396
1745740 396
1745750 394
1745760 392
1745770 392
1745780 391
1745790 390
1745800 390
1745810 390
1745820 390
1745830 390
1745840 394
1745850 397
1745860 397
1745870 398
1745880 398
1745890 398
1745900 398
1745910 398
1745920 398
1745930 398
1745940 398
1745950 398
1745960 398
1745970 399
1745980 400
1745990 400
1746000 402
1746010 405
1746020 405
1746030 409
1746040 411
1746050 411
1746060 411
1746070 411
1746080 406
1746090 406
1746100 399
1746110 392
1746120 392
1746130 387
1746140 385
1746150 385
1746160 384
1746170 384
1746180 384
1746190 382
1746200 382
1746210 382
1746220 383
1746230 382
1746240 382
1746250 378
1746260 376
1746270 375
1746280 375
1746290 375
1746300 374
1746310 374
1746320 372
1746330 371
1746340 371
1746350 369
1746360 367
1746370 367
1746380 365
1746390 365
1746400 365
1746410 365
1746420 365
1746430 365
1746440 364
1746450 362
1746460 361
1746470 361
1746480 360
1746490 359
1746500 359
1746510 358
1746520 358
1746530 358
1746540 356
1746550 355
1746560 355
1746570 352
1746580 357
1746590 357
1746600 362
1746610 365
1746620 368
1746630 368
1746640 371
1746650 376
1746660 376
1746670 381
1746680 387
1746690 387
1746700 391
1746710 397
1746720 397
1746730 400
1746740 400
1746750 400
1746760 400
1746770 399
1746780 399
1746790 398
1746800 398
1746810 398
1746820 398
1746830 398
1746840 398
1746850 398
1746860 397
1746870 395
1746880 395
1746890 392
1746900 382
1746910 382
1746920 381
1746930 380
1746940 380
1746950 379
1746960 378
1746970 378
1746980 378
1746990 377
1747000 377
1747010 376
1747020 374
1747030 373
1747040 373
1747050 373
1747060 374
1747070 374
1747080 376
1747090 378
1747100 378
1747110 380
1747120 382
1747130 382
1747140 385
1747150 388
1747160 388
1747170 390
1747180 391
1747190 392
1747200 392
1747210 392
1747220 389
1747230 389
1747240 386
1747250 384
1747260 384
1747270 380
1747280 377
1747290 377
1747300 374
1747310 371
1747320 371
1747330 371
1747340 370
1747350 370
1747360 370
1747370 370
1747380 369
1747390 369
1747400 370
1747410 370
1747420 370
1747430 370
1747440 371
1747450 371
1747460 372
1747470 372
1747480 372
1747490 374
1747500 374
1747510 374
1747520 375
1747530 374
1747540 374
1747550 373
1747560 370
1747570 368
1747580 368
1747590 365
1747600 363
1747610 363
1747620 360
1747630 357
1747640 357
1747650 354
1747660 351
1747670 351
1747680 349
1747690 346
1747700 346
1747710 344
1747720 342
1747730 342
1747740 340
1747750 338
1747760 337
1747770 337
1747780 335
1747790 334
1747800 334
1747810 334
1747820 333
1747830 333
1747840 333
1747850 333
1747860 333
1747870 332
1747880 333
1747890 333
1747900 334
1747910 335
1747920 335
1747930 336
1747940 337
1747950 338
1747960 338
1747970 339
1747980 340
1747990 340
1748000 342
1748010 344
1748020 344
1748030 345
1748040 345
1748050 345
1748060 344
1748070 342
1748080 342
1748090 340
1748100 336
1748110 336
1748120 335
1748130 334
1748140 333
1748150 333
1748160 332
1748170 332
1748180 332
1748190 332
1748200 331
1748210 331
1748220 330
1748230 330
1748240 330
1748250 329
1748260 329
1748270 329
1748280 329
1748290 328
1748300 328
1748310 327
1748320 326
1748330 325
1748340 325
1748350 324
1748360 324
1748370 324
1748380 324
1748390 324
1748400 324
1748410 323
1748420 323
1748430 323
1748440 323
1748450 323
1748460 323
1748470 323
1748480 322
1748490 322
1748500 323
1748510 323
1748520 323
1748530 323
1748540 324
1748550 323
1748560 323
1748570 324
1748580 324
1748590 324
1748600 324
1748610 324
1748620 324
1748630 324
1748640 325
1748650 326
1748660 326
1748670 327
1748680 327
1748690 328
1748700 329
1748710 330
1748720 330
1748730 331
1748740 331
1748750 331
1748760 331
1748770 335
1748780 335
1748790 338
1748800 339
1748810 339
1748820 340
1748830 338
1748840 338
1748850 338
1748860 342
1748870 342
1748880 342
1748890 343
1748900 342
1748910 342
1748920 343
1748930 345
1748940 345
1748950 346
1748960 346
1748970 346
1748980 348
1748990 349
1749000 349
1749010 350
1749020 350
1749030 350
1749040 350
1749050 351
1749060 351
1749070 352
1749080 352
1749090 353
1749100 353
1749110 353
1749120 355
1749130 355
1749140 355
1749150 355
1749160 355
1749170 355
1749180 357
1749190 357
1749200 358
1749210 360
1749220 360
1749230 361
1749240 363
1749250 363
1749260 365
1749270 366
1749280 367
1749290 367
1749300 369
1749310 369
1749320 369
1749330 369
1749340 369
1749350 369
1749360 368
1749370 367
1749380 367
1749390 365
1749400 364
1749410 364
1749420 362
1749430 360
1749440 357
1749450 357
1749460 355
1749470 353
1749480 353
1749490 352
1749500 351
1749510 351
1749520 351
1749530 351
1749540 351
1749550 351
1749560 347
1749570 347
1749580 344
1749590 341
1749600 341
1749610 340
1749620 340
1749630 339
1749640 339
1749650 338
1749660 336
1749670 336
1749680 334
1749690 332
1749700 332
1749710 331
1749720 329
1749730 329
1749740 327
1749750 325
1749760 325
1749770 322
1749780 319
1749790 319
1749800 316
1749810 314
1749820 312
1749830 312
1749840 311
1749850 310
1749860 310
1749870 310
1749880 308
1749890 308
1749900 307
1749910 307
1749920 307
1749930 307
1749940 307
1749950 307
1749960 307
1749970 306
1749980 306
1749990 306
1750000 306
1750010 306
1750020 306
1750030 306
1750040 306
1750050 306
1750060 306
1750070 306
1750080 306
1750090 306
1750100 306
1750110 306
1750120 305
1750130 306
1750140 306
1750150 306
1750160 306
1750170 306
1750180 306
1750190 306
1750200 306
1750210 306
1750220 306
1750230 306
1750240 306
1750250 306
1750260 306
1750270 306
1750280 307
1750290 307
1750300 307
1750310 307
1750320 307
1750330 307
1750340 307
1750350 307
1750360 307
1750370 307
1750380 307
1750390 304
1750400 304
1750410 307
1750420 307
1750430 307
1750440 307
1750450 307
1750460 307
1750470 308
1750480 308
1750490 308
1750500 308
1750510 308
1750520 308
1750530 308
1750540 309
1750550 309
1750560 309
1750570 309
1750580 309
1750590 309
1750600 310
1750610 310
1750620 310
1750630 310
1750640 311
1750650 311
1750660 311
1750670 312
1750680 312
1750690 312
1750700 312
1750710 312
1750720 313
1750730 313
1750740 313
1750750 313
1750760 314
1750770 314
1750780 314
1750790 315
1750800 315
1750810 315
1750820 315
1750830 316
1750840 316
1750850 316
1750860 316
1750870 316
1750880 317
1750890 317
1750900 317
1750910 318
1750920 318
1750930 318
1750940 318
1750950 319
1750960 319
1750970 319
1750980 319
1750990 319
1751000 319
1751010 319
1751020 319
1751030 319
1751040 320
1751050 321
1751060 321
1751070 322
1751080 323
1751090 323
1751100 324
1751110 326
1751120 326
1751130 327
1751140 328
1751150 329
1751160 329
1751170 330
1751180 331
1751190 331
1751200 333
1751210 334
1751220 334
1751230 336
1751240 337
1751250 337
1751260 338
1751270 339
1751280 339
1751290 340
1751300 342
1751310 342
1751320 343
1751330 344
1751340 345
1751350 345
1751360 346
1751370 347
1751380 347
1751390 348
1751400 349
1751410 349
1751420 351
1751430 352
1751440 352
1751450 354
1751460 356
1751470 356
1751480 358
1751490 360
1751500 360
1751510 362
1751520 365
1751530 368
1751540 368
1751550 370
1751560 371
1751570 371
1751580 374
1751590 377
1751600 377
1751610 379
1751620 382
1751630 382
1751640 384
1751650 385
1751660 385
1751670 386
1751680 386
1751690 386
1751700 385
1751710 384
1751720 382
1751730 382
1751740 381
1751750 378
1751760 378
1751770 378
1751780 377
1751790 377
1751800 376
1751810 375
1751820 377
1751830 376
1751840 375
1751850 375
1751860 374
1751870 374
1751880 374
1751890 374
1751900 374
1751910 375
1751920 375
1751930 375
1751940 375
1751950 375
1751960 374
1751970 373
1751980 373
1751990 371
1752000 370
1752010 370
1752020 368
1752030 366
1752040 366
1752050 365
1752060 363
1752070 363
1752080 360
1752090 358
1752100 356
1752110 356
1752120 354
1752130 352
1752140 352
1752150 351
1752160 349
1752170 349
1752180 347
1752190 345
1752200 345
1752210 343
1752220 341
1752230 341
1752240 339
1752250 338
1752260 337
1752270 337
1752280 336
1752290 335
1752300 335
1752310 335
1752320 334
1752330 334
1752340 334
1752350 334
1752360 334
1752370 333
1752380 333
1752390 333
1752400 333
1752410 332
1752420 332
1752430 332
1752440 332
1752450 331
1752460 331
1752470 332
1752480 331
1752490 331
1752500 332
1752510 332
1752520 332
1752530 332
1752540 332
1752550 332
1752560 333
1752570 334
1752580 334
1752590 335
1752600 335
1752610 335
1752620 338
1752630 340
1752640 343
1752650 343
1752660 347
1752670 350
1752680 350
1752690 351
1752700 353
1752710 353
1752720 355
1752730 358
1752740 358
1752750 362
1752760 365
1752770 365
1752780 368
1752790 371
1752800 371
1752810 373
1752820 376
1752830 380
1752840 380
1752850 384
1752860 387
1752870 387
1752880 389
1752890 390
1752900 390
1752910 387
1752920 380
1752930 380
1752940 374
1752950 370
1752960 370
1752970 369
1752980 372
1752990 372
1753000 367
1753010 365
1753020 363
1753030 363
1753040 360
1753050 356
1753060 356
1753070 354
1753080 351
1753090 351
1753100 349
1753110 348
1753120 348
1753130 347
1753140 347
1753150 347
1753160 348
1753170 351
1753180 351
1753190 355
1753200 359
1753210 364
1753220 364
1753230 369
1753240 372
1753250 372
1753260 375
1753270 379
1753280 379
1753290 381
1753300 385
1753310 385
1753320 388
1753330 390
1753340 390
1753350 392
1753360 392
1753370 393
1753380 394
1753390 396
1753400 397
1753410 397
1753420 400
1753430 401
1753440 401
1753450 401
1753460 404
1753470 404
1753480 406
1753490 408
1753500 408
1753510 410
1753520 411
1753530 411
1753540 413
1753550 415
1753560 415
1753570 416
1753580 417
1753590 418
1753600 418
1753610 419
1753620 419
1753630 419
1753640 418
1753650 417
1753660 417
1753670 415
1753680 414
1753690 414
1753700 412
1753710 410
1753720 410
1753730 408
1753740 407
1753750 407
1753760 405
1753770 401
1753780 398
1753790 398
1753800 396
1753810 393
1753820 393
1753830 392
1753840 390
1753850 390
1753860 389
1753870 387
1753880 387
1753890 386
1753900 384
1753910 384
1753920 381
1753930 376
1753940 376
1753950 372
1753960 368
1753970 366
1753980 366
1753990 364
1754000 361
1754010 361
1754020 360
1754030 360
1754040 360
1754050 360
1754060 360
1754070 360
1754080 360
1754090 358
1754100 358
1754110 357
1754120 356
1754130 356
1754140 354
1754150 353
1754160 352
1754170 352
1754180 350
1754190 348
1754200 348
1754210 347
1754220 345
1754230 345
1754240 347
1754250 348
1754260 348
1754270 349
1754280 352
1754290 352
1754300 352
1754310 356
1754320 356
1754330 359
1754340 361
1754350 364
1754360 364
1754370 366
1754380 369
1754390 369
1754400 371
1754410 377
1754420 377
1754430 379
1754440 383
1754450 383
1754460 386
1754470 389
1754480 389
1754490 393
1754500 395
1754510 395
1754520 398
1754530 400
1754540 401
1754550 401
1754560 402
1754570 402
1754580 402
1754590 402
1754600 400
1754610 400
1754620 398
1754630 393
1754640 393
1754650 388
1754660 384
1754670 384
1754680 381
1754690 379
1754700 379
1754710 378
1754720 377
1754730 376
1754740 376
1754750 375
1754760 375
1754770 375
1754780 375
1754790 374
1754800 374
1754810 377
1754820 379
1754830 379
1754840 381
1754850 384
1754860 384
1754870 386
1754880 389
1754890 389
1754900 391
1754910 395
1754920 398
1754930 398
1754940 401
1754950 403
1754960 403
1754970 406
1754980 410
1754990 410
1755000 413
1755010 416
1755020 416
1755030 418
1755040 419
1755050 419
1755060 420
1755070 419
1755080 419
1755090 420
1755100 422
1755110 423
1755120 423
1755130 423
1755140 423
1755150 423
1755160 424
1755170 424
1755180 424
1755190 423
1755200 421
1755210 421
1755220 418
1755230 415
1755240 415
1755250 412
1755260 408
1755270 403
1755280 403
1755290 401
1755300 400
1755310 400
1755320 399
1755330 397
1755340 397
1755350 395
1755360 393
1755370 393
1755380 392
1755390 390
1755400 390
1755410 388
1755420 386
1755430 386
1755440 385
1755450 383
1755460 382
1755470 382
1755480 380
1755490 379
1755500 379
1755510 377
1755520 376
1755530 376
1755540 374
1755550 372
1755560 372
1755570 371
1755580 369
1755590 369
1755600 369
1755610 368
1755620 368
1755630 366
1755640 364
1755650 361
1755660 361
1755670 361
1755680 360
1755690 360
1755700 361
1755710 360
1755720 360
1755730 362
1755740 364
1755750 364
1755760 366
1755770 366
1755780 366
1755790 366
1755800 366
1755810 366
1755820 365
1755830 364
1755840 362
1755850 362
1755860 361
1755870 360
1755880 360
1755890 359
1755900 359
1755910 359
1755920 363
1755930 364
1755940 364
1755950 365
1755960 366
1755970 366
1755980 366
1755990 367
1756000 367
1756010 367
1756020 368
1756030 369
1756040 369
1756050 369
1756060 370
1756070 370
1756080 368
1756090 367
1756100 367
1756110 365
1756120 362
1756130 362
1756140 361
1756150 358
1756160 358
1756170 354
1756180 350
1756190 350
1756200 348
1756210 347
1756220 347
1756230 347
1756240 347
1756250 347
1756260 347
1756270 347
1756280 347
1756290 347
1756300 348
1756310 349
1756320 349
1756330 350
1756340 352
1756350 352
1756360 354
1756370 357
1756380 357
1756390 359
1756400 362
1756410 364
1756420 364
1756430 366
1756440 369
1756450 369
1756460 371
1756470 375
1756480 375
1756490 378
1756500 380
1756510 380
1756520 382
1756530 384
1756540 384
1756550 386
1756560 387
1756570 387
1756580 389
1756590 388
1756600 388
1756610 388
1756620 387
1756630 386
1756640 386
1756650 384
1756660 382
1756670 382
1756680 378
1756690 371
1756700 371
1756710 369
1756720 368
1756730 368
1756740 367
1756750 366
1756760 366
1756770 365
1756780 364
1756790 362
1756800 362
1756810 360
1756820 358
1756830 358
1756840 354
1756850 351
1756860 351
1756870 348
1756880 342
1756890 342
1756900 339
1756910 336
1756920 336
1756930 332
1756940 330
1756950 330
1756960 330
1756970 329
1756980 326
1756990 326
1757000 325
1757010 323
1757020 323
1757030 321
1757040 320
1757050 320
1757060 320
1757070 318
1757080 318
1757090 317
1757100 315
1757110 315
1757120 314
1757130 313
1757140 313
1757150 312
1757160 311
1757170 309
1757180 309
1757190 306
1757200 305
1757210 305
1757220 304
1757230 303
1757240 303
1757250 303
1757260 302
1757270 302
1757280 301
1757290 301
1757300 301
1757310 301
1757320 301
1757330 301
1757340 302
1757350 304
1757360 305
1757370 305
1757380 306
1757390 306
1757400 306
1757410 306
1757420 306
1757430 306
1757440 305
1757450 304
1757460 304
1757470 303
1757480 303
1757490 303
1757500 299
1757510 296
1757520 296
1757530 294
1757540 293
1757550 291
1757560 291
1757570 290
1757580 290
1757590 290
1757600 289
1757610 289
1757620 289
1757630 289
1757640 288
1757650 288
1757660 288
1757670 287
1757680 287
1757690 287
1757700 287
1757710 287
1757720 287
1757730 286
1757740 287
1757750 287
1757760 287
1757770 287
1757780 287
1757790 287
1757800 287
1757810 287
1757820 287
1757830 287
1757840 287
1757850 287
1757860 287
1757870 287
1757880 287
1757890 287
1757900 287
1757910 287
1757920 286
1757930 287
1757940 287
1757950 287
1757960 287
1757970 287
1757980 287
1757990 287
1758000 287
1758010 287
1758020 287
1758030 287
1758040 287
1758050 286
1758060 286
1758070 286
1758080 286
1758090 286
1758100 286
1758110 286
1758120 286
1758130 286
1758140 286
1758150 287
1758160 287
1758170 287
1758180 285
1758190 285
1758200 286
1758210 286
1758220 286
1758230 286
1758240 286
1758250 286
1758260 286
1758270 286
1758280 286
1758290 286
1758300 286
1758310 286
1758320 286
1758330 286
1758340 287
1758350 287
1758360 288
1758370 287
1758380 287
1758390 287
1758400 288
1758410 288
1758420 289
1758430 288
1758440 288
1758450 289
1758460 289
1758470 288
1758480 288
1758490 288
1758500 288
1758510 288
1758520 288
1758530 288
1758540 288
1758550 288
1758560 288
1758570 288
1758580 288
1758590 288
1758600 288
1758610 288
1758620 288
1758630 288
1758640 288
1758650 288
1758660 289
1758670 289
1758680 289
1758690 289
1758700 289
1758710 290
1758720 290
1758730 290
1758740 290
1758750 290
1758760 290
1758770 291
1758780 291
1758790 291
1758800 291
1758810 292
1758820 292
1758830 292
1758840 292
1758850 292
1758860 292
1758870 292
1758880 292
1758890 292
1758900 293
1758910 294
1758920 294
1758930 294
1758940 294
1758950 294
1758960 295
1758970 296
1758980 296
1758990 296
1759000 297
1759010 297
1759020 298
1759030 298
1759040 300
1759050 300
1759060 299
1759070 297
1759080 297
1759090 294
1759100 290
1759110 290
1759120 289
1759130 288
1759140 288
1759150 286
1759160 285
1759170 285
1759180 285
1759190 284
1759200 284
1759210 284
1759220 284
1759230 284
1759240 284
1759250 284
1759260 284
1759270 283
1759280 283
1759290 284
1759300 284
1759310 284
1759320 283
1759330 283
1759340 283
1759350 283
1759360 283
1759370 283
1759380 283
1759390 283
1759400 283
1759410 283
1759420 283
1759430 283
1759440 283
1759450 283
1759460 283
1759470 283
1759480 283
1759490 283
1759500 283
1759510 283
1759520 283
1759530 282
1759540 284
1759550 284
1759560 283
1759570 283
1759580 283
1759590 283
1759600 283
1759610 283
1759620 283
1759630 283
1759640 283
1759650 283
1759660 283
1759670 284
1759680 284
1759690 284
1759700 284
1759710 284
1759720 284
1759730 284
1759740 284
1759750 284
1759760 284
1759770 284
1759780 284
1759790 284
1759800 284
1759810 284
1759820 286
1759830 286
1759840 286
1759850 286
1759860 286
1759870 286
1759880 287
1759890 288
1759900 288
1759910 289
1759920 290
1759930 290
1759940 291
1759950 292
1759960 292
1759970 294
1759980 295
1759990 297
