1740000 328
1740010 328
1740020 328
1740030 328
1740040 327
1740050 327
1740060 327
1740070 327
1740080 327
1740090 327
1740100 327
1740110 327
1740120 327
1740130 327
1740140 325
1740150 325
1740160 325
1740170 325
1740180 325
1740190 325
1740200 324
1740210 324
1740220 324
1740230 324
1740240 324
1740250 323
1740260 321
1740270 320
1740280 320
1740290 319
1740300 318
1740310 318
1740320 317
1740330 316
1740340 316
1740350 315
1740360 314
1740370 314
1740380 313
1740390 313
1740400 313
1740410 314
1740420 313
1740430 313
1740440 313
1740450 312
1740460 310
1740470 310
1740480 310
1740490 309
1740500 309
1740510 309
1740520 309
1740530 309
1740540 309
1740550 308
1740560 308
1740570 309
1740580 309
1740590 309
1740600 309
1740610 309
1740620 309
1740630 309
1740640 308
1740650 308
1740660 308
1740670 308
1740680 308
1740690 308
1740700 308
1740710 308
1740720 308
1740730 308
1740740 308
1740750 308
1740760 307
1740770 306
1740780 306
1740790 306
1740800 306
1740810 306
1740820 306
1740830 305
1740840 305
1740850 305
1740860 305
1740870 305
1740880 305
1740890 305
1740900 305
1740910 305
1740920 305
1740930 305
1740940 305
1740950 305
1740960 305
1740970 305
1740980 305
1740990 302
1741000 305
1741010 305
1741020 304
1741030 304
1741040 304
1741050 304
1741060 304
1741070 304
1741080 304
1741090 304
1741100 304
1741110 304
1741120 304
1741130 304
1741140 304
1741150 302
1741160 302
1741170 304
1741180 304
1741190 304
1741200 304
1741210 304
1741220 305
1741230 305
1741240 305
1741250 306
1741260 306
1741270 307
1741280 307
1741290 307
1741300 308
1741310 310
1741320 310
1741330 311
1741340 313
1741350 313
1741360 315
1741370 316
1741380 320
1741390 320
1741400 326
1741410 327
1741420 327
1741430 328
1741440 332
1741450 332
1741460 336
1741470 332
1741480 332
1741490 327
1741500 328
1741510 328
1741520 332
1741530 338
1741540 338
1741550 344
1741560 349
1741570 356
1741580 356
1741590 363
1741600 370
1741610 370
1741620 373
1741630 375
1741640 375
1741650 375
1741660 375
1741670 375
1741680 374
1741690 374
1741700 374
1741710 373
1741720 373
1741730 373
1741740 372
1741750 371
1741760 370
1741770 370
1741780 369
1741790 367
1741800 367
1741810 366
1741820 364
1741830 364
1741840 360
1741850 354
1741860 354
1741870 352
1741880 351
1741890 351
1741900 350
1741910 349
1741920 349
1741930 348
1741940 346
1741950 348
1741960 348
1741970 350
1741980 353
1741990 353
1742000 354
1742010 356
1742020 356
1742030 358
1742040 358
1742050 358
1742060 359
1742070 360
1742080 360
1742090 361
1742100 363
1742110 363
1742120 363
1742130 363
1742140 363
1742150 363
1742160 363
1742170 363
1742180 363
1742190 363
1742200 363
1742210 363
1742220 363
1742230 363
1742240 363
1742250 363
1742260 363
1742270 363
1742280 362
1742290 362
1742300 362
1742310 362
1742320 362
1742330 362
1742340 362
1742350 361
1742360 360
1742370 360
1742380 359
1742390 358
1742400 357
1742410 356
1742420 355
1742430 355
1742440 353
1742450 352
1742460 352
1742470 350
1742480 349
1742490 349
1742500 348
1742510 348
1742520 346
1742530 346
1742540 344
1742550 344
1742560 344
1742570 343
1742580 341
1742590 341
1742600 340
1742610 340
1742620 340
1742630 340
1742640 340
1742650 340
1742660 339
1742670 338
1742680 338
1742690 337
1742700 337
1742710 336
1742720 336
1742730 335
1742740 334
1742750 334
1742760 334
1742770 333
1742780 333
1742790 333
1742800 332
1742810 332
1742820 331
1742830 330
1742840 330
1742850 330
1742860 329
1742870 329
1742880 328
1742890 328
1742900 327
1742910 327
1742920 326
1742930 325
1742940 325
1742950 325
1742960 324
1742970 324
1742980 323
1742990 322
1743000 322
1743010 322
1743020 321
1743030 321
1743040 320
1743050 319
1743060 319
1743070 318
1743080 317
1743090 316
1743100 316
1743110 315
1743120 314
1743130 314
1743140 313
1743150 312
1743160 312
1743170 311
1743180 311
1743190 311
1743200 310
1743210 309
1743220 309
1743230 308
1743240 307
1743250 307
1743260 307
1743270 306
1743280 306
1743290 306
1743300 306
1743310 306
1743320 306
1743330 305
1743340 304
1743350 304
1743360 304
1743370 304
1743380 304
1743390 303
1743400 303
1743410 303
1743420 303
1743430 302
1743440 302
1743450 302
1743460 302
1743470 302
1743480 302
1743490 302
1743500 302
1743510 302
1743520 303
1743530 302
1743540 302
1743550 302
1743560 301
1743570 301
1743580 301
1743590 301
1743600 301
1743610 301
1743620 301
1743630 301
1743640 301
1743650 301
1743660 301
1743670 301
1743680 301
1743690 301
1743700 301
1743710 301
1743720 300
1743730 300
1743740 301
1743750 301
1743760 301
1743770 300
1743780 300
1743790 300
1743800 300
1743810 301
1743820 301
1743830 301
1743840 301
1743850 301
1743860 301
1743870 301
1743880 301
1743890 301
1743900 301
1743910 301
1743920 301
1743930 301
1743940 301
1743950 301
1743960 301
1743970 301
1743980 301
1743990 301
1744000 301
1744010 301
1744020 301
1744030 301
1744040 301
1744050 301
1744060 301
1744070 301
1744080 301
1744090 301
1744100 301
1744110 301
1744120 301
1744130 301
1744140 301
1744150 302
1744160 302
1744170 302
1744180 301
1744190 302
1744200 302
1744210 302
1744220 302
1744230 302
1744240 302
1744250 302
1744260 302
1744270 302
1744280 302
1744290 302
1744300 302
1744310 302
1744320 302
1744330 302
1744340 302
1744350 301
1744360 301
1744370 300
1744380 299
1744390 299
1744400 302
1744410 302
1744420 302
1744430 302
1744440 302
1744450 303
1744460 303
1744470 303
1744480 303
1744490 303
1744500 305
1744510 306
1744520 306
1744530 307
1744540 309
1744550 309
1744560 311
1744570 313
1744580 313
1744590 315
1744600 319
1744610 322
1744620 322
1744630 327
1744640 330
1744650 330
1744660 334
1744670 338
1744680 338
1744690 340
1744700 342
1744710 342
1744720 343
1744730 344
1744740 344
1744750 346
1744760 348
1744770 348
1744780 347
1744790 346
1744800 346
1744810 346
1744820 349
1744830 350
1744840 350
1744850 354
1744860 359
1744870 359
1744880 364
1744890 368
1744900 368
1744910 372
1744920 368
1744930 368
1744940 367
1744950 364
1744960 364
1744970 364
1744980 364
1744990 362
1745000 362
1745010 360
1745020 357
1745030 357
1745040 353
1745050 352
1745060 352
1745070 353
1745080 353
1745090 353
1745100 353
1745110 353
1745120 353
1745130 353
1745140 352
1745150 352
1745160 352
1745170 353
1745180 352
1745190 352
1745200 351
1745210 351
1745220 351
1745230 351
1745240 351
1745250 351
1745260 350
1745270 351
1745280 351
1745290 351
1745300 351
1745310 351
1745320 351
1745330 352
1745340 352
1745350 352
1745360 354
1745370 355
1745380 355
1745390 356
1745400 358
1745410 358
1745420 358
1745430 359
1745440 359
1745450 362
1745460 364
1745470 364
1745480 364
1745490 363
1745500 363
1745510 364
1745520 365
1745530 365
1745540 365
1745550 366
1745560 366
1745570 366
1745580 366
1745590 366
1745600 366
1745610 366
1745620 364
1745630 364
1745640 365
1745650 366
1745660 366
1745670 366
1745680 366
1745690 366
1745700 365
1745710 365
1745720 364
1745730 364
1745740 363
1745750 362
1745760 362
1745770 362
1745780 361
1745790 361
1745800 362
1745810 362
1745820 362
1745830 360
1745840 359
1745850 359
1745860 358
1745870 356
1745880 356
1745890 354
1745900 354
1745910 357
1745920 357
1745930 362
1745940 365
1745950 365
1745960 369
1745970 373
1745980 373
1745990 378
1746000 382
1746010 382
1746020 386
1746030 389
1746040 389
1746050 390
1746060 388
1746070 388
1746080 383
1746090 381
1746100 380
1746110 380
1746120 380
1746130 379
1746140 379
1746150 379
1746160 379
1746170 379
1746180 378
1746190 378
1746200 378
1746210 380
1746220 380
1746230 380
1746240 379
1746250 380
1746260 380
1746270 380
1746280 380
1746290 380
1746300 380
1746310 381
1746320 382
1746330 382
1746340 382
1746350 384
1746360 384
1746370 388
1746380 392
1746390 392
1746400 396
1746410 400
1746420 400
1746430 402
1746440 402
1746450 402
1746460 401
1746470 401
1746480 399
1746490 399
1746500 398
1746510 396
1746520 396
1746530 393
1746540 391
1746550 391
1746560 389
1746570 387
1746580 387
1746590 385
1746600 383
1746610 383
1746620 382
1746630 381
1746640 381
1746650 379
1746660 378
1746670 377
1746680 377
1746690 374
1746700 374
1746710 374
1746720 373
1746730 373
1746740 373
1746750 372
1746760 370
1746770 370
1746780 370
1746790 368
1746800 368
1746810 366
1746820 365
1746830 365
1746840 364
1746850 363
1746860 363
1746870 363
1746880 362
1746890 362
1746900 362
1746910 361
1746920 360
1746930 360
1746940 359
1746950 358
1746960 358
1746970 357
1746980 356
1746990 356
1747000 355
1747010 354
1747020 354
1747030 353
1747040 352
1747050 352
1747060 352
1747070 349
1747080 347
1747090 347
1747100 345
1747110 343
1747120 343
1747130 341
1747140 340
1747150 340
1747160 341
1747170 342
1747180 342
1747190 344
1747200 345
1747210 345
1747220 346
1747230 347
1747240 348
1747250 348
1747260 349
1747270 350
1747280 350
1747290 350
1747300 349
1747310 349
1747320 349
1747330 352
1747340 352
1747350 354
1747360 355
1747370 355
1747380 354
1747390 351
1747400 351
1747410 352
1747420 353
1747430 353
1747440 353
1747450 354
1747460 353
1747470 353
1747480 352
1747490 354
1747500 354
1747510 353
1747520 352
1747530 352
1747540 351
1747550 351
1747560 351
1747570 350
1747580 350
1747590 350
1747600 349
1747610 348
1747620 348
1747630 348
1747640 347
1747650 346
1747660 346
1747670 344
1747680 343
1747690 343
1747700 342
1747710 341
1747720 341
1747730 340
1747740 340
1747750 340
1747760 339
1747770 340
1747780 340
1747790 340
1747800 341
1747810 342
1747820 342
1747830 344
1747840 346
1747850 346
1747860 348
1747870 349
1747880 349
1747890 349
1747900 347
1747910 347
1747920 348
1747930 351
1747940 351
1747950 352
1747960 353
1747970 353
1747980 354
1747990 356
1748000 357
1748010 357
1748020 358
1748030 358
1748040 358
1748050 359
1748060 361
1748070 361
1748080 361
1748090 362
1748100 362
1748110 363
1748120 364
1748130 364
1748140 365
1748150 366
1748160 366
1748170 367
1748180 368
1748190 370
1748200 370
1748210 372
1748220 374
1748230 374
1748240 376
1748250 377
1748260 377
1748270 378
1748280 378
1748290 378
1748300 379
1748310 378
1748320 378
1748330 377
1748340 375
1748350 375
1748360 374
1748370 374
1748380 373
1748390 373
1748400 373
1748410 372
1748420 372
1748430 371
1748440 370
1748450 370
1748460 369
1748470 368
1748480 368
1748490 368
1748500 367
1748510 367
1748520 366
1748530 366
1748540 366
1748550 366
1748560 365
1748570 365
1748580 365
1748590 364
1748600 364
1748610 364
1748620 364
1748630 364
1748640 364
1748650 365
1748660 365
1748670 365
1748680 365
1748690 365
1748700 365
1748710 365
1748720 366
1748730 366
1748740 366
1748750 366
1748760 364
1748770 364
1748780 364
1748790 363
1748800 363
1748810 361
1748820 358
1748830 358
1748840 355
1748850 355
1748860 355
1748870 357
1748880 357
1748890 357
1748900 354
1748910 350
1748920 350
1748930 349
1748940 349
1748950 348
1748960 348
1748970 348
1748980 347
1748990 347
1749000 347
1749010 346
1749020 346
1749030 345
1749040 345
1749050 345
1749060 344
1749070 344
1749080 344
1749090 344
1749100 344
1749110 343
1749120 343
1749130 342
1749140 341
1749150 341
1749160 339
1749170 338
1749180 338
1749190 336
1749200 335
1749210 335
1749220 333
1749230 331
1749240 331
1749250 330
1749260 328
1749270 328
1749280 326
1749290 325
1749300 323
1749310 323
1749320 322
1749330 321
1749340 321
1749350 321
1749360 320
1749370 320
1749380 320
1749390 320
1749400 320
1749410 320
1749420 320
1749430 320
1749440 320
1749450 320
1749460 320
1749470 321
1749480 321
1749490 322
1749500 322
1749510 322
1749520 323
1749530 323
1749540 324
1749550 324
1749560 324
1749570 325
1749580 325
1749590 325
1749600 325
1749610 324
1749620 324
1749630 323
1749640 322
1749650 322
1749660 321
1749670 320
1749680 319
1749690 319
1749700 317
1749710 316
1749720 316
1749730 314
1749740 313
1749750 313
1749760 312
1749770 312
1749780 312
1749790 312
1749800 310
1749810 310
1749820 310
1749830 310
1749840 310
1749850 309
1749860 309
1749870 309
1749880 309
1749890 309
1749900 309
1749910 309
1749920 309
1749930 309
1749940 309
1749950 310
1749960 310
1749970 310
1749980 309
1749990 309
1750000 309
1750010 309
1750020 309
1750030 309
1750040 309
1750050 309
1750060 309
1750070 309
1750080 309
1750090 309
1750100 309
1750110 305
1750120 309
1750130 309
1750140 309
1750150 309
1750160 309
1750170 308
1750180 308
1750190 308
1750200 308
1750210 309
1750220 309
1750230 309
1750240 309
1750250 309
1750260 309
1750270 309
1750280 309
1750290 309
1750300 309
1750310 309
1750320 309
1750330 309
1750340 309
1750350 309
1750360 310
1750370 310
1750380 310
1750390 310
1750400 311
1750410 311
1750420 311
1750430 311
1750440 312
1750450 312
1750460 313
1750470 313
1750480 313
1750490 313
1750500 313
1750510 313
1750520 313
1750530 313
1750540 313
1750550 314
1750560 315
1750570 315
1750580 316
1750590 316
1750600 316
1750610 317
1750620 317
1750630 318
1750640 318
1750650 319
1750660 319
1750670 319
1750680 320
1750690 320
1750700 320
1750710 321
1750720 322
1750730 322
1750740 323
1750750 324
1750760 324
1750770 325
1750780 326
1750790 326
1750800 327
1750810 328
1750820 329
1750830 329
1750840 330
1750850 331
1750860 331
1750870 332
1750880 333
1750890 333
1750900 334
1750910 335
1750920 335
1750930 336
1750940 337
1750950 337
1750960 338
1750970 340
1750980 340
1750990 341
1751000 342
1751010 344
1751020 344
1751030 345
1751040 347
1751050 347
1751060 349
1751070 351
1751080 351
1751090 352
1751100 355
1751110 355
1751120 357
1751130 359
1751140 359
1751150 360
1751160 362
1751170 362
1751180 364
1751190 368
1751200 371
1751210 371
1751220 374
1751230 377
1751240 377
1751250 380
1751260 382
1751270 382
1751280 384
1751290 387
1751300 387
1751310 389
1751320 390
1751330 390
1751340 393
1751350 395
1751360 395
1751370 397
1751380 399
1751390 400
1751400 400
1751410 402
1751420 403
1751430 403
1751440 406
1751450 408
1751460 408
1751470 411
1751480 412
1751490 412
1751500 412
1751510 412
1751520 412
1751530 412
1751540 410
1751550 410
1751560 409
1751570 407
1751580 404
1751590 404
1751600 402
1751610 400
1751620 400
1751630 398
1751640 396
1751650 396
1751660 394
1751670 392
1751680 392
1751690 390
1751700 388
1751710 388
1751720 385
1751730 382
1751740 382
1751750 379
1751760 375
1751770 374
1751780 374
1751790 373
1751800 371
1751810 371
1751820 369
1751830 369
1751840 369
1751850 367
1751860 366
1751870 366
1751880 367
1751890 367
1751900 367
1751910 366
1751920 366
1751930 366
1751940 365
1751950 366
1751960 367
1751970 367
1751980 368
1751990 368
1752000 368
1752010 367
1752020 367
1752030 367
1752040 366
1752050 366
1752060 366
1752070 365
1752080 364
1752090 364
1752100 365
1752110 364
1752120 364
1752130 359
1752140 358
1752150 357
1752160 357
1752170 355
1752180 354
1752190 354
1752200 350
1752210 347
1752220 347
1752230 347
1752240 345
1752250 345
1752260 343
1752270 341
1752280 340
1752290 339
1752300 340
1752310 340
1752320 338
1752330 337
1752340 337
1752350 337
1752360 336
1752370 336
1752380 336
1752390 335
1752400 337
1752410 337
1752420 337
1752430 338
1752440 338
1752450 340
1752460 342
1752470 342
1752480 343
1752490 345
1752500 345
1752510 347
1752520 349
1752530 351
1752540 351
1752550 353
1752560 356
1752570 356
1752580 358
1752590 360
1752600 360
1752610 361
1752620 362
1752630 362
1752640 363
1752650 364
1752660 364
1752670 365
1752680 366
1752690 366
1752700 366
1752710 367
1752720 368
1752730 368
1752740 369
1752750 370
1752760 370
1752770 371
1752780 373
1752790 373
1752800 375
1752810 377
1752820 377
1752830 379
1752840 381
1752850 381
1752860 385
1752870 387
1752880 387
1752890 387
1752900 387
1752910 387
1752920 387
1752930 385
1752940 382
1752950 382
1752960 379
1752970 375
1752980 375
1752990 372
1753000 368
1753010 368
1753020 366
1753030 365
1753040 365
1753050 364
1753060 364
1753070 365
1753080 365
1753090 366
1753100 368
1753110 368
1753120 370
1753130 372
1753140 372
1753150 375
1753160 377
1753170 377
1753180 379
1753190 381
1753200 381
1753210 384
1753220 387
1753230 387
1753240 389
1753250 392
1753260 394
1753270 394
1753280 398
1753290 403
1753300 403
1753310 407
1753320 411
1753330 411
1753340 414
1753350 417
1753360 417
1753370 420
1753380 423
1753390 423
1753400 427
1753410 431
1753420 431
1753430 434
1753440 435
1753450 436
1753460 436
1753470 437
1753480 436
1753490 436
1753500 434
1753510 431
1753520 431
1753530 428
1753540 425
1753550 425
1753560 422
1753570 419
1753580 419
1753590 413
1753600 411
1753610 411
1753620 410
1753630 409
1753640 407
1753650 407
1753660 403
1753670 399
1753680 399
1753690 396
1753700 395
1753710 395
1753720 393
1753730 391
1753740 391
1753750 389
1753760 387
1753770 387
1753780 386
1753790 384
1753800 384
1753810 383
1753820 380
1753830 378
1753840 378
1753850 376
1753860 373
1753870 373
1753880 371
1753890 370
1753900 370
1753910 368
1753920 366
1753930 366
1753940 365
1753950 364
1753960 364
1753970 363
1753980 362
1753990 362
1754000 361
1754010 360
1754020 359
1754030 359
1754040 359
1754050 360
1754060 360
1754070 360
1754080 360
1754090 360
1754100 363
1754110 366
1754120 366
1754130 369
1754140 371
1754150 371
1754160 374
1754170 376
1754180 376
1754190 378
1754200 379
1754210 380
1754220 380
1754230 380
1754240 380
1754250 380
1754260 379
1754270 377
1754280 377
1754290 375
1754300 374
1754310 374
1754320 373
1754330 372
1754340 372
1754350 371
1754360 370
1754370 370
1754380 369
1754390 368
1754400 367
1754410 367
1754420 368
1754430 368
1754440 368
1754450 370
1754460 372
1754470 372
1754480 373
1754490 375
1754500 375
1754510 376
1754520 378
1754530 378
1754540 380
1754550 383
1754560 383
1754570 385
1754580 387
1754590 388
1754600 388
1754610 389
1754620 391
1754630 391
1754640 393
1754650 394
1754660 394
1754670 395
1754680 397
1754690 397
1754700 397
1754710 396
1754720 396
1754730 394
1754740 390
1754750 390
1754760 386
1754770 380
1754780 376
1754790 376
1754800 375
1754810 375
1754820 375
1754830 374
1754840 373
1754850 373
1754860 371
1754870 368
1754880 368
1754890 365
1754900 361
1754910 361
1754920 359
1754930 356
1754940 356
1754950 352
1754960 351
1754970 351
1754980 351
1754990 351
1755000 351
1755010 351
1755020 352
1755030 351
1755040 351
1755050 351
1755060 350
1755070 350
1755080 350
1755090 350
1755100 350
1755110 349
1755120 346
1755130 346
1755140 346
1755150 346
1755160 344
1755170 344
1755180 341
1755190 338
1755200 338
1755210 335
1755220 333
1755230 333
1755240 330
1755250 330
1755260 330
1755270 330
1755280 330
1755290 330
1755300 334
1755310 341
1755320 342
1755330 347
1755340 352
1755350 355
1755360 355
1755370 357
1755380 359
1755390 359
1755400 361
1755410 363
1755420 363
1755430 364
1755440 367
1755450 367
1755460 369
1755470 372
1755480 372
1755490 375
1755500 377
1755510 377
1755520 380
1755530 383
1755540 386
1755550 386
1755560 389
1755570 393
1755580 393
1755590 396
1755600 398
1755610 398
1755620 398
1755630 394
1755640 394
1755650 391
1755660 388
1755670 388
1755680 386
1755690 383
1755700 383
1755710 381
1755720 380
1755730 378
1755740 378
1755750 376
1755760 374
1755770 374
1755780 371
1755790 370
1755800 370
1755810 368
1755820 365
1755830 365
1755840 361
1755850 356
1755860 356
1755870 352
1755880 349
1755890 349
1755900 343
1755910 339
1755920 335
1755930 335
1755940 328
1755950 328
1755960 328
1755970 331
1755980 334
1755990 334
1756000 337
1756010 337
1756020 337
1756030 337
1756040 338
1756050 338
1756060 339
1756070 342
1756080 342
1756090 344
1756100 346
1756110 344
1756120 344
1756130 341
1756140 338
1756150 338
1756160 337
1756170 336
1756180 336
1756190 334
1756200 332
1756210 332
1756220 331
1756230 326
1756240 326
1756250 322
1756260 320
1756270 320
1756280 315
1756290 323
1756300 332
1756310 332
1756320 338
1756330 340
1756340 340
1756350 343
1756360 348
1756370 348
1756380 352
1756390 356
1756400 356
1756410 359
1756420 360
1756430 360
1756440 359
1756450 357
1756460 357
1756470 355
1756480 354
1756490 351
1756500 351
1756510 349
1756520 349
1756530 349
1756540 347
1756550 344
1756560 344
1756570 341
1756580 338
1756590 338
1756600 338
1756610 336
1756620 336
1756630 333
1756640 328
1756650 328
1756660 323
1756670 320
1756680 320
1756690 320
1756700 319
1756710 314
1756720 314
1756730 310
1756740 311
1756750 311
1756760 311
1756770 311
1756780 311
1756790 312
1756800 311
1756810 311
1756820 311
1756830 311
1756840 311
1756850 311
1756860 310
1756870 309
1756880 309
1756890 309
1756900 308
1756910 308
1756920 308
1756930 307
1756940 307
1756950 304
1756960 304
1756970 304
1756980 301
1756990 300
1757000 300
1757010 299
1757020 298
1757030 298
1757040 296
1757050 295
1757060 294
1757070 294
1757080 293
1757090 293
1757100 293
1757110 293
1757120 292
1757130 292
1757140 292
1757150 291
1757160 291
1757170 291
1757180 288
1757190 288
1757200 289
1757210 290
1757220 290
1757230 290
1757240 290
1757250 289
1757260 289
1757270 289
1757280 290
1757290 290
1757300 288
1757310 290
1757320 290
1757330 290
1757340 290
1757350 290
1757360 290
1757370 288
1757380 288
1757390 290
1757400 290
1757410 290
1757420 290
1757430 290
1757440 290
1757450 290
1757460 290
1757470 290
1757480 290
1757490 290
1757500 290
1757510 290
1757520 290
1757530 290
1757540 290
1757550 290
1757560 290
1757570 290
1757580 290
1757590 291
1757600 291
1757610 291
1757620 291
1757630 291
1757640 291
1757650 292
1757660 292
1757670 292
1757680 293
1757690 293
1757700 293
1757710 294
1757720 296
1757730 296
1757740 298
1757750 298
1757760 298
1757770 298
1757780 299
1757790 299
1757800 299
1757810 299
1757820 300
1757830 300
1757840 300
1757850 300
1757860 300
1757870 300
1757880 300
1757890 300
1757900 302
1757910 302
1757920 302
1757930 303
1757940 303
1757950 303
1757960 303
1757970 303
1757980 304
1757990 304
1758000 306
1758010 306
1758020 306
1758030 306
1758040 306
1758050 306
1758060 306
1758070 308
1758080 308
1758090 308
1758100 309
1758110 309
1758120 309
1758130 310
1758140 310
1758150 310
1758160 311
1758170 311
1758180 311
1758190 312
1758200 314
1758210 314
1758220 315
1758230 315
1758240 315
1758250 318
1758260 318
1758270 318
1758280 318
1758290 319
1758300 319
1758310 318
1758320 318
1758330 318
1758340 317
1758350 318
1758360 319
1758370 319
1758380 320
1758390 322
1758400 322
1758410 323
1758420 323
1758430 323
1758440 323
1758450 323
1758460 323
1758470 323
1758480 323
1758490 323
1758500 322
1758510 321
1758520 321
1758530 318
1758540 315
1758550 310
1758560 310
1758570 306
1758580 303
1758590 303
1758600 300
1758610 298
1758620 298
1758630 295
1758640 294
1758650 294
1758660 291
1758670 291
1758680 291
1758690 290
1758700 289
1758710 289
1758720 288
1758730 286
1758740 286
1758750 286
1758760 285
1758770 285
1758780 285
1758790 285
1758800 285
1758810 285
1758820 285
1758830 285
1758840 285
1758850 285
1758860 285
1758870 285
1758880 285
1758890 285
1758900 285
1758910 285
1758920 285
1758930 286
1758940 286
1758950 286
1758960 286
1758970 286
1758980 286
1758990 286
1759000 286
1759010 286
1759020 286
1759030 286
1759040 285
1759050 286
1759060 286
1759070 286
1759080 286
1759090 286
1759100 287
1759110 287
1759120 287
1759130 287
1759140 288
1759150 288
1759160 288
1759170 289
1759180 289
1759190 289
1759200 290
1759210 291
1759220 291
1759230 292
1759240 294
1759250 294
1759260 295
1759270 296
1759280 296
1759290 299
1759300 301
1759310 302
1759320 302
1759330 305
1759340 306
1759350 306
1759360 308
1759370 309
1759380 309
1759390 311
1759400 312
1759410 312
1759420 314
1759430 315
1759440 315
1759450 316
1759460 318
1759470 318
1759480 318
1759490 319
1759500 320
1759510 320
1759520 321
1759530 322
1759540 322
1759550 322
1759560 323
1759570 323
1759580 324
1759590 325
1759600 325
1759610 326
1759620 327
1759630 327
1759640 329
1759650 331
1759660 331
1759670 333
1759680 336
1759690 336
1759700 336
1759710 336
1759720 336
1759730 336
1759740 335
1759750 334
1759760 334
1759770 333
1759780 332
1759790 332
1759800 331
1759810 330
1759820 330
1759830 329
1759840 328
1759850 328
1759860 327
1759870 326
1759880 325
1759890 325
1759900 324
1759910 323
1759920 323
1759930 323
1759940 322
1759950 322
1759960 322
1759970 322
1759980 322
1759990 321
