1740000 345
1740010 344
1740020 343
1740030 342
1740040 342
1740050 341
1740060 340
1740070 340
1740080 339
1740090 337
1740100 337
1740110 336
1740120 335
1740130 335
1740140 333
1740150 332
1740160 332
1740170 331
1740180 329
1740190 329
1740200 328
1740210 327
1740220 326
1740230 326
1740240 325
1740250 324
1740260 324
1740270 324
1740280 323
1740290 323
1740300 323
1740310 322
1740320 322
1740330 321
1740340 321
1740350 321
1740360 320
1740370 320
1740380 320
1740390 319
1740400 319
1740410 318
1740420 318
1740430 318
1740440 317
1740450 317
1740460 317
1740470 316
1740480 316
1740490 316
1740500 316
1740510 316
1740520 316
1740530 315
1740540 315
1740550 315
1740560 315
1740570 315
1740580 315
1740590 315
1740600 315
1740610 315
1740620 315
1740630 315
1740640 315
1740650 314
1740660 314
1740670 314
1740680 314
1740690 313
1740700 313
1740710 313
1740720 313
1740730 313
1740740 313
1740750 313
1740760 313
1740770 312
1740780 313
1740790 314
1740800 314
1740810 314
1740820 314
1740830 314
1740840 314
1740850 315
1740860 315
1740870 314
1740880 313
1740890 313
1740900 313
1740910 314
1740920 314
1740930 312
1740940 314
1740950 314
1740960 314
1740970 314
1740980 313
1740990 313
1741000 313
1741010 313
1741020 313
1741030 313
1741040 313
1741050 313
1741060 313
1741070 313
1741080 313
1741090 313
1741100 313
1741110 313
1741120 313
1741130 312
1741140 312
1741150 312
1741160 312
1741170 313
1741180 313
1741190 313
1741200 314
1741210 314
1741220 314
1741230 314
1741240 314
1741250 315
1741260 316
1741270 316
1741280 317
1741290 318
1741300 318
1741310 319
1741320 320
1741330 320
1741340 321
1741350 322
1741360 324
1741370 324
1741380 328
1741390 332
1741400 332
1741410 337
1741420 341
1741430 341
1741440 342
1741450 344
1741460 344
1741470 347
1741480 349
1741490 349
1741500 353
1741510 357
1741520 357
1741530 360
1741540 362
1741550 365
1741560 365
1741570 367
1741580 373
1741590 373
1741600 377
1741610 378
1741620 378
1741630 379
1741640 379
1741650 379
1741660 379
1741670 378
1741680 378
1741690 377
1741700 376
1741710 376
1741720 373
1741730 372
1741740 370
1741750 370
1741760 369
1741770 367
1741780 367
1741790 365
1741800 364
1741810 364
1741820 363
1741830 360
1741840 360
1741850 359
1741860 358
1741870 358
1741880 354
1741890 354
1741900 354
1741910 353
1741920 352
1741930 351
1741940 351
1741950 349
1741960 345
1741970 345
1741980 342
1741990 341
1742000 341
1742010 340
1742020 339
1742030 339
1742040 336
1742050 335
1742060 335
1742070 333
1742080 335
1742090 335
1742100 335
1742110 337
1742120 337
1742130 340
1742140 342
1742150 346
1742160 346
1742170 347
1742180 348
1742190 348
1742200 347
1742210 345
1742220 345
1742230 345
1742240 347
1742250 347
1742260 350
1742270 354
1742280 354
1742290 356
1742300 358
1742310 358
1742320 358
1742330 359
1742340 359
1742350 359
1742360 359
1742370 358
1742380 358
1742390 358
1742400 358
1742410 358
1742420 358
1742430 358
1742440 358
1742450 358
1742460 359
1742470 359
1742480 360
1742490 361
1742500 361
1742510 363
1742520 365
1742530 367
1742540 367
1742550 369
1742560 370
1742570 370
1742580 372
1742590 373
1742600 373
1742610 374
1742620 376
1742630 376
1742640 377
1742650 377
1742660 377
1742670 377
1742680 377
1742690 377
1742700 377
1742710 378
1742720 378
1742730 378
1742740 378
1742750 378
1742760 378
1742770 377
1742780 377
1742790 377
1742800 376
1742810 375
1742820 375
1742830 375
1742840 374
1742850 374
1742860 374
1742870 373
1742880 373
1742890 372
1742900 371
1742910 369
1742920 369
1742930 366
1742940 362
1742950 362
1742960 358
1742970 356
1742980 356
1742990 355
1743000 355
1743010 355
1743020 354
1743030 353
1743040 353
1743050 352
1743060 352
1743070 352
1743080 351
1743090 350
1743100 349
1743110 349
1743120 348
1743130 348
1743140 348
1743150 349
1743160 353
1743170 353
1743180 356
1743190 357
1743200 357
1743210 360
1743220 362
1743230 362
1743240 363
1743250 365
1743260 365
1743270 366
1743280 367
1743290 369
1743300 369
1743310 371
1743320 374
1743330 374
1743340 376
1743350 377
1743360 377
1743370 379
1743380 379
1743390 379
1743400 379
1743410 378
1743420 378
1743430 378
1743440 378
1743450 378
1743460 376
1743470 374
1743480 371
1743490 371
1743500 368
1743510 365
1743520 365
1743530 363
1743540 361
1743550 361
1743560 358
1743570 358
1743580 358
1743590 359
1743600 361
1743610 361
1743620 365
1743630 367
1743640 367
1743650 368
1743660 370
1743670 371
1743680 371
1743690 371
1743700 369
1743710 369
1743720 367
1743730 365
1743740 365
1743750 362
1743760 360
1743770 360
1743780 358
1743790 356
1743800 356
1743810 356
1743820 357
1743830 357
1743840 357
1743850 360
1743860 361
1743870 361
1743880 362
1743890 363
1743900 363
1743910 364
1743920 364
1743930 364
1743940 364
1743950 363
1743960 363
1743970 361
1743980 359
1743990 359
1744000 357
1744010 356
1744020 356
1744030 354
1744040 352
1744050 350
1744060 350
1744070 349
1744080 348
1744090 348
1744100 346
1744110 345
1744120 345
1744130 344
1744140 342
1744150 342
1744160 341
1744170 340
1744180 340
1744190 338
1744200 337
1744210 337
1744220 336
1744230 335
1744240 335
1744250 335
1744260 334
1744270 334
1744280 334
1744290 333
1744300 333
1744310 333
1744320 333
1744330 332
1744340 332
1744350 332
1744360 331
1744370 331
1744380 330
1744390 327
1744400 327
1744410 325
1744420 325
1744430 325
1744440 325
1744450 324
1744460 323
1744470 323
1744480 323
1744490 322
1744500 322
1744510 322
1744520 322
1744530 322
1744540 321
1744550 321
1744560 321
1744570 321
1744580 321
1744590 321
1744600 321
1744610 320
1744620 320
1744630 320
1744640 320
1744650 320
1744660 320
1744670 319
1744680 319
1744690 319
1744700 319
1744710 318
1744720 318
1744730 317
1744740 317
1744750 317
1744760 316
1744770 316
1744780 316
1744790 315
1744800 315
1744810 314
1744820 314
1744830 314
1744840 313
1744850 313
1744860 313
1744870 312
1744880 312
1744890 312
1744900 312
1744910 312
1744920 312
1744930 311
1744940 311
1744950 311
1744960 311
1744970 311
1744980 311
1744990 311
1745000 311
1745010 311
1745020 311
1745030 311
1745040 311
1745050 311
1745060 310
1745070 310
1745080 310
1745090 310
1745100 310
1745110 310
1745120 310
1745130 310
1745140 310
1745150 310
1745160 310
1745170 310
1745180 310
1745190 309
1745200 309
1745210 309
1745220 309
1745230 309
1745240 309
1745250 309
1745260 309
1745270 309
1745280 309
1745290 309
1745300 309
1745310 309
1745320 309
1745330 309
1745340 309
1745350 309
1745360 309
1745370 309
1745380 309
1745390 309
1745400 309
1745410 309
1745420 309
1745430 309
1745440 309
1745450 309
1745460 309
1745470 309
1745480 309
1745490 309
1745500 309
1745510 309
1745520 309
1745530 308
1745540 308
1745550 306
1745560 309
1745570 309
1745580 309
1745590 309
1745600 309
1745610 309
1745620 309
1745630 309
1745640 309
1745650 309
1745660 309
1745670 309
1745680 309
1745690 309
1745700 309
1745710 309
1745720 309
1745730 309
1745740 308
1745750 309
1745760 309
1745770 309
1745780 309
1745790 309
1745800 309
1745810 309
1745820 309
1745830 309
1745840 309
1745850 309
1745860 309
1745870 310
1745880 310
1745890 310
1745900 311
1745910 312
1745920 312
1745930 313
1745940 313
1745950 314
1745960 314
1745970 314
1745980 316
1745990 316
1746000 318
1746010 319
1746020 319
1746030 321
1746040 322
1746050 322
1746060 324
1746070 326
1746080 326
1746090 328
1746100 330
1746110 330
1746120 332
1746130 333
1746140 335
1746150 335
1746160 338
1746170 340
1746180 340
1746190 341
1746200 344
1746210 344
1746220 344
1746230 347
1746240 347
1746250 351
1746260 356
1746270 356
1746280 359
1746290 361
1746300 361
1746310 369
1746320 374
1746330 379
1746340 379
1746350 386
1746360 392
1746370 392
1746380 398
1746390 405
1746400 405
1746410 403
1746420 400
1746430 400
1746440 398
1746450 396
1746460 396
1746470 395
1746480 394
1746490 394
1746500 393
1746510 393
1746520 393
1746530 393
1746540 394
1746550 396
1746560 396
1746570 398
1746580 399
1746590 399
1746600 401
1746610 403
1746620 403
1746630 405
1746640 407
1746650 407
1746660 409
1746670 409
1746680 409
1746690 408
1746700 407
1746710 406
1746720 406
1746730 406
1746740 406
1746750 406
1746760 407
1746770 407
1746780 407
1746790 405
1746800 404
1746810 404
1746820 402
1746830 400
1746840 400
1746850 397
1746860 394
1746870 394
1746880 392
1746890 389
1746900 383
1746910 383
1746920 379
1746930 376
1746940 376
1746950 374
1746960 373
1746970 373
1746980 372
1746990 370
1747000 370
1747010 370
1747020 371
1747030 371
1747040 373
1747050 372
1747060 372
1747070 371
1747080 373
1747090 380
1747100 380
1747110 384
1747120 386
1747130 386
1747140 388
1747150 390
1747160 390
1747170 392
1747180 395
1747190 395
1747200 397
1747210 399
1747220 400
1747230 401
1747240 402
1747250 402
1747260 402
1747270 402
1747280 402
1747290 402
1747300 401
1747310 400
1747320 400
1747330 399
1747340 397
1747350 397
1747360 396
1747370 395
1747380 395
1747390 394
1747400 393
1747410 393
1747420 392
1747430 391
1747440 391
1747450 390
1747460 390
1747470 390
1747480 389
1747490 389
1747500 387
1747510 387
1747520 387
1747530 386
1747540 386
1747550 385
1747560 384
1747570 384
1747580 383
1747590 382
1747600 382
1747610 381
1747620 380
1747630 380
1747640 379
1747650 378
1747660 378
1747670 377
1747680 376
1747690 375
1747700 375
1747710 374
1747720 374
1747730 374
1747740 373
1747750 372
1747760 372
1747770 371
1747780 369
1747790 369
1747800 367
1747810 366
1747820 366
1747830 366
1747840 366
1747850 366
1747860 367
1747870 367
1747880 367
1747890 367
1747900 372
1747910 374
1747920 374
1747930 375
1747940 376
1747950 376
1747960 376
1747970 376
1747980 376
1747990 375
1748000 374
1748010 374
1748020 374
1748030 372
1748040 372
1748050 369
1748060 366
1748070 364
1748080 364
1748090 363
1748100 362
1748110 362
1748120 362
1748130 361
1748140 361
1748150 360
1748160 359
1748170 359
1748180 358
1748190 357
1748200 357
1748210 357
1748220 356
1748230 356
1748240 355
1748250 354
1748260 354
1748270 354
1748280 353
1748290 352
1748300 352
1748310 352
1748320 352
1748330 352
1748340 351
1748350 349
1748360 349
1748370 347
1748380 344
1748390 344
1748400 342
1748410 338
1748420 338
1748430 336
1748440 335
1748450 336
1748460 336
1748470 335
1748480 335
1748490 335
1748500 334
1748510 333
1748520 333
1748530 331
1748540 331
1748550 331
1748560 332
1748570 333
1748580 333
1748590 333
1748600 332
1748610 332
1748620 330
1748630 331
1748640 331
1748650 331
1748660 329
1748670 328
1748680 328
1748690 326
1748700 326
1748710 326
1748720 325
1748730 327
1748740 327
1748750 327
1748760 326
1748770 326
1748780 325
1748790 325
1748800 325
1748810 324
1748820 323
1748830 323
1748840 323
1748850 321
1748860 320
1748870 320
1748880 320
1748890 321
1748900 321
1748910 321
1748920 321
1748930 321
1748940 321
1748950 321
1748960 321
1748970 321
1748980 321
1748990 321
1749000 321
1749010 321
1749020 322
1749030 322
1749040 322
1749050 320
1749060 320
1749070 320
1749080 320
1749090 320
1749100 320
1749110 319
1749120 319
1749130 319
1749140 319
1749150 319
1749160 319
1749170 319
1749180 319
1749190 318
1749200 318
1749210 318
1749220 318
1749230 318
1749240 318
1749250 318
1749260 318
1749270 318
1749280 318
1749290 318
1749300 318
1749310 318
1749320 317
1749330 317
1749340 317
1749350 317
1749360 318
1749370 318
1749380 318
1749390 317
1749400 317
1749410 317
1749420 318
1749430 317
1749440 317
1749450 317
1749460 317
1749470 317
1749480 317
1749490 317
1749500 317
1749510 317
1749520 318
1749530 318
1749540 318
1749550 318
1749560 318
1749570 319
1749580 319
1749590 320
1749600 320
1749610 321
1749620 321
1749630 321
1749640 321
1749650 321
1749660 321
1749670 322
1749680 322
1749690 322
1749700 323
1749710 323
1749720 323
1749730 324
1749740 324
1749750 324
1749760 325
1749770 325
1749780 326
1749790 326
1749800 326
1749810 326
1749820 326
1749830 327
1749840 327
1749850 327
1749860 327
1749870 328
1749880 328
1749890 329
1749900 329
1749910 329
1749920 330
1749930 331
1749940 331
1749950 332
1749960 333
1749970 334
1749980 334
1749990 335
1750000 337
1750010 337
1750020 338
1750030 340
1750040 340
1750050 341
1750060 343
1750070 343
1750080 346
1750090 349
1750100 349
1750110 351
1750120 354
1750130 354
1750140 356
1750150 359
1750160 362
1750170 362
1750180 366
1750190 369
1750200 369
1750210 373
1750220 375
1750230 375
1750240 378
1750250 380
1750260 380
1750270 383
1750280 385
1750290 385
1750300 387
1750310 389
1750320 389
1750330 390
1750340 393
1750350 396
1750360 396
1750370 400
1750380 404
1750390 404
1750400 406
1750410 411
1750420 411
1750430 413
1750440 416
1750450 415
1750460 419
1750470 421
1750480 421
1750490 423
1750500 425
1750510 425
1750520 426
1750530 427
1750540 427
1750550 427
1750560 426
1750570 425
1750580 425
1750590 425
1750600 423
1750610 423
1750620 421
1750630 420
1750640 420
1750650 416
1750660 414
1750670 414
1750680 412
1750690 409
1750700 409
1750710 405
1750720 401
1750730 397
1750740 397
1750750 394
1750760 389
1750770 389
1750780 385
1750790 383
1750800 383
1750810 380
1750820 376
1750830 376
1750840 373
1750850 371
1750860 371
1750870 370
1750880 369
1750890 369
1750900 368
1750910 368
1750920 367
1750930 367
1750940 366
1750950 366
1750960 366
1750970 365
1750980 367
1750990 367
1751000 368
1751010 369
1751020 369
1751030 373
1751040 377
1751050 377
1751060 379
1751070 382
1751080 382
1751090 384
1751100 386
1751110 389
1751120 389
1751130 393
1751140 395
1751150 395
1751160 397
1751170 400
1751180 400
1751190 402
1751200 404
1751210 404
1751220 406
1751230 409
1751240 409
1751250 411
1751260 413
1751270 413
1751280 415
1751290 416
1751300 416
1751310 416
1751320 418
1751330 419
1751340 419
1751350 419
1751360 421
1751370 421
1751380 422
1751390 423
1751400 423
1751410 425
1751420 426
1751430 426
1751440 428
1751450 432
1751460 432
1751470 436
1751480 438
1751490 440
1751500 440
1751510 442
1751520 445
1751530 445
1751540 448
1751550 450
1751560 450
1751570 451
1751580 450
1751590 450
1751600 449
1751610 447
1751620 447
1751630 445
1751640 443
1751650 443
1751660 440
1751670 439
1751680 438
1751690 438
1751700 436
1751710 432
1751720 432
1751730 429
1751740 426
1751750 426
1751760 424
1751770 423
1751780 423
1751790 421
1751800 419
1751810 419
1751820 418
1751830 416
1751840 416
1751850 415
1751860 412
1751870 410
1751880 410
1751890 407
1751900 405
1751910 405
1751920 402
1751930 399
1751940 399
1751950 396
1751960 394
1751970 394
1751980 391
1751990 388
1752000 388
1752010 387
1752020 385
1752030 385
1752040 384
1752050 382
1752060 379
1752070 379
1752080 377
1752090 375
1752100 375
1752110 373
1752120 372
1752130 372
1752140 371
1752150 371
1752160 371
1752170 373
1752180 375
1752190 375
1752200 376
1752210 376
1752220 376
1752230 376
1752240 375
1752250 374
1752260 374
1752270 374
1752280 374
1752290 374
1752300 374
1752310 375
1752320 375
1752330 378
1752340 380
1752350 380
1752360 383
1752370 386
1752380 386
1752390 389
1752400 391
1752410 391
1752420 394
1752430 396
1752440 397
1752450 397
1752460 398
1752470 399
1752480 399
1752490 400
1752500 401
1752510 401
1752520 402
1752530 402
1752540 402
1752550 402
1752560 402
1752570 402
1752580 403
1752590 404
1752600 404
1752610 406
1752620 408
1752630 409
1752640 409
1752650 411
1752660 412
1752670 412
1752680 413
1752690 414
1752700 414
1752710 416
1752720 418
1752730 418
1752740 420
1752750 421
1752760 421
1752770 422
1752780 423
1752790 423
1752800 422
1752810 418
1752820 418
1752830 415
1752840 413
1752850 411
1752860 411
1752870 409
1752880 407
1752890 407
1752900 403
1752910 400
1752920 400
1752930 397
1752940 395
1752950 395
1752960 393
1752970 390
1752980 390
1752990 389
1753000 388
1753010 388
1753020 386
1753030 388
1753040 389
1753050 389
1753060 387
1753070 385
1753080 385
1753090 383
1753100 381
1753110 381
1753120 380
1753130 378
1753140 378
1753150 376
1753160 373
1753170 373
1753180 371
1753190 369
1753200 369
1753210 368
1753220 366
1753230 365
1753240 365
1753250 364
1753260 362
1753270 362
1753280 362
1753290 361
1753300 361
1753310 360
1753320 359
1753330 359
1753340 359
1753350 359
1753360 359
1753370 359
1753380 359
1753390 359
1753400 359
1753410 359
1753420 359
1753430 359
1753440 357
1753450 356
1753460 356
1753470 355
1753480 353
1753490 353
1753500 352
1753510 351
1753520 351
1753530 350
1753540 349
1753550 349
1753560 350
1753570 349
1753580 349
1753590 348
1753600 348
1753610 348
1753620 348
1753630 347
1753640 347
1753650 347
1753660 347
1753670 347
1753680 347
1753690 347
1753700 347
1753710 347
1753720 346
1753730 345
1753740 345
1753750 345
1753760 344
1753770 344
1753780 343
1753790 342
1753800 340
1753810 340
1753820 337
1753830 335
1753840 335
1753850 334
1753860 334
1753870 334
1753880 333
1753890 333
1753900 333
1753910 333
1753920 333
1753930 333
1753940 332
1753950 331
1753960 331
1753970 331
1753980 331
1753990 330
1754000 330
1754010 330
1754020 329
1754030 329
1754040 329
1754050 328
1754060 328
1754070 328
1754080 327
1754090 327
1754100 327
1754110 326
1754120 326
1754130 326
1754140 326
1754150 326
1754160 325
1754170 324
1754180 324
1754190 324
1754200 324
1754210 324
1754220 324
1754230 324
1754240 323
1754250 323
1754260 323
1754270 323
1754280 323
1754290 323
1754300 323
1754310 323
1754320 322
1754330 322
1754340 322
1754350 322
1754360 321
1754370 321
1754380 321
1754390 321
1754400 321
1754410 321
1754420 321
1754430 321
1754440 321
1754450 321
1754460 320
1754470 320
1754480 321
1754490 321
1754500 321
1754510 321
1754520 320
1754530 320
1754540 319
1754550 318
1754560 317
1754570 317
1754580 317
1754590 316
1754600 316
1754610 315
1754620 316
1754630 316
1754640 317
1754650 317
1754660 317
1754670 317
1754680 317
1754690 317
1754700 319
1754710 319
1754720 319
1754730 321
1754740 323
1754750 324
1754760 324
1754770 325
1754780 326
1754790 326
1754800 327
1754810 330
1754820 330
1754830 334
1754840 337
1754850 337
1754860 339
1754870 341
1754880 341
1754890 342
1754900 343
1754910 343
1754920 343
1754930 344
1754940 346
1754950 346
1754960 348
1754970 349
1754980 349
1754990 352
1755000 355
1755010 355
1755020 359
1755030 362
1755040 362
1755050 365
1755060 367
1755070 370
1755080 372
1755090 374
1755100 374
1755110 375
1755120 376
1755130 375
1755140 375
1755150 374
1755160 374
1755170 374
1755180 374
1755190 373
1755200 373
1755210 372
1755220 371
1755230 371
1755240 369
1755250 368
1755260 368
1755270 367
1755280 365
1755290 365
1755300 365
1755310 363
1755320 360
1755330 360
1755340 357
1755350 354
1755360 354
1755370 352
1755380 350
1755390 350
1755400 348
1755410 346
1755420 346
1755430 344
1755440 342
1755450 342
1755460 339
1755470 335
1755480 335
1755490 332
1755500 328
1755510 323
1755520 323
1755530 318
1755540 315
1755550 315
1755560 314
1755570 313
1755580 313
1755590 313
1755600 313
1755610 313
1755620 312
1755630 313
1755640 313
1755650 313
1755660 314
1755670 314
1755680 316
1755690 318
1755700 321
1755710 321
1755720 325
1755730 329
1755740 329
1755750 332
1755760 335
1755770 335
1755780 339
1755790 341
1755800 341
1755810 344
1755820 347
1755830 347
1755840 348
1755850 349
1755860 349
1755870 351
1755880 353
1755890 356
1755900 356
1755910 357
1755920 358
1755930 358
1755940 361
1755950 363
1755960 363
1755970 367
1755980 370
1755990 370
1756000 373
1756010 375
1756020 375
1756030 378
1756040 380
1756050 380
1756060 382
1756070 384
1756080 386
1756090 386
1756100 389
1756110 390
1756120 390
1756130 392
1756140 393
1756150 393
1756160 394
1756170 395
1756180 395
1756190 396
1756200 397
1756210 397
1756220 397
1756230 397
1756240 397
1756250 397
1756260 397
1756270 396
1756280 396
1756290 396
1756300 395
1756310 395
1756320 395
1756330 392
1756340 392
1756350 389
1756360 386
1756370 386
1756380 380
1756390 376
1756400 376
1756410 372
1756420 369
1756430 369
1756440 365
1756450 364
1756460 362
1756470 362
1756480 359
1756490 356
1756500 356
1756510 353
1756520 351
1756530 351
1756540 348
1756550 346
1756560 346
1756570 342
1756580 340
1756590 340
1756600 340
1756610 340
1756620 340
1756630 344
1756640 349
1756650 354
1756660 354
1756670 358
1756680 362
1756690 362
1756700 363
1756710 365
1756720 365
1756730 367
1756740 369
1756750 369
1756760 370
1756770 371
1756780 371
1756790 373
1756800 374
1756810 374
1756820 375
1756830 378
1756840 382
1756850 382
1756860 385
1756870 388
1756880 388
1756890 391
1756900 394
1756910 394
1756920 397
1756930 400
1756940 400
1756950 403
1756960 406
1756970 406
1756980 408
1756990 411
1757000 411
1757010 412
1757020 413
1757030 412
1757040 412
1757050 411
1757060 409
1757070 409
1757080 407
1757090 405
1757100 405
1757110 403
1757120 400
1757130 400
1757140 398
1757150 395
1757160 395
1757170 394
1757180 392
1757190 392
1757200 390
1757210 388
1757220 386
1757230 386
1757240 385
1757250 383
1757260 383
1757270 383
1757280 383
1757290 383
1757300 383
1757310 384
1757320 384
1757330 384
1757340 383
1757350 383
1757360 383
1757370 383
1757380 383
1757390 382
1757400 382
1757410 382
1757420 382
1757430 382
1757440 382
1757450 382
1757460 382
1757470 381
1757480 381
1757490 381
1757500 380
1757510 380
1757520 379
1757530 379
1757540 379
1757550 377
1757560 373
1757570 373
1757580 370
1757590 367
1757600 365
1757610 365
1757620 363
1757630 359
1757640 359
1757650 356
1757660 352
1757670 352
1757680 349
1757690 346
1757700 346
1757710 344
1757720 341
1757730 341
1757740 339
1757750 334
1757760 334
1757770 333
1757780 331
1757790 330
1757800 330
1757810 330
1757820 330
1757830 330
1757840 328
1757850 328
1757860 328
1757870 326
1757880 325
1757890 325
1757900 324
1757910 323
1757920 323
1757930 322
1757940 320
1757950 320
1757960 320
1757970 319
1757980 319
1757990 319
1758000 319
1758010 317
1758020 317
1758030 316
1758040 316
1758050 316
1758060 315
1758070 314
1758080 314
1758090 313
1758100 312
1758110 312
1758120 311
1758130 309
1758140 309
1758150 308
1758160 306
1758170 306
1758180 305
1758190 303
1758200 301
1758210 301
1758220 301
1758230 300
1758240 300
1758250 299
1758260 299
1758270 299
1758280 298
1758290 297
1758300 297
1758310 297
1758320 297
1758330 297
1758340 297
1758350 297
1758360 297
1758370 297
1758380 297
1758390 297
1758400 297
1758410 297
1758420 297
1758430 297
1758440 297
1758450 297
1758460 297
1758470 297
1758480 297
1758490 297
1758500 299
1758510 298
1758520 298
1758530 298
1758540 298
1758550 298
1758560 299
1758570 299
1758580 299
1758590 299
1758600 299
1758610 300
1758620 300
1758630 300
1758640 300
1758650 300
1758660 300
1758670 301
1758680 301
1758690 301
1758700 302
1758710 302
1758720 300
1758730 300
1758740 300
1758750 300
1758760 300
1758770 301
1758780 301
1758790 301
1758800 301
1758810 301
1758820 302
1758830 302
1758840 302
1758850 303
1758860 303
1758870 303
1758880 304
1758890 304
1758900 304
1758910 304
1758920 305
1758930 305
1758940 305
1758950 306
1758960 306
1758970 306
1758980 306
1758990 307
1759000 307
1759010 308
1759020 308
1759030 308
1759040 309
1759050 309
1759060 309
1759070 310
1759080 310
1759090 310
1759100 311
1759110 311
1759120 311
1759130 312
1759140 312
1759150 313
1759160 313
1759170 313
1759180 314
1759190 314
1759200 315
1759210 316
1759220 316
1759230 317
1759240 317
1759250 317
1759260 318
1759270 319
1759280 319
1759290 320
1759300 321
1759310 321
1759320 323
1759330 324
1759340 326
1759350 326
1759360 327
1759370 328
1759380 328
1759390 330
1759400 331
1759410 331
1759420 332
1759430 333
1759440 334
1759450 335
1759460 337
1759470 337
1759480 339
1759490 341
1759500 341
1759510 343
1759520 344
1759530 346
1759540 346
1759550 347
1759560 348
1759570 348
1759580 349
1759590 350
1759600 350
1759610 350
1759620 351
1759630 351
1759640 352
1759650 354
1759660 354
1759670 356
1759680 359
1759690 359
1759700 361
1759710 363
1759720 364
1759730 364
1759740 364
1759750 363
1759760 363
1759770 363
1759780 362
1759790 362
1759800 361
1759810 359
1759820 359
1759830 358
1759840 357
1759850 357
1759860 357
1759870 356
1759880 356
1759890 355
1759900 354
1759910 353
1759920 353
1759930 353
1759940 353
1759950 353
1759960 353
1759970 353
1759980 353
1759990 351
