1740000 326
1740010 325
1740020 324
1740030 324
1740040 324
1740050 323
1740060 323
1740070 322
1740080 322
1740090 322
1740100 321
1740110 322
1740120 320
1740130 320
1740140 320
1740150 319
1740160 319
1740170 319
1740180 319
1740190 319
1740200 319
1740210 319
1740220 319
1740230 319
1740240 319
1740250 319
1740260 319
1740270 318
1740280 318
1740290 320
1740300 320
1740310 321
1740320 321
1740330 321
1740340 321
1740350 321
1740360 321
1740370 322
1740380 322
1740390 322
1740400 322
1740410 322
1740420 322
1740430 323
1740440 323
1740450 324
1740460 325
1740470 325
1740480 326
1740490 327
1740500 328
1740510 328
1740520 329
1740530 331
1740540 331
1740550 333
1740560 334
1740570 334
1740580 335
1740590 337
1740600 337
1740610 338
1740620 341
1740630 341
1740640 342
1740650 344
1740660 344
1740670 345
1740680 349
1740690 352
1740700 352
1740710 355
1740720 356
1740730 356
1740740 356
1740750 357
1740760 357
1740770 362
1740780 368
1740790 368
1740800 368
1740810 370
1740820 370
1740830 373
1740840 375
1740850 375
1740860 377
1740870 379
1740880 382
1740890 382
1740900 386
1740910 389
1740920 389
1740930 390
1740940 392
1740950 392
1740960 393
1740970 394
1740980 394
1740990 395
1741000 396
1741010 396
1741020 398
1741030 401
1741040 401
1741050 405
1741060 407
1741070 412
1741080 412
1741090 417
1741100 420
1741110 420
1741120 423
1741130 424
1741140 424
1741150 425
1741160 425
1741170 425
1741180 424
1741190 421
1741200 421
1741210 418
1741220 414
1741230 414
1741240 410
1741250 408
1741260 406
1741270 406
1741280 405
1741290 404
1741300 404
1741310 402
1741320 399
1741330 399
1741340 395
1741350 395
1741360 395
1741370 393
1741380 391
1741390 391
1741400 389
1741410 387
1741420 387
1741430 386
1741440 385
1741450 385
1741460 383
1741470 382
1741480 380
1741490 380
1741500 378
1741510 376
1741520 376
1741530 374
1741540 373
1741550 373
1741560 371
1741570 370
1741580 370
1741590 368
1741600 367
1741610 367
1741620 365
1741630 363
1741640 363
1741650 362
1741660 360
1741670 359
1741680 359
1741690 358
1741700 358
1741710 358
1741720 358
1741730 359
1741740 359
1741750 359
1741760 360
1741770 360
1741780 359
1741790 358
1741800 358
1741810 358
1741820 357
1741830 357
1741840 357
1741850 357
1741860 356
1741870 356
1741880 356
1741890 356
1741900 356
1741910 355
1741920 355
1741930 355
1741940 354
1741950 354
1741960 354
1741970 352
1741980 350
1741990 350
1742000 345
1742010 343
1742020 343
1742030 343
1742040 343
1742050 343
1742060 343
1742070 344
1742080 344
1742090 344
1742100 344
1742110 344
1742120 344
1742130 345
1742140 346
1742150 346
1742160 347
1742170 348
1742180 348
1742190 349
1742200 351
1742210 351
1742220 353
1742230 354
1742240 356
1742250 356
1742260 356
1742270 357
1742280 357
1742290 359
1742300 359
1742310 359
1742320 360
1742330 361
1742340 361
1742350 361
1742360 363
1742370 363
1742380 364
1742390 365
1742400 366
1742410 367
1742420 369
1742430 370
1742440 370
1742450 372
1742460 373
1742470 373
1742480 375
1742490 378
1742500 378
1742510 379
1742520 380
1742530 380
1742540 382
1742550 384
1742560 384
1742570 386
1742580 387
1742590 387
1742600 387
1742610 389
1742620 391
1742630 391
1742640 392
1742650 394
1742660 394
1742670 396
1742680 397
1742690 397
1742700 399
1742710 401
1742720 401
1742730 403
1742740 405
1742750 405
1742760 408
1742770 407
1742780 407
1742790 407
1742800 406
1742810 405
1742820 405
1742830 405
1742840 405
1742850 405
1742860 404
1742870 404
1742880 404
1742890 403
1742900 400
1742910 400
1742920 400
1742930 400
1742940 400
1742950 398
1742960 398
1742970 398
1742980 397
1742990 396
1743000 395
1743010 395
1743020 394
1743030 395
1743040 395
1743050 392
1743060 392
1743070 392
1743080 391
1743090 391
1743100 391
1743110 391
1743120 390
1743130 390
1743140 391
1743150 390
1743160 390
1743170 390
1743180 389
1743190 389
1743200 389
1743210 388
1743220 388
1743230 388
1743240 387
1743250 387
1743260 387
1743270 385
1743280 384
1743290 384
1743300 383
1743310 381
1743320 381
1743330 380
1743340 379
1743350 379
1743360 377
1743370 376
1743380 375
1743390 375
1743400 374
1743410 373
1743420 373
1743430 372
1743440 370
1743450 370
1743460 369
1743470 368
1743480 368
1743490 367
1743500 366
1743510 366
1743520 365
1743530 364
1743540 364
1743550 363
1743560 362
1743570 362
1743580 360
1743590 359
1743600 358
1743610 358
1743620 357
1743630 356
1743640 356
1743650 355
1743660 355
1743670 355
1743680 354
1743690 354
1743700 354
1743710 353
1743720 352
1743730 352
1743740 352
1743750 352
1743760 352
1743770 352
1743780 352
1743790 353
1743800 353
1743810 353
1743820 353
1743830 353
1743840 353
1743850 353
1743860 353
1743870 354
1743880 354
1743890 354
1743900 354
1743910 355
1743920 355
1743930 355
1743940 354
1743950 354
1743960 354
1743970 352
1743980 351
1743990 351
1744000 350
1744010 349
1744020 349
1744030 347
1744040 346
1744050 346
1744060 344
1744070 342
1744080 342
1744090 340
1744100 339
1744110 339
1744120 337
1744130 336
1744140 335
1744150 333
1744160 332
1744170 330
1744180 330
1744190 329
1744200 328
1744210 328
1744220 327
1744230 326
1744240 326
1744250 324
1744260 323
1744270 323
1744280 322
1744290 321
1744300 321
1744310 321
1744320 321
1744330 321
1744340 321
1744350 321
1744360 319
1744370 319
1744380 318
1744390 318
1744400 318
1744410 318
1744420 317
1744430 317
1744440 317
1744450 317
1744460 317
1744470 317
1744480 316
1744490 316
1744500 316
1744510 316
1744520 316
1744530 316
1744540 316
1744550 316
1744560 316
1744570 316
1744580 316
1744590 316
1744600 315
1744610 315
1744620 315
1744630 315
1744640 315
1744650 315
1744660 315
1744670 316
1744680 316
1744690 316
1744700 316
1744710 316
1744720 316
1744730 316
1744740 316
1744750 316
1744760 315
1744770 316
1744780 316
1744790 316
1744800 316
1744810 316
1744820 316
1744830 316
1744840 316
1744850 316
1744860 316
1744870 316
1744880 316
1744890 317
1744900 317
1744910 317
1744920 313
1744930 317
1744940 317
1744950 317
1744960 317
1744970 317
1744980 317
1744990 317
1745000 317
1745010 317
1745020 317
1745030 317
1745040 317
1745050 317
1745060 317
1745070 315
1745080 316
1745090 316
1745100 316
1745110 316
1745120 316
1745130 316
1745140 316
1745150 316
1745160 316
1745170 316
1745180 316
1745190 316
1745200 316
1745210 316
1745220 316
1745230 316
1745240 317
1745250 317
1745260 317
1745270 318
1745280 318
1745290 320
1745300 322
1745310 323
1745320 323
1745330 325
1745340 327
1745350 327
1745360 329
1745370 331
1745380 331
1745390 332
1745400 334
1745410 334
1745420 337
1745430 338
1745440 338
1745450 340
1745460 343
1745470 343
1745480 347
1745490 350
1745500 350
1745510 355
1745520 359
1745530 362
1745540 362
1745550 365
1745560 367
1745570 367
1745580 368
1745590 370
1745600 370
1745610 373
1745620 380
1745630 380
1745640 386
1745650 394
1745660 394
1745670 403
1745680 409
1745690 409
1745700 412
1745710 411
1745720 409
1745730 409
1745740 408
1745750 406
1745760 406
1745770 404
1745780 402
1745790 402
1745800 401
1745810 401
1745820 401
1745830 404
1745840 405
1745850 405
1745860 404
1745870 404
1745880 404
1745890 403
1745900 403
1745910 404
1745920 404
1745930 404
1745940 405
1745950 405
1745960 405
1745970 404
1745980 404
1745990 402
1746000 398
1746010 398
1746020 394
1746030 391
1746040 391
1746050 389
1746060 388
1746070 388
1746080 387
1746090 387
1746100 387
1746110 387
1746120 387
1746130 387
1746140 387
1746150 387
1746160 387
1746170 387
1746180 387
1746190 387
1746200 387
1746210 385
1746220 383
1746230 383
1746240 381
1746250 380
1746260 380
1746270 378
1746280 377
1746290 374
1746300 374
1746310 371
1746320 369
1746330 369
1746340 368
1746350 367
1746360 367
1746370 366
1746380 364
1746390 364
1746400 361
1746410 361
1746420 361
1746430 360
1746440 361
1746450 361
1746460 361
1746470 361
1746480 361
1746490 361
1746500 361
1746510 359
1746520 359
1746530 358
1746540 356
1746550 356
1746560 353
1746570 352
1746580 352
1746590 349
1746600 342
1746610 342
1746620 336
1746630 334
1746640 334
1746650 336
1746660 336
1746670 337
1746680 337
1746690 337
1746700 337
1746710 337
1746720 337
1746730 338
1746740 338
1746750 341
1746760 343
1746770 343
1746780 345
1746790 346
1746800 346
1746810 347
1746820 349
1746830 349
1746840 351
1746850 354
1746860 356
1746870 356
1746880 358
1746890 361
1746900 361
1746910 363
1746920 364
1746930 364
1746940 366
1746950 367
1746960 367
1746970 368
1746980 370
1746990 370
1747000 371
1747010 372
1747020 372
1747030 372
1747040 371
1747050 370
1747060 370
1747070 368
1747080 366
1747090 366
1747100 367
1747110 369
1747120 369
1747130 372
1747140 369
1747150 369
1747160 365
1747170 363
1747180 363
1747190 364
1747200 368
1747210 368
1747220 374
1747230 377
1747240 381
1747250 381
1747260 384
1747270 387
1747280 387
1747290 391
1747300 394
1747310 394
1747320 397
1747330 398
1747340 398
1747350 400
1747360 402
1747370 402
1747380 403
1747390 405
1747400 405
1747410 406
1747420 406
1747430 406
1747440 406
1747450 407
1747460 407
1747470 407
1747480 408
1747490 411
1747500 411
1747510 411
1747520 411
1747530 411
1747540 412
1747550 412
1747560 412
1747570 411
1747580 410
1747590 410
1747600 409
1747610 408
1747620 408
1747630 407
1747640 406
1747650 406
1747660 406
1747670 405
1747680 404
1747690 404
1747700 403
1747710 403
1747720 403
1747730 402
1747740 402
1747750 402
1747760 400
1747770 399
1747780 399
1747790 398
1747800 396
1747810 396
1747820 394
1747830 391
1747840 389
1747850 389
1747860 385
1747870 384
1747880 384
1747890 382
1747900 380
1747910 380
1747920 378
1747930 376
1747940 376
1747950 373
1747960 367
1747970 367
1747980 359
1747990 351
1748000 351
1748010 349
1748020 348
1748030 347
1748040 347
1748050 349
1748060 347
1748070 347
1748080 348
1748090 348
1748100 348
1748110 347
1748120 345
1748130 345
1748140 342
1748150 339
1748160 339
1748170 337
1748180 337
1748190 337
1748200 338
1748210 338
1748220 340
1748230 340
1748240 342
1748250 342
1748260 342
1748270 343
1748280 343
1748290 343
1748300 343
1748310 343
1748320 343
1748330 343
1748340 344
1748350 344
1748360 344
1748370 345
1748380 345
1748390 346
1748400 346
1748410 347
1748420 347
1748430 348
1748440 349
1748450 349
1748460 351
1748470 352
1748480 352
1748490 351
1748500 353
1748510 353
1748520 355
1748530 357
1748540 357
1748550 359
1748560 361
1748570 361
1748580 363
1748590 365
1748600 367
1748610 367
1748620 369
1748630 371
1748640 371
1748650 372
1748660 373
1748670 373
1748680 374
1748690 375
1748700 375
1748710 375
1748720 375
1748730 375
1748740 375
1748750 375
1748760 375
1748770 375
1748780 374
1748790 374
1748800 374
1748810 373
1748820 372
1748830 372
1748840 370
1748850 366
1748860 366
1748870 364
1748880 363
1748890 363
1748900 361
1748910 359
1748920 359
1748930 358
1748940 356
1748950 356
1748960 355
1748970 354
1748980 353
1748990 353
1749000 351
1749010 349
1749020 349
1749030 347
1749040 346
1749050 346
1749060 344
1749070 343
1749080 343
1749090 342
1749100 341
1749110 341
1749120 339
1749130 338
1749140 338
1749150 336
1749160 335
1749170 334
1749180 334
1749190 333
1749200 332
1749210 332
1749220 331
1749230 330
1749240 330
1749250 329
1749260 329
1749270 329
1749280 329
1749290 329
1749300 329
1749310 328
1749320 328
1749330 328
1749340 328
1749350 328
1749360 327
1749370 327
1749380 327
1749390 327
1749400 327
1749410 327
1749420 327
1749430 327
1749440 326
1749450 326
1749460 326
1749470 326
1749480 326
1749490 326
1749500 326
1749510 326
1749520 326
1749530 325
1749540 325
1749550 325
1749560 325
1749570 324
1749580 324
1749590 324
1749600 324
1749610 325
1749620 325
1749630 324
1749640 324
1749650 324
1749660 324
1749670 324
1749680 324
1749690 324
1749700 324
1749710 324
1749720 324
1749730 324
1749740 324
1749750 324
1749760 324
1749770 324
1749780 324
1749790 324
1749800 324
1749810 324
1749820 324
1749830 324
1749840 324
1749850 324
1749860 324
1749870 324
1749880 324
1749890 323
1749900 323
1749910 325
1749920 325
1749930 325
1749940 325
1749950 326
1749960 326
1749970 326
1749980 327
1749990 328
1750000 328
1750010 330
1750020 330
1750030 330
1750040 330
1750050 330
1750060 330
1750070 332
1750080 333
1750090 333
1750100 333
1750110 333
1750120 333
1750130 334
1750140 335
1750150 336
1750160 336
1750170 336
1750180 338
1750190 338
1750200 339
1750210 341
1750220 341
1750230 343
1750240 345
1750250 345
1750260 347
1750270 350
1750280 350
1750290 352
1750300 354
1750310 354
1750320 355
1750330 356
1750340 358
1750350 358
1750360 360
1750370 364
1750380 364
1750390 366
1750400 369
1750410 369
1750420 371
1750430 374
1750440 374
1750450 377
1750460 378
1750470 378
1750480 379
1750490 382
1750500 382
1750510 384
1750520 385
1750530 387
1750540 387
1750550 388
1750560 391
1750570 391
1750580 393
1750590 396
1750600 396
1750610 396
1750620 399
1750630 399
1750640 405
1750650 409
1750660 409
1750670 415
1750680 420
1750690 420
1750700 423
1750710 426
1750720 428
1750730 428
1750740 429
1750750 431
1750760 431
1750770 431
1750780 431
1750790 431
1750800 431
1750810 430
1750820 430
1750830 429
1750840 428
1750850 428
1750860 427
1750870 425
1750880 425
1750890 424
1750900 422
1750910 420
1750920 420
1750930 418
1750940 416
1750950 416
1750960 411
1750970 408
1750980 408
1750990 405
1751000 405
1751010 405
1751020 407
1751030 409
1751040 409
1751050 411
1751060 414
1751070 414
1751080 417
1751090 419
1751100 422
1751110 422
1751120 425
1751130 427
1751140 427
1751150 429
1751160 431
1751170 431
1751180 432
1751190 434
1751200 434
1751210 436
1751220 438
1751230 438
1751240 439
1751250 441
1751260 441
1751270 442
1751280 444
1751290 446
1751300 446
1751310 447
1751320 449
1751330 449
1751340 451
1751350 452
1751360 452
1751370 453
1751380 454
1751390 454
1751400 455
1751410 456
1751420 456
1751430 457
1751440 459
1751450 459
1751460 460
1751470 461
1751480 461
1751490 461
1751500 462
1751510 460
1751520 460
1751530 460
1751540 460
1751550 460
1751560 459
1751570 458
1751580 458
1751590 457
1751600 455
1751610 455
1751620 452
1751630 446
1751640 446
1751650 440
1751660 436
1751670 436
1751680 435
1751690 433
1751700 431
1751710 431
1751720 430
1751730 427
1751740 427
1751750 425
1751760 422
1751770 422
1751780 420
1751790 414
1751800 414
1751810 410
1751820 410
1751830 410
1751840 407
1751850 404
1751860 404
1751870 400
1751880 394
1751890 387
1751900 387
1751910 385
1751920 389
1751930 389
1751940 392
1751950 392
1751960 392
1751970 391
1751980 391
1751990 391
1752000 391
1752010 392
1752020 392
1752030 390
1752040 386
1752050 386
1752060 385
1752070 385
1752080 388
1752090 388
1752100 386
1752110 383
1752120 383
1752130 381
1752140 380
1752150 380
1752160 379
1752170 377
1752180 377
1752190 375
1752200 374
1752210 374
1752220 371
1752230 368
1752240 368
1752250 368
1752260 372
1752270 372
1752280 371
1752290 369
1752300 368
1752310 368
1752320 368
1752330 371
1752340 371
1752350 371
1752360 372
1752370 372
1752380 371
1752390 372
1752400 372
1752410 371
1752420 369
1752430 369
1752440 373
1752450 372
1752460 371
1752470 371
1752480 371
1752490 371
1752500 371
1752510 367
1752520 365
1752530 365
1752540 369
1752550 370
1752560 370
1752570 371
1752580 372
1752590 372
1752600 372
1752610 372
1752620 372
1752630 372
1752640 371
1752650 372
1752660 372
1752670 373
1752680 374
1752690 374
1752700 374
1752710 373
1752720 373
1752730 372
1752740 372
1752750 372
1752760 372
1752770 372
1752780 372
1752790 371
1752800 367
1752810 367
1752820 367
1752830 365
1752840 363
1752850 363
1752860 362
1752870 362
1752880 362
1752890 361
1752900 360
1752910 360
1752920 359
1752930 357
1752940 357
1752950 355
1752960 353
1752970 353
1752980 350
1752990 349
1753000 349
1753010 349
1753020 348
1753030 347
1753040 347
1753050 347
1753060 346
1753070 346
1753080 345
1753090 344
1753100 344
1753110 346
1753120 347
1753130 347
1753140 349
1753150 351
1753160 351
1753170 353
1753180 357
1753190 357
1753200 358
1753210 360
1753220 362
1753230 362
1753240 365
1753250 367
1753260 367
1753270 370
1753280 372
1753290 372
1753300 373
1753310 374
1753320 374
1753330 374
1753340 373
1753350 373
1753360 373
1753370 373
1753380 373
1753390 372
1753400 371
1753410 371
1753420 371
1753430 372
1753440 373
1753450 373
1753460 373
1753470 374
1753480 374
1753490 374
1753500 374
1753510 374
1753520 376
1753530 378
1753540 378
1753550 380
1753560 383
1753570 383
1753580 387
1753590 393
1753600 393
1753610 399
1753620 403
1753630 406
1753640 406
1753650 408
1753660 410
1753670 410
1753680 413
1753690 415
1753700 415
1753710 418
1753720 418
1753730 418
1753740 422
1753750 424
1753760 424
1753770 424
1753780 423
1753790 423
1753800 422
1753810 418
1753820 417
1753830 417
1753840 415
1753850 414
1753860 414
1753870 413
1753880 411
1753890 411
1753900 410
1753910 408
1753920 408
1753930 406
1753940 405
1753950 405
1753960 403
1753970 400
1753980 400
1753990 398
1754000 396
1754010 394
1754020 394
1754030 393
1754040 392
1754050 392
1754060 392
1754070 392
1754080 392
1754090 392
1754100 389
1754110 389
1754120 388
1754130 385
1754140 385
1754150 383
1754160 381
1754170 381
1754180 379
1754190 377
1754200 374
1754210 374
1754220 371
1754230 369
1754240 369
1754250 366
1754260 364
1754270 364
1754280 362
1754290 360
1754300 360
1754310 360
1754320 357
1754330 357
1754340 355
1754350 353
1754360 353
1754370 350
1754380 348
1754390 347
1754400 347
1754410 345
1754420 343
1754430 343
1754440 341
1754450 341
1754460 341
1754470 340
1754480 343
1754490 343
1754500 343
1754510 342
1754520 342
1754530 341
1754540 340
1754550 340
1754560 339
1754570 338
1754580 337
1754590 337
1754600 336
1754610 335
1754620 335
1754630 333
1754640 333
1754650 333
1754660 333
1754670 335
1754680 335
1754690 336
1754700 336
1754710 336
1754720 336
1754730 337
1754740 337
1754750 340
1754760 341
1754770 345
1754780 345
1754790 348
1754800 350
1754810 350
1754820 350
1754830 353
1754840 353
1754850 352
1754860 349
1754870 349
1754880 349
1754890 346
1754900 346
1754910 343
1754920 341
1754930 341
1754940 341
1754950 342
1754960 343
1754970 343
1754980 344
1754990 346
1755000 346
1755010 347
1755020 352
1755030 352
1755040 355
1755050 359
1755060 359
1755070 362
1755080 366
1755090 366
1755100 368
1755110 372
1755120 372
1755130 375
1755140 378
1755150 380
1755160 380
1755170 383
1755180 385
1755190 385
1755200 387
1755210 388
1755220 388
1755230 390
1755240 391
1755250 391
1755260 393
1755270 394
1755280 394
1755290 394
1755300 395
1755310 395
1755320 397
1755330 397
1755340 398
1755350 398
1755360 398
1755370 399
1755380 399
1755390 398
1755400 398
1755410 398
1755420 397
1755430 396
1755440 396
1755450 396
1755460 395
1755470 395
1755480 394
1755490 393
1755500 393
1755510 391
1755520 390
1755530 388
1755540 388
1755550 387
1755560 384
1755570 384
1755580 383
1755590 380
1755600 380
1755610 378
1755620 375
1755630 375
1755640 372
1755650 367
1755660 367
1755670 363
1755680 360
1755690 360
1755700 357
1755710 354
1755720 354
1755730 349
1755740 346
1755750 344
1755760 344
1755770 346
1755780 348
1755790 348
1755800 344
1755810 343
1755820 343
1755830 344
1755840 346
1755850 346
1755860 355
1755870 358
1755880 358
1755890 360
1755900 362
1755910 362
1755920 363
1755930 364
1755940 365
1755950 365
1755960 366
1755970 366
1755980 366
1755990 366
1756000 367
1756010 367
1756020 366
1756030 365
1756040 365
1756050 363
1756060 361
1756070 361
1756080 358
1756090 355
1756100 355
1756110 349
1756120 345
1756130 341
1756140 341
1756150 339
1756160 337
1756170 337
1756180 336
1756190 338
1756200 338
1756210 339
1756220 339
1756230 339
1756240 340
1756250 340
1756260 340
1756270 340
1756280 340
1756290 340
1756300 338
1756310 335
1756320 334
1756330 334
1756340 332
1756350 331
1756360 331
1756370 329
1756380 326
1756390 326
1756400 323
1756410 321
1756420 321
1756430 321
1756440 320
1756450 320
1756460 319
1756470 317
1756480 317
1756490 316
1756500 317
1756510 317
1756520 317
1756530 318
1756540 319
1756550 319
1756560 320
1756570 322
1756580 322
1756590 323
1756600 325
1756610 325
1756620 326
1756630 328
1756640 328
1756650 330
1756660 332
1756670 332
1756680 334
1756690 336
1756700 338
1756710 338
1756720 341
1756730 343
1756740 343
1756750 346
1756760 348
1756770 348
1756780 349
1756790 351
1756800 350
1756810 351
1756820 352
1756830 352
1756840 353
1756850 355
1756860 355
1756870 357
1756880 360
1756890 363
1756900 363
1756910 366
1756920 368
1756930 368
1756940 370
1756950 373
1756960 373
1756970 376
1756980 378
1756990 378
1757000 380
1757010 382
1757020 382
1757030 384
1757040 386
1757050 386
1757060 388
1757070 390
1757080 391
1757090 391
1757100 392
1757110 392
1757120 392
1757130 391
1757140 390
1757150 390
1757160 389
1757170 388
1757180 388
1757190 387
1757200 388
1757210 388
1757220 389
1757230 390
1757240 390
1757250 391
1757260 391
1757270 392
1757280 392
1757290 391
1757300 390
1757310 390
1757320 389
1757330 386
1757340 386
1757350 383
1757360 380
1757370 380
1757380 376
1757390 373
1757400 373
1757410 370
1757420 366
1757430 366
1757440 364
1757450 361
1757460 358
1757470 358
1757480 357
1757490 354
1757500 354
1757510 352
1757520 350
1757530 350
1757540 346
1757550 341
1757560 341
1757570 337
1757580 332
1757590 332
1757600 328
1757610 326
1757620 326
1757630 326
1757640 326
1757650 326
1757660 325
1757670 325
1757680 325
1757690 325
1757700 325
1757710 327
1757720 327
1757730 326
1757740 323
1757750 323
1757760 321
1757770 319
1757780 319
1757790 317
1757800 316
1757810 316
1757820 315
1757830 314
1757840 314
1757850 312
1757860 311
1757870 310
1757880 310
1757890 311
1757900 312
1757910 312
1757920 313
1757930 315
1757940 315
1757950 321
1757960 324
1757970 324
1757980 326
1757990 327
1758000 327
1758010 329
1758020 330
1758030 330
1758040 331
1758050 332
1758060 333
1758070 333
1758080 334
1758090 335
1758100 335
1758110 336
1758120 337
1758130 337
1758140 338
1758150 339
1758160 339
1758170 339
1758180 340
1758190 340
1758200 342
1758210 345
1758220 345
1758230 352
1758240 357
1758250 360
1758260 360
1758270 362
1758280 363
1758290 363
1758300 364
1758310 365
1758320 365
1758330 366
1758340 368
1758350 368
1758360 370
1758370 372
1758380 372
1758390 375
1758400 378
1758410 378
1758420 375
1758430 372
1758440 368
1758450 368
1758460 365
1758470 364
1758480 364
1758490 362
1758500 358
1758510 358
1758520 353
1758530 350
1758540 350
1758550 349
1758560 350
1758570 350
1758580 350
1758590 349
1758600 349
1758610 347
1758620 342
1758630 340
1758640 340
1758650 336
1758660 332
1758670 332
1758680 327
1758690 322
1758700 322
1758710 321
1758720 321
1758730 321
1758740 320
1758750 321
1758760 321
1758770 321
1758780 322
1758790 322
1758800 323
1758810 324
1758820 326
1758830 326
1758840 327
1758850 328
1758860 328
1758870 330
1758880 332
1758890 332
1758900 334
1758910 337
1758920 337
1758930 340
1758940 341
1758950 341
1758960 338
1758970 339
1758980 339
1758990 341
1759000 341
1759010 344
1759020 344
1759030 347
1759040 351
1759050 351
1759060 358
1759070 358
1759080 358
1759090 356
1759100 359
1759110 359
1759120 364
1759130 371
1759140 371
1759150 376
1759160 377
1759170 377
1759180 379
1759190 380
1759200 382
1759210 382
1759220 386
1759230 391
1759240 391
1759250 394
1759260 397
1759270 397
1759280 401
1759290 403
1759300 403
1759310 406
1759320 407
1759330 407
1759340 407
1759350 404
1759360 404
1759370 404
1759380 400
1759390 395
1759400 395
1759410 390
1759420 386
1759430 386
1759440 384
1759450 383
1759460 383
1759470 380
1759480 377
1759490 377
1759500 375
1759510 371
1759520 371
1759530 363
1759540 360
1759550 360
1759560 358
1759570 351
1759580 351
1759590 349
1759600 349
1759610 347
1759620 347
1759630 346
1759640 343
1759650 343
1759660 340
1759670 338
1759680 338
1759690 336
1759700 334
1759710 334
1759720 332
1759730 330
1759740 330
1759750 328
1759760 328
1759770 328
1759780 329
1759790 330
1759800 331
1759810 331
1759820 333
1759830 334
1759840 334
1759850 335
1759860 336
1759870 336
1759880 337
1759890 338
1759900 338
1759910 339
1759920 341
1759930 341
1759940 342
1759950 343
1759960 343
1759970 346
1759980 347
1759990 350
