1740000 362
1740010 359
1740020 356
1740030 356
1740040 355
1740050 357
1740060 357
1740070 356
1740080 354
1740090 354
1740100 352
1740110 348
1740120 348
1740130 346
1740140 345
1740150 344
1740160 341
1740170 340
1740180 338
1740190 338
1740200 337
1740210 336
1740220 336
1740230 334
1740240 332
1740250 332
1740260 332
1740270 330
1740280 330
1740290 329
1740300 328
1740310 328
1740320 328
1740330 326
1740340 328
1740350 328
1740360 328
1740370 328
1740380 328
1740390 329
1740400 329
1740410 329
1740420 330
1740430 331
1740440 331
1740450 331
1740460 334
1740470 334
1740480 335
1740490 336
1740500 336
1740510 338
1740520 339
1740530 341
1740540 341
1740550 344
1740560 346
1740570 346
1740580 347
1740590 349
1740600 349
1740610 350
1740620 352
1740630 352
1740640 351
1740650 354
1740660 354
1740670 355
1740680 356
1740690 356
1740700 357
1740710 359
1740720 359
1740730 360
1740740 361
1740750 364
1740760 364
1740770 364
1740780 366
1740790 366
1740800 370
1740810 374
1740820 374
1740830 377
1740840 379
1740850 379
1740860 380
1740870 381
1740880 381
1740890 383
1740900 386
1740910 386
1740920 389
1740930 392
1740940 395
1740950 395
1740960 397
1740970 401
1740980 401
1740990 404
1741000 407
1741010 407
1741020 408
1741030 408
1741040 408
1741050 408
1741060 408
1741070 408
1741080 407
1741090 406
1741100 406
1741110 404
1741120 401
1741130 400
1741140 400
1741150 397
1741160 395
1741170 395
1741180 394
1741190 393
1741200 393
1741210 392
1741220 392
1741230 392
1741240 392
1741250 392
1741260 392
1741270 392
1741280 391
1741290 391
1741300 390
1741310 390
1741320 389
1741330 389
1741340 388
1741350 388
1741360 388
1741370 387
1741380 386
1741390 386
1741400 385
1741410 384
1741420 384
1741430 383
1741440 383
1741450 383
1741460 382
1741470 381
1741480 381
1741490 380
1741500 377
1741510 376
1741520 376
1741530 374
1741540 374
1741550 374
1741560 373
1741570 372
1741580 372
1741590 372
1741600 370
1741610 370
1741620 367
1741630 366
1741640 366
1741650 363
1741660 360
1741670 360
1741680 356
1741690 354
1741700 351
1741710 351
1741720 350
1741730 349
1741740 349
1741750 349
1741760 349
1741770 349
1741780 351
1741790 353
1741800 353
1741810 354
1741820 355
1741830 355
1741840 357
1741850 357
1741860 357
1741870 357
1741880 357
1741890 358
1741900 358
1741910 358
1741920 358
1741930 358
1741940 357
1741950 355
1741960 355
1741970 354
1741980 353
1741990 353
1742000 353
1742010 351
1742020 351
1742030 349
1742040 347
1742050 347
1742060 347
1742070 352
1742080 352
1742090 356
1742100 358
1742110 359
1742120 359
1742130 359
1742140 362
1742150 362
1742160 363
1742170 363
1742180 363
1742190 363
1742200 363
1742210 363
1742220 362
1742230 362
1742240 362
1742250 362
1742260 361
1742270 361
1742280 361
1742290 361
1742300 360
1742310 360
1742320 360
1742330 360
1742340 360
1742350 359
1742360 359
1742370 359
1742380 358
1742390 358
1742400 358
1742410 358
1742420 357
1742430 357
1742440 356
1742450 356
1742460 356
1742470 355
1742480 355
1742490 354
1742500 354
1742510 353
1742520 353
1742530 353
1742540 352
1742550 352
1742560 352
1742570 351
1742580 351
1742590 351
1742600 350
1742610 349
1742620 349
1742630 348
1742640 348
1742650 348
1742660 347
1742670 346
1742680 346
1742690 346
1742700 345
1742710 346
1742720 346
1742730 345
1742740 345
1742750 345
1742760 345
1742770 345
1742780 345
1742790 344
1742800 343
1742810 343
1742820 342
1742830 342
1742840 342
1742850 342
1742860 341
1742870 341
1742880 341
1742890 341
1742900 340
1742910 340
1742920 340
1742930 340
1742940 340
1742950 340
1742960 339
1742970 339
1742980 339
1742990 339
1743000 339
1743010 339
1743020 338
1743030 338
1743040 338
1743050 338
1743060 337
1743070 337
1743080 336
1743090 334
1743100 334
1743110 332
1743120 332
1743130 332
1743140 332
1743150 333
1743160 333
1743170 332
1743180 332
1743190 332
1743200 332
1743210 331
1743220 331
1743230 332
1743240 332
1743250 332
1743260 331
1743270 331
1743280 330
1743290 330
1743300 330
1743310 330
1743320 330
1743330 330
1743340 330
1743350 330
1743360 329
1743370 329
1743380 329
1743390 328
1743400 327
1743410 327
1743420 326
1743430 326
1743440 326
1743450 326
1743460 326
1743470 326
1743480 326
1743490 326
1743500 326
1743510 326
1743520 327
1743530 327
1743540 327
1743550 326
1743560 326
1743570 326
1743580 326
1743590 326
1743600 326
1743610 326
1743620 326
1743630 326
1743640 326
1743650 323
1743660 326
1743670 326
1743680 326
1743690 325
1743700 325
1743710 325
1743720 325
1743730 325
1743740 325
1743750 325
1743760 325
1743770 325
1743780 325
1743790 325
1743800 325
1743810 324
1743820 324
1743830 324
1743840 324
1743850 324
1743860 324
1743870 324
1743880 324
1743890 324
1743900 324
1743910 324
1743920 324
1743930 324
1743940 324
1743950 324
1743960 323
1743970 323
1743980 323
1743990 324
1744000 324
1744010 324
1744020 323
1744030 323
1744040 323
1744050 323
1744060 323
1744070 323
1744080 323
1744090 323
1744100 323
1744110 323
1744120 323
1744130 323
1744140 323
1744150 323
1744160 323
1744170 323
1744180 322
1744190 322
1744200 322
1744210 322
1744220 322
1744230 322
1744240 322
1744250 322
1744260 323
1744270 323
1744280 323
1744290 323
1744300 323
1744310 323
1744320 323
1744330 323
1744340 323
1744350 323
1744360 323
1744370 324
1744380 325
1744390 325
1744400 325
1744410 326
1744420 327
1744430 327
1744440 328
1744450 330
1744460 330
1744470 331
1744480 332
1744490 332
1744500 333
1744510 333
1744520 333
1744530 333
1744540 333
1744550 333
1744560 332
1744570 331
1744580 331
1744590 329
1744600 327
1744610 327
1744620 325
1744630 324
1744640 322
1744650 322
1744660 322
1744670 322
1744680 322
1744690 322
1744700 322
1744710 322
1744720 322
1744730 322
1744740 322
1744750 322
1744760 323
1744770 323
1744780 323
1744790 323
1744800 323
1744810 321
1744820 323
1744830 323
1744840 323
1744850 323
1744860 322
1744870 322
1744880 322
1744890 322
1744900 322
1744910 322
1744920 322
1744930 322
1744940 322
1744950 322
1744960 322
1744970 322
1744980 322
1744990 322
1745000 322
1745010 322
1745020 322
1745030 322
1745040 322
1745050 322
1745060 322
1745070 322
1745080 322
1745090 322
1745100 322
1745110 322
1745120 322
1745130 322
1745140 323
1745150 323
1745160 323
1745170 324
1745180 324
1745190 324
1745200 325
1745210 325
1745220 325
1745230 325
1745240 326
1745250 326
1745260 326
1745270 328
1745280 328
1745290 330
1745300 332
1745310 332
1745320 334
1745330 337
1745340 337
1745350 339
1745360 340
1745370 340
1745380 341
1745390 341
1745400 342
1745410 342
1745420 347
1745430 348
1745440 348
1745450 349
1745460 350
1745470 350
1745480 350
1745490 351
1745500 351
1745510 352
1745520 354
1745530 354
1745540 354
1745550 355
1745560 355
1745570 357
1745580 359
1745590 362
1745600 362
1745610 365
1745620 369
1745630 369
1745640 371
1745650 378
1745660 378
1745670 385
1745680 390
1745690 390
1745700 396
1745710 400
1745720 400
1745730 403
1745740 405
1745750 405
1745760 407
1745770 410
1745780 410
1745790 414
1745800 416
1745810 419
1745820 419
1745830 419
1745840 418
1745850 418
1745860 414
1745870 411
1745880 411
1745890 410
1745900 405
1745910 405
1745920 402
1745930 399
1745940 399
1745950 394
1745960 389
1745970 389
1745980 386
1745990 386
1746000 386
1746010 386
1746020 385
1746030 381
1746040 381
1746050 377
1746060 375
1746070 375
1746080 373
1746090 372
1746100 372
1746110 371
1746120 369
1746130 369
1746140 367
1746150 366
1746160 366
1746170 364
1746180 364
1746190 362
1746200 362
1746210 360
1746220 359
1746230 359
1746240 358
1746250 357
1746260 357
1746270 357
1746280 357
1746290 357
1746300 357
1746310 357
1746320 357
1746330 357
1746340 357
1746350 357
1746360 358
1746370 363
1746380 367
1746390 367
1746400 369
1746410 372
1746420 372
1746430 375
1746440 377
1746450 377
1746460 380
1746470 382
1746480 382
1746490 383
1746500 384
1746510 384
1746520 385
1746530 386
1746540 386
1746550 388
1746560 389
1746570 389
1746580 389
1746590 389
1746600 389
1746610 389
1746620 389
1746630 389
1746640 389
1746650 390
1746660 392
1746670 392
1746680 391
1746690 385
1746700 385
1746710 384
1746720 383
1746730 383
1746740 386
1746750 392
1746760 395
1746770 395
1746780 397
1746790 399
1746800 399
1746810 401
1746820 404
1746830 404
1746840 406
1746850 409
1746860 409
1746870 412
1746880 415
1746890 415
1746900 417
1746910 419
1746920 419
1746930 421
1746940 424
1746950 428
1746960 428
1746970 431
1746980 436
1746990 436
1747000 439
1747010 442
1747020 442
1747030 445
1747040 448
1747050 448
1747060 449
1747070 449
1747080 449
1747090 450
1747100 447
1747110 447
1747120 444
1747130 443
1747140 443
1747150 439
1747160 435
1747170 431
1747180 431
1747190 427
1747200 424
1747210 424
1747220 423
1747230 423
1747240 423
1747250 422
1747260 421
1747270 421
1747280 420
1747290 419
1747300 419
1747310 419
1747320 418
1747330 418
1747340 417
1747350 416
1747360 415
1747370 415
1747380 414
1747390 414
1747400 414
1747410 413
1747420 412
1747430 412
1747440 412
1747450 411
1747460 411
1747470 408
1747480 404
1747490 404
1747500 399
1747510 395
1747520 395
1747530 392
1747540 391
1747550 390
1747560 390
1747570 389
1747580 389
1747590 389
1747600 388
1747610 387
1747620 387
1747630 386
1747640 386
1747650 386
1747660 387
1747670 386
1747680 386
1747690 380
1747700 383
1747710 383
1747720 390
1747730 398
1747740 402
1747750 402
1747760 404
1747770 407
1747780 407
1747790 411
1747800 414
1747810 414
1747820 416
1747830 418
1747840 418
1747850 420
1747860 421
1747870 421
1747880 421
1747890 421
1747900 421
1747910 418
1747920 416
1747930 415
1747940 415
1747950 414
1747960 414
1747970 414
1747980 412
1747990 412
1748000 412
1748010 412
1748020 412
1748030 412
1748040 410
1748050 406
1748060 406
1748070 399
1748080 401
1748090 401
1748100 402
1748110 399
1748120 403
1748130 403
1748140 408
1748150 409
1748160 409
1748170 409
1748180 408
1748190 408
1748200 406
1748210 402
1748220 402
1748230 401
1748240 402
1748250 402
1748260 401
1748270 398
1748280 398
1748290 396
1748300 395
1748310 395
1748320 395
1748330 392
1748340 390
1748350 390
1748360 387
1748370 384
1748380 384
1748390 383
1748400 381
1748410 381
1748420 381
1748430 381
1748440 381
1748450 381
1748460 381
1748470 381
1748480 380
1748490 379
1748500 379
1748510 378
1748520 376
1748530 376
1748540 376
1748550 377
1748560 378
1748570 378
1748580 378
1748590 378
1748600 378
1748610 378
1748620 376
1748630 376
1748640 376
1748650 375
1748660 375
1748670 374
1748680 372
1748690 372
1748700 370
1748710 367
1748720 368
1748730 368
1748740 369
1748750 370
1748760 370
1748770 370
1748780 369
1748790 369
1748800 365
1748810 366
1748820 366
1748830 371
1748840 371
1748850 371
1748860 372
1748870 371
1748880 371
1748890 371
1748900 371
1748910 371
1748920 371
1748930 370
1748940 370
1748950 370
1748960 370
1748970 369
1748980 369
1748990 368
1749000 368
1749010 368
1749020 367
1749030 367
1749040 367
1749050 365
1749060 364
1749070 364
1749080 362
1749090 361
1749100 359
1749110 359
1749120 358
1749130 356
1749140 356
1749150 355
1749160 354
1749170 354
1749180 353
1749190 352
1749200 352
1749210 351
1749220 350
1749230 350
1749240 349
1749250 348
1749260 348
1749270 347
1749280 346
1749290 345
1749300 345
1749310 344
1749320 343
1749330 343
1749340 342
1749350 341
1749360 341
1749370 340
1749380 339
1749390 339
1749400 338
1749410 337
1749420 337
1749430 336
1749440 335
1749450 335
1749460 333
1749470 333
1749480 333
1749490 333
1749500 331
1749510 331
1749520 331
1749530 331
1749540 330
1749550 330
1749560 331
1749570 336
1749580 336
1749590 336
1749600 331
1749610 331
1749620 331
1749630 331
1749640 331
1749650 331
1749660 330
1749670 330
1749680 330
1749690 330
1749700 330
1749710 330
1749720 330
1749730 330
1749740 330
1749750 330
1749760 330
1749770 330
1749780 330
1749790 330
1749800 330
1749810 330
1749820 330
1749830 330
1749840 330
1749850 331
1749860 331
1749870 331
1749880 331
1749890 332
1749900 332
1749910 332
1749920 332
1749930 332
1749940 333
1749950 333
1749960 333
1749970 333
1749980 333
1749990 333
1750000 333
1750010 334
1750020 334
1750030 334
1750040 334
1750050 334
1750060 334
1750070 334
1750080 334
1750090 334
1750100 333
1750110 333
1750120 333
1750130 333
1750140 332
1750150 332
1750160 333
1750170 333
1750180 333
1750190 333
1750200 334
1750210 334
1750220 334
1750230 334
1750240 334
1750250 335
1750260 335
1750270 335
1750280 335
1750290 335
1750300 335
1750310 335
1750320 335
1750330 335
1750340 335
1750350 336
1750360 336
1750370 336
1750380 336
1750390 337
1750400 337
1750410 337
1750420 337
1750430 337
1750440 337
1750450 337
1750460 338
1750470 338
1750480 338
1750490 338
1750500 338
1750510 338
1750520 338
1750530 338
1750540 338
1750550 338
1750560 338
1750570 338
1750580 338
1750590 338
1750600 338
1750610 338
1750620 338
1750630 339
1750640 338
1750650 336
1750660 336
1750670 336
1750680 337
1750690 337
1750700 337
1750710 337
1750720 337
1750730 338
1750740 338
1750750 338
1750760 339
1750770 339
1750780 339
1750790 340
1750800 340
1750810 340
1750820 339
1750830 339
1750840 340
1750850 340
1750860 341
1750870 342
1750880 342
1750890 344
1750900 348
1750910 348
1750920 350
1750930 355
1750940 355
1750950 358
1750960 360
1750970 360
1750980 362
1750990 364
1751000 364
1751010 365
1751020 367
1751030 367
1751040 367
1751050 368
1751060 370
1751070 370
1751080 372
1751090 374
1751100 374
1751110 375
1751120 377
1751130 377
1751140 377
1751150 377
1751160 377
1751170 377
1751180 377
1751190 377
1751200 377
1751210 376
1751220 376
1751230 376
1751240 376
1751250 373
1751260 373
1751270 368
1751280 372
1751290 372
1751300 374
1751310 375
1751320 375
1751330 375
1751340 374
1751350 374
1751360 374
1751370 373
1751380 373
1751390 373
1751400 372
1751410 372
1751420 372
1751430 371
1751440 370
1751450 370
1751460 369
1751470 366
1751480 366
1751490 365
1751500 366
1751510 366
1751520 366
1751530 364
1751540 364
1751550 362
1751560 360
1751570 360
1751580 359
1751590 359
1751600 359
1751610 359
1751620 359
1751630 358
1751640 358
1751650 357
1751660 357
1751670 357
1751680 356
1751690 356
1751700 356
1751710 357
1751720 357
1751730 357
1751740 359
1751750 361
1751760 361
1751770 363
1751780 364
1751790 364
1751800 365
1751810 368
1751820 370
1751830 370
1751840 371
1751850 372
1751860 372
1751870 373
1751880 376
1751890 376
1751900 378
1751910 381
1751920 381
1751930 382
1751940 383
1751950 383
1751960 384
1751970 386
1751980 386
1751990 389
1752000 389
1752010 390
1752020 390
1752030 395
1752040 402
1752050 402
1752060 406
1752070 409
1752080 409
1752090 410
1752100 414
1752110 414
1752120 417
1752130 420
1752140 420
1752150 423
1752160 425
1752170 425
1752180 428
1752190 431
1752200 431
1752210 434
1752220 432
1752230 434
1752240 434
1752250 433
1752260 431
1752270 431
1752280 428
1752290 423
1752300 423
1752310 418
1752320 414
1752330 414
1752340 411
1752350 408
1752360 408
1752370 405
1752380 400
1752390 400
1752400 396
1752410 393
1752420 393
1752430 393
1752440 393
1752450 393
1752460 393
1752470 392
1752480 391
1752490 391
1752500 390
1752510 388
1752520 388
1752530 388
1752540 386
1752550 386
1752560 385
1752570 383
1752580 383
1752590 381
1752600 380
1752610 378
1752620 378
1752630 375
1752640 372
1752650 372
1752660 369
1752670 365
1752680 365
1752690 363
1752700 361
1752710 361
1752720 360
1752730 359
1752740 359
1752750 359
1752760 358
1752770 358
1752780 358
1752790 359
1752800 361
1752810 361
1752820 364
1752830 368
1752840 368
1752850 372
1752860 374
1752870 374
1752880 377
1752890 378
1752900 378
1752910 380
1752920 383
1752930 383
1752940 386
1752950 388
1752960 388
1752970 389
1752980 391
1752990 393
1753000 393
1753010 397
1753020 402
1753030 402
1753040 406
1753050 408
1753060 408
1753070 410
1753080 411
1753090 411
1753100 411
1753110 411
1753120 411
1753130 412
1753140 413
1753150 413
1753160 414
1753170 417
1753180 418
1753190 418
1753200 417
1753210 417
1753220 417
1753230 417
1753240 416
1753250 416
1753260 414
1753270 410
1753280 410
1753290 409
1753300 409
1753310 409
1753320 409
1753330 408
1753340 408
1753350 404
1753360 401
1753370 400
1753380 400
1753390 399
1753400 397
1753410 397
1753420 392
1753430 387
1753440 387
1753450 384
1753460 381
1753470 381
1753480 379
1753490 377
1753500 377
1753510 376
1753520 374
1753530 374
1753540 371
1753550 369
1753560 369
1753570 367
1753580 365
1753590 364
1753600 364
1753610 364
1753620 364
1753630 364
1753640 365
1753650 368
1753660 368
1753670 370
1753680 370
1753690 370
1753700 370
1753710 372
1753720 372
1753730 377
1753740 380
1753750 380
1753760 380
1753770 379
1753780 379
1753790 379
1753800 380
1753810 380
1753820 380
1753830 379
1753840 379
1753850 379
1753860 380
1753870 381
1753880 381
1753890 381
1753900 382
1753910 382
1753920 383
1753930 386
1753940 386
1753950 386
1753960 386
1753970 387
1753980 387
1753990 389
1754000 392
1754010 392
1754020 397
1754030 399
1754040 399
1754050 400
1754060 401
1754070 401
1754080 403
1754090 404
1754100 404
1754110 405
1754120 406
1754130 406
1754140 407
1754150 408
1754160 410
1754170 410
1754180 411
1754190 411
1754200 411
1754210 411
1754220 412
1754230 412
1754240 413
1754250 413
1754260 413
1754270 414
1754280 414
1754290 414
1754300 415
1754310 416
1754320 416
1754330 416
1754340 417
1754350 418
1754360 418
1754370 419
1754380 420
1754390 420
1754400 421
1754410 421
1754420 421
1754430 422
1754440 421
1754450 421
1754460 419
1754470 415
1754480 415
1754490 411
1754500 408
1754510 408
1754520 405
1754530 403
1754540 401
1754550 401
1754560 399
1754570 397
1754580 397
1754590 396
1754600 395
1754610 395
1754620 394
1754630 391
1754640 391
1754650 389
1754660 387
1754670 387
1754680 384
1754690 381
1754700 381
1754710 376
1754720 372
1754730 372
1754740 370
1754750 367
1754760 364
1754770 364
1754780 363
1754790 359
1754800 359
1754810 355
1754820 356
1754830 356
1754840 355
1754850 351
1754860 351
1754870 348
1754880 346
1754890 346
1754900 347
1754910 346
1754920 346
1754930 346
1754940 345
1754950 344
1754960 344
1754970 344
1754980 346
1754990 346
1755000 349
1755010 349
1755020 349
1755030 352
1755040 354
1755050 354
1755060 353
1755070 352
1755080 352
1755090 356
1755100 356
1755110 356
1755120 357
1755130 357
1755140 357
1755150 357
1755160 358
1755170 358
1755180 358
1755190 356
1755200 349
1755210 349
1755220 353
1755230 347
1755240 347
1755250 348
1755260 350
1755270 350
1755280 346
1755290 347
1755300 347
1755310 351
1755320 357
1755330 359
1755340 359
1755350 361
1755360 365
1755370 365
1755380 366
1755390 367
1755400 367
1755410 369
1755420 372
1755430 372
1755440 374
1755450 377
1755460 377
1755470 380
1755480 381
1755490 381
1755500 380
1755510 379
1755520 379
1755530 379
1755540 378
1755550 378
1755560 378
1755570 377
1755580 376
1755590 376
1755600 376
1755610 375
1755620 375
1755630 375
1755640 373
1755650 373
1755660 372
1755670 369
1755680 369
1755690 367
1755700 365
1755710 362
1755720 362
1755730 357
1755740 353
1755750 353
1755760 353
1755770 347
1755780 347
1755790 346
1755800 348
1755810 348
1755820 351
1755830 349
1755840 349
1755850 348
1755860 345
1755870 345
1755880 345
1755890 344
1755900 345
1755910 345
1755920 345
1755930 346
1755940 346
1755950 347
1755960 348
1755970 348
1755980 349
1755990 350
1756000 350
1756010 349
1756020 346
1756030 346
1756040 346
1756050 344
1756060 344
1756070 346
1756080 348
1756090 348
1756100 350
1756110 352
1756120 356
1756130 356
1756140 359
1756150 364
1756160 364
1756170 367
1756180 369
1756190 369
1756200 372
1756210 374
1756220 374
1756230 377
1756240 381
1756250 381
1756260 385
1756270 388
1756280 388
1756290 390
1756300 391
1756310 393
1756320 393
1756330 394
1756340 395
1756350 395
1756360 395
1756370 394
1756380 394
1756390 393
1756400 392
1756410 392
1756420 387
1756430 383
1756440 383
1756450 377
1756460 375
1756470 375
1756480 374
1756490 371
1756500 368
1756510 368
1756520 365
1756530 362
1756540 362
1756550 360
1756560 358
1756570 358
1756580 356
1756590 354
1756600 354
1756610 353
1756620 352
1756630 352
1756640 352
1756650 353
1756660 353
1756670 354
1756680 354
1756690 354
1756700 354
1756710 353
1756720 352
1756730 352
1756740 352
1756750 352
1756760 352
1756770 352
1756780 353
1756790 353
1756800 355
1756810 357
1756820 357
1756830 358
1756840 361
1756850 361
1756860 363
1756870 365
1756880 367
1756890 367
1756900 371
1756910 375
1756920 375
1756930 376
1756940 377
1756950 377
1756960 379
1756970 380
1756980 380
1756990 381
1757000 382
1757010 382
1757020 382
1757030 383
1757040 383
1757050 384
1757060 384
1757070 383
1757080 383
1757090 382
1757100 381
1757110 381
1757120 380
1757130 379
1757140 379
1757150 379
1757160 378
1757170 378
1757180 373
1757190 370
1757200 370
1757210 370
1757220 371
1757230 371
1757240 372
1757250 373
1757260 373
1757270 373
1757280 372
1757290 372
1757300 372
1757310 370
1757320 368
1757330 368
1757340 365
1757350 362
1757360 362
1757370 359
1757380 357
1757390 357
1757400 353
1757410 357
1757420 357
1757430 359
1757440 357
1757450 357
1757460 356
1757470 354
1757480 355
1757490 355
1757500 356
1757510 357
1757520 357
1757530 357
1757540 359
1757550 359
1757560 360
1757570 361
1757580 361
1757590 361
1757600 362
1757610 362
1757620 362
1757630 361
1757640 361
1757650 361
1757660 361
1757670 361
1757680 361
1757690 361
1757700 362
1757710 362
1757720 362
1757730 362
1757740 362
1757750 363
1757760 363
1757770 363
1757780 364
1757790 364
1757800 364
1757810 366
1757820 367
1757830 367
1757840 368
1757850 369
1757860 370
1757870 370
1757880 369
1757890 369
1757900 369
1757910 368
1757920 366
1757930 366
1757940 364
1757950 362
1757960 362
1757970 360
1757980 357
1757990 357
1758000 355
1758010 349
1758020 349
1758030 344
1758040 339
1758050 333
1758060 333
1758070 331
1758080 329
1758090 329
1758100 328
1758110 326
1758120 326
1758130 324
1758140 323
1758150 323
1758160 323
1758170 322
1758180 322
1758190 322
1758200 323
1758210 323
1758220 325
1758230 327
1758240 328
1758250 328
1758260 330
1758270 333
1758280 333
1758290 335
1758300 338
1758310 338
1758320 340
1758330 343
1758340 343
1758350 346
1758360 350
1758370 350
1758380 351
1758390 353
1758400 353
1758410 356
1758420 359
1758430 362
1758440 362
1758450 364
1758460 366
1758470 366
1758480 369
1758490 371
1758500 371
1758510 374
1758520 376
1758530 376
1758540 377
1758550 379
1758560 379
1758570 381
1758580 382
1758590 382
1758600 383
1758610 385
1758620 385
1758630 387
1758640 388
1758650 389
1758660 389
1758670 389
1758680 389
1758690 389
1758700 389
1758710 388
1758720 388
1758730 387
1758740 385
1758750 385
1758760 383
1758770 381
1758780 381
1758790 379
1758800 377
1758810 377
1758820 376
1758830 373
1758840 372
1758850 372
1758860 369
1758870 361
1758880 361
1758890 356
1758900 356
1758910 356
1758920 357
1758930 358
1758940 358
1758950 358
1758960 357
1758970 357
1758980 354
1758990 351
1759000 351
1759010 349
1759020 349
1759030 349
1759040 349
1759050 351
1759060 354
1759070 354
1759080 354
1759090 354
1759100 354
1759110 354
1759120 356
1759130 356
1759140 355
1759150 355
1759160 355
1759170 355
1759180 353
1759190 353
1759200 351
1759210 348
1759220 347
1759230 347
1759240 346
1759250 345
1759260 345
1759270 344
1759280 343
1759290 343
1759300 343
1759310 340
1759320 340
1759330 339
1759340 335
1759350 335
1759360 332
1759370 331
1759380 331
1759390 330
1759400 331
1759410 332
1759420 332
1759430 334
1759440 335
1759450 335
1759460 334
1759470 334
1759480 334
1759490 333
1759500 330
1759510 330
1759520 330
1759530 331
1759540 331
1759550 331
1759560 331
1759570 331
1759580 332
1759590 332
1759600 333
1759610 333
1759620 334
1759630 335
1759640 335
1759650 337
1759660 340
1759670 340
1759680 342
1759690 344
1759700 344
1759710 346
1759720 347
1759730 347
1759740 348
1759750 349
1759760 349
1759770 349
1759780 351
1759790 351
1759800 353
1759810 355
1759820 357
1759830 357
1759840 359
1759850 361
1759860 361
1759870 363
1759880 367
1759890 367
1759900 371
1759910 373
1759920 373
1759930 374
1759940 379
1759950 379
1759960 382
1759970 385
1759980 385
1759990 388
