1740000 438
1740010 436
1740020 434
1740030 434
1740040 432
1740050 431
1740060 431
1740070 431
1740080 431
1740090 430
1740100 430
1740110 430
1740120 429
1740130 429
1740140 428
1740150 428
1740160 428
1740170 427
1740180 426
1740190 426
1740200 426
1740210 425
1740220 425
1740230 425
1740240 424
1740250 424
1740260 423
1740270 422
1740280 420
1740290 420
1740300 418
1740310 416
1740320 416
1740330 415
1740340 413
1740350 413
1740360 411
1740370 407
1740380 407
1740390 404
1740400 401
1740410 401
1740420 398
1740430 394
1740440 394
1740450 391
1740460 387
1740470 380
1740480 380
1740490 376
1740500 373
1740510 373
1740520 372
1740530 373
1740540 373
1740550 374
1740560 374
1740570 374
1740580 375
1740590 374
1740600 374
1740610 373
1740620 372
1740630 372
1740640 372
1740650 372
1740660 371
1740670 371
1740680 371
1740690 370
1740700 370
1740710 369
1740720 364
1740730 364
1740740 362
1740750 365
1740760 365
1740770 367
1740780 367
1740790 367
1740800 367
1740810 366
1740820 366
1740830 363
1740840 360
1740850 356
1740860 356
1740870 357
1740880 357
1740890 357
1740900 357
1740910 357
1740920 357
1740930 357
1740940 357
1740950 357
1740960 357
1740970 357
1740980 357
1740990 357
1741000 357
1741010 357
1741020 357
1741030 357
1741040 357
1741050 357
1741060 357
1741070 357
1741080 357
1741090 357
1741100 357
1741110 357
1741120 357
1741130 358
1741140 358
1741150 358
1741160 359
1741170 359
1741180 359
1741190 360
1741200 360
1741210 361
1741220 361
1741230 361
1741240 361
1741250 365
1741260 365
1741270 365
1741280 363
1741290 362
1741300 362
1741310 362
1741320 361
1741330 361
1741340 362
1741350 360
1741360 360
1741370 359
1741380 359
1741390 359
1741400 357
1741410 356
1741420 356
1741430 355
1741440 353
1741450 350
1741460 350
1741470 348
1741480 346
1741490 346
1741500 344
1741510 343
1741520 343
1741530 343
1741540 343
1741550 343
1741560 343
1741570 343
1741580 343
1741590 343
1741600 343
1741610 343
1741620 342
1741630 343
1741640 343
1741650 343
1741660 343
1741670 343
1741680 343
1741690 343
1741700 343
1741710 343
1741720 343
1741730 343
1741740 343
1741750 343
1741760 343
1741770 343
1741780 343
1741790 343
1741800 343
1741810 344
1741820 345
1741830 345
1741840 345
1741850 347
1741860 348
1741870 348
1741880 349
1741890 351
1741900 351
1741910 352
1741920 354
1741930 354
1741940 358
1741950 359
1741960 359
1741970 364
1741980 367
1741990 367
1742000 370
1742010 375
1742020 375
1742030 380
1742040 385
1742050 388
1742060 388
1742070 390
1742080 394
1742090 394
1742100 397
1742110 401
1742120 401
1742130 403
1742140 407
1742150 407
1742160 411
1742170 414
1742180 414
1742190 419
1742200 421
1742210 421
1742220 425
1742230 428
1742240 430
1742250 430
1742260 432
1742270 433
1742280 433
1742290 434
1742300 436
1742310 436
1742320 436
1742330 436
1742340 436
1742350 436
1742360 435
1742370 435
1742380 434
1742390 432
1742400 432
1742410 431
1742420 430
1742430 429
1742440 429
1742450 428
1742460 427
1742470 427
1742480 427
1742490 426
1742500 426
1742510 426
1742520 425
1742530 425
1742540 425
1742550 425
1742560 425
1742570 424
1742580 424
1742590 424
1742600 424
1742610 424
1742620 424
1742630 424
1742640 423
1742650 422
1742660 422
1742670 422
1742680 420
1742690 420
1742700 419
1742710 418
1742720 418
1742730 417
1742740 415
1742750 415
1742760 414
1742770 412
1742780 412
1742790 410
1742800 409
1742810 409
1742820 407
1742830 405
1742840 403
1742850 403
1742860 401
1742870 399
1742880 399
1742890 398
1742900 396
1742910 396
1742920 394
1742930 391
1742940 391
1742950 389
1742960 387
1742970 387
1742980 385
1742990 380
1743000 380
1743010 376
1743020 375
1743030 374
1743040 374
1743050 372
1743060 370
1743070 370
1743080 367
1743090 365
1743100 365
1743110 363
1743120 362
1743130 362
1743140 361
1743150 361
1743160 361
1743170 360
1743180 360
1743190 360
1743200 362
1743210 365
1743220 366
1743230 366
1743240 366
1743250 365
1743260 365
1743270 368
1743280 372
1743290 372
1743300 375
1743310 380
1743320 380
1743330 382
1743340 385
1743350 385
1743360 388
1743370 390
1743380 390
1743390 394
1743400 397
1743410 397
1743420 400
1743430 403
1743440 406
1743450 406
1743460 408
1743470 410
1743480 410
1743490 413
1743500 416
1743510 416
1743520 418
1743530 422
1743540 422
1743550 425
1743560 425
1743570 425
1743580 427
1743590 428
1743600 428
1743610 427
1743620 426
1743630 430
1743640 430
1743650 430
1743660 429
1743670 429
1743680 429
1743690 428
1743700 428
1743710 428
1743720 428
1743730 428
1743740 426
1743750 426
1743760 426
1743770 423
1743780 420
1743790 420
1743800 416
1743810 412
1743820 410
1743830 410
1743840 409
1743850 408
1743860 408
1743870 407
1743880 406
1743890 406
1743900 405
1743910 403
1743920 403
1743930 402
1743940 401
1743950 401
1743960 400
1743970 399
1743980 399
1743990 398
1744000 396
1744010 394
1744020 394
1744030 393
1744040 392
1744050 392
1744060 390
1744070 388
1744080 388
1744090 387
1744100 386
1744110 386
1744120 385
1744130 384
1744140 384
1744150 383
1744160 382
1744170 382
1744180 381
1744190 379
1744200 379
1744210 375
1744220 371
1744230 369
1744240 369
1744250 366
1744260 362
1744270 362
1744280 361
1744290 362
1744300 362
1744310 362
1744320 360
1744330 360
1744340 359
1744350 361
1744360 361
1744370 364
1744380 364
1744390 364
1744400 365
1744410 366
1744420 367
1744430 367
1744440 369
1744450 370
1744460 370
1744470 372
1744480 374
1744490 374
1744500 376
1744510 377
1744520 377
1744530 378
1744540 379
1744550 379
1744560 379
1744570 380
1744580 380
1744590 380
1744600 381
1744610 380
1744620 380
1744630 380
1744640 379
1744650 379
1744660 378
1744670 377
1744680 377
1744690 375
1744700 374
1744710 374
1744720 372
1744730 370
1744740 370
1744750 367
1744760 365
1744770 365
1744780 365
1744790 363
1744800 361
1744810 361
1744820 360
1744830 359
1744840 359
1744850 357
1744860 356
1744870 356
1744880 355
1744890 354
1744900 354
1744910 353
1744920 352
1744930 352
1744940 351
1744950 350
1744960 350
1744970 350
1744980 349
1744990 349
1745000 348
1745010 347
1745020 346
1745030 346
1745040 345
1745050 345
1745060 345
1745070 344
1745080 341
1745090 341
1745100 340
1745110 338
1745120 338
1745130 338
1745140 338
1745150 338
1745160 338
1745170 338
1745180 338
1745190 338
1745200 338
1745210 337
1745220 337
1745230 337
1745240 338
1745250 338
1745260 337
1745270 337
1745280 337
1745290 337
1745300 337
1745310 337
1745320 338
1745330 338
1745340 338
1745350 338
1745360 339
1745370 339
1745380 339
1745390 339
1745400 339
1745410 339
1745420 340
1745430 341
1745440 341
1745450 342
1745460 343
1745470 343
1745480 345
1745490 349
1745500 349
1745510 353
1745520 357
1745530 357
1745540 359
1745550 361
1745560 361
1745570 362
1745580 367
1745590 371
1745600 371
1745610 375
1745620 380
1745630 380
1745640 384
1745650 387
1745660 387
1745670 390
1745680 393
1745690 393
1745700 396
1745710 398
1745720 398
1745730 400
1745740 401
1745750 401
1745760 406
1745770 410
1745780 410
1745790 411
1745800 412
1745810 413
1745820 413
1745830 411
1745840 409
1745850 409
1745860 406
1745870 403
1745880 403
1745890 400
1745900 399
1745910 399
1745920 397
1745930 396
1745940 396
1745950 395
1745960 394
1745970 394
1745980 393
1745990 392
1746000 388
1746010 388
1746020 384
1746030 380
1746040 380
1746050 374
1746060 368
1746070 368
1746080 366
1746090 366
1746100 366
1746110 366
1746120 366
1746130 366
1746140 367
1746150 368
1746160 368
1746170 369
1746180 369
1746190 367
1746200 367
1746210 366
1746220 364
1746230 364
1746240 361
1746250 358
1746260 358
1746270 356
1746280 354
1746290 354
1746300 353
1746310 352
1746320 352
1746330 351
1746340 350
1746350 350
1746360 349
1746370 347
1746380 347
1746390 346
1746400 344
1746410 343
1746420 343
1746430 344
1746440 345
1746450 345
1746460 346
1746470 346
1746480 346
1746490 347
1746500 347
1746510 347
1746520 348
1746530 349
1746540 349
1746550 350
1746560 351
1746570 351
1746580 352
1746590 354
1746600 355
1746610 355
1746620 356
1746630 357
1746640 357
1746650 358
1746660 360
1746670 360
1746680 362
1746690 365
1746700 365
1746710 366
1746720 368
1746730 368
1746740 371
1746750 374
1746760 374
1746770 376
1746780 379
1746790 382
1746800 382
1746810 385
1746820 386
1746830 386
1746840 389
1746850 391
1746860 391
1746870 394
1746880 396
1746890 396
1746900 400
1746910 404
1746920 404
1746930 407
1746940 409
1746950 409
1746960 411
1746970 413
1746980 416
1746990 416
1747000 419
1747010 424
1747020 424
1747030 425
1747040 428
1747050 428
1747060 428
1747070 430
1747080 430
1747090 432
1747100 435
1747110 435
1747120 437
1747130 437
1747140 437
1747150 440
1747160 440
1747170 440
1747180 441
1747190 442
1747200 442
1747210 442
1747220 442
1747230 441
1747240 441
1747250 440
1747260 439
1747270 439
1747280 439
1747290 438
1747300 438
1747310 437
1747320 436
1747330 436
1747340 435
1747350 434
1747360 434
1747370 432
1747380 431
1747390 429
1747400 429
1747410 428
1747420 426
1747430 426
1747440 424
1747450 421
1747460 421
1747470 417
1747480 413
1747490 413
1747500 411
1747510 410
1747520 410
1747530 409
1747540 407
1747550 407
1747560 404
1747570 402
1747580 400
1747590 400
1747600 397
1747610 395
1747620 395
1747630 391
1747640 388
1747650 388
1747660 386
1747670 382
1747680 382
1747690 378
1747700 373
1747710 373
1747720 372
1747730 368
1747740 368
1747750 365
1747760 363
1747770 361
1747780 361
1747790 361
1747800 360
1747810 360
1747820 360
1747830 360
1747840 360
1747850 361
1747860 362
1747870 362
1747880 363
1747890 364
1747900 364
1747910 367
1747920 370
1747930 370
1747940 373
1747950 376
1747960 376
1747970 381
1747980 384
1747990 386
1748000 386
1748010 390
1748020 394
1748030 394
1748040 395
1748050 397
1748060 397
1748070 399
1748080 401
1748090 401
1748100 402
1748110 403
1748120 403
1748130 404
1748140 406
1748150 406
1748160 408
1748170 411
1748180 413
1748190 413
1748200 416
1748210 418
1748220 418
1748230 420
1748240 422
1748250 422
1748260 423
1748270 422
1748280 422
1748290 421
1748300 420
1748310 420
1748320 417
1748330 415
1748340 415
1748350 413
1748360 411
1748370 406
1748380 406
1748390 402
1748400 401
1748410 401
1748420 400
1748430 398
1748440 398
1748450 398
1748460 397
1748470 397
1748480 396
1748490 394
1748500 394
1748510 392
1748520 387
1748530 387
1748540 386
1748550 381
1748560 378
1748570 378
1748580 374
1748590 372
1748600 372
1748610 371
1748620 370
1748630 370
1748640 369
1748650 366
1748660 366
1748670 364
1748680 363
1748690 363
1748700 362
1748710 361
1748720 361
1748730 360
1748740 358
1748750 358
1748760 356
1748770 355
1748780 353
1748790 353
1748800 352
1748810 351
1748820 351
1748830 350
1748840 350
1748850 350
1748860 349
1748870 349
1748880 349
1748890 345
1748900 347
1748910 347
1748920 348
1748930 349
1748940 349
1748950 349
1748960 350
1748970 350
1748980 350
1748990 351
1749000 351
1749010 351
1749020 353
1749030 353
1749040 353
1749050 355
1749060 357
1749070 357
1749080 360
1749090 363
1749100 363
1749110 366
1749120 369
1749130 369
1749140 371
1749150 373
1749160 375
1749170 375
1749180 379
1749190 381
1749200 381
1749210 384
1749220 387
1749230 387
1749240 390
1749250 393
1749260 393
1749270 395
1749280 398
1749290 398
1749300 399
1749310 401
1749320 401
1749330 401
1749340 400
1749350 400
1749360 400
1749370 399
1749380 400
1749390 400
1749400 398
1749410 395
1749420 395
1749430 393
1749440 390
1749450 390
1749460 385
1749470 382
1749480 382
1749490 379
1749500 376
1749510 376
1749520 372
1749530 370
1749540 370
1749550 367
1749560 369
1749570 369
1749580 369
1749590 369
1749600 369
1749610 369
1749620 370
1749630 370
1749640 370
1749650 367
1749660 365
1749670 365
1749680 363
1749690 361
1749700 361
1749710 358
1749720 355
1749730 355
1749740 353
1749750 352
1749760 351
1749770 351
1749780 351
1749790 350
1749800 350
1749810 350
1749820 350
1749830 350
1749840 350
1749850 350
1749860 350
1749870 349
1749880 351
1749890 351
1749900 353
1749910 355
1749920 355
1749930 357
1749940 358
1749950 360
1749960 360
1749970 361
1749980 359
1749990 359
1750000 363
1750010 366
1750020 366
1750030 368
1750040 370
1750050 370
1750060 374
1750070 377
1750080 377
1750090 379
1750100 383
1750110 383
1750120 386
1750130 389
1750140 390
1750150 390
1750160 393
1750170 396
1750180 396
1750190 398
1750200 400
1750210 400
1750220 402
1750230 405
1750240 405
1750250 404
1750260 405
1750270 405
1750280 405
1750290 404
1750300 404
1750310 403
1750320 403
1750330 403
1750340 403
1750350 404
1750360 406
1750370 406
1750380 405
1750390 409
1750400 409
1750410 411
1750420 411
1750430 411
1750440 411
1750450 410
1750460 410
1750470 410
1750480 409
1750490 409
1750500 410
1750510 411
1750520 411
1750530 413
1750540 416
1750550 418
1750560 418
1750570 419
1750580 421
1750590 421
1750600 424
1750610 426
1750620 426
1750630 427
1750640 430
1750650 430
1750660 433
1750670 435
1750680 435
1750690 439
1750700 441
1750710 441
1750720 443
1750730 445
1750740 446
1750750 446
1750760 448
1750770 449
1750780 449
1750790 450
1750800 450
1750810 450
1750820 450
1750830 448
1750840 448
1750850 446
1750860 444
1750870 444
1750880 441
1750890 435
1750900 435
1750910 432
1750920 429
1750930 426
1750940 426
1750950 421
1750960 415
1750970 415
1750980 407
1750990 402
1751000 402
1751010 401
1751020 401
1751030 401
1751040 400
1751050 398
1751060 398
1751070 398
1751080 397
1751090 397
1751100 395
1751110 395
1751120 395
1751130 393
1751140 392
1751150 391
1751160 391
1751170 390
1751180 389
1751190 389
1751200 387
1751210 385
1751220 385
1751230 385
1751240 383
1751250 383
1751260 381
1751270 380
1751280 380
1751290 378
1751300 376
1751310 376
1751320 377
1751330 376
1751340 376
1751350 376
1751360 376
1751370 376
1751380 376
1751390 374
1751400 372
1751410 372
1751420 371
1751430 371
1751440 371
1751450 369
1751460 366
1751470 366
1751480 362
1751490 360
1751500 360
1751510 361
1751520 360
1751530 361
1751540 361
1751550 359
1751560 357
1751570 357
1751580 355
1751590 355
1751600 355
1751610 354
1751620 354
1751630 354
1751640 353
1751650 353
1751660 353
1751670 352
1751680 351
1751690 351
1751700 351
1751710 350
1751720 350
1751730 350
1751740 349
1751750 349
1751760 349
1751770 348
1751780 349
1751790 349
1751800 350
1751810 351
1751820 352
1751830 353
1751840 354
1751850 354
1751860 354
1751870 354
1751880 354
1751890 355
1751900 355
1751910 355
1751920 356
1751930 356
1751940 356
1751950 356
1751960 356
1751970 355
1751980 355
1751990 354
1752000 353
1752010 353
1752020 352
1752030 351
1752040 351
1752050 350
1752060 349
1752070 349
1752080 349
1752090 347
1752100 347
1752110 344
1752120 342
1752130 342
1752140 342
1752150 342
1752160 343
1752170 343
1752180 343
1752190 344
1752200 344
1752210 344
1752220 345
1752230 345
1752240 345
1752250 347
1752260 347
1752270 348
1752280 350
1752290 350
1752300 351
1752310 351
1752320 351
1752330 351
1752340 352
1752350 353
1752360 353
1752370 354
1752380 354
1752390 354
1752400 355
1752410 355
1752420 355
1752430 355
1752440 355
1752450 355
1752460 356
1752470 356
1752480 356
1752490 356
1752500 356
1752510 359
1752520 359
1752530 359
1752540 360
1752550 360
1752560 361
1752570 361
1752580 361
1752590 360
1752600 362
1752610 362
1752620 362
1752630 360
1752640 360
1752650 359
1752660 357
1752670 357
1752680 355
1752690 352
1752700 352
1752710 349
1752720 349
1752730 349
1752740 349
1752750 350
1752760 352
1752770 352
1752780 355
1752790 358
1752800 358
1752810 360
1752820 362
1752830 362
1752840 364
1752850 366
1752860 366
1752870 368
1752880 371
1752890 371
1752900 374
1752910 375
1752920 378
1752930 378
1752940 379
1752950 380
1752960 380
1752970 382
1752980 385
1752990 385
1753000 389
1753010 392
1753020 392
1753030 395
1753040 398
1753050 398
1753060 400
1753070 402
1753080 402
1753090 404
1753100 405
1753110 406
1753120 406
1753130 408
1753140 409
1753150 409
1753160 410
1753170 411
1753180 411
1753190 411
1753200 411
1753210 411
1753220 411
1753230 411
1753240 411
1753250 411
1753260 411
1753270 411
1753280 410
1753290 410
1753300 409
1753310 409
1753320 409
1753330 408
1753340 408
1753350 406
1753360 404
1753370 406
1753380 405
1753390 402
1753400 402
1753410 401
1753420 399
1753430 399
1753440 396
1753450 392
1753460 392
1753470 383
1753480 378
1753490 378
1753500 377
1753510 376
1753520 375
1753530 375
1753540 374
1753550 372
1753560 372
1753570 371
1753580 371
1753590 371
1753600 370
1753610 369
1753620 369
1753630 366
1753640 365
1753650 365
1753660 362
1753670 360
1753680 360
1753690 358
1753700 356
1753710 353
1753720 353
1753730 351
1753740 350
1753750 350
1753760 348
1753770 344
1753780 344
1753790 340
1753800 339
1753810 339
1753820 336
1753830 332
1753840 332
1753850 334
1753860 335
1753870 335
1753880 336
1753890 336
1753900 337
1753910 337
1753920 338
1753930 339
1753940 339
1753950 341
1753960 345
1753970 345
1753980 349
1753990 350
1754000 350
1754010 353
1754020 355
1754030 355
1754040 358
1754050 359
1754060 359
1754070 361
1754080 363
1754090 365
1754100 365
1754110 367
1754120 368
1754130 368
1754140 370
1754150 371
1754160 371
1754170 372
1754180 373
1754190 373
1754200 374
1754210 375
1754220 375
1754230 375
1754240 375
1754250 375
1754260 375
1754270 376
1754280 376
1754290 376
1754300 377
1754310 377
1754320 377
1754330 379
1754340 379
1754350 379
1754360 379
1754370 380
1754380 380
1754390 380
1754400 381
1754410 381
1754420 382
1754430 383
1754440 383
1754450 385
1754460 387
1754470 387
1754480 390
1754490 392
1754500 393
1754510 393
1754520 394
1754530 393
1754540 393
1754550 394
1754560 395
1754570 395
1754580 397
1754590 398
1754600 398
1754610 398
1754620 398
1754630 398
1754640 398
1754650 398
1754660 398
1754670 400
1754680 401
1754690 401
1754700 401
1754710 400
1754720 398
1754730 398
1754740 397
1754750 396
1754760 396
1754770 396
1754780 395
1754790 395
1754800 394
1754810 395
1754820 395
1754830 395
1754840 396
1754850 396
1754860 398
1754870 399
1754880 403
1754890 403
1754900 405
1754910 406
1754920 406
1754930 409
1754940 413
1754950 413
1754960 414
1754970 416
1754980 416
1754990 419
1755000 420
1755010 420
1755020 420
1755030 420
1755040 420
1755050 418
1755060 417
1755070 417
1755080 416
1755090 415
1755100 414
1755110 414
1755120 412
1755130 410
1755140 410
1755150 409
1755160 407
1755170 407
1755180 407
1755190 405
1755200 405
1755210 403
1755220 402
1755230 402
1755240 400
1755250 398
1755260 398
1755270 397
1755280 395
1755290 395
1755300 395
1755310 394
1755320 393
1755330 393
1755340 393
1755350 392
1755360 392
1755370 391
1755380 392
1755390 392
1755400 392
1755410 391
1755420 391
1755430 391
1755440 389
1755450 389
1755460 387
1755470 385
1755480 383
1755490 383
1755500 383
1755510 381
1755520 381
1755530 382
1755540 382
1755550 382
1755560 382
1755570 382
1755580 382
1755590 382
1755600 382
1755610 382
1755620 381
1755630 381
1755640 381
1755650 383
1755660 385
1755670 387
1755680 387
1755690 388
1755700 389
1755710 389
1755720 390
1755730 391
1755740 391
1755750 392
1755760 395
1755770 395
1755780 400
1755790 403
1755800 403
1755810 406
1755820 408
1755830 408
1755840 411
1755850 411
1755860 411
1755870 412
1755880 411
1755890 410
1755900 410
1755910 408
1755920 407
1755930 407
1755940 406
1755950 405
1755960 405
1755970 404
1755980 402
1755990 402
1756000 401
1756010 399
1756020 399
1756030 397
1756040 396
1756050 396
1756060 395
1756070 395
1756080 396
1756090 396
1756100 396
1756110 396
1756120 396
1756130 397
1756140 397
1756150 397
1756160 398
1756170 398
1756180 398
1756190 400
1756200 400
1756210 400
1756220 399
1756230 399
1756240 399
1756250 398
1756260 397
1756270 396
1756280 396
1756290 395
1756300 393
1756310 393
1756320 392
1756330 390
1756340 390
1756350 389
1756360 387
1756370 385
1756380 385
1756390 383
1756400 383
1756410 382
1756420 380
1756430 380
1756440 377
1756450 375
1756460 373
1756470 373
1756480 369
1756490 363
1756500 363
1756510 360
1756520 354
1756530 354
1756540 351
1756550 348
1756560 348
1756570 347
1756580 349
1756590 349
1756600 351
1756610 350
1756620 350
1756630 348
1756640 347
1756650 347
1756660 345
1756670 344
1756680 343
1756690 343
1756700 340
1756710 338
1756720 338
1756730 337
1756740 336
1756750 336
1756760 336
1756770 337
1756780 337
1756790 337
1756800 337
1756810 337
1756820 337
1756830 336
1756840 336
1756850 336
1756860 337
1756870 335
1756880 335
1756890 337
1756900 337
1756910 337
1756920 337
1756930 338
1756940 338
1756950 339
1756960 341
1756970 341
1756980 342
1756990 343
1757000 343
1757010 345
1757020 345
1757030 345
1757040 347
1757050 350
1757060 354
1757070 354
1757080 359
1757090 362
1757100 362
1757110 364
1757120 367
1757130 367
1757140 370
1757150 372
1757160 372
1757170 374
1757180 377
1757190 377
1757200 379
1757210 382
1757220 382
1757230 383
1757240 385
1757250 385
1757260 388
1757270 391
1757280 392
1757290 392
1757300 396
1757310 398
1757320 398
1757330 397
1757340 394
1757350 394
1757360 388
1757370 383
1757380 383
1757390 379
1757400 375
1757410 375
1757420 374
1757430 370
1757440 370
1757450 367
1757460 363
1757470 362
1757480 362
1757490 360
1757500 359
1757510 359
1757520 358
1757530 357
1757540 357
1757550 357
1757560 356
1757570 356
1757580 356
1757590 354
1757600 354
1757610 348
1757620 351
1757630 351
1757640 355
1757650 355
1757660 355
1757670 355
1757680 356
1757690 355
1757700 355
1757710 354
1757720 353
1757730 353
1757740 346
1757750 347
1757760 347
1757770 353
1757780 355
1757790 355
1757800 356
1757810 357
1757820 357
1757830 358
1757840 359
1757850 359
1757860 359
1757870 360
1757880 360
1757890 360
1757900 361
1757910 362
1757920 362
1757930 362
1757940 362
1757950 362
1757960 361
1757970 361
1757980 361
1757990 361
1758000 362
1758010 362
1758020 362
1758030 363
1758040 363
1758050 363
1758060 364
1758070 364
1758080 364
1758090 365
1758100 366
1758110 366
1758120 368
1758130 369
1758140 369
1758150 370
1758160 369
1758170 369
1758180 369
1758190 369
1758200 369
1758210 370
1758220 370
1758230 370
1758240 370
1758250 371
1758260 372
1758270 372
1758280 374
1758290 371
1758300 371
1758310 371
1758320 373
1758330 373
1758340 375
1758350 377
1758360 377
1758370 378
1758380 379
1758390 379
1758400 386
1758410 388
1758420 388
1758430 388
1758440 388
1758450 386
1758460 386
1758470 383
1758480 381
1758490 381
1758500 379
1758510 375
1758520 375
1758530 372
1758540 369
1758550 369
1758560 368
1758570 367
1758580 367
1758590 365
1758600 363
1758610 363
1758620 362
1758630 361
1758640 360
1758650 360
1758660 360
1758670 359
1758680 359
1758690 358
1758700 357
1758710 357
1758720 357
1758730 357
1758740 357
1758750 358
1758760 360
1758770 360
1758780 360
1758790 362
1758800 362
1758810 363
1758820 365
1758830 365
1758840 366
1758850 367
1758860 368
1758870 368
1758880 370
1758890 372
1758900 372
1758910 374
1758920 374
1758930 374
1758940 376
1758950 377
1758960 377
1758970 378
1758980 380
1758990 380
1759000 382
1759010 383
1759020 383
1759030 383
1759040 386
1759050 387
1759060 387
1759070 389
1759080 389
1759090 389
1759100 390
1759110 389
1759120 389
1759130 387
1759140 386
1759150 386
1759160 384
1759170 380
1759180 380
1759190 378
1759200 377
1759210 377
1759220 377
1759230 377
1759240 376
1759250 376
1759260 376
1759270 375
1759280 375
1759290 373
1759300 371
1759310 371
1759320 369
1759330 367
1759340 367
1759350 366
1759360 364
1759370 364
1759380 361
1759390 360
1759400 360
1759410 359
1759420 358
1759430 357
1759440 357
1759450 357
1759460 357
1759470 357
1759480 357
1759490 358
1759500 358
1759510 358
1759520 357
1759530 357
1759540 355
1759550 354
1759560 354
1759570 354
1759580 354
1759590 354
1759600 354
1759610 355
1759620 355
1759630 356
1759640 357
1759650 358
1759660 358
1759670 360
1759680 362
1759690 362
1759700 363
1759710 360
1759720 360
1759730 358
1759740 357
1759750 357
1759760 355
1759770 354
1759780 354
1759790 353
1759800 353
1759810 353
1759820 353
1759830 352
1759840 352
1759850 352
1759860 352
1759870 352
1759880 352
1759890 352
1759900 352
1759910 352
1759920 353
1759930 353
1759940 353
1759950 355
1759960 355
1759970 355
1759980 357
1759990 357
