1740000 437
1740010 434
1740020 432
1740030 432
1740040 431
1740050 430
1740060 430
1740070 428
1740080 427
1740090 427
1740100 425
1740110 423
1740120 423
1740130 420
1740140 417
1740150 417
1740160 414
1740170 410
1740180 410
1740190 408
1740200 405
1740210 405
1740220 401
1740230 396
1740240 388
1740250 388
1740260 382
1740270 376
1740280 376
1740290 375
1740300 376
1740310 376
1740320 380
1740330 387
1740340 387
1740350 389
1740360 391
1740370 391
1740380 393
1740390 395
1740400 395
1740410 397
1740420 399
1740430 401
1740440 401
1740450 403
1740460 404
1740470 404
1740480 405
1740490 407
1740500 407
1740510 408
1740520 410
1740530 410
1740540 411
1740550 412
1740560 412
1740570 414
1740580 415
1740590 415
1740600 417
1740610 419
1740620 422
1740630 422
1740640 423
1740650 424
1740660 424
1740670 425
1740680 426
1740690 426
1740700 425
1740710 423
1740720 423
1740730 423
1740740 422
1740750 422
1740760 422
1740770 420
1740780 420
1740790 420
1740800 417
1740810 417
1740820 416
1740830 416
1740840 413
1740850 413
1740860 412
1740870 411
1740880 411
1740890 410
1740900 409
1740910 409
1740920 407
1740930 404
1740940 404
1740950 403
1740960 401
1740970 401
1740980 400
1740990 399
1741000 399
1741010 398
1741020 396
1741030 394
1741040 394
1741050 392
1741060 391
1741070 391
1741080 389
1741090 387
1741100 387
1741110 385
1741120 383
1741130 383
1741140 381
1741150 379
1741160 379
1741170 377
1741180 374
1741190 373
1741200 371
1741210 369
1741220 366
1741230 366
1741240 364
1741250 363
1741260 363
1741270 361
1741280 359
1741290 359
1741300 357
1741310 356
1741320 356
1741330 354
1741340 352
1741350 352
1741360 350
1741370 348
1741380 348
1741390 346
1741400 345
1741410 346
1741420 346
1741430 346
1741440 346
1741450 346
1741460 346
1741470 346
1741480 346
1741490 346
1741500 346
1741510 346
1741520 346
1741530 346
1741540 346
1741550 346
1741560 346
1741570 346
1741580 346
1741590 346
1741600 346
1741610 346
1741620 346
1741630 347
1741640 347
1741650 347
1741660 347
1741670 347
1741680 348
1741690 348
1741700 348
1741710 349
1741720 350
1741730 350
1741740 351
1741750 351
1741760 351
1741770 352
1741780 353
1741790 353
1741800 354
1741810 356
1741820 358
1741830 358
1741840 360
1741850 363
1741860 363
1741870 367
1741880 371
1741890 371
1741900 376
1741910 380
1741920 380
1741930 384
1741940 388
1741950 388
1741960 393
1741970 399
1741980 399
1741990 405
1742000 410
1742010 414
1742020 414
1742030 418
1742040 420
1742050 420
1742060 424
1742070 426
1742080 426
1742090 429
1742100 430
1742110 430
1742120 432
1742130 431
1742140 431
1742150 430
1742160 429
1742170 429
1742180 428
1742190 426
1742200 425
1742210 425
1742220 423
1742230 422
1742240 422
1742250 419
1742260 416
1742270 416
1742280 410
1742290 408
1742300 408
1742310 407
1742320 407
1742330 407
1742340 406
1742350 404
1742360 404
1742370 401
1742380 398
1742390 398
1742400 395
1742410 391
1742420 384
1742430 384
1742440 382
1742450 387
1742460 387
1742470 390
1742480 389
1742490 389
1742500 386
1742510 389
1742520 389
1742530 390
1742540 393
1742550 393
1742560 393
1742570 395
1742580 395
1742590 397
1742600 397
1742610 400
1742620 400
1742630 402
1742640 402
1742650 402
1742660 405
1742670 407
1742680 407
1742690 408
1742700 409
1742710 409
1742720 408
1742730 402
1742740 402
1742750 403
1742760 403
1742770 403
1742780 407
1742790 409
1742800 412
1742810 412
1742820 415
1742830 416
1742840 416
1742850 416
1742860 416
1742870 416
1742880 416
1742890 415
1742900 415
1742910 414
1742920 413
1742930 413
1742940 412
1742950 410
1742960 411
1742970 409
1742980 406
1742990 404
1743000 404
1743010 402
1743020 398
1743030 398
1743040 394
1743050 393
1743060 393
1743070 388
1743080 386
1743090 386
1743100 385
1743110 382
1743120 382
1743130 378
1743140 376
1743150 376
1743160 375
1743170 368
1743180 368
1743190 366
1743200 369
1743210 370
1743220 370
1743230 371
1743240 372
1743250 372
1743260 374
1743270 377
1743280 377
1743290 380
1743300 383
1743310 383
1743320 388
1743330 391
1743340 391
1743350 393
1743360 395
1743370 395
1743380 398
1743390 400
1743400 402
1743410 402
1743420 403
1743430 403
1743440 403
1743450 404
1743460 406
1743470 406
1743480 407
1743490 410
1743500 410
1743510 411
1743520 412
1743530 412
1743540 415
1743550 419
1743560 419
1743570 424
1743580 425
1743590 427
1743600 427
1743610 429
1743620 431
1743630 431
1743640 433
1743650 434
1743660 434
1743670 434
1743680 434
1743690 434
1743700 432
1743710 430
1743720 430
1743730 428
1743740 426
1743750 426
1743760 426
1743770 425
1743780 425
1743790 424
1743800 423
1743810 422
1743820 422
1743830 419
1743840 416
1743850 416
1743860 412
1743870 406
1743880 406
1743890 401
1743900 398
1743910 398
1743920 395
1743930 393
1743940 393
1743950 391
1743960 389
1743970 389
1743980 388
1743990 386
1744000 383
1744010 383
1744020 379
1744030 376
1744040 376
1744050 375
1744060 374
1744070 374
1744080 372
1744090 371
1744100 371
1744110 371
1744120 368
1744130 368
1744140 367
1744150 366
1744160 366
1744170 366
1744180 365
1744190 364
1744200 364
1744210 364
1744220 364
1744230 364
1744240 363
1744250 363
1744260 363
1744270 366
1744280 369
1744290 369
1744300 371
1744310 371
1744320 371
1744330 371
1744340 371
1744350 371
1744360 371
1744370 370
1744380 370
1744390 370
1744400 369
1744410 368
1744420 368
1744430 367
1744440 367
1744450 367
1744460 366
1744470 365
1744480 365
1744490 363
1744500 362
1744510 362
1744520 361
1744530 359
1744540 359
1744550 358
1744560 357
1744570 357
1744580 357
1744590 355
1744600 354
1744610 354
1744620 353
1744630 352
1744640 352
1744650 351
1744660 349
1744670 349
1744680 347
1744690 346
1744700 346
1744710 345
1744720 344
1744730 344
1744740 343
1744750 342
1744760 342
1744770 342
1744780 342
1744790 341
1744800 341
1744810 341
1744820 342
1744830 342
1744840 341
1744850 341
1744860 341
1744870 341
1744880 342
1744890 342
1744900 342
1744910 344
1744920 344
1744930 344
1744940 346
1744950 346
1744960 346
1744970 347
1744980 347
1744990 347
1745000 348
1745010 347
1745020 347
1745030 348
1745040 349
1745050 349
1745060 348
1745070 349
1745080 349
1745090 349
1745100 348
1745110 348
1745120 348
1745130 349
1745140 349
1745150 349
1745160 348
1745170 348
1745180 348
1745190 348
1745200 347
1745210 347
1745220 347
1745230 346
1745240 346
1745250 345
1745260 345
1745270 345
1745280 344
1745290 344
1745300 344
1745310 343
1745320 343
1745330 343
1745340 343
1745350 343
1745360 343
1745370 342
1745380 340
1745390 341
1745400 341
1745410 342
1745420 342
1745430 342
1745440 342
1745450 342
1745460 342
1745470 343
1745480 344
1745490 344
1745500 345
1745510 347
1745520 347
1745530 349
1745540 350
1745550 350
1745560 352
1745570 353
1745580 354
1745590 354
1745600 354
1745610 354
1745620 354
1745630 353
1745640 353
1745650 353
1745660 355
1745670 359
1745680 359
1745690 359
1745700 362
1745710 362
1745720 365
1745730 369
1745740 369
1745750 371
1745760 374
1745770 376
1745780 376
1745790 378
1745800 381
1745810 381
1745820 384
1745830 387
1745840 387
1745850 390
1745860 393
1745870 393
1745880 396
1745890 399
1745900 399
1745910 402
1745920 404
1745930 404
1745940 408
1745950 410
1745960 410
1745970 413
1745980 417
1745990 419
1746000 419
1746010 421
1746020 421
1746030 421
1746040 421
1746050 416
1746060 416
1746070 414
1746080 416
1746090 416
1746100 414
1746110 412
1746120 412
1746130 409
1746140 407
1746150 407
1746160 403
1746170 401
1746180 400
1746190 400
1746200 398
1746210 396
1746220 396
1746230 394
1746240 392
1746250 392
1746260 389
1746270 386
1746280 386
1746290 384
1746300 381
1746310 381
1746320 380
1746330 380
1746340 380
1746350 380
1746360 380
1746370 380
1746380 380
1746390 379
1746400 377
1746410 377
1746420 375
1746430 373
1746440 373
1746450 370
1746460 367
1746470 367
1746480 364
1746490 362
1746500 362
1746510 359
1746520 357
1746530 357
1746540 354
1746550 352
1746560 350
1746570 350
1746580 350
1746590 349
1746600 349
1746610 350
1746620 350
1746630 350
1746640 351
1746650 352
1746660 352
1746670 354
1746680 356
1746690 356
1746700 357
1746710 358
1746720 358
1746730 359
1746740 360
1746750 360
1746760 362
1746770 364
1746780 367
1746790 367
1746800 370
1746810 371
1746820 371
1746830 373
1746840 374
1746850 374
1746860 376
1746870 378
1746880 378
1746890 380
1746900 382
1746910 382
1746920 383
1746930 387
1746940 387
1746950 388
1746960 389
1746970 391
1746980 391
1746990 391
1747000 392
1747010 392
1747020 392
1747030 394
1747040 394
1747050 396
1747060 401
1747070 401
1747080 405
1747090 407
1747100 407
1747110 409
1747120 412
1747130 412
1747140 414
1747150 417
1747160 421
1747170 421
1747180 423
1747190 426
1747200 426
1747210 428
1747220 430
1747230 430
1747240 434
1747250 439
1747260 439
1747270 442
1747280 443
1747290 443
1747300 443
1747310 443
1747320 443
1747330 443
1747340 442
1747350 440
1747360 440
1747370 440
1747380 440
1747390 440
1747400 440
1747410 439
1747420 439
1747430 439
1747440 440
1747450 440
1747460 439
1747470 437
1747480 437
1747490 436
1747500 435
1747510 435
1747520 433
1747530 430
1747540 430
1747550 428
1747560 426
1747570 424
1747580 424
1747590 422
1747600 420
1747610 420
1747620 417
1747630 416
1747640 416
1747650 416
1747660 413
1747670 413
1747680 414
1747690 415
1747700 415
1747710 416
1747720 417
1747730 417
1747740 418
1747750 420
1747760 421
1747770 421
1747780 423
1747790 425
1747800 425
1747810 426
1747820 428
1747830 428
1747840 428
1747850 428
1747860 428
1747870 428
1747880 428
1747890 428
1747900 427
1747910 426
1747920 426
1747930 426
1747940 425
1747950 423
1747960 423
1747970 422
1747980 421
1747990 421
1748000 420
1748010 420
1748020 419
1748030 418
1748040 417
1748050 417
1748060 414
1748070 411
1748080 411
1748090 409
1748100 407
1748110 407
1748120 405
1748130 403
1748140 402
1748150 402
1748160 401
1748170 400
1748180 400
1748190 399
1748200 398
1748210 398
1748220 396
1748230 395
1748240 395
1748250 394
1748260 391
1748270 391
1748280 388
1748290 383
1748300 383
1748310 379
1748320 376
1748330 376
1748340 377
1748350 381
1748360 384
1748370 384
1748380 384
1748390 384
1748400 384
1748410 383
1748420 382
1748430 382
1748440 381
1748450 381
1748460 381
1748470 378
1748480 376
1748490 376
1748500 381
1748510 378
1748520 378
1748530 379
1748540 377
1748550 376
1748560 376
1748570 375
1748580 372
1748590 372
1748600 368
1748610 365
1748620 365
1748630 361
1748640 359
1748650 359
1748660 357
1748670 356
1748680 356
1748690 355
1748700 353
1748710 353
1748720 351
1748730 351
1748740 351
1748750 351
1748760 351
1748770 351
1748780 351
1748790 351
1748800 351
1748810 351
1748820 350
1748830 350
1748840 350
1748850 351
1748860 351
1748870 351
1748880 353
1748890 356
1748900 356
1748910 358
1748920 360
1748930 360
1748940 363
1748950 367
1748960 369
1748970 369
1748980 371
1748990 373
1749000 373
1749010 375
1749020 377
1749030 377
1749040 379
1749050 381
1749060 381
1749070 382
1749080 383
1749090 383
1749100 385
1749110 386
1749120 386
1749130 389
1749140 392
1749150 394
1749160 394
1749170 397
1749180 402
1749190 402
1749200 404
1749210 406
1749220 406
1749230 409
1749240 411
1749250 411
1749260 413
1749270 414
1749280 414
1749290 414
1749300 415
1749310 415
1749320 416
1749330 417
1749340 418
1749350 418
1749360 418
1749370 419
1749380 419
1749390 420
1749400 422
1749410 422
1749420 421
1749430 421
1749440 421
1749450 421
1749460 419
1749470 419
1749480 418
1749490 416
1749500 416
1749510 415
1749520 414
1749530 413
1749540 413
1749550 412
1749560 411
1749570 411
1749580 411
1749590 410
1749600 410
1749610 409
1749620 407
1749630 405
1749640 403
1749650 400
1749660 400
1749670 396
1749680 394
1749690 394
1749700 390
1749710 387
1749720 387
1749730 382
1749740 379
1749750 377
1749760 377
1749770 370
1749780 367
1749790 367
1749800 369
1749810 373
1749820 373
1749830 374
1749840 374
1749850 374
1749860 376
1749870 376
1749880 376
1749890 377
1749900 377
1749910 377
1749920 377
1749930 379
1749940 380
1749950 380
1749960 381
1749970 380
1749980 380
1749990 380
1750000 379
1750010 379
1750020 377
1750030 374
1750040 374
1750050 371
1750060 369
1750070 369
1750080 366
1750090 364
1750100 364
1750110 362
1750120 360
1750130 357
1750140 357
1750150 355
1750160 357
1750170 357
1750180 358
1750190 360
1750200 360
1750210 363
1750220 366
1750230 366
1750240 369
1750250 374
1750260 374
1750270 378
1750280 381
1750290 381
1750300 383
1750310 385
1750320 386
1750330 386
1750340 387
1750350 389
1750360 389
1750370 390
1750380 392
1750390 392
1750400 394
1750410 395
1750420 395
1750430 396
1750440 397
1750450 397
1750460 398
1750470 398
1750480 398
1750490 398
1750500 399
1750510 399
1750520 400
1750530 402
1750540 402
1750550 402
1750560 403
1750570 405
1750580 405
1750590 405
1750600 406
1750610 406
1750620 407
1750630 409
1750640 409
1750650 413
1750660 418
1750670 418
1750680 420
1750690 421
1750700 421
1750710 424
1750720 426
1750730 428
1750740 428
1750750 431
1750760 433
1750770 433
1750780 435
1750790 436
1750800 436
1750810 437
1750820 438
1750830 438
1750840 439
1750850 440
1750860 440
1750870 441
1750880 442
1750890 442
1750900 442
1750910 442
1750920 442
1750930 442
1750940 441
1750950 438
1750960 438
1750970 434
1750980 429
1750990 429
1751000 425
1751010 424
1751020 424
1751030 422
1751040 420
1751050 420
1751060 417
1751070 414
1751080 414
1751090 411
1751100 409
1751110 409
1751120 407
1751130 404
1751140 402
1751150 402
1751160 399
1751170 397
1751180 397
1751190 395
1751200 394
1751210 394
1751220 393
1751230 392
1751240 392
1751250 391
1751260 390
1751270 390
1751280 389
1751290 388
1751300 388
1751310 388
1751320 389
1751330 389
1751340 389
1751350 389
1751360 389
1751370 389
1751380 389
1751390 389
1751400 389
1751410 389
1751420 390
1751430 390
1751440 391
1751450 390
1751460 390
1751470 391
1751480 392
1751490 392
1751500 393
1751510 395
1751520 396
1751530 396
1751540 397
1751550 397
1751560 397
1751570 397
1751580 395
1751590 395
1751600 393
1751610 392
1751620 392
1751630 391
1751640 390
1751650 390
1751660 389
1751670 387
1751680 387
1751690 386
1751700 385
1751710 384
1751720 384
1751730 383
1751740 382
1751750 382
1751760 381
1751770 379
1751780 379
1751790 379
1751800 378
1751810 378
1751820 374
1751830 371
1751840 371
1751850 367
1751860 366
1751870 366
1751880 364
1751890 363
1751900 363
1751910 362
1751920 361
1751930 361
1751940 361
1751950 360
1751960 357
1751970 357
1751980 354
1751990 352
1752000 352
1752010 350
1752020 348
1752030 348
1752040 350
1752050 352
1752060 352
1752070 353
1752080 353
1752090 353
1752100 354
1752110 354
1752120 355
1752130 355
1752140 360
1752150 364
1752160 364
1752170 367
1752180 369
1752190 369
1752200 371
1752210 374
1752220 374
1752230 376
1752240 377
1752250 377
1752260 378
1752270 379
1752280 379
1752290 380
1752300 380
1752310 382
1752320 382
1752330 384
1752340 387
1752350 387
1752360 388
1752370 389
1752380 389
1752390 390
1752400 392
1752410 392
1752420 395
1752430 399
1752440 399
1752450 402
1752460 404
1752470 404
1752480 407
1752490 409
1752500 412
1752510 412
1752520 415
1752530 416
1752540 416
1752550 416
1752560 416
1752570 416
1752580 412
1752590 408
1752600 408
1752610 405
1752620 403
1752630 403
1752640 402
1752650 400
1752660 400
1752670 396
1752680 394
1752690 394
1752700 395
1752710 395
1752720 395
1752730 395
1752740 397
1752750 398
1752760 398
1752770 403
1752780 404
1752790 404
1752800 405
1752810 407
1752820 407
1752830 410
1752840 411
1752850 411
1752860 412
1752870 416
1752880 416
1752890 421
1752900 425
1752910 429
1752920 429
1752930 431
1752940 433
1752950 433
1752960 434
1752970 434
1752980 434
1752990 434
1753000 432
1753010 432
1753020 432
1753030 430
1753040 430
1753050 429
1753060 428
1753070 428
1753080 427
1753090 426
1753100 424
1753110 424
1753120 422
1753130 421
1753140 421
1753150 420
1753160 419
1753170 419
1753180 418
1753190 416
1753200 416
1753210 413
1753220 412
1753230 412
1753240 411
1753250 411
1753260 411
1753270 411
1753280 411
1753290 410
1753300 410
1753310 409
1753320 407
1753330 407
1753340 406
1753350 404
1753360 404
1753370 404
1753380 403
1753390 403
1753400 402
1753410 401
1753420 401
1753430 400
1753440 399
1753450 399
1753460 398
1753470 398
1753480 398
1753490 397
1753500 398
1753510 398
1753520 398
1753530 398
1753540 398
1753550 398
1753560 397
1753570 395
1753580 395
1753590 392
1753600 388
1753610 388
1753620 385
1753630 382
1753640 382
1753650 376
1753660 371
1753670 371
1753680 370
1753690 369
1753700 368
1753710 368
1753720 366
1753730 365
1753740 365
1753750 363
1753760 361
1753770 361
1753780 359
1753790 357
1753800 357
1753810 355
1753820 353
1753830 353
1753840 352
1753850 350
1753860 350
1753870 350
1753880 349
1753890 351
1753900 351
1753910 353
1753920 354
1753930 354
1753940 355
1753950 358
1753960 358
1753970 361
1753980 363
1753990 363
1754000 363
1754010 363
1754020 363
1754030 363
1754040 362
1754050 362
1754060 361
1754070 359
1754080 359
1754090 358
1754100 357
1754110 355
1754120 355
1754130 360
1754140 360
1754150 360
1754160 360
1754170 360
1754180 360
1754190 360
1754200 362
1754210 362
1754220 366
1754230 370
1754240 370
1754250 372
1754260 374
1754270 374
1754280 377
1754290 380
1754300 384
1754310 384
1754320 387
1754330 389
1754340 389
1754350 392
1754360 394
1754370 394
1754380 396
1754390 398
1754400 398
1754410 400
1754420 403
1754430 403
1754440 408
1754450 412
1754460 412
1754470 416
1754480 418
1754490 418
1754500 418
1754510 418
1754520 417
1754530 417
1754540 417
1754550 415
1754560 415
1754570 412
1754580 409
1754590 409
1754600 407
1754610 405
1754620 405
1754630 402
1754640 398
1754650 398
1754660 393
1754670 386
1754680 380
1754690 380
1754700 378
1754710 377
1754720 377
1754730 376
1754740 376
1754750 376
1754760 376
1754770 375
1754780 375
1754790 373
1754800 372
1754810 372
1754820 370
1754830 370
1754840 370
1754850 369
1754860 367
1754870 367
1754880 367
1754890 365
1754900 364
1754910 364
1754920 361
1754930 359
1754940 359
1754950 357
1754960 355
1754970 355
1754980 354
1754990 353
1755000 353
1755010 352
1755020 350
1755030 350
1755040 351
1755050 353
1755060 353
1755070 355
1755080 356
1755090 357
1755100 357
1755110 358
1755120 356
1755130 356
1755140 356
1755150 355
1755160 355
1755170 347
1755180 344
1755190 344
1755200 347
1755210 353
1755220 353
1755230 350
1755240 343
1755250 343
1755260 341
1755270 343
1755280 347
1755290 347
1755300 351
1755310 353
1755320 353
1755330 353
1755340 355
1755350 355
1755360 356
1755370 358
1755380 358
1755390 360
1755400 362
1755410 362
1755420 363
1755430 364
1755440 364
1755450 365
1755460 366
1755470 368
1755480 368
1755490 371
1755500 373
1755510 373
1755520 375
1755530 377
1755540 377
1755550 379
1755560 382
1755570 382
1755580 386
1755590 388
1755600 388
1755610 389
1755620 393
1755630 393
1755640 399
1755650 403
1755660 403
1755670 405
1755680 407
1755690 409
1755700 409
1755710 411
1755720 413
1755730 413
1755740 413
1755750 412
1755760 412
1755770 412
1755780 410
1755790 410
1755800 408
1755810 405
1755820 405
1755830 401
1755840 398
1755850 398
1755860 396
1755870 394
1755880 388
1755890 388
1755900 382
1755910 377
1755920 377
1755930 377
1755940 376
1755950 376
1755960 374
1755970 372
1755980 372
1755990 368
1756000 365
1756010 365
1756020 363
1756030 362
1756040 362
1756050 361
1756060 359
1756070 357
1756080 357
1756090 356
1756100 353
1756110 353
1756120 351
1756130 349
1756140 349
1756150 348
1756160 346
1756170 346
1756180 343
1756190 341
1756200 341
1756210 339
1756220 338
1756230 338
1756240 337
1756250 336
1756260 336
1756270 334
1756280 333
1756290 332
1756300 332
1756310 332
1756320 334
1756330 334
1756340 336
1756350 335
1756360 335
1756370 334
1756380 333
1756390 333
1756400 332
1756410 332
1756420 332
1756430 332
1756440 331
1756450 331
1756460 332
1756470 332
1756480 332
1756490 332
1756500 331
1756510 331
1756520 331
1756530 331
1756540 331
1756550 331
1756560 330
1756570 330
1756580 330
1756590 330
1756600 330
1756610 330
1756620 329
1756630 329
1756640 329
1756650 329
1756660 329
1756670 329
1756680 329
1756690 329
1756700 329
1756710 329
1756720 329
1756730 330
1756740 330
1756750 330
1756760 331
1756770 331
1756780 332
1756790 333
1756800 333
1756810 335
1756820 338
1756830 338
1756840 340
1756850 342
1756860 344
1756870 344
1756880 346
1756890 349
1756900 349
1756910 351
1756920 353
1756930 353
1756940 354
1756950 356
1756960 356
1756970 357
1756980 357
1756990 357
1757000 357
1757010 358
1757020 358
1757030 358
1757040 358
1757050 358
1757060 357
1757070 356
1757080 355
1757090 355
1757100 355
1757110 357
1757120 357
1757130 357
1757140 360
1757150 360
1757160 363
1757170 366
1757180 366
1757190 368
1757200 370
1757210 370
1757220 371
1757230 373
1757240 373
1757250 376
1757260 377
1757270 377
1757280 377
1757290 379
1757300 382
1757310 382
1757320 384
1757330 392
1757340 392
1757350 393
1757360 395
1757370 395
1757380 396
1757390 399
1757400 399
1757410 402
1757420 401
1757430 401
1757440 400
1757450 397
1757460 394
1757470 394
1757480 391
1757490 388
1757500 388
1757510 384
1757520 381
1757530 381
1757540 379
1757550 377
1757560 377
1757570 376
1757580 374
1757590 374
1757600 371
1757610 369
1757620 369
1757630 367
1757640 366
1757650 360
1757660 360
1757670 358
1757680 355
1757690 355
1757700 351
1757710 351
1757720 351
1757730 350
1757740 348
1757750 348
1757760 346
1757770 345
1757780 345
1757790 343
1757800 341
1757810 341
1757820 339
1757830 338
1757840 338
1757850 337
1757860 336
1757870 334
1757880 334
1757890 332
1757900 330
1757910 330
1757920 329
1757930 327
1757940 327
1757950 325
1757960 324
1757970 324
1757980 324
1757990 329
1758000 329
1758010 325
1758020 323
1758030 323
1758040 324
1758050 323
1758060 323
1758070 323
1758080 326
1758090 328
1758100 328
1758110 333
1758120 333
1758130 333
1758140 334
1758150 333
1758160 333
1758170 331
1758180 327
1758190 327
1758200 326
1758210 325
1758220 325
1758230 327
1758240 326
1758250 328
1758260 328
1758270 331
1758280 334
1758290 334
1758300 339
1758310 342
1758320 342
1758330 345
1758340 347
1758350 347
1758360 348
1758370 349
1758380 349
1758390 350
1758400 351
1758410 351
1758420 351
1758430 352
1758440 352
1758450 352
1758460 351
1758470 350
1758480 350
1758490 349
1758500 348
1758510 348
1758520 346
1758530 342
1758540 342
1758550 338
1758560 335
1758570 335
1758580 331
1758590 327
1758600 327
1758610 326
1758620 324
1758630 324
1758640 324
1758650 325
1758660 325
1758670 325
1758680 326
1758690 332
1758700 332
1758710 340
1758720 345
1758730 345
1758740 347
1758750 348
1758760 348
1758770 351
1758780 353
1758790 353
1758800 354
1758810 355
1758820 355
1758830 356
1758840 358
1758850 359
1758860 359
1758870 361
1758880 362
1758890 362
1758900 363
1758910 364
1758920 364
1758930 366
1758940 366
1758950 366
1758960 368
1758970 369
1758980 369
1758990 369
1759000 369
1759010 369
1759020 368
1759030 366
1759040 364
1759050 364
1759060 363
1759070 362
1759080 362
1759090 361
1759100 360
1759110 360
1759120 359
1759130 359
1759140 359
1759150 359
1759160 360
1759170 360
1759180 361
1759190 361
1759200 361
1759210 362
1759220 362
1759230 362
1759240 363
1759250 366
1759260 368
1759270 368
1759280 369
1759290 370
1759300 370
1759310 371
1759320 372
1759330 372
1759340 372
1759350 372
1759360 372
1759370 371
1759380 370
1759390 370
1759400 368
1759410 365
1759420 365
1759430 363
1759440 360
1759450 355
1759460 355
1759470 353
1759480 352
1759490 352
1759500 352
1759510 352
1759520 352
1759530 351
1759540 350
1759550 350
1759560 349
1759570 349
1759580 349
1759590 349
1759600 348
1759610 348
1759620 346
1759630 345
1759640 344
1759650 344
1759660 344
1759670 343
1759680 343
1759690 343
1759700 343
1759710 343
1759720 343
1759730 343
1759740 343
1759750 344
1759760 344
1759770 344
1759780 346
1759790 346
1759800 346
1759810 348
1759820 348
1759830 349
1759840 349
1759850 349
1759860 349
1759870 349
1759880 350
1759890 350
1759900 350
1759910 352
1759920 353
1759930 353
1759940 355
1759950 356
1759960 356
1759970 357
1759980 358
1759990 358
