1740000 388
1740010 389
1740020 389
1740030 389
1740040 390
1740050 390
1740060 390
1740070 390
1740080 389
1740090 387
1740100 387
1740110 386
1740120 384
1740130 384
1740140 382
1740150 379
1740160 379
1740170 377
1740180 373
1740190 373
1740200 371
1740210 373
1740220 373
1740230 373
1740240 374
1740250 374
1740260 374
1740270 375
1740280 376
1740290 376
1740300 376
1740310 377
1740320 377
1740330 377
1740340 379
1740350 379
1740360 382
1740370 385
1740380 385
1740390 388
1740400 391
1740410 391
1740420 393
1740430 394
1740440 394
1740450 396
1740460 399
1740470 399
1740480 401
1740490 402
1740500 403
1740510 403
1740520 404
1740530 405
1740540 405
1740550 404
1740560 405
1740570 405
1740580 405
1740590 407
1740600 407
1740610 409
1740620 411
1740630 411
1740640 413
1740650 415
1740660 415
1740670 416
1740680 421
1740690 425
1740700 425
1740710 428
1740720 431
1740730 431
1740740 434
1740750 437
1740760 437
1740770 440
1740780 443
1740790 443
1740800 447
1740810 448
1740820 448
1740830 448
1740840 448
1740850 448
1740860 448
1740870 448
1740880 448
1740890 448
1740900 449
1740910 451
1740920 451
1740930 452
1740940 453
1740950 453
1740960 451
1740970 447
1740980 447
1740990 443
1741000 440
1741010 440
1741020 438
1741030 436
1741040 436
1741050 435
1741060 431
1741070 431
1741080 421
1741090 416
1741100 414
1741110 414
1741120 414
1741130 413
1741140 413
1741150 411
1741160 408
1741170 408
1741180 407
1741190 406
1741200 406
1741210 403
1741220 401
1741230 401
1741240 400
1741250 399
1741260 399
1741270 397
1741280 395
1741290 393
1741300 393
1741310 390
1741320 388
1741330 388
1741340 388
1741350 390
1741360 390
1741370 390
1741380 389
1741390 389
1741400 388
1741410 387
1741420 387
1741430 386
1741440 385
1741450 385
1741460 384
1741470 384
1741480 384
1741490 382
1741500 383
1741510 385
1741520 385
1741530 387
1741540 391
1741550 391
1741560 395
1741570 398
1741580 398
1741590 401
1741600 404
1741610 404
1741620 408
1741630 411
1741640 411
1741650 413
1741660 416
1741670 416
1741680 419
1741690 422
1741700 423
1741710 423
1741720 425
1741730 426
1741740 426
1741750 427
1741760 428
1741770 428
1741780 429
1741790 431
1741800 431
1741810 432
1741820 435
1741830 435
1741840 438
1741850 442
1741860 442
1741870 444
1741880 444
1741890 444
1741900 444
1741910 443
1741920 440
1741930 440
1741940 438
1741950 436
1741960 436
1741970 434
1741980 432
1741990 432
1742000 431
1742010 431
1742020 431
1742030 430
1742040 430
1742050 430
1742060 430
1742070 431
1742080 431
1742090 430
1742100 431
1742110 431
1742120 431
1742130 430
1742140 424
1742150 424
1742160 419
1742170 417
1742180 417
1742190 413
1742200 411
1742210 411
1742220 409
1742230 407
1742240 407
1742250 406
1742260 403
1742270 403
1742280 398
1742290 395
1742300 394
1742310 394
1742320 392
1742330 391
1742340 391
1742350 390
1742360 387
1742370 387
1742380 388
1742390 386
1742400 386
1742410 385
1742420 385
1742430 385
1742440 384
1742450 384
1742460 384
1742470 383
1742480 382
1742490 382
1742500 381
1742510 383
1742520 385
1742530 385
1742540 386
1742550 387
1742560 387
1742570 390
1742580 396
1742590 396
1742600 400
1742610 404
1742620 404
1742630 408
1742640 410
1742650 410
1742660 413
1742670 415
1742680 415
1742690 415
1742700 417
1742710 421
1742720 421
1742730 422
1742740 425
1742750 425
1742760 427
1742770 429
1742780 429
1742790 432
1742800 434
1742810 434
1742820 436
1742830 439
1742840 439
1742850 442
1742860 443
1742870 443
1742880 444
1742890 445
1742900 447
1742910 447
1742920 447
1742930 448
1742940 448
1742950 449
1742960 447
1742970 447
1742980 446
1742990 445
1743000 445
1743010 443
1743020 442
1743030 442
1743040 442
1743050 440
1743060 440
1743070 439
1743080 438
1743090 438
1743100 438
1743110 437
1743120 436
1743130 436
1743140 435
1743150 434
1743160 434
1743170 433
1743180 430
1743190 430
1743200 429
1743210 427
1743220 427
1743230 425
1743240 421
1743250 421
1743260 417
1743270 415
1743280 415
1743290 417
1743300 416
1743310 416
1743320 416
1743330 416
1743340 416
1743350 416
1743360 415
1743370 415
1743380 415
1743390 415
1743400 413
1743410 413
1743420 412
1743430 408
1743440 408
1743450 401
1743460 398
1743470 398
1743480 396
1743490 393
1743500 391
1743510 391
1743520 390
1743530 389
1743540 389
1743550 388
1743560 387
1743570 387
1743580 388
1743590 389
1743600 389
1743610 390
1743620 390
1743630 390
1743640 392
1743650 393
1743660 393
1743670 395
1743680 396
1743690 396
1743700 397
1743710 399
1743720 400
1743730 400
1743740 401
1743750 402
1743760 402
1743770 409
1743780 416
1743790 416
1743800 417
1743810 419
1743820 419
1743830 421
1743840 423
1743850 423
1743860 427
1743870 429
1743880 429
1743890 430
1743900 431
1743910 432
1743920 432
1743930 434
1743940 438
1743950 438
1743960 442
1743970 446
1743980 446
1743990 448
1744000 450
1744010 450
1744020 452
1744030 454
1744040 454
1744050 455
1744060 455
1744070 456
1744080 456
1744090 455
1744100 454
1744110 454
1744120 451
1744130 449
1744140 449
1744150 447
1744160 445
1744170 445
1744180 443
1744190 439
1744200 439
1744210 436
1744220 434
1744230 434
1744240 430
1744250 424
1744260 424
1744270 418
1744280 417
1744290 417
1744300 414
1744310 413
1744320 411
1744330 411
1744340 410
1744350 408
1744360 408
1744370 406
1744380 403
1744390 403
1744400 400
1744410 397
1744420 397
1744430 394
1744440 392
1744450 392
1744460 391
1744470 390
1744480 390
1744490 390
1744500 387
1744510 383
1744520 383
1744530 384
1744540 386
1744550 386
1744560 389
1744570 391
1744580 391
1744590 392
1744600 392
1744610 392
1744620 393
1744630 395
1744640 395
1744650 400
1744660 402
1744670 402
1744680 404
1744690 406
1744700 406
1744710 409
1744720 413
1744730 418
1744740 418
1744750 420
1744760 423
1744770 423
1744780 425
1744790 427
1744800 427
1744810 430
1744820 434
1744830 434
1744840 437
1744850 439
1744860 439
1744870 443
1744880 443
1744890 443
1744900 447
1744910 451
1744920 454
1744930 454
1744940 455
1744950 457
1744960 457
1744970 459
1744980 461
1744990 461
1745000 463
1745010 463
1745020 463
1745030 461
1745040 459
1745050 459
1745060 456
1745070 454
1745080 454
1745090 452
1745100 448
1745110 445
1745120 445
1745130 443
1745140 441
1745150 441
1745160 440
1745170 438
1745180 438
1745190 436
1745200 434
1745210 434
1745220 432
1745230 430
1745240 430
1745250 427
1745260 425
1745270 425
1745280 422
1745290 420
1745300 420
1745310 417
1745320 414
1745330 413
1745340 413
1745350 411
1745360 411
1745370 411
1745380 410
1745390 408
1745400 408
1745410 406
1745420 405
1745430 405
1745440 402
1745450 400
1745460 400
1745470 398
1745480 397
1745490 397
1745500 399
1745510 399
1745520 397
1745530 397
1745540 393
1745550 386
1745560 386
1745570 381
1745580 381
1745590 381
1745600 383
1745610 385
1745620 385
1745630 389
1745640 390
1745650 390
1745660 391
1745670 391
1745680 391
1745690 393
1745700 396
1745710 397
1745720 397
1745730 399
1745740 402
1745750 402
1745760 404
1745770 406
1745780 406
1745790 408
1745800 411
1745810 411
1745820 413
1745830 414
1745840 414
1745850 416
1745860 417
1745870 417
1745880 418
1745890 418
1745900 418
1745910 419
1745920 423
1745930 426
1745940 426
1745950 430
1745960 433
1745970 433
1745980 439
1745990 442
1746000 442
1746010 445
1746020 447
1746030 447
1746040 448
1746050 449
1746060 449
1746070 453
1746080 455
1746090 455
1746100 457
1746110 461
1746120 463
1746130 463
1746140 465
1746150 468
1746160 468
1746170 469
1746180 471
1746190 471
1746200 473
1746210 474
1746220 474
1746230 475
1746240 475
1746250 475
1746260 475
1746270 475
1746280 475
1746290 475
1746300 474
1746310 474
1746320 474
1746330 473
1746340 472
1746350 472
1746360 471
1746370 469
1746380 469
1746390 466
1746400 462
1746410 462
1746420 461
1746430 458
1746440 458
1746450 455
1746460 453
1746470 453
1746480 451
1746490 450
1746500 450
1746510 447
1746520 440
1746530 434
1746540 434
1746550 433
1746560 433
1746570 433
1746580 431
1746590 430
1746600 430
1746610 429
1746620 428
1746630 428
1746640 426
1746650 424
1746660 424
1746670 422
1746680 420
1746690 420
1746700 419
1746710 417
1746720 416
1746730 416
1746740 414
1746750 411
1746760 411
1746770 409
1746780 407
1746790 407
1746800 404
1746810 400
1746820 400
1746830 400
1746840 398
1746850 398
1746860 395
1746870 394
1746880 394
1746890 394
1746900 394
1746910 394
1746920 394
1746930 394
1746940 394
1746950 394
1746960 392
1746970 394
1746980 394
1746990 396
1747000 399
1747010 399
1747020 402
1747030 405
1747040 405
1747050 407
1747060 407
1747070 407
1747080 407
1747090 407
1747100 407
1747110 405
1747120 403
1747130 401
1747140 401
1747150 401
1747160 399
1747170 399
1747180 389
1747190 389
1747200 389
1747210 389
1747220 394
1747230 394
1747240 395
1747250 398
1747260 398
1747270 401
1747280 404
1747290 404
1747300 407
1747310 409
1747320 410
1747330 410
1747340 410
1747350 410
1747360 410
1747370 409
1747380 408
1747390 408
1747400 407
1747410 405
1747420 405
1747430 402
1747440 402
1747450 402
1747460 403
1747470 403
1747480 403
1747490 403
1747500 402
1747510 402
1747520 403
1747530 398
1747540 391
1747550 391
1747560 394
1747570 402
1747580 402
1747590 404
1747600 405
1747610 405
1747620 406
1747630 407
1747640 407
1747650 408
1747660 409
1747670 409
1747680 410
1747690 411
1747700 411
1747710 411
1747720 412
1747730 413
1747740 413
1747750 415
1747760 419
1747770 419
1747780 422
1747790 423
1747800 423
1747810 423
1747820 425
1747830 425
1747840 425
1747850 425
1747860 425
1747870 426
1747880 426
1747890 426
1747900 426
1747910 425
1747920 425
1747930 425
1747940 425
1747950 425
1747960 425
1747970 425
1747980 424
1747990 424
1748000 425
1748010 425
1748020 425
1748030 426
1748040 427
1748050 427
1748060 427
1748070 428
1748080 428
1748090 429
1748100 430
1748110 430
1748120 431
1748130 431
1748140 431
1748150 431
1748160 431
1748170 432
1748180 432
1748190 432
1748200 432
1748210 432
1748220 433
1748230 433
1748240 433
1748250 434
1748260 434
1748270 434
1748280 434
1748290 435
1748300 435
1748310 435
1748320 433
1748330 430
1748340 430
1748350 429
1748360 428
1748370 428
1748380 427
1748390 427
1748400 427
1748410 427
1748420 427
1748430 427
1748440 427
1748450 429
1748460 429
1748470 430
1748480 432
1748490 432
1748500 434
1748510 434
1748520 434
1748530 435
1748540 436
1748550 437
1748560 437
1748570 436
1748580 436
1748590 436
1748600 435
1748610 434
1748620 434
1748630 431
1748640 428
1748650 428
1748660 427
1748670 424
1748680 424
1748690 420
1748700 417
1748710 417
1748720 414
1748730 412
1748740 411
1748750 411
1748760 409
1748770 408
1748780 408
1748790 407
1748800 404
1748810 404
1748820 402
1748830 401
1748840 401
1748850 399
1748860 398
1748870 398
1748880 398
1748890 398
1748900 398
1748910 398
1748920 398
1748930 398
1748940 398
1748950 397
1748960 396
1748970 396
1748980 396
1748990 395
1749000 395
1749010 394
1749020 394
1749030 394
1749040 394
1749050 392
1749060 394
1749070 394
1749080 394
1749090 394
1749100 393
1749110 392
1749120 392
1749130 391
1749140 390
1749150 387
1749160 387
1749170 384
1749180 382
1749190 382
1749200 380
1749210 378
1749220 378
1749230 377
1749240 375
1749250 375
1749260 373
1749270 370
1749280 370
1749290 369
1749300 369
1749310 369
1749320 368
1749330 368
1749340 367
1749350 367
1749360 367
1749370 367
1749380 367
1749390 367
1749400 367
1749410 367
1749420 366
1749430 365
1749440 365
1749450 364
1749460 363
1749470 363
1749480 362
1749490 362
1749500 362
1749510 360
1749520 358
1749530 358
1749540 358
1749550 357
1749560 357
1749570 357
1749580 356
1749590 356
1749600 356
1749610 355
1749620 355
1749630 355
1749640 355
1749650 355
1749660 355
1749670 354
1749680 354
1749690 354
1749700 354
1749710 353
1749720 353
1749730 352
1749740 353
1749750 353
1749760 353
1749770 353
1749780 353
1749790 353
1749800 352
1749810 352
1749820 352
1749830 352
1749840 352
1749850 352
1749860 353
1749870 352
1749880 352
1749890 351
1749900 352
1749910 352
1749920 353
1749930 354
1749940 354
1749950 354
1749960 354
1749970 354
1749980 354
1749990 353
1750000 353
1750010 353
1750020 353
1750030 353
1750040 353
1750050 354
1750060 355
1750070 355
1750080 356
1750090 355
1750100 355
1750110 355
1750120 355
1750130 355
1750140 354
1750150 354
1750160 354
1750170 354
1750180 353
1750190 353
1750200 353
1750210 353
1750220 353
1750230 353
1750240 353
1750250 353
1750260 353
1750270 353
1750280 353
1750290 353
1750300 353
1750310 352
1750320 352
1750330 352
1750340 352
1750350 352
1750360 352
1750370 351
1750380 351
1750390 351
1750400 351
1750410 351
1750420 351
1750430 351
1750440 351
1750450 351
1750460 351
1750470 351
1750480 351
1750490 351
1750500 351
1750510 351
1750520 351
1750530 351
1750540 351
1750550 351
1750560 351
1750570 352
1750580 352
1750590 352
1750600 353
1750610 353
1750620 354
1750630 355
1750640 355
1750650 355
1750660 355
1750670 355
1750680 355
1750690 355
1750700 355
1750710 355
1750720 356
1750730 356
1750740 357
1750750 359
1750760 360
1750770 360
1750780 361
1750790 363
1750800 363
1750810 364
1750820 365
1750830 365
1750840 366
1750850 368
1750860 368
1750870 369
1750880 370
1750890 370
1750900 372
1750910 373
1750920 373
1750930 374
1750940 376
1750950 376
1750960 376
1750970 378
1750980 381
1750990 381
1751000 382
1751010 383
1751020 383
1751030 384
1751040 387
1751050 387
1751060 389
1751070 390
1751080 390
1751090 391
1751100 392
1751110 392
1751120 392
1751130 393
1751140 395
1751150 395
1751160 395
1751170 396
1751180 396
1751190 397
1751200 397
1751210 397
1751220 398
1751230 399
1751240 399
1751250 399
1751260 400
1751270 400
1751280 402
1751290 404
1751300 404
1751310 405
1751320 406
1751330 406
1751340 407
1751350 408
1751360 409
1751370 409
1751380 409
1751390 409
1751400 409
1751410 409
1751420 409
1751430 409
1751440 407
1751450 407
1751460 407
1751470 405
1751480 405
1751490 405
1751500 404
1751510 403
1751520 403
1751530 403
1751540 402
1751550 402
1751560 402
1751570 401
1751580 400
1751590 400
1751600 399
1751610 398
1751620 398
1751630 397
1751640 396
1751650 396
1751660 394
1751670 392
1751680 392
1751690 390
1751700 388
1751710 388
1751720 385
1751730 385
1751740 385
1751750 385
1751760 384
1751770 384
1751780 384
1751790 383
1751800 382
1751810 382
1751820 384
1751830 385
1751840 385
1751850 386
1751860 388
1751870 388
1751880 390
1751890 392
1751900 392
1751910 393
1751920 394
1751930 394
1751940 395
1751950 395
1751960 395
1751970 395
1751980 394
1751990 393
1752000 393
1752010 392
1752020 391
1752030 391
1752040 389
1752050 388
1752060 388
1752070 387
1752080 386
1752090 386
1752100 383
1752110 382
1752120 382
1752130 381
1752140 380
1752150 375
1752160 375
1752170 375
1752180 373
1752190 373
1752200 371
1752210 370
1752220 365
1752230 364
1752240 363
1752250 363
1752260 363
1752270 362
1752280 362
1752290 360
1752300 358
1752310 358
1752320 356
1752330 355
1752340 355
1752350 354
1752360 353
1752370 352
1752380 352
1752390 351
1752400 350
1752410 350
1752420 349
1752430 346
1752440 346
1752450 344
1752460 341
1752470 341
1752480 339
1752490 337
1752500 337
1752510 335
1752520 334
1752530 334
1752540 334
1752550 334
1752560 334
1752570 334
1752580 334
1752590 334
1752600 334
1752610 333
1752620 333
1752630 333
1752640 333
1752650 333
1752660 333
1752670 333
1752680 332
1752690 332
1752700 332
1752710 333
1752720 333
1752730 334
1752740 336
1752750 337
1752760 337
1752770 339
1752780 341
1752790 341
1752800 343
1752810 346
1752820 346
1752830 348
1752840 348
1752850 348
1752860 349
1752870 351
1752880 351
1752890 352
1752900 352
1752910 352
1752920 353
1752930 353
1752940 353
1752950 353
1752960 353
1752970 353
1752980 353
1752990 352
1753000 352
1753010 352
1753020 353
1753030 353
1753040 353
1753050 352
1753060 352
1753070 352
1753080 351
1753090 351
1753100 351
1753110 349
1753120 348
1753130 348
1753140 347
1753150 346
1753160 345
1753170 345
1753180 344
1753190 343
1753200 343
1753210 342
1753220 340
1753230 340
1753240 339
1753250 337
1753260 337
1753270 337
1753280 338
1753290 338
1753300 340
1753310 342
1753320 342
1753330 342
1753340 341
1753350 342
1753360 342
1753370 345
1753380 352
1753390 352
1753400 356
1753410 357
1753420 357
1753430 355
1753440 355
1753450 355
1753460 355
1753470 356
1753480 356
1753490 359
1753500 364
1753510 364
1753520 367
1753530 368
1753540 368
1753550 372
1753560 374
1753570 376
1753580 376
1753590 378
1753600 379
1753610 379
1753620 381
1753630 382
1753640 382
1753650 383
1753660 384
1753670 384
1753680 385
1753690 387
1753700 387
1753710 387
1753720 386
1753730 386
1753740 385
1753750 385
1753760 381
1753770 381
1753780 380
1753790 378
1753800 378
1753810 376
1753820 375
1753830 375
1753840 373
1753850 372
1753860 372
1753870 371
1753880 370
1753890 370
1753900 369
1753910 363
1753920 363
1753930 367
1753940 368
1753950 368
1753960 368
1753970 369
1753980 370
1753990 370
1754000 370
1754010 370
1754020 370
1754030 370
1754040 371
1754050 371
1754060 371
1754070 371
1754080 371
1754090 372
1754100 371
1754110 371
1754120 371
1754130 371
1754140 371
1754150 372
1754160 375
1754170 376
1754180 376
1754190 374
1754200 374
1754210 374
1754220 375
1754230 376
1754240 376
1754250 375
1754260 374
1754270 374
1754280 372
1754290 372
1754300 372
1754310 373
1754320 374
1754330 374
1754340 376
1754350 378
1754360 380
1754370 380
1754380 381
1754390 379
1754400 379
1754410 377
1754420 376
1754430 376
1754440 375
1754450 374
1754460 374
1754470 373
1754480 373
1754490 373
1754500 372
1754510 370
1754520 370
1754530 369
1754540 367
1754550 367
1754560 366
1754570 365
1754580 363
1754590 363
1754600 361
1754610 359
1754620 359
1754630 357
1754640 356
1754650 356
1754660 356
1754670 354
1754680 354
1754690 353
1754700 352
1754710 352
1754720 351
1754730 350
1754740 350
1754750 349
1754760 348
1754770 347
1754780 347
1754790 345
1754800 343
1754810 343
1754820 342
1754830 341
1754840 341
1754850 341
1754860 342
1754870 342
1754880 342
1754890 343
1754900 343
1754910 344
1754920 345
1754930 345
1754940 345
1754950 345
1754960 345
1754970 345
1754980 345
1754990 345
1755000 345
1755010 343
1755020 341
1755030 341
1755040 340
1755050 337
1755060 337
1755070 335
1755080 333
1755090 333
1755100 331
1755110 329
1755120 329
1755130 327
1755140 326
1755150 326
1755160 324
1755170 322
1755180 321
1755190 321
1755200 320
1755210 319
1755220 319
1755230 318
1755240 318
1755250 318
1755260 317
1755270 317
1755280 317
1755290 317
1755300 316
1755310 316
1755320 316
1755330 316
1755340 316
1755350 316
1755360 316
1755370 316
1755380 316
1755390 316
1755400 316
1755410 316
1755420 316
1755430 316
1755440 316
1755450 316
1755460 316
1755470 316
1755480 316
1755490 316
1755500 316
1755510 316
1755520 315
1755530 315
1755540 315
1755550 315
1755560 315
1755570 315
1755580 315
1755590 315
1755600 315
1755610 315
1755620 315
1755630 315
1755640 315
1755650 315
1755660 315
1755670 315
1755680 315
1755690 315
1755700 315
1755710 315
1755720 315
1755730 315
1755740 315
1755750 315
1755760 315
1755770 316
1755780 315
1755790 315
1755800 315
1755810 314
1755820 314
1755830 315
1755840 315
1755850 315
1755860 312
1755870 312
1755880 312
1755890 314
1755900 314
1755910 314
1755920 314
1755930 314
1755940 314
1755950 314
1755960 314
1755970 314
1755980 314
1755990 314
1756000 314
1756010 314
1756020 314
1756030 314
1756040 314
1756050 314
1756060 314
1756070 314
1756080 313
1756090 314
1756100 314
1756110 313
1756120 313
1756130 313
1756140 313
1756150 313
1756160 313
1756170 313
1756180 313
1756190 313
1756200 313
1756210 313
1756220 313
1756230 313
1756240 313
1756250 313
1756260 313
1756270 313
1756280 313
1756290 313
1756300 313
1756310 313
1756320 313
1756330 313
1756340 313
1756350 313
1756360 313
1756370 313
1756380 313
1756390 313
1756400 312
1756410 313
1756420 313
1756430 313
1756440 312
1756450 312
1756460 313
1756470 313
1756480 313
1756490 314
1756500 313
1756510 313
1756520 313
1756530 314
1756540 314
1756550 314
1756560 314
1756570 314
1756580 314
1756590 314
1756600 314
1756610 314
1756620 316
1756630 315
1756640 315
1756650 316
1756660 316
1756670 316
1756680 317
1756690 316
1756700 316
1756710 316
1756720 317
1756730 317
1756740 318
1756750 318
1756760 318
1756770 319
1756780 319
1756790 320
1756800 320
1756810 319
1756820 321
1756830 321
1756840 321
1756850 324
1756860 324
1756870 324
1756880 324
1756890 324
1756900 323
1756910 323
1756920 323
1756930 321
1756940 321
1756950 321
1756960 322
1756970 322
1756980 321
1756990 321
1757000 318
1757010 316
1757020 316
1757030 314
1757040 313
1757050 313
1757060 312
1757070 311
1757080 311
1757090 310
1757100 310
1757110 310
1757120 309
1757130 309
1757140 309
1757150 309
1757160 309
1757170 309
1757180 309
1757190 309
1757200 308
1757210 308
1757220 308
1757230 308
1757240 308
1757250 308
1757260 308
1757270 308
1757280 308
1757290 308
1757300 308
1757310 308
1757320 308
1757330 308
1757340 308
1757350 307
1757360 307
1757370 307
1757380 307
1757390 307
1757400 307
1757410 307
1757420 307
1757430 307
1757440 307
1757450 307
1757460 307
1757470 307
1757480 307
1757490 307
1757500 307
1757510 306
1757520 306
1757530 306
1757540 306
1757550 306
1757560 306
1757570 306
1757580 305
1757590 305
1757600 305
1757610 305
1757620 305
1757630 304
1757640 303
1757650 303
1757660 303
1757670 302
1757680 302
1757690 302
1757700 301
1757710 301
1757720 301
1757730 301
1757740 301
1757750 300
1757760 300
1757770 300
1757780 300
1757790 299
1757800 299
1757810 299
1757820 298
1757830 298
1757840 298
1757850 299
1757860 298
1757870 298
1757880 298
1757890 298
1757900 298
1757910 298
1757920 298
1757930 298
1757940 298
1757950 298
1757960 298
1757970 297
1757980 297
1757990 297
1758000 297
1758010 297
1758020 297
1758030 297
1758040 298
1758050 298
1758060 298
1758070 297
1758080 295
1758090 295
1758100 297
1758110 297
1758120 297
1758130 298
1758140 298
1758150 298
1758160 297
1758170 297
1758180 297
1758190 297
1758200 297
1758210 297
1758220 297
1758230 297
1758240 297
1758250 297
1758260 297
1758270 297
1758280 297
1758290 297
1758300 297
1758310 297
1758320 297
1758330 297
1758340 297
1758350 297
1758360 297
1758370 297
1758380 298
1758390 297
1758400 297
1758410 297
1758420 297
1758430 297
1758440 297
1758450 297
1758460 297
1758470 297
1758480 297
1758490 297
1758500 297
1758510 297
1758520 297
1758530 297
1758540 297
1758550 297
1758560 297
1758570 297
1758580 297
1758590 297
1758600 297
1758610 297
1758620 297
1758630 297
1758640 297
1758650 297
1758660 297
1758670 297
1758680 297
1758690 297
1758700 297
1758710 297
1758720 297
1758730 297
1758740 297
1758750 297
1758760 297
1758770 297
1758780 297
1758790 297
1758800 297
1758810 297
1758820 297
1758830 297
1758840 297
1758850 297
1758860 297
1758870 297
1758880 297
1758890 297
1758900 297
1758910 297
1758920 297
1758930 297
1758940 297
1758950 297
1758960 297
1758970 297
1758980 297
1758990 297
1759000 297
1759010 297
1759020 297
1759030 297
1759040 297
1759050 297
1759060 297
1759070 297
1759080 297
1759090 297
1759100 297
1759110 297
1759120 297
1759130 297
1759140 297
1759150 297
1759160 297
1759170 297
1759180 297
1759190 297
1759200 297
1759210 297
1759220 297
1759230 297
1759240 298
1759250 297
1759260 297
1759270 294
1759280 294
1759290 294
1759300 294
1759310 294
1759320 294
1759330 294
1759340 294
1759350 294
1759360 297
1759370 297
1759380 297
1759390 298
1759400 297
1759410 297
1759420 297
1759430 297
1759440 297
1759450 297
1759460 297
1759470 297
1759480 297
1759490 297
1759500 297
1759510 297
1759520 297
1759530 297
1759540 297
1759550 297
1759560 297
1759570 297
1759580 297
1759590 297
1759600 296
1759610 296
1759620 297
1759630 296
1759640 296
1759650 296
1759660 296
1759670 296
1759680 296
1759690 296
1759700 296
1759710 296
1759720 296
1759730 296
1759740 296
1759750 296
1759760 296
1759770 296
1759780 296
1759790 296
1759800 296
1759810 296
1759820 296
1759830 296
1759840 296
1759850 296
1759860 296
1759870 296
1759880 296
1759890 296
1759900 296
1759910 296
1759920 296
1759930 296
1759940 296
1759950 296
1759960 296
1759970 296
1759980 296
1759990 296
