1740000 432
1740010 429
1740020 427
1740030 425
1740040 425
1740050 423
1740060 422
1740070 422
1740080 421
1740090 415
1740100 415
1740110 413
1740120 411
1740130 411
1740140 410
1740150 408
1740160 408
1740170 406
1740180 404
1740190 404
1740200 401
1740210 398
1740220 397
1740230 397
1740240 395
1740250 394
1740260 394
1740270 393
1740280 392
1740290 392
1740300 392
1740310 391
1740320 391
1740330 390
1740340 389
1740350 389
1740360 387
1740370 387
1740380 387
1740390 387
1740400 392
1740410 392
1740420 396
1740430 399
1740440 400
1740450 400
1740460 402
1740470 403
1740480 403
1740490 409
1740500 414
1740510 414
1740520 417
1740530 418
1740540 418
1740550 420
1740560 423
1740570 423
1740580 425
1740590 427
1740600 427
1740610 429
1740620 431
1740630 432
1740640 432
1740650 434
1740660 435
1740670 435
1740680 436
1740690 438
1740700 438
1740710 439
1740720 440
1740730 440
1740740 439
1740750 437
1740760 437
1740770 435
1740780 434
1740790 434
1740800 432
1740810 431
1740820 431
1740830 430
1740840 429
1740850 428
1740860 428
1740870 427
1740880 426
1740890 426
1740900 425
1740910 424
1740920 424
1740930 423
1740940 422
1740950 422
1740960 420
1740970 417
1740980 417
1740990 414
1741000 412
1741010 412
1741020 411
1741030 410
1741040 409
1741050 409
1741060 408
1741070 407
1741080 407
1741090 405
1741100 401
1741110 401
1741120 399
1741130 401
1741140 401
1741150 402
1741160 401
1741170 401
1741180 398
1741190 396
1741200 396
1741210 397
1741220 397
1741230 397
1741240 397
1741250 397
1741260 398
1741270 398
1741280 398
1741290 400
1741300 400
1741310 401
1741320 403
1741330 403
1741340 405
1741350 407
1741360 407
1741370 409
1741380 412
1741390 412
1741400 414
1741410 415
1741420 415
1741430 417
1741440 418
1741450 420
1741460 420
1741470 421
1741480 421
1741490 421
1741500 422
1741510 423
1741520 423
1741530 423
1741540 424
1741550 424
1741560 425
1741570 426
1741580 426
1741590 423
1741600 423
1741610 423
1741620 427
1741630 426
1741640 431
1741650 431
1741660 433
1741670 436
1741680 436
1741690 439
1741700 442
1741710 442
1741720 450
1741730 453
1741740 453
1741750 456
1741760 459
1741770 459
1741780 463
1741790 465
1741800 465
1741810 469
1741820 473
1741830 473
1741840 475
1741850 479
1741860 482
1741870 482
1741880 485
1741890 488
1741900 488
1741910 489
1741920 491
1741930 491
1741940 492
1741950 493
1741960 493
1741970 494
1741980 494
1741990 494
1742000 493
1742010 492
1742020 492
1742030 489
1742040 487
1742050 485
1742060 485
1742070 481
1742080 477
1742090 477
1742100 473
1742110 470
1742120 470
1742130 469
1742140 468
1742150 468
1742160 462
1742170 461
1742180 461
1742190 460
1742200 459
1742210 459
1742220 458
1742230 456
1742240 454
1742250 454
1742260 452
1742270 451
1742280 451
1742290 450
1742300 449
1742310 449
1742320 447
1742330 444
1742340 444
1742350 442
1742360 440
1742370 440
1742380 439
1742390 440
1742400 440
1742410 441
1742420 441
1742430 441
1742440 442
1742450 442
1742460 441
1742470 441
1742480 443
1742490 444
1742500 444
1742510 444
1742520 446
1742530 446
1742540 448
1742550 448
1742560 448
1742570 449
1742580 451
1742590 451
1742600 451
1742610 452
1742620 452
1742630 452
1742640 453
1742650 453
1742660 453
1742670 454
1742680 455
1742690 455
1742700 455
1742710 455
1742720 455
1742730 455
1742740 455
1742750 455
1742760 456
1742770 457
1742780 457
1742790 458
1742800 459
1742810 459
1742820 459
1742830 460
1742840 460
1742850 460
1742860 461
1742870 461
1742880 461
1742890 461
1742900 461
1742910 461
1742920 460
1742930 459
1742940 459
1742950 459
1742960 458
1742970 458
1742980 458
1742990 457
1743000 457
1743010 457
1743020 456
1743030 456
1743040 455
1743050 454
1743060 453
1743070 453
1743080 453
1743090 452
1743100 452
1743110 450
1743120 449
1743130 449
1743140 449
1743150 448
1743160 448
1743170 447
1743180 446
1743190 446
1743200 446
1743210 444
1743220 444
1743230 443
1743240 443
1743250 443
1743260 445
1743270 445
1743280 445
1743290 445
1743300 444
1743310 444
1743320 444
1743330 444
1743340 444
1743350 444
1743360 443
1743370 443
1743380 443
1743390 442
1743400 442
1743410 442
1743420 442
1743430 442
1743440 442
1743450 441
1743460 440
1743470 440
1743480 440
1743490 439
1743500 435
1743510 435
1743520 434
1743530 432
1743540 432
1743550 432
1743560 429
1743570 429
1743580 428
1743590 426
1743600 426
1743610 425
1743620 424
1743630 424
1743640 423
1743650 422
1743660 421
1743670 421
1743680 420
1743690 420
1743700 420
1743710 418
1743720 417
1743730 417
1743740 416
1743750 415
1743760 415
1743770 414
1743780 412
1743790 412
1743800 411
1743810 409
1743820 409
1743830 407
1743840 406
1743850 406
1743860 407
1743870 410
1743880 411
1743890 411
1743900 413
1743910 414
1743920 414
1743930 415
1743940 414
1743950 414
1743960 414
1743970 414
1743980 414
1743990 413
1744000 413
1744010 413
1744020 412
1744030 412
1744040 412
1744050 412
1744060 411
1744070 410
1744080 410
1744090 409
1744100 408
1744110 408
1744120 407
1744130 407
1744140 407
1744150 406
1744160 405
1744170 405
1744180 404
1744190 403
1744200 403
1744210 402
1744220 402
1744230 402
1744240 403
1744250 404
1744260 404
1744270 403
1744280 403
1744290 403
1744300 403
1744310 403
1744320 402
1744330 402
1744340 402
1744350 402
1744360 402
1744370 402
1744380 402
1744390 402
1744400 401
1744410 400
1744420 400
1744430 398
1744440 395
1744450 395
1744460 393
1744470 393
1744480 392
1744490 392
1744500 391
1744510 390
1744520 390
1744530 390
1744540 389
1744550 389
1744560 388
1744570 387
1744580 387
1744590 386
1744600 385
1744610 385
1744620 384
1744630 383
1744640 383
1744650 382
1744660 381
1744670 381
1744680 380
1744690 379
1744700 378
1744710 378
1744720 377
1744730 377
1744740 377
1744750 377
1744760 378
1744770 378
1744780 378
1744790 378
1744800 378
1744810 379
1744820 379
1744830 379
1744840 380
1744850 381
1744860 381
1744870 380
1744880 381
1744890 383
1744900 383
1744910 383
1744920 386
1744930 386
1744940 386
1744950 385
1744960 385
1744970 386
1744980 387
1744990 387
1745000 392
1745010 395
1745020 395
1745030 396
1745040 398
1745050 398
1745060 399
1745070 401
1745080 402
1745090 402
1745100 402
1745110 403
1745120 403
1745130 403
1745140 403
1745150 403
1745160 403
1745170 405
1745180 405
1745190 407
1745200 408
1745210 408
1745220 412
1745230 413
1745240 413
1745250 412
1745260 410
1745270 410
1745280 411
1745290 411
1745300 411
1745310 411
1745320 410
1745330 410
1745340 410
1745350 409
1745360 409
1745370 409
1745380 407
1745390 407
1745400 407
1745410 407
1745420 405
1745430 405
1745440 405
1745450 403
1745460 403
1745470 402
1745480 402
1745490 401
1745500 401
1745510 401
1745520 401
1745530 401
1745540 401
1745550 399
1745560 399
1745570 399
1745580 397
1745590 397
1745600 395
1745610 392
1745620 392
1745630 389
1745640 387
1745650 387
1745660 386
1745670 385
1745680 385
1745690 383
1745700 382
1745710 380
1745720 380
1745730 379
1745740 377
1745750 377
1745760 379
1745770 379
1745780 379
1745790 380
1745800 382
1745810 382
1745820 384
1745830 386
1745840 386
1745850 387
1745860 388
1745870 388
1745880 390
1745890 392
1745900 393
1745910 393
1745920 394
1745930 394
1745940 394
1745950 394
1745960 394
1745970 394
1745980 394
1745990 393
1746000 393
1746010 393
1746020 393
1746030 393
1746040 392
1746050 392
1746060 392
1746070 392
1746080 392
1746090 392
1746100 392
1746110 392
1746120 391
1746130 391
1746140 391
1746150 390
1746160 390
1746170 388
1746180 387
1746190 387
1746200 383
1746210 385
1746220 385
1746230 385
1746240 385
1746250 385
1746260 385
1746270 383
1746280 383
1746290 381
1746300 380
1746310 378
1746320 378
1746330 377
1746340 376
1746350 376
1746360 375
1746370 374
1746380 374
1746390 373
1746400 372
1746410 372
1746420 372
1746430 371
1746440 371
1746450 371
1746460 371
1746470 371
1746480 370
1746490 370
1746500 369
1746510 369
1746520 369
1746530 369
1746540 369
1746550 370
1746560 370
1746570 370
1746580 371
1746590 371
1746600 371
1746610 372
1746620 374
1746630 374
1746640 375
1746650 376
1746660 376
1746670 375
1746680 371
1746690 371
1746700 372
1746710 372
1746720 374
1746730 374
1746740 375
1746750 375
1746760 375
1746770 375
1746780 375
1746790 375
1746800 376
1746810 377
1746820 377
1746830 377
1746840 375
1746850 375
1746860 375
1746870 375
1746880 375
1746890 372
1746900 376
1746910 377
1746920 377
1746930 377
1746940 377
1746950 377
1746960 378
1746970 376
1746980 376
1746990 375
1747000 375
1747010 375
1747020 377
1747030 378
1747040 378
1747050 376
1747060 377
1747070 377
1747080 377
1747090 377
1747100 377
1747110 377
1747120 377
1747130 376
1747140 376
1747150 375
1747160 375
1747170 375
1747180 375
1747190 375
1747200 375
1747210 376
1747220 376
1747230 376
1747240 376
1747250 375
1747260 375
1747270 374
1747280 374
1747290 374
1747300 375
1747310 375
1747320 377
1747330 377
1747340 378
1747350 379
1747360 379
1747370 381
1747380 382
1747390 382
1747400 383
1747410 385
1747420 385
1747430 385
1747440 387
1747450 387
1747460 388
1747470 389
1747480 389
1747490 390
1747500 392
1747510 394
1747520 394
1747530 396
1747540 397
1747550 397
1747560 398
1747570 399
1747580 399
1747590 400
1747600 401
1747610 401
1747620 402
1747630 405
1747640 405
1747650 406
1747660 407
1747670 407
1747680 409
1747690 410
1747700 410
1747710 411
1747720 412
1747730 412
1747740 412
1747750 412
1747760 412
1747770 412
1747780 413
1747790 411
1747800 411
1747810 409
1747820 407
1747830 407
1747840 405
1747850 403
1747860 403
1747870 400
1747880 396
1747890 396
1747900 395
1747910 391
1747920 388
1747930 388
1747940 385
1747950 383
1747960 383
1747970 381
1747980 379
1747990 379
1748000 377
1748010 375
1748020 375
1748030 374
1748040 373
1748050 373
1748060 372
1748070 371
1748080 371
1748090 370
1748100 370
1748110 370
1748120 370
1748130 372
1748140 373
1748150 373
1748160 374
1748170 375
1748180 375
1748190 376
1748200 377
1748210 377
1748220 378
1748230 378
1748240 378
1748250 379
1748260 379
1748270 379
1748280 379
1748290 379
1748300 379
1748310 379
1748320 379
1748330 379
1748340 379
1748350 379
1748360 379
1748370 379
1748380 379
1748390 379
1748400 379
1748410 378
1748420 378
1748430 378
1748440 377
1748450 376
1748460 376
1748470 376
1748480 375
1748490 375
1748500 375
1748510 374
1748520 374
1748530 376
1748540 375
1748550 374
1748560 374
1748570 374
1748580 373
1748590 373
1748600 372
1748610 372
1748620 372
1748630 371
1748640 370
1748650 370
1748660 369
1748670 367
1748680 367
1748690 365
1748700 364
1748710 364
1748720 363
1748730 363
1748740 362
1748750 362
1748760 362
1748770 361
1748780 361
1748790 360
1748800 360
1748810 360
1748820 359
1748830 359
1748840 359
1748850 358
1748860 357
1748870 357
1748880 357
1748890 356
1748900 356
1748910 356
1748920 356
1748930 356
1748940 356
1748950 356
1748960 355
1748970 355
1748980 355
1748990 354
1749000 354
1749010 354
1749020 354
1749030 354
1749040 354
1749050 354
1749060 354
1749070 353
1749080 352
1749090 352
1749100 352
1749110 352
1749120 352
1749130 350
1749140 351
1749150 349
1749160 349
1749170 349
1749180 352
1749190 352
1749200 352
1749210 352
1749220 352
1749230 352
1749240 352
1749250 352
1749260 352
1749270 352
1749280 352
1749290 352
1749300 352
1749310 352
1749320 352
1749330 352
1749340 351
1749350 351
1749360 351
1749370 351
1749380 351
1749390 351
1749400 351
1749410 351
1749420 351
1749430 351
1749440 351
1749450 351
1749460 351
1749470 351
1749480 351
1749490 351
1749500 351
1749510 351
1749520 351
1749530 351
1749540 351
1749550 350
1749560 350
1749570 350
1749580 350
1749590 350
1749600 350
1749610 350
1749620 350
1749630 350
1749640 350
1749650 349
1749660 349
1749670 348
1749680 346
1749690 346
1749700 347
1749710 348
1749720 348
1749730 349
1749740 349
1749750 348
1749760 348
1749770 348
1749780 345
1749790 345
1749800 348
1749810 348
1749820 348
1749830 349
1749840 349
1749850 349
1749860 349
1749870 349
1749880 349
1749890 349
1749900 348
1749910 348
1749920 348
1749930 348
1749940 348
1749950 348
1749960 348
1749970 348
1749980 348
1749990 348
1750000 348
1750010 348
1750020 347
1750030 347
1750040 347
1750050 347
1750060 347
1750070 347
1750080 347
1750090 347
1750100 347
1750110 347
1750120 347
1750130 347
1750140 347
1750150 347
1750160 347
1750170 347
1750180 346
1750190 346
1750200 346
1750210 346
1750220 346
1750230 346
1750240 346
1750250 346
1750260 346
1750270 346
1750280 346
1750290 346
1750300 346
1750310 345
1750320 345
1750330 345
1750340 345
1750350 345
1750360 345
1750370 345
1750380 345
1750390 345
1750400 345
1750410 345
1750420 345
1750430 345
1750440 345
1750450 345
1750460 345
1750470 345
1750480 345
1750490 345
1750500 345
1750510 345
1750520 344
1750530 344
1750540 344
1750550 344
1750560 344
1750570 344
1750580 344
1750590 344
1750600 344
1750610 344
1750620 344
1750630 344
1750640 344
1750650 344
1750660 344
1750670 344
1750680 343
1750690 343
1750700 343
1750710 343
1750720 343
1750730 343
1750740 343
1750750 343
1750760 343
1750770 343
1750780 343
1750790 343
1750800 343
1750810 343
1750820 343
1750830 343
1750840 343
1750850 343
1750860 343
1750870 343
1750880 343
1750890 343
1750900 343
1750910 342
1750920 342
1750930 342
1750940 342
1750950 342
1750960 342
1750970 342
1750980 342
1750990 342
1751000 342
1751010 342
1751020 342
1751030 342
1751040 342
1751050 342
1751060 342
1751070 342
1751080 342
1751090 342
1751100 342
1751110 342
1751120 342
1751130 341
1751140 341
1751150 341
1751160 341
1751170 340
1751180 340
1751190 343
1751200 341
1751210 341
1751220 341
1751230 341
1751240 341
1751250 341
1751260 341
1751270 341
1751280 340
1751290 341
1751300 341
1751310 340
1751320 340
1751330 340
1751340 340
1751350 339
1751360 340
1751370 340
1751380 340
1751390 340
1751400 340
1751410 340
1751420 340
1751430 340
1751440 339
1751450 339
1751460 339
1751470 339
1751480 339
1751490 339
1751500 338
1751510 338
1751520 338
1751530 338
1751540 338
1751550 338
1751560 338
1751570 338
1751580 337
1751590 337
1751600 337
1751610 337
1751620 337
1751630 337
1751640 337
1751650 337
1751660 337
1751670 336
1751680 336
1751690 336
1751700 336
1751710 336
1751720 336
1751730 336
1751740 336
1751750 336
1751760 336
1751770 336
1751780 336
1751790 336
1751800 336
1751810 336
1751820 336
1751830 336
1751840 336
1751850 336
1751860 336
1751870 336
1751880 336
1751890 336
1751900 336
1751910 336
1751920 336
1751930 336
1751940 335
1751950 335
1751960 335
1751970 335
1751980 335
1751990 335
1752000 335
1752010 335
1752020 335
1752030 335
1752040 334
1752050 334
1752060 334
1752070 334
1752080 333
1752090 333
1752100 333
1752110 333
1752120 333
1752130 334
1752140 334
1752150 334
1752160 334
1752170 334
1752180 334
1752190 334
1752200 334
1752210 334
1752220 334
1752230 334
1752240 331
1752250 331
1752260 331
1752270 330
1752280 330
1752290 332
1752300 333
1752310 333
1752320 333
1752330 333
1752340 333
1752350 333
1752360 333
1752370 333
1752380 333
1752390 333
1752400 333
1752410 333
1752420 333
1752430 333
1752440 333
1752450 334
1752460 332
1752470 332
1752480 333
1752490 332
1752500 332
1752510 332
1752520 332
1752530 332
1752540 332
1752550 332
1752560 332
1752570 332
1752580 332
1752590 332
1752600 332
1752610 332
1752620 332
1752630 332
1752640 332
1752650 332
1752660 332
1752670 331
1752680 331
1752690 331
1752700 331
1752710 331
1752720 331
1752730 331
1752740 331
1752750 331
1752760 331
1752770 331
1752780 331
1752790 331
1752800 331
1752810 331
1752820 331
1752830 331
1752840 331
1752850 331
1752860 331
1752870 330
1752880 330
1752890 330
1752900 330
1752910 330
1752920 330
1752930 330
1752940 330
1752950 330
1752960 330
1752970 330
1752980 329
1752990 329
1753000 329
1753010 329
1753020 328
1753030 327
1753040 327
1753050 330
1753060 330
1753070 330
1753080 330
1753090 330
1753100 330
1753110 330
1753120 330
1753130 330
1753140 330
1753150 330
1753160 330
1753170 330
1753180 330
1753190 330
1753200 330
1753210 329
1753220 329
1753230 329
1753240 329
1753250 330
1753260 330
1753270 330
1753280 329
1753290 329
1753300 329
1753310 329
1753320 329
1753330 329
1753340 329
1753350 329
1753360 329
1753370 329
1753380 329
1753390 329
1753400 329
1753410 329
1753420 329
1753430 330
1753440 330
1753450 330
1753460 330
1753470 331
1753480 331
1753490 331
1753500 331
1753510 331
1753520 331
1753530 331
1753540 331
1753550 331
1753560 331
1753570 331
1753580 331
1753590 332
1753600 332
1753610 332
1753620 332
1753630 332
1753640 332
1753650 332
1753660 332
1753670 332
1753680 332
1753690 332
1753700 332
1753710 333
1753720 333
1753730 333
1753740 334
1753750 334
1753760 334
1753770 334
1753780 334
1753790 335
1753800 335
1753810 335
1753820 336
1753830 336
1753840 336
1753850 337
1753860 337
1753870 338
1753880 340
1753890 340
1753900 341
1753910 343
1753920 343
1753930 343
1753940 343
1753950 343
1753960 341
1753970 341
1753980 341
1753990 342
1754000 342
1754010 343
1754020 343
1754030 344
1754040 344
1754050 344
1754060 344
1754070 346
1754080 346
1754090 347
1754100 348
1754110 348
1754120 349
1754130 349
1754140 349
1754150 350
1754160 350
1754170 350
1754180 350
1754190 349
1754200 349
1754210 349
1754220 350
1754230 352
1754240 352
1754250 352
1754260 352
1754270 352
1754280 353
1754290 353
1754300 353
1754310 353
1754320 353
1754330 353
1754340 352
1754350 352
1754360 352
1754370 353
1754380 353
1754390 353
1754400 353
1754410 352
1754420 352
1754430 352
1754440 352
1754450 354
1754460 354
1754470 354
1754480 352
1754490 352
1754500 352
1754510 351
1754520 351
1754530 350
1754540 349
1754550 349
1754560 348
1754570 348
1754580 348
1754590 349
1754600 349
1754610 349
1754620 349
1754630 349
1754640 350
1754650 350
1754660 350
1754670 352
1754680 352
1754690 352
1754700 352
1754710 352
1754720 353
1754730 354
1754740 354
1754750 354
1754760 354
1754770 355
1754780 354
1754790 355
1754800 355
1754810 356
1754820 356
1754830 356
1754840 356
1754850 356
1754860 357
1754870 357
1754880 357
1754890 357
1754900 357
1754910 357
1754920 358
1754930 358
1754940 359
1754950 359
1754960 359
1754970 358
1754980 359
1754990 359
1755000 360
1755010 361
1755020 361
1755030 361
1755040 362
1755050 362
1755060 362
1755070 360
1755080 359
1755090 359
1755100 359
1755110 358
1755120 358
1755130 356
1755140 354
1755150 354
1755160 353
1755170 352
1755180 352
1755190 350
1755200 349
1755210 348
1755220 348
1755230 346
1755240 344
1755250 344
1755260 340
1755270 339
1755280 339
1755290 339
1755300 338
1755310 338
1755320 337
1755330 337
1755340 337
1755350 336
1755360 336
1755370 336
1755380 335
1755390 335
1755400 335
1755410 333
1755420 331
1755430 330
1755440 330
1755450 328
1755460 326
1755470 326
1755480 324
1755490 322
1755500 322
1755510 320
1755520 318
1755530 318
1755540 316
1755550 314
1755560 314
1755570 313
1755580 312
1755590 312
1755600 311
1755610 311
1755620 308
1755630 308
1755640 308
1755650 307
1755660 307
1755670 306
1755680 306
1755690 306
1755700 305
1755710 305
1755720 305
1755730 305
1755740 304
1755750 304
1755760 304
1755770 304
1755780 304
1755790 304
1755800 304
1755810 304
1755820 303
1755830 303
1755840 303
1755850 303
1755860 303
1755870 303
1755880 303
1755890 303
1755900 303
1755910 303
1755920 303
1755930 303
1755940 303
1755950 303
1755960 303
1755970 303
1755980 302
1755990 303
1756000 303
1756010 302
1756020 303
1756030 303
1756040 303
1756050 303
1756060 302
1756070 302
1756080 302
1756090 303
1756100 303
1756110 302
1756120 302
1756130 302
1756140 302
1756150 302
1756160 302
1756170 302
1756180 302
1756190 302
1756200 302
1756210 302
1756220 302
1756230 302
1756240 302
1756250 302
1756260 302
1756270 302
1756280 302
1756290 302
1756300 302
1756310 302
1756320 302
1756330 302
1756340 302
1756350 302
1756360 302
1756370 302
1756380 302
1756390 302
1756400 302
1756410 302
1756420 302
1756430 302
1756440 302
1756450 302
1756460 302
1756470 302
1756480 302
1756490 303
1756500 303
1756510 303
1756520 303
1756530 302
1756540 302
1756550 302
1756560 302
1756570 302
1756580 302
1756590 302
1756600 302
1756610 302
1756620 302
1756630 302
1756640 302
1756650 302
1756660 302
1756670 302
1756680 302
1756690 302
1756700 302
1756710 302
1756720 302
1756730 302
1756740 302
1756750 302
1756760 302
1756770 302
1756780 302
1756790 302
1756800 302
1756810 302
1756820 302
1756830 302
1756840 302
1756850 302
1756860 302
1756870 302
1756880 302
1756890 302
1756900 302
1756910 301
1756920 301
1756930 302
1756940 302
1756950 302
1756960 302
1756970 302
1756980 302
1756990 302
1757000 302
1757010 302
1757020 301
1757030 301
1757040 301
1757050 301
1757060 301
1757070 302
1757080 302
1757090 302
1757100 302
1757110 302
1757120 302
1757130 302
1757140 302
1757150 301
1757160 301
1757170 301
1757180 302
1757190 301
1757200 301
1757210 301
1757220 301
1757230 301
1757240 301
1757250 301
1757260 301
1757270 301
1757280 301
1757290 301
1757300 301
1757310 301
1757320 301
1757330 301
1757340 301
1757350 300
1757360 300
1757370 297
1757380 297
1757390 297
1757400 297
1757410 297
1757420 297
1757430 299
1757440 299
1757450 297
1757460 297
1757470 297
1757480 297
1757490 297
1757500 297
1757510 297
1757520 297
1757530 297
1757540 297
1757550 297
1757560 299
1757570 300
1757580 300
1757590 300
1757600 299
1757610 299
1757620 297
1757630 297
1757640 297
1757650 297
1757660 300
1757670 299
1757680 299
1757690 299
1757700 300
1757710 300
1757720 301
1757730 301
1757740 301
1757750 301
1757760 301
1757770 301
1757780 301
1757790 301
1757800 301
1757810 301
1757820 301
1757830 301
1757840 301
1757850 301
1757860 301
1757870 301
1757880 301
1757890 300
1757900 300
1757910 301
1757920 301
1757930 301
1757940 301
1757950 300
1757960 300
1757970 300
1757980 300
1757990 300
1758000 300
1758010 300
1758020 300
1758030 300
1758040 300
1758050 300
1758060 300
1758070 300
1758080 300
1758090 300
1758100 300
1758110 301
1758120 301
1758130 302
1758140 302
1758150 302
1758160 301
1758170 300
1758180 300
1758190 304
1758200 304
1758210 304
1758220 304
1758230 304
1758240 304
1758250 303
1758260 304
1758270 306
1758280 306
1758290 307
1758300 308
1758310 308
1758320 309
1758330 311
1758340 311
1758350 312
1758360 313
1758370 313
1758380 314
1758390 315
1758400 315
1758410 317
1758420 318
1758430 318
1758440 319
1758450 320
1758460 321
1758470 321
1758480 322
1758490 323
1758500 323
1758510 324
1758520 324
1758530 324
1758540 324
1758550 324
1758560 324
1758570 324
1758580 323
1758590 323
1758600 322
1758610 321
1758620 321
1758630 320
1758640 319
1758650 319
1758660 317
1758670 316
1758680 315
1758690 315
1758700 314
1758710 313
1758720 313
1758730 312
1758740 311
1758750 311
1758760 309
1758770 307
1758780 307
1758790 306
1758800 304
1758810 304
1758820 303
1758830 303
1758840 303
1758850 302
1758860 301
1758870 301
1758880 301
1758890 301
1758900 301
1758910 301
1758920 301
1758930 302
1758940 302
1758950 302
1758960 302
1758970 302
1758980 303
1758990 303
1759000 303
1759010 304
1759020 305
1759030 305
1759040 305
1759050 307
1759060 308
1759070 308
1759080 309
1759090 311
1759100 311
1759110 312
1759120 314
1759130 314
1759140 316
1759150 318
1759160 320
1759170 322
1759180 324
1759190 324
1759200 325
1759210 328
1759220 328
1759230 331
1759240 332
1759250 332
1759260 335
1759270 339
1759280 341
1759290 341
1759300 343
1759310 346
1759320 346
1759330 347
1759340 348
1759350 348
1759360 349
1759370 350
1759380 350
1759390 352
1759400 355
1759410 355
1759420 358
1759430 360
1759440 360
1759450 362
1759460 363
1759470 362
1759480 362
1759490 361
1759500 359
1759510 359
1759520 357
1759530 356
1759540 356
1759550 355
1759560 354
1759570 354
1759580 353
1759590 351
1759600 351
1759610 349
1759620 347
1759630 347
1759640 344
1759650 340
1759660 340
1759670 338
1759680 337
1759690 335
1759700 335
1759710 334
1759720 331
1759730 331
1759740 329
1759750 326
1759760 326
1759770 323
1759780 321
1759790 321
1759800 318
1759810 318
1759820 318
1759830 322
1759840 323
1759850 323
1759860 323
1759870 324
1759880 326
1759890 326
1759900 325
1759910 326
1759920 326
1759930 326
1759940 327
1759950 327
1759960 329
1759970 332
1759980 332
1759990 334
