1740000 376
1740010 376
1740020 377
1740030 379
1740040 379
1740050 383
1740060 386
1740070 386
1740080 389
1740090 394
1740100 394
1740110 398
1740120 401
1740130 401
1740140 404
1740150 408
1740160 411
1740170 411
1740180 415
1740190 416
1740200 416
1740210 417
1740220 418
1740230 418
1740240 420
1740250 420
1740260 420
1740270 421
1740280 422
1740290 422
1740300 421
1740310 421
1740320 421
1740330 421
1740340 421
1740350 421
1740360 421
1740370 421
1740380 421
1740390 421
1740400 421
1740410 421
1740420 421
1740430 420
1740440 420
1740450 420
1740460 420
1740470 420
1740480 420
1740490 420
1740500 420
1740510 420
1740520 420
1740530 420
1740540 420
1740550 420
1740560 420
1740570 420
1740580 420
1740590 420
1740600 419
1740610 419
1740620 419
1740630 418
1740640 418
1740650 418
1740660 418
1740670 418
1740680 419
1740690 419
1740700 419
1740710 420
1740720 421
1740730 421
1740740 422
1740750 423
1740760 423
1740770 424
1740780 425
1740790 425
1740800 425
1740810 427
1740820 428
1740830 428
1740840 429
1740850 430
1740860 430
1740870 431
1740880 431
1740890 431
1740900 433
1740910 434
1740920 434
1740930 435
1740940 437
1740950 437
1740960 438
1740970 439
1740980 440
1740990 440
1741000 440
1741010 441
1741020 441
1741030 441
1741040 442
1741050 442
1741060 444
1741070 445
1741080 445
1741090 447
1741100 451
1741110 451
1741120 454
1741130 457
1741140 457
1741150 459
1741160 461
1741170 461
1741180 464
1741190 468
1741200 471
1741210 471
1741220 472
1741230 472
1741240 472
1741250 471
1741260 467
1741270 467
1741280 466
1741290 463
1741300 463
1741310 460
1741320 459
1741330 459
1741340 458
1741350 456
1741360 456
1741370 456
1741380 455
1741390 455
1741400 455
1741410 453
1741420 452
1741430 452
1741440 451
1741450 449
1741460 449
1741470 449
1741480 448
1741490 448
1741500 446
1741510 443
1741520 443
1741530 440
1741540 438
1741550 438
1741560 438
1741570 437
1741580 437
1741590 437
1741600 437
1741610 436
1741620 436
1741630 433
1741640 430
1741650 430
1741660 428
1741670 424
1741680 424
1741690 422
1741700 422
1741710 422
1741720 421
1741730 419
1741740 419
1741750 418
1741760 416
1741770 416
1741780 415
1741790 414
1741800 412
1741810 412
1741820 413
1741830 418
1741840 418
1741850 421
1741860 425
1741870 425
1741880 428
1741890 431
1741900 431
1741910 433
1741920 436
1741930 436
1741940 438
1741950 441
1741960 441
1741970 444
1741980 447
1741990 447
1742000 449
1742010 450
1742020 450
1742030 450
1742040 448
1742050 446
1742060 446
1742070 441
1742080 437
1742090 437
1742100 434
1742110 429
1742120 429
1742130 424
1742140 420
1742150 420
1742160 417
1742170 415
1742180 415
1742190 411
1742200 410
1742210 412
1742220 412
1742230 415
1742240 416
1742250 416
1742260 418
1742270 421
1742280 421
1742290 424
1742300 428
1742310 428
1742320 432
1742330 437
1742340 437
1742350 440
1742360 441
1742370 441
1742380 442
1742390 442
1742400 442
1742410 443
1742420 443
1742430 444
1742440 444
1742450 444
1742460 445
1742470 445
1742480 446
1742490 447
1742500 447
1742510 448
1742520 450
1742530 450
1742540 451
1742550 452
1742560 452
1742570 454
1742580 454
1742590 454
1742600 455
1742610 455
1742620 453
1742630 453
1742640 451
1742650 449
1742660 449
1742670 443
1742680 440
1742690 440
1742700 439
1742710 438
1742720 438
1742730 437
1742740 435
1742750 435
1742760 433
1742770 431
1742780 431
1742790 430
1742800 428
1742810 428
1742820 427
1742830 426
1742840 425
1742850 425
1742860 424
1742870 422
1742880 422
1742890 420
1742900 416
1742910 416
1742920 413
1742930 412
1742940 412
1742950 410
1742960 409
1742970 409
1742980 407
1742990 406
1743000 406
1743010 405
1743020 405
1743030 406
1743040 406
1743050 407
1743060 407
1743070 407
1743080 408
1743090 410
1743100 410
1743110 412
1743120 414
1743130 414
1743140 416
1743150 419
1743160 419
1743170 421
1743180 424
1743190 424
1743200 427
1743210 428
1743220 428
1743230 430
1743240 432
1743250 434
1743260 434
1743270 436
1743280 439
1743290 439
1743300 441
1743310 442
1743320 442
1743330 445
1743340 447
1743350 447
1743360 449
1743370 450
1743380 450
1743390 453
1743400 455
1743410 455
1743420 457
1743430 459
1743440 459
1743450 459
1743460 457
1743470 454
1743480 454
1743490 451
1743500 449
1743510 449
1743520 449
1743530 448
1743540 448
1743550 447
1743560 446
1743570 446
1743580 444
1743590 443
1743600 443
1743610 442
1743620 441
1743630 441
1743640 440
1743650 440
1743660 439
1743670 439
1743680 439
1743690 438
1743700 438
1743710 439
1743720 439
1743730 439
1743740 438
1743750 438
1743760 438
1743770 438
1743780 438
1743790 438
1743800 439
1743810 439
1743820 439
1743830 439
1743840 440
1743850 440
1743860 440
1743870 440
1743880 441
1743890 441
1743900 441
1743910 440
1743920 440
1743930 439
1743940 437
1743950 437
1743960 433
1743970 431
1743980 431
1743990 429
1744000 429
1744010 429
1744020 427
1744030 426
1744040 426
1744050 425
1744060 425
1744070 424
1744080 424
1744090 422
1744100 419
1744110 419
1744120 417
1744130 414
1744140 414
1744150 414
1744160 415
1744170 415
1744180 417
1744190 418
1744200 418
1744210 422
1744220 425
1744230 425
1744240 428
1744250 430
1744260 430
1744270 432
1744280 434
1744290 435
1744300 435
1744310 437
1744320 441
1744330 441
1744340 444
1744350 447
1744360 447
1744370 450
1744380 453
1744390 453
1744400 457
1744410 459
1744420 459
1744430 461
1744440 462
1744450 462
1744460 463
1744470 463
1744480 464
1744490 464
1744500 464
1744510 465
1744520 465
1744530 466
1744540 467
1744550 467
1744560 468
1744570 469
1744580 469
1744590 470
1744600 470
1744610 470
1744620 471
1744630 472
1744640 472
1744650 471
1744660 471
1744670 471
1744680 470
1744690 469
1744700 465
1744710 465
1744720 466
1744730 461
1744740 461
1744750 456
1744760 451
1744770 451
1744780 446
1744790 443
1744800 443
1744810 439
1744820 436
1744830 436
1744840 433
1744850 429
1744860 429
1744870 426
1744880 423
1744890 421
1744900 421
1744910 417
1744920 414
1744930 414
1744940 413
1744950 411
1744960 411
1744970 410
1744980 408
1744990 408
1745000 404
1745010 406
1745020 406
1745030 404
1745040 403
1745050 403
1745060 403
1745070 403
1745080 403
1745090 403
1745100 402
1745110 401
1745120 401
1745130 400
1745140 400
1745150 400
1745160 399
1745170 398
1745180 398
1745190 398
1745200 397
1745210 397
1745220 396
1745230 396
1745240 396
1745250 395
1745260 394
1745270 394
1745280 394
1745290 393
1745300 391
1745310 391
1745320 390
1745330 389
1745340 389
1745350 389
1745360 389
1745370 389
1745380 389
1745390 388
1745400 388
1745410 387
1745420 385
1745430 385
1745440 383
1745450 382
1745460 382
1745470 380
1745480 378
1745490 378
1745500 373
1745510 372
1745520 375
1745530 375
1745540 377
1745550 380
1745560 380
1745570 381
1745580 382
1745590 382
1745600 382
1745610 381
1745620 381
1745630 380
1745640 378
1745650 378
1745660 377
1745670 375
1745680 375
1745690 374
1745700 374
1745710 372
1745720 372
1745730 369
1745740 366
1745750 366
1745760 364
1745770 363
1745780 363
1745790 363
1745800 364
1745810 364
1745820 364
1745830 366
1745840 366
1745850 366
1745860 365
1745870 365
1745880 365
1745890 366
1745900 366
1745910 366
1745920 366
1745930 366
1745940 366
1745950 366
1745960 366
1745970 366
1745980 366
1745990 366
1746000 366
1746010 366
1746020 366
1746030 366
1746040 366
1746050 367
1746060 367
1746070 367
1746080 368
1746090 368
1746100 368
1746110 368
1746120 367
1746130 367
1746140 367
1746150 367
1746160 367
1746170 368
1746180 370
1746190 370
1746200 371
1746210 370
1746220 370
1746230 370
1746240 370
1746250 370
1746260 370
1746270 371
1746280 371
1746290 372
1746300 372
1746310 372
1746320 372
1746330 372
1746340 372
1746350 372
1746360 371
1746370 370
1746380 370
1746390 369
1746400 369
1746410 369
1746420 368
1746430 368
1746440 368
1746450 367
1746460 366
1746470 366
1746480 365
1746490 365
1746500 365
1746510 365
1746520 364
1746530 364
1746540 362
1746550 362
1746560 363
1746570 363
1746580 362
1746590 361
1746600 361
1746610 360
1746620 359
1746630 359
1746640 358
1746650 358
1746660 358
1746670 357
1746680 356
1746690 356
1746700 355
1746710 354
1746720 354
1746730 354
1746740 353
1746750 352
1746760 352
1746770 351
1746780 350
1746790 350
1746800 349
1746810 349
1746820 349
1746830 348
1746840 348
1746850 348
1746860 348
1746870 347
1746880 347
1746890 347
1746900 347
1746910 347
1746920 347
1746930 346
1746940 346
1746950 346
1746960 344
1746970 347
1746980 347
1746990 349
1747000 351
1747010 351
1747020 352
1747030 350
1747040 350
1747050 350
1747060 351
1747070 351
1747080 352
1747090 358
1747100 358
1747110 361
1747120 362
1747130 362
1747140 364
1747150 369
1747160 371
1747170 371
1747180 373
1747190 375
1747200 375
1747210 377
1747220 380
1747230 380
1747240 380
1747250 380
1747260 380
1747270 378
1747280 376
1747290 376
1747300 373
1747310 370
1747320 370
1747330 368
1747340 365
1747350 365
1747360 364
1747370 362
1747380 359
1747390 359
1747400 357
1747410 356
1747420 356
1747430 354
1747440 352
1747450 352
1747460 350
1747470 349
1747480 349
1747490 347
1747500 345
1747510 345
1747520 342
1747530 341
1747540 341
1747550 340
1747560 339
1747570 339
1747580 339
1747590 339
1747600 339
1747610 339
1747620 338
1747630 338
1747640 338
1747650 338
1747660 338
1747670 338
1747680 338
1747690 338
1747700 338
1747710 338
1747720 338
1747730 338
1747740 335
1747750 337
1747760 337
1747770 338
1747780 338
1747790 338
1747800 338
1747810 338
1747820 338
1747830 338
1747840 338
1747850 338
1747860 338
1747870 338
1747880 339
1747890 339
1747900 339
1747910 339
1747920 339
1747930 339
1747940 338
1747950 338
1747960 338
1747970 338
1747980 338
1747990 338
1748000 338
1748010 338
1748020 338
1748030 338
1748040 338
1748050 338
1748060 338
1748070 338
1748080 338
1748090 338
1748100 338
1748110 338
1748120 338
1748130 338
1748140 338
1748150 338
1748160 338
1748170 338
1748180 338
1748190 338
1748200 338
1748210 338
1748220 338
1748230 338
1748240 338
1748250 338
1748260 338
1748270 338
1748280 338
1748290 338
1748300 338
1748310 338
1748320 338
1748330 338
1748340 338
1748350 338
1748360 338
1748370 338
1748380 338
1748390 338
1748400 338
1748410 338
1748420 338
1748430 338
1748440 338
1748450 338
1748460 338
1748470 338
1748480 338
1748490 338
1748500 338
1748510 339
1748520 339
1748530 339
1748540 338
1748550 338
1748560 338
1748570 338
1748580 338
1748590 338
1748600 337
1748610 337
1748620 337
1748630 337
1748640 337
1748650 337
1748660 337
1748670 336
1748680 336
1748690 336
1748700 336
1748710 336
1748720 336
1748730 336
1748740 336
1748750 336
1748760 336
1748770 336
1748780 336
1748790 336
1748800 336
1748810 336
1748820 336
1748830 336
1748840 336
1748850 336
1748860 336
1748870 336
1748880 336
1748890 336
1748900 336
1748910 335
1748920 335
1748930 335
1748940 335
1748950 334
1748960 334
1748970 334
1748980 334
1748990 334
1749000 334
1749010 334
1749020 334
1749030 334
1749040 334
1749050 334
1749060 334
1749070 334
1749080 334
1749090 334
1749100 335
1749110 335
1749120 335
1749130 335
1749140 334
1749150 334
1749160 334
1749170 334
1749180 334
1749190 334
1749200 334
1749210 334
1749220 334
1749230 333
1749240 333
1749250 333
1749260 333
1749270 333
1749280 333
1749290 333
1749300 333
1749310 333
1749320 333
1749330 333
1749340 333
1749350 333
1749360 333
1749370 333
1749380 333
1749390 333
1749400 333
1749410 333
1749420 333
1749430 333
1749440 333
1749450 334
1749460 333
1749470 333
1749480 333
1749490 333
1749500 333
1749510 333
1749520 333
1749530 333
1749540 333
1749550 333
1749560 333
1749570 333
1749580 334
1749590 334
1749600 334
1749610 334
1749620 334
1749630 334
1749640 334
1749650 334
1749660 334
1749670 334
1749680 334
1749690 334
1749700 334
1749710 334
1749720 334
1749730 334
1749740 334
1749750 334
1749760 334
1749770 334
1749780 334
1749790 334
1749800 335
1749810 335
1749820 335
1749830 335
1749840 336
1749850 336
1749860 336
1749870 336
1749880 336
1749890 336
1749900 336
1749910 336
1749920 336
1749930 336
1749940 336
1749950 336
1749960 336
1749970 336
1749980 336
1749990 337
1750000 337
1750010 337
1750020 336
1750030 336
1750040 336
1750050 337
1750060 337
1750070 337
1750080 336
1750090 335
1750100 335
1750110 334
1750120 334
1750130 334
1750140 334
1750150 334
1750160 334
1750170 333
1750180 332
1750190 332
1750200 332
1750210 332
1750220 332
1750230 331
1750240 332
1750250 333
1750260 333
1750270 332
1750280 332
1750290 332
1750300 333
1750310 333
1750320 333
1750330 334
1750340 334
1750350 334
1750360 335
1750370 336
1750380 336
1750390 336
1750400 337
1750410 337
1750420 338
1750430 338
1750440 338
1750450 339
1750460 339
1750470 339
1750480 339
1750490 338
1750500 338
1750510 338
1750520 337
1750530 336
1750540 336
1750550 336
1750560 336
1750570 336
1750580 337
1750590 336
1750600 336
1750610 336
1750620 337
1750630 337
1750640 337
1750650 336
1750660 336
1750670 336
1750680 336
1750690 336
1750700 336
1750710 335
1750720 335
1750730 335
1750740 335
1750750 335
1750760 335
1750770 335
1750780 335
1750790 335
1750800 335
1750810 335
1750820 335
1750830 335
1750840 334
1750850 334
1750860 334
1750870 333
1750880 333
1750890 333
1750900 332
1750910 332
1750920 332
1750930 332
1750940 332
1750950 332
1750960 332
1750970 332
1750980 332
1750990 332
1751000 332
1751010 332
1751020 332
1751030 333
1751040 333
1751050 333
1751060 333
1751070 334
1751080 334
1751090 334
1751100 334
1751110 334
1751120 334
1751130 334
1751140 334
1751150 334
1751160 334
1751170 334
1751180 334
1751190 334
1751200 334
1751210 335
1751220 335
1751230 335
1751240 335
1751250 335
1751260 335
1751270 335
1751280 335
1751290 335
1751300 335
1751310 335
1751320 335
1751330 335
1751340 336
1751350 336
1751360 336
1751370 337
1751380 337
1751390 337
1751400 337
1751410 338
1751420 338
1751430 338
1751440 338
1751450 338
1751460 338
1751470 338
1751480 338
1751490 338
1751500 337
1751510 337
1751520 337
1751530 336
1751540 335
1751550 335
1751560 333
1751570 331
1751580 331
1751590 330
1751600 330
1751610 330
1751620 330
1751630 330
1751640 330
1751650 330
1751660 330
1751670 330
1751680 329
1751690 332
1751700 333
1751710 333
1751720 335
1751730 336
1751740 336
1751750 337
1751760 337
1751770 337
1751780 337
1751790 337
1751800 337
1751810 336
1751820 336
1751830 336
1751840 336
1751850 336
1751860 336
1751870 335
1751880 335
1751890 334
1751900 334
1751910 334
1751920 334
1751930 334
1751940 334
1751950 333
1751960 333
1751970 333
1751980 332
1751990 332
1752000 332
1752010 332
1752020 332
1752030 332
1752040 332
1752050 332
1752060 331
1752070 331
1752080 331
1752090 331
1752100 331
1752110 330
1752120 330
1752130 330
1752140 330
1752150 330
1752160 330
1752170 331
1752180 331
1752190 331
1752200 331
1752210 331
1752220 330
1752230 330
1752240 330
1752250 330
1752260 329
1752270 329
1752280 329
1752290 329
1752300 329
1752310 329
1752320 329
1752330 328
1752340 328
1752350 328
1752360 328
1752370 328
1752380 328
1752390 328
1752400 328
1752410 327
1752420 327
1752430 327
1752440 327
1752450 327
1752460 327
1752470 327
1752480 327
1752490 327
1752500 327
1752510 327
1752520 327
1752530 327
1752540 327
1752550 327
1752560 327
1752570 327
1752580 327
1752590 327
1752600 327
1752610 327
1752620 327
1752630 327
1752640 327
1752650 327
1752660 326
1752670 326
1752680 326
1752690 326
1752700 325
1752710 325
1752720 325
1752730 325
1752740 325
1752750 325
1752760 324
1752770 324
1752780 324
1752790 324
1752800 324
1752810 324
1752820 324
1752830 323
1752840 323
1752850 323
1752860 323
1752870 323
1752880 323
1752890 323
1752900 323
1752910 323
1752920 323
1752930 323
1752940 323
1752950 323
1752960 323
1752970 323
1752980 323
1752990 323
1753000 323
1753010 324
1753020 324
1753030 324
1753040 324
1753050 324
1753060 324
1753070 324
1753080 324
1753090 324
1753100 324
1753110 324
1753120 324
1753130 324
1753140 324
1753150 323
1753160 323
1753170 323
1753180 322
1753190 322
1753200 323
1753210 324
1753220 324
1753230 325
1753240 325
1753250 325
1753260 325
1753270 325
1753280 325
1753290 325
1753300 325
1753310 325
1753320 326
1753330 326
1753340 326
1753350 326
1753360 325
1753370 325
1753380 325
1753390 325
1753400 325
1753410 325
1753420 326
1753430 325
1753440 325
1753450 326
1753460 326
1753470 326
1753480 327
1753490 327
1753500 327
1753510 327
1753520 327
1753530 327
1753540 327
1753550 327
1753560 328
1753570 328
1753580 327
1753590 327
1753600 327
1753610 328
1753620 328
1753630 328
1753640 328
1753650 328
1753660 328
1753670 328
1753680 328
1753690 328
1753700 328
1753710 328
1753720 328
1753730 328
1753740 327
1753750 327
1753760 327
1753770 327
1753780 326
1753790 326
1753800 326
1753810 326
1753820 326
1753830 326
1753840 326
1753850 326
1753860 325
1753870 325
1753880 325
1753890 324
1753900 324
1753910 324
1753920 323
1753930 322
1753940 322
1753950 322
1753960 321
1753970 320
1753980 320
1753990 320
1754000 320
1754010 320
1754020 320
1754030 320
1754040 320
1754050 320
1754060 319
1754070 319
1754080 320
1754090 319
1754100 319
1754110 320
1754120 319
1754130 319
1754140 319
1754150 319
1754160 319
1754170 319
1754180 319
1754190 319
1754200 319
1754210 319
1754220 318
1754230 318
1754240 318
1754250 318
1754260 318
1754270 318
1754280 318
1754290 318
1754300 317
1754310 317
1754320 317
1754330 316
1754340 316
1754350 316
1754360 315
1754370 315
1754380 315
1754390 315
1754400 315
1754410 314
1754420 314
1754430 314
1754440 313
1754450 313
1754460 314
1754470 314
1754480 314
1754490 310
1754500 309
1754510 309
1754520 309
1754530 309
1754540 309
1754550 309
1754560 309
1754570 309
1754580 309
1754590 309
1754600 309
1754610 309
1754620 309
1754630 309
1754640 309
1754650 309
1754660 309
1754670 309
1754680 309
1754690 309
1754700 309
1754710 309
1754720 309
1754730 309
1754740 309
1754750 309
1754760 309
1754770 309
1754780 309
1754790 309
1754800 309
1754810 309
1754820 309
1754830 309
1754840 310
1754850 309
1754860 309
1754870 309
1754880 309
1754890 309
1754900 309
1754910 309
1754920 309
1754930 309
1754940 309
1754950 309
1754960 309
1754970 309
1754980 310
1754990 310
1755000 309
1755010 309
1755020 309
1755030 309
1755040 309
1755050 309
1755060 309
1755070 309
1755080 309
1755090 309
1755100 310
1755110 310
1755120 310
1755130 310
1755140 310
1755150 310
1755160 310
1755170 310
1755180 310
1755190 310
1755200 310
1755210 310
1755220 310
1755230 310
1755240 310
1755250 310
1755260 310
1755270 310
1755280 310
1755290 310
1755300 310
1755310 309
1755320 308
1755330 308
1755340 308
1755350 310
1755360 310
1755370 310
1755380 310
1755390 310
1755400 310
1755410 310
1755420 310
1755430 310
1755440 310
1755450 310
1755460 310
1755470 310
1755480 310
1755490 310
1755500 310
1755510 310
1755520 310
1755530 310
1755540 310
1755550 310
1755560 310
1755570 310
1755580 310
1755590 310
1755600 310
1755610 310
1755620 310
1755630 310
1755640 310
1755650 310
1755660 311
1755670 310
1755680 310
1755690 310
1755700 311
1755710 311
1755720 311
1755730 310
1755740 310
1755750 311
1755760 311
1755770 311
1755780 311
1755790 311
1755800 311
1755810 311
1755820 312
1755830 312
1755840 312
1755850 313
1755860 315
1755870 315
1755880 318
1755890 321
1755900 321
1755910 323
1755920 324
1755930 324
1755940 329
1755950 333
1755960 333
1755970 334
1755980 339
1755990 339
1756000 342
1756010 346
1756020 347
1756030 347
1756040 348
1756050 349
1756060 349
1756070 350
1756080 355
1756090 355
1756100 362
1756110 369
1756120 369
1756130 372
1756140 375
1756150 375
1756160 381
1756170 384
1756180 384
1756190 383
1756200 384
1756210 384
1756220 386
1756230 388
1756240 391
1756250 391
1756260 395
1756270 396
1756280 396
1756290 396
1756300 397
1756310 397
1756320 397
1756330 397
1756340 397
1756350 397
1756360 397
1756370 397
1756380 396
1756390 395
1756400 395
1756410 395
1756420 394
1756430 393
1756440 393
1756450 391
1756460 389
1756470 389
1756480 386
1756490 382
1756500 382
1756510 379
1756520 375
1756530 375
1756540 371
1756550 369
1756560 369
1756570 368
1756580 366
1756590 366
1756600 363
1756610 360
1756620 360
1756630 356
1756640 353
1756650 350
1756660 350
1756670 349
1756680 349
1756690 349
1756700 347
1756710 351
1756720 351
1756730 352
1756740 354
1756750 354
1756760 356
1756770 358
1756780 358
1756790 361
1756800 364
1756810 364
1756820 366
1756830 368
1756840 369
1756850 369
1756860 371
1756870 372
1756880 372
1756890 372
1756900 374
1756910 374
1756920 377
1756930 381
1756940 381
1756950 386
1756960 391
1756970 391
1756980 395
1756990 397
1757000 397
1757010 400
1757020 401
1757030 401
1757040 403
1757050 404
1757060 405
1757070 405
1757080 407
1757090 409
1757100 409
1757110 410
1757120 412
1757130 412
1757140 414
1757150 415
1757160 415
1757170 417
1757180 420
1757190 420
1757200 421
1757210 425
1757220 425
1757230 427
1757240 429
1757250 430
1757260 430
1757270 431
1757280 431
1757290 431
1757300 430
1757310 430
1757320 430
1757330 429
1757340 429
1757350 429
1757360 428
1757370 427
1757380 427
1757390 427
1757400 427
1757410 427
1757420 424
1757430 424
1757440 424
1757450 423
1757460 422
1757470 422
1757480 422
1757490 421
1757500 420
1757510 420
1757520 419
1757530 417
1757540 417
1757550 417
1757560 416
1757570 416
1757580 414
1757590 411
1757600 411
1757610 409
1757620 407
1757630 407
1757640 405
1757650 404
1757660 402
1757670 402
1757680 399
1757690 396
1757700 396
1757710 394
1757720 392
1757730 392
1757740 390
1757750 387
1757760 387
1757770 385
1757780 383
1757790 383
1757800 383
1757810 382
1757820 382
1757830 381
1757840 380
1757850 380
1757860 379
1757870 377
1757880 376
1757890 376
1757900 375
1757910 374
1757920 374
1757930 373
1757940 371
1757950 371
1757960 370
1757970 368
1757980 368
1757990 364
1758000 359
1758010 359
1758020 355
1758030 352
1758040 352
1758050 351
1758060 351
1758070 350
1758080 350
1758090 348
1758100 346
1758110 346
1758120 345
1758130 342
1758140 342
1758150 340
1758160 338
1758170 338
1758180 336
1758190 333
1758200 333
1758210 330
1758220 329
1758230 329
1758240 327
1758250 326
1758260 326
1758270 325
1758280 324
1758290 322
1758300 322
1758310 322
1758320 320
1758330 320
1758340 319
1758350 323
1758360 323
1758370 322
1758380 322
1758390 322
1758400 323
1758410 323
1758420 323
1758430 324
1758440 324
1758450 324
1758460 325
1758470 326
1758480 327
1758490 327
1758500 327
1758510 326
1758520 326
1758530 325
1758540 324
1758550 324
1758560 323
1758570 322
1758580 322
1758590 320
1758600 319
1758610 319
1758620 318
1758630 318
1758640 318
1758650 318
1758660 317
1758670 317
1758680 317
1758690 317
1758700 317
1758710 317
1758720 317
1758730 317
1758740 317
1758750 316
1758760 316
1758770 316
1758780 316
1758790 316
1758800 316
1758810 316
1758820 316
1758830 316
1758840 316
1758850 316
1758860 316
1758870 316
1758880 315
1758890 315
1758900 315
1758910 315
1758920 315
1758930 315
1758940 315
1758950 315
1758960 315
1758970 316
1758980 317
1758990 317
1759000 317
1759010 318
1759020 318
1759030 318
1759040 319
1759050 319
1759060 320
1759070 319
1759080 319
1759090 320
1759100 320
1759110 320
1759120 320
1759130 320
1759140 321
1759150 321
1759160 321
1759170 322
1759180 322
1759190 322
1759200 323
1759210 323
1759220 324
1759230 325
1759240 325
1759250 326
1759260 327
1759270 327
1759280 329
1759290 330
1759300 330
1759310 332
1759320 336
1759330 337
1759340 337
1759350 338
1759360 341
1759370 341
1759380 343
1759390 347
1759400 347
1759410 351
1759420 353
1759430 353
1759440 354
1759450 355
1759460 355
1759470 355
1759480 355
1759490 355
1759500 355
1759510 358
1759520 358
1759530 358
1759540 362
1759550 365
1759560 365
1759570 369
1759580 370
1759590 370
1759600 371
1759610 372
1759620 372
1759630 373
1759640 374
1759650 374
1759660 375
1759670 376
1759680 376
1759690 375
1759700 374
1759710 374
1759720 373
1759730 372
1759740 371
1759750 371
1759760 369
1759770 367
1759780 367
1759790 366
1759800 366
1759810 366
1759820 366
1759830 365
1759840 365
1759850 365
1759860 363
1759870 363
1759880 361
1759890 359
1759900 359
1759910 357
1759920 354
1759930 351
1759940 351
1759950 349
1759960 347
1759970 347
1759980 345
1759990 344
