1740000 428
1740010 431
1740020 431
1740030 431
1740040 431
1740050 430
1740060 430
1740070 427
1740080 424
1740090 424
1740100 423
1740110 422
1740120 422
1740130 420
1740140 419
1740150 419
1740160 418
1740170 417
1740180 417
1740190 416
1740200 415
1740210 415
1740220 414
1740230 411
1740240 408
1740250 408
1740260 407
1740270 405
1740280 405
1740290 404
1740300 401
1740310 401
1740320 398
1740330 396
1740340 396
1740350 393
1740360 390
1740370 390
1740380 387
1740390 387
1740400 387
1740410 386
1740420 384
1740430 383
1740440 383
1740450 386
1740460 388
1740470 388
1740480 391
1740490 393
1740500 393
1740510 396
1740520 399
1740530 399
1740540 402
1740550 405
1740560 403
1740570 406
1740580 408
1740590 408
1740600 410
1740610 411
1740620 411
1740630 413
1740640 415
1740650 417
1740660 417
1740670 419
1740680 422
1740690 422
1740700 424
1740710 426
1740720 426
1740730 428
1740740 430
1740750 430
1740760 431
1740770 432
1740780 432
1740790 435
1740800 435
1740810 435
1740820 436
1740830 437
1740840 439
1740850 439
1740860 440
1740870 442
1740880 442
1740890 443
1740900 444
1740910 444
1740920 447
1740930 448
1740940 448
1740950 449
1740960 450
1740970 450
1740980 450
1740990 448
1741000 448
1741010 446
1741020 443
1741030 443
1741040 441
1741050 441
1741060 441
1741070 441
1741080 442
1741090 444
1741100 444
1741110 445
1741120 444
1741130 444
1741140 445
1741150 445
1741160 445
1741170 445
1741180 445
1741190 445
1741200 447
1741210 449
1741220 449
1741230 452
1741240 455
1741250 457
1741260 457
1741270 457
1741280 454
1741290 454
1741300 451
1741310 449
1741320 449
1741330 447
1741340 445
1741350 445
1741360 445
1741370 445
1741380 445
1741390 445
1741400 446
1741410 446
1741420 447
1741430 449
1741440 449
1741450 451
1741460 453
1741470 455
1741480 455
1741490 458
1741500 460
1741510 460
1741520 463
1741530 464
1741540 464
1741550 465
1741560 464
1741570 464
1741580 465
1741590 465
1741600 465
1741610 463
1741620 462
1741630 462
1741640 460
1741650 458
1741660 456
1741670 456
1741680 454
1741690 452
1741700 452
1741710 451
1741720 450
1741730 450
1741740 450
1741750 452
1741760 452
1741770 453
1741780 454
1741790 454
1741800 456
1741810 458
1741820 458
1741830 460
1741840 462
1741850 462
1741860 464
1741870 465
1741880 467
1741890 467
1741900 469
1741910 470
1741920 470
1741930 468
1741940 465
1741950 465
1741960 464
1741970 463
1741980 463
1741990 461
1742000 459
1742010 459
1742020 457
1742030 456
1742040 456
1742050 454
1742060 453
1742070 453
1742080 451
1742090 450
1742100 447
1742110 447
1742120 446
1742130 446
1742140 446
1742150 446
1742160 446
1742170 446
1742180 446
1742190 446
1742200 446
1742210 446
1742220 446
1742230 446
1742240 446
1742250 446
1742260 446
1742270 446
1742280 445
1742290 445
1742300 445
1742310 443
1742320 443
1742330 443
1742340 440
1742350 439
1742360 439
1742370 438
1742380 436
1742390 436
1742400 436
1742410 437
1742420 437
1742430 437
1742440 436
1742450 436
1742460 434
1742470 434
1742480 434
1742490 426
1742500 431
1742510 435
1742520 435
1742530 438
1742540 439
1742550 439
1742560 439
1742570 434
1742580 434
1742590 434
1742600 438
1742610 438
1742620 444
1742630 447
1742640 447
1742650 450
1742660 454
1742670 454
1742680 454
1742690 457
1742700 460
1742710 460
1742720 463
1742730 462
1742740 462
1742750 459
1742760 456
1742770 456
1742780 455
1742790 452
1742800 452
1742810 447
1742820 444
1742830 444
1742840 442
1742850 441
1742860 441
1742870 439
1742880 438
1742890 438
1742900 436
1742910 435
1742920 433
1742930 433
1742940 431
1742950 429
1742960 429
1742970 427
1742980 424
1742990 424
1743000 421
1743010 412
1743020 412
1743030 411
1743040 408
1743050 408
1743060 411
1743070 413
1743080 413
1743090 417
1743100 417
1743110 417
1743120 417
1743130 416
1743140 415
1743150 415
1743160 415
1743170 407
1743180 407
1743190 397
1743200 397
1743210 397
1743220 406
1743230 411
1743240 411
1743250 412
1743260 414
1743270 414
1743280 415
1743290 416
1743300 416
1743310 417
1743320 417
1743330 417
1743340 417
1743350 417
1743360 416
1743370 416
1743380 416
1743390 415
1743400 415
1743410 414
1743420 412
1743430 412
1743440 411
1743450 410
1743460 410
1743470 408
1743480 407
1743490 407
1743500 405
1743510 403
1743520 401
1743530 401
1743540 398
1743550 395
1743560 395
1743570 390
1743580 386
1743590 386
1743600 379
1743610 375
1743620 375
1743630 376
1743640 378
1743650 378
1743660 379
1743670 382
1743680 382
1743690 384
1743700 388
1743710 388
1743720 391
1743730 394
1743740 397
1743750 397
1743760 398
1743770 399
1743780 399
1743790 401
1743800 403
1743810 403
1743820 406
1743830 408
1743840 408
1743850 412
1743860 414
1743870 414
1743880 415
1743890 416
1743900 416
1743910 417
1743920 419
1743930 419
1743940 422
1743950 424
1743960 425
1743970 425
1743980 426
1743990 428
1744000 428
1744010 430
1744020 432
1744030 432
1744040 434
1744050 436
1744060 436
1744070 438
1744080 438
1744090 438
1744100 440
1744110 441
1744120 441
1744130 442
1744140 442
1744150 441
1744160 441
1744170 439
1744180 438
1744190 438
1744200 433
1744210 428
1744220 428
1744230 426
1744240 425
1744250 425
1744260 424
1744270 423
1744280 423
1744290 421
1744300 420
1744310 420
1744320 418
1744330 415
1744340 415
1744350 414
1744360 412
1744370 409
1744380 409
1744390 407
1744400 405
1744410 405
1744420 401
1744430 397
1744440 397
1744450 394
1744460 390
1744470 390
1744480 386
1744490 382
1744500 382
1744510 376
1744520 372
1744530 372
1744540 369
1744550 372
1744560 370
1744570 370
1744580 370
1744590 372
1744600 372
1744610 371
1744620 371
1744630 371
1744640 372
1744650 374
1744660 374
1744670 381
1744680 383
1744690 383
1744700 385
1744710 389
1744720 389
1744730 392
1744740 393
1744750 393
1744760 395
1744770 397
1744780 397
1744790 397
1744800 399
1744810 399
1744820 399
1744830 399
1744840 398
1744850 398
1744860 396
1744870 393
1744880 393
1744890 392
1744900 390
1744910 390
1744920 386
1744930 378
1744940 378
1744950 376
1744960 387
1744970 387
1744980 387
1744990 386
1745000 384
1745010 384
1745020 381
1745030 378
1745040 378
1745050 374
1745060 370
1745070 370
1745080 367
1745090 367
1745100 367
1745110 367
1745120 366
1745130 366
1745140 365
1745150 363
1745160 363
1745170 362
1745180 360
1745190 359
1745200 359
1745210 357
1745220 356
1745230 356
1745240 355
1745250 354
1745260 354
1745270 352
1745280 351
1745290 351
1745300 351
1745310 351
1745320 351
1745330 351
1745340 351
1745350 351
1745360 351
1745370 351
1745380 351
1745390 351
1745400 350
1745410 350
1745420 350
1745430 350
1745440 350
1745450 350
1745460 350
1745470 350
1745480 350
1745490 350
1745500 349
1745510 349
1745520 350
1745530 350
1745540 350
1745550 349
1745560 349
1745570 349
1745580 349
1745590 349
1745600 349
1745610 349
1745620 349
1745630 349
1745640 349
1745650 349
1745660 349
1745670 349
1745680 349
1745690 349
1745700 349
1745710 349
1745720 349
1745730 349
1745740 349
1745750 349
1745760 349
1745770 349
1745780 349
1745790 349
1745800 347
1745810 346
1745820 346
1745830 346
1745840 346
1745850 349
1745860 349
1745870 348
1745880 345
1745890 345
1745900 347
1745910 348
1745920 348
1745930 348
1745940 348
1745950 348
1745960 348
1745970 348
1745980 348
1745990 348
1746000 348
1746010 348
1746020 348
1746030 348
1746040 348
1746050 348
1746060 347
1746070 347
1746080 347
1746090 348
1746100 346
1746110 346
1746120 347
1746130 347
1746140 347
1746150 347
1746160 347
1746170 347
1746180 344
1746190 346
1746200 346
1746210 346
1746220 346
1746230 346
1746240 346
1746250 346
1746260 346
1746270 346
1746280 346
1746290 346
1746300 346
1746310 346
1746320 346
1746330 346
1746340 346
1746350 346
1746360 346
1746370 346
1746380 346
1746390 346
1746400 345
1746410 345
1746420 345
1746430 345
1746440 345
1746450 345
1746460 345
1746470 345
1746480 345
1746490 345
1746500 345
1746510 345
1746520 345
1746530 345
1746540 344
1746550 344
1746560 344
1746570 344
1746580 344
1746590 344
1746600 344
1746610 344
1746620 344
1746630 344
1746640 344
1746650 344
1746660 344
1746670 344
1746680 344
1746690 344
1746700 344
1746710 344
1746720 344
1746730 344
1746740 344
1746750 344
1746760 343
1746770 343
1746780 343
1746790 343
1746800 343
1746810 343
1746820 343
1746830 343
1746840 343
1746850 343
1746860 343
1746870 343
1746880 343
1746890 343
1746900 343
1746910 343
1746920 343
1746930 343
1746940 343
1746950 343
1746960 343
1746970 343
1746980 342
1746990 342
1747000 342
1747010 341
1747020 341
1747030 341
1747040 342
1747050 342
1747060 342
1747070 343
1747080 343
1747090 343
1747100 343
1747110 343
1747120 343
1747130 343
1747140 343
1747150 343
1747160 343
1747170 343
1747180 343
1747190 343
1747200 343
1747210 343
1747220 343
1747230 344
1747240 344
1747250 344
1747260 344
1747270 345
1747280 345
1747290 345
1747300 346
1747310 346
1747320 346
1747330 347
1747340 347
1747350 348
1747360 350
1747370 350
1747380 350
1747390 351
1747400 351
1747410 352
1747420 353
1747430 353
1747440 355
1747450 356
1747460 356
1747470 356
1747480 355
1747490 354
1747500 354
1747510 354
1747520 353
1747530 353
1747540 354
1747550 355
1747560 355
1747570 356
1747580 358
1747590 358
1747600 359
1747610 361
1747620 361
1747630 363
1747640 364
1747650 364
1747660 366
1747670 367
1747680 368
1747690 368
1747700 369
1747710 370
1747720 370
1747730 370
1747740 370
1747750 370
1747760 369
1747770 368
1747780 368
1747790 367
1747800 365
1747810 365
1747820 363
1747830 361
1747840 361
1747850 359
1747860 357
1747870 355
1747880 355
1747890 353
1747900 352
1747910 352
1747920 350
1747930 348
1747940 348
1747950 348
1747960 349
1747970 349
1747980 350
1747990 351
1748000 351
1748010 352
1748020 353
1748030 353
1748040 355
1748050 356
1748060 356
1748070 357
1748080 358
1748090 360
1748100 360
1748110 362
1748120 364
1748130 364
1748140 367
1748150 369
1748160 369
1748170 373
1748180 375
1748190 375
1748200 376
1748210 378
1748220 378
1748230 380
1748240 381
1748250 381
1748260 381
1748270 380
1748280 378
1748290 378
1748300 379
1748310 377
1748320 377
1748330 373
1748340 370
1748350 370
1748360 368
1748370 366
1748380 366
1748390 364
1748400 361
1748410 361
1748420 359
1748430 358
1748440 358
1748450 357
1748460 358
1748470 358
1748480 360
1748490 361
1748500 363
1748510 363
1748520 365
1748530 367
1748540 367
1748550 368
1748560 370
1748570 370
1748580 371
1748590 373
1748600 373
1748610 375
1748620 377
1748630 377
1748640 378
1748650 380
1748660 380
1748670 380
1748680 381
1748690 381
1748700 381
1748710 380
1748720 378
1748730 378
1748740 375
1748750 372
1748760 372
1748770 369
1748780 368
1748790 368
1748800 367
1748810 369
1748820 369
1748830 373
1748840 375
1748850 375
1748860 376
1748870 377
1748880 377
1748890 378
1748900 379
1748910 380
1748920 380
1748930 381
1748940 382
1748950 382
1748960 383
1748970 384
1748980 384
1748990 385
1749000 386
1749010 386
1749020 387
1749030 387
1749040 387
1749050 387
1749060 387
1749070 387
1749080 387
1749090 387
1749100 387
1749110 387
1749120 387
1749130 387
1749140 387
1749150 386
1749160 383
1749170 383
1749180 379
1749190 376
1749200 376
1749210 371
1749220 367
1749230 367
1749240 363
1749250 360
1749260 360
1749270 357
1749280 355
1749290 355
1749300 353
1749310 351
1749320 350
1749330 350
1749340 349
1749350 348
1749360 348
1749370 348
1749380 347
1749390 347
1749400 343
1749410 343
1749420 343
1749430 346
1749440 349
1749450 349
1749460 351
1749470 353
1749480 353
1749490 355
1749500 357
1749510 357
1749520 360
1749530 362
1749540 365
1749550 365
1749560 368
1749570 372
1749580 372
1749590 376
1749600 378
1749610 378
1749620 381
1749630 382
1749640 382
1749650 383
1749660 384
1749670 384
1749680 385
1749690 386
1749700 386
1749710 386
1749720 386
1749730 385
1749740 385
1749750 384
1749760 383
1749770 383
1749780 381
1749790 377
1749800 377
1749810 371
1749820 367
1749830 367
1749840 366
1749850 366
1749860 366
1749870 365
1749880 366
1749890 366
1749900 369
1749910 372
1749920 372
1749930 375
1749940 376
1749950 378
1749960 378
1749970 379
1749980 381
1749990 381
1750000 382
1750010 383
1750020 383
1750030 383
1750040 384
1750050 384
1750060 384
1750070 384
1750080 384
1750090 383
1750100 382
1750110 382
1750120 381
1750130 377
1750140 374
1750150 374
1750160 370
1750170 365
1750180 365
1750190 360
1750200 355
1750210 355
1750220 352
1750230 351
1750240 351
1750250 349
1750260 347
1750270 347
1750280 345
1750290 344
1750300 344
1750310 344
1750320 345
1750330 345
1750340 346
1750350 347
1750360 349
1750370 349
1750380 352
1750390 356
1750400 356
1750410 360
1750420 364
1750430 364
1750440 365
1750450 367
1750460 367
1750470 370
1750480 372
1750490 372
1750500 374
1750510 375
1750520 375
1750530 377
1750540 378
1750550 378
1750560 379
1750570 379
1750580 378
1750590 378
1750600 377
1750610 377
1750620 377
1750630 375
1750640 373
1750650 373
1750660 371
1750670 370
1750680 370
1750690 368
1750700 363
1750710 363
1750720 359
1750730 357
1750740 357
1750750 357
1750760 358
1750770 360
1750780 360
1750790 362
1750800 367
1750810 367
1750820 368
1750830 369
1750840 369
1750850 371
1750860 372
1750870 372
1750880 373
1750890 373
1750900 373
1750910 373
1750920 373
1750930 373
1750940 373
1750950 374
1750960 374
1750970 375
1750980 376
1750990 376
1751000 376
1751010 377
1751020 378
1751030 378
1751040 379
1751050 380
1751060 380
1751070 380
1751080 380
1751090 380
1751100 380
1751110 379
1751120 379
1751130 379
1751140 378
1751150 378
1751160 377
1751170 376
1751180 376
1751190 376
1751200 375
1751210 374
1751220 374
1751230 374
1751240 373
1751250 373
1751260 372
1751270 371
1751280 371
1751290 370
1751300 368
1751310 368
1751320 366
1751330 364
1751340 364
1751350 361
1751360 357
1751370 357
1751380 350
1751390 346
1751400 345
1751410 345
1751420 347
1751430 352
1751440 352
1751450 352
1751460 352
1751470 352
1751480 355
1751490 357
1751500 357
1751510 353
1751520 357
1751530 357
1751540 355
1751550 352
1751560 352
1751570 350
1751580 349
1751590 348
1751600 348
1751610 347
1751620 345
1751630 345
1751640 344
1751650 339
1751660 339
1751670 341
1751680 349
1751690 349
1751700 357
1751710 363
1751720 363
1751730 367
1751740 370
1751750 370
1751760 373
1751770 375
1751780 375
1751790 377
1751800 378
1751810 378
1751820 378
1751830 379
1751840 379
1751850 379
1751860 379
1751870 379
1751880 379
1751890 378
1751900 377
1751910 377
1751920 377
1751930 375
1751940 375
1751950 373
1751960 371
1751970 371
1751980 369
1751990 367
1752000 364
1752010 364
1752020 361
1752030 358
1752040 358
1752050 355
1752060 353
1752070 353
1752080 351
1752090 349
1752100 349
1752110 349
1752120 351
1752130 351
1752140 354
1752150 355
1752160 355
1752170 356
1752180 357
1752190 357
1752200 358
1752210 358
1752220 360
1752230 361
1752240 362
1752250 363
1752260 363
1752270 364
1752280 365
1752290 365
1752300 366
1752310 367
1752320 367
1752330 367
1752340 368
1752350 368
1752360 369
1752370 370
1752380 370
1752390 369
1752400 371
1752410 371
1752420 371
1752430 370
1752440 369
1752450 369
1752460 366
1752470 364
1752480 364
1752490 363
1752500 361
1752510 361
1752520 358
1752530 355
1752540 355
1752550 351
1752560 348
1752570 348
1752580 346
1752590 346
1752600 346
1752610 348
1752620 350
1752630 354
1752640 354
1752650 357
1752660 359
1752670 359
1752680 361
1752690 363
1752700 363
1752710 364
1752720 366
1752730 366
1752740 368
1752750 370
1752760 370
1752770 372
1752780 373
1752790 373
1752800 375
1752810 376
1752820 376
1752830 378
1752840 380
1752850 382
1752860 382
1752870 383
1752880 384
1752890 384
1752900 385
1752910 385
1752920 385
1752930 386
1752940 387
1752950 387
1752960 387
1752970 386
1752980 386
1752990 386
1753000 385
1753010 385
1753020 384
1753030 384
1753040 383
1753050 383
1753060 383
1753070 382
1753080 382
1753090 381
1753100 380
1753110 380
1753120 380
1753130 379
1753140 379
1753150 378
1753160 377
1753170 377
1753180 376
1753190 375
1753200 375
1753210 374
1753220 374
1753230 374
1753240 373
1753250 372
1753260 372
1753270 372
1753280 371
1753290 371
1753300 371
1753310 370
1753320 370
1753330 370
1753340 370
1753350 369
1753360 369
1753370 369
1753380 369
1753390 369
1753400 368
1753410 368
1753420 368
1753430 368
1753440 367
1753450 366
1753460 366
1753470 363
1753480 361
1753490 361
1753500 359
1753510 357
1753520 357
1753530 355
1753540 354
1753550 354
1753560 353
1753570 352
1753580 352
1753590 351
1753600 350
1753610 350
1753620 348
1753630 346
1753640 346
1753650 345
1753660 343
1753670 342
1753680 342
1753690 340
1753700 339
1753710 339
1753720 337
1753730 335
1753740 335
1753750 333
1753760 331
1753770 331
1753780 329
1753790 329
1753800 329
1753810 328
1753820 327
1753830 327
1753840 326
1753850 325
1753860 324
1753870 324
1753880 324
1753890 323
1753900 323
1753910 323
1753920 322
1753930 322
1753940 322
1753950 322
1753960 322
1753970 322
1753980 321
1753990 321
1754000 321
1754010 321
1754020 321
1754030 321
1754040 321
1754050 321
1754060 321
1754070 322
1754080 322
1754090 322
1754100 321
1754110 321
1754120 321
1754130 321
1754140 320
1754150 320
1754160 320
1754170 320
1754180 320
1754190 320
1754200 320
1754210 320
1754220 319
1754230 319
1754240 319
1754250 318
1754260 317
1754270 317
1754280 315
1754290 314
1754300 312
1754310 312
1754320 311
1754330 311
1754340 311
1754350 311
1754360 311
1754370 311
1754380 311
1754390 311
1754400 311
1754410 311
1754420 311
1754430 311
1754440 311
1754450 311
1754460 311
1754470 311
1754480 311
1754490 311
1754500 311
1754510 311
1754520 311
1754530 311
1754540 311
1754550 311
1754560 311
1754570 311
1754580 311
1754590 311
1754600 311
1754610 311
1754620 311
1754630 311
1754640 311
1754650 311
1754660 311
1754670 311
1754680 311
1754690 311
1754700 311
1754710 311
1754720 311
1754730 311
1754740 311
1754750 311
1754760 311
1754770 311
1754780 311
1754790 311
1754800 311
1754810 311
1754820 311
1754830 311
1754840 311
1754850 311
1754860 311
1754870 311
1754880 311
1754890 311
1754900 311
1754910 311
1754920 311
1754930 311
1754940 311
1754950 311
1754960 310
1754970 310
1754980 310
1754990 310
1755000 310
1755010 310
1755020 311
1755030 311
1755040 311
1755050 308
1755060 308
1755070 308
1755080 311
1755090 311
1755100 312
1755110 311
1755120 311
1755130 311
1755140 311
1755150 311
1755160 311
1755170 311
1755180 311
1755190 311
1755200 311
1755210 311
1755220 311
1755230 311
1755240 311
1755250 311
1755260 311
1755270 311
1755280 311
1755290 311
1755300 311
1755310 311
1755320 311
1755330 311
1755340 311
1755350 311
1755360 311
1755370 311
1755380 311
1755390 311
1755400 311
1755410 311
1755420 311
1755430 311
1755440 311
1755450 311
1755460 311
1755470 311
1755480 311
1755490 311
1755500 311
1755510 311
1755520 311
1755530 311
1755540 311
1755550 311
1755560 311
1755570 311
1755580 311
1755590 311
1755600 311
1755610 311
1755620 311
1755630 311
1755640 311
1755650 311
1755660 311
1755670 312
1755680 313
1755690 313
1755700 314
1755710 315
1755720 315
1755730 317
1755740 319
1755750 321
1755760 321
1755770 322
1755780 323
1755790 323
1755800 325
1755810 328
1755820 328
1755830 330
1755840 332
1755850 332
1755860 335
1755870 337
1755880 337
1755890 340
1755900 342
1755910 342
1755920 342
1755930 342
1755940 339
1755950 339
1755960 336
1755970 334
1755980 334
1755990 334
1756000 330
1756010 330
1756020 328
1756030 325
1756040 325
1756050 323
1756060 322
1756070 322
1756080 320
1756090 320
1756100 320
1756110 319
1756120 318
1756130 318
1756140 318
1756150 317
1756160 316
1756170 316
1756180 316
1756190 315
1756200 315
1756210 315
1756220 314
1756230 314
1756240 315
1756250 316
1756260 316
1756270 318
1756280 319
1756290 319
1756300 320
1756310 321
1756320 321
1756330 323
1756340 324
1756350 325
1756360 325
1756370 327
1756380 328
1756390 328
1756400 329
1756410 331
1756420 331
1756430 333
1756440 335
1756450 335
1756460 336
1756470 338
1756480 338
1756490 341
1756500 343
1756510 343
1756520 344
1756530 347
1756540 347
1756550 349
1756560 352
1756570 354
1756580 354
1756590 355
1756600 355
1756610 355
1756620 355
1756630 356
1756640 356
1756650 357
1756660 358
1756670 358
1756680 360
1756690 360
1756700 360
1756710 360
1756720 361
1756730 361
1756740 363
1756750 361
1756760 362
1756770 362
1756780 363
1756790 364
1756800 364
1756810 366
1756820 368
1756830 368
1756840 369
1756850 372
1756860 372
1756870 375
1756880 378
1756890 378
1756900 380
1756910 382
1756920 382
1756930 384
1756940 386
1756950 386
1756960 387
1756970 388
1756980 393
1756990 393
1757000 399
1757010 401
1757020 401
1757030 403
1757040 404
1757050 404
1757060 403
1757070 405
1757080 405
1757090 407
1757100 409
1757110 409
1757120 412
1757130 413
1757140 413
1757150 416
1757160 418
1757170 419
1757180 419
1757190 419
1757200 418
1757210 418
1757220 414
1757230 416
1757240 416
1757250 412
1757260 407
1757270 407
1757280 403
1757290 400
1757300 400
1757310 396
1757320 393
1757330 393
1757340 390
1757350 386
1757360 386
1757370 384
1757380 381
1757390 378
1757400 378
1757410 375
1757420 372
1757430 372
1757440 370
1757450 368
1757460 368
1757470 365
1757480 359
1757490 359
1757500 358
1757510 355
1757520 355
1757530 353
1757540 349
1757550 349
1757560 346
1757570 349
1757580 349
1757590 351
1757600 351
1757610 352
1757620 352
1757630 354
1757640 356
1757650 356
1757660 359
1757670 360
1757680 360
1757690 362
1757700 363
1757710 363
1757720 364
1757730 365
1757740 365
1757750 366
1757760 368
1757770 368
1757780 369
1757790 370
1757800 371
1757810 371
1757820 372
1757830 373
1757840 373
1757850 373
1757860 374
1757870 374
1757880 373
1757890 373
1757900 373
1757910 374
1757920 373
1757930 373
1757940 372
1757950 372
1757960 372
1757970 372
1757980 372
1757990 372
1758000 372
1758010 372
1758020 372
1758030 372
1758040 372
1758050 372
1758060 372
1758070 373
1758080 375
1758090 375
1758100 378
1758110 379
1758120 379
1758130 380
1758140 381
1758150 381
1758160 382
1758170 385
1758180 385
1758190 389
1758200 391
1758210 394
1758220 394
1758230 396
1758240 399
1758250 399
1758260 401
1758270 402
1758280 402
1758290 402
1758300 401
1758310 401
1758320 399
1758330 397
1758340 397
1758350 395
1758360 392
1758370 392
1758380 389
1758390 386
1758400 386
1758410 383
1758420 380
1758430 378
1758440 378
1758450 376
1758460 376
1758470 376
1758480 375
1758490 373
1758500 373
1758510 371
1758520 370
1758530 370
1758540 367
1758550 365
1758560 365
1758570 363
1758580 362
1758590 362
1758600 361
1758610 359
1758620 358
1758630 358
1758640 357
1758650 356
1758660 356
1758670 354
1758680 353
1758690 353
1758700 352
1758710 350
1758720 350
1758730 346
1758740 343
1758750 343
1758760 341
1758770 338
1758780 338
1758790 336
1758800 333
1758810 333
1758820 332
1758830 331
1758840 330
1758850 330
1758860 330
1758870 328
1758880 328
1758890 326
1758900 326
1758910 326
1758920 327
1758930 326
1758940 326
1758950 325
1758960 324
1758970 324
1758980 323
1758990 323
1759000 323
1759010 322
1759020 322
1759030 321
1759040 321
1759050 321
1759060 321
1759070 321
1759080 318
1759090 319
1759100 319
1759110 320
1759120 320
1759130 320
1759140 321
1759150 323
1759160 323
1759170 325
1759180 327
1759190 327
1759200 328
1759210 330
1759220 330
1759230 332
1759240 332
1759250 332
1759260 332
1759270 333
1759280 335
1759290 335
1759300 336
1759310 338
1759320 338
1759330 339
1759340 340
1759350 340
1759360 341
1759370 342
1759380 342
1759390 343
1759400 345
1759410 345
1759420 346
1759430 348
1759440 348
1759450 350
1759460 352
1759470 355
1759480 355
1759490 357
1759500 359
1759510 359
1759520 360
1759530 360
1759540 360
1759550 363
1759560 363
1759570 363
1759580 365
1759590 369
1759600 369
1759610 369
1759620 371
1759630 371
1759640 372
1759650 374
1759660 377
1759670 377
1759680 378
1759690 377
1759700 377
1759710 377
1759720 379
1759730 379
1759740 381
1759750 383
1759760 383
1759770 388
1759780 393
1759790 393
1759800 396
1759810 399
1759820 399
1759830 408
1759840 412
1759850 412
1759860 413
1759870 413
1759880 413
1759890 413
1759900 413
1759910 413
1759920 413
1759930 413
1759940 413
1759950 413
1759960 413
1759970 414
1759980 414
1759990 413
