1740000 465
1740010 465
1740020 466
1740030 465
1740040 465
1740050 464
1740060 462
1740070 462
1740080 460
1740090 458
1740100 458
1740110 456
1740120 452
1740130 452
1740140 448
1740150 445
1740160 440
1740170 440
1740180 437
1740190 433
1740200 433
1740210 427
1740220 424
1740230 424
1740240 424
1740250 429
1740260 429
1740270 428
1740280 426
1740290 426
1740300 425
1740310 425
1740320 425
1740330 427
1740340 429
1740350 432
1740360 432
1740370 434
1740380 437
1740390 437
1740400 440
1740410 442
1740420 442
1740430 445
1740440 448
1740450 449
1740460 451
1740470 456
1740480 456
1740490 459
1740500 462
1740510 462
1740520 465
1740530 466
1740540 466
1740550 469
1740560 471
1740570 472
1740580 472
1740590 472
1740600 472
1740610 472
1740620 471
1740630 471
1740640 471
1740650 467
1740660 465
1740670 465
1740680 465
1740690 462
1740700 462
1740710 460
1740720 459
1740730 459
1740740 459
1740750 457
1740760 457
1740770 458
1740780 457
1740790 457
1740800 457
1740810 456
1740820 456
1740830 456
1740840 457
1740850 457
1740860 457
1740870 457
1740880 458
1740890 458
1740900 459
1740910 460
1740920 460
1740930 460
1740940 460
1740950 460
1740960 461
1740970 461
1740980 460
1740990 460
1741000 463
1741010 463
1741020 463
1741030 463
1741040 463
1741050 463
1741060 464
1741070 464
1741080 464
1741090 463
1741100 462
1741110 462
1741120 462
1741130 462
1741140 462
1741150 461
1741160 458
1741170 458
1741180 454
1741190 451
1741200 449
1741210 449
1741220 447
1741230 446
1741240 446
1741250 445
1741260 443
1741270 443
1741280 442
1741290 440
1741300 440
1741310 438
1741320 436
1741330 436
1741340 434
1741350 433
1741360 433
1741370 432
1741380 431
1741390 431
1741400 431
1741410 430
1741420 430
1741430 430
1741440 429
1741450 429
1741460 429
1741470 429
1741480 430
1741490 430
1741500 431
1741510 433
1741520 433
1741530 434
1741540 436
1741550 436
1741560 437
1741570 437
1741580 437
1741590 438
1741600 439
1741610 439
1741620 439
1741630 438
1741640 437
1741650 437
1741660 436
1741670 435
1741680 435
1741690 433
1741700 432
1741710 432
1741720 430
1741730 428
1741740 428
1741750 425
1741760 421
1741770 421
1741780 420
1741790 419
1741800 419
1741810 417
1741820 413
1741830 411
1741840 411
1741850 408
1741860 406
1741870 406
1741880 402
1741890 401
1741900 401
1741910 399
1741920 397
1741930 397
1741940 395
1741950 395
1741960 395
1741970 397
1741980 398
1741990 398
1742000 398
1742010 398
1742020 397
1742030 397
1742040 396
1742050 395
1742060 395
1742070 397
1742080 399
1742090 399
1742100 398
1742110 397
1742120 397
1742130 396
1742140 395
1742150 395
1742160 393
1742170 391
1742180 391
1742190 389
1742200 387
1742210 387
1742220 386
1742230 385
1742240 383
1742250 383
1742260 382
1742270 380
1742280 380
1742290 379
1742300 379
1742310 379
1742320 379
1742330 378
1742340 378
1742350 378
1742360 377
1742370 377
1742380 377
1742390 377
1742400 377
1742410 379
1742420 381
1742430 383
1742440 383
1742450 383
1742460 383
1742470 383
1742480 383
1742490 383
1742500 383
1742510 383
1742520 383
1742530 383
1742540 381
1742550 381
1742560 381
1742570 384
1742580 388
1742590 388
1742600 392
1742610 397
1742620 397
1742630 400
1742640 403
1742650 405
1742660 405
1742670 407
1742680 409
1742690 409
1742700 410
1742710 412
1742720 412
1742730 413
1742740 414
1742750 414
1742760 415
1742770 416
1742780 416
1742790 417
1742800 418
1742810 418
1742820 419
1742830 419
1742840 420
1742850 420
1742860 421
1742870 421
1742880 421
1742890 421
1742900 421
1742910 421
1742920 421
1742930 421
1742940 421
1742950 421
1742960 419
1742970 419
1742980 417
1742990 414
1743000 414
1743010 410
1743020 407
1743030 407
1743040 405
1743050 402
1743060 398
1743070 398
1743080 393
1743090 393
1743100 393
1743110 391
1743120 396
1743130 396
1743140 397
1743150 398
1743160 398
1743170 399
1743180 401
1743190 401
1743200 401
1743210 400
1743220 400
1743230 399
1743240 396
1743250 396
1743260 393
1743270 391
1743280 389
1743290 389
1743300 387
1743310 385
1743320 385
1743330 386
1743340 383
1743350 383
1743360 381
1743370 377
1743380 377
1743390 375
1743400 372
1743410 372
1743420 374
1743430 374
1743440 374
1743450 374
1743460 373
1743470 372
1743480 372
1743490 371
1743500 370
1743510 370
1743520 369
1743530 367
1743540 367
1743550 366
1743560 365
1743570 365
1743580 364
1743590 362
1743600 362
1743610 361
1743620 359
1743630 359
1743640 361
1743650 361
1743660 361
1743670 359
1743680 360
1743690 361
1743700 361
1743710 361
1743720 361
1743730 361
1743740 361
1743750 361
1743760 361
1743770 361
1743780 361
1743790 361
1743800 360
1743810 361
1743820 361
1743830 361
1743840 361
1743850 361
1743860 361
1743870 361
1743880 361
1743890 361
1743900 361
1743910 361
1743920 361
1743930 362
1743940 362
1743950 362
1743960 363
1743970 363
1743980 363
1743990 363
1744000 363
1744010 363
1744020 363
1744030 363
1744040 363
1744050 363
1744060 362
1744070 362
1744080 362
1744090 362
1744100 362
1744110 362
1744120 363
1744130 363
1744140 363
1744150 364
1744160 364
1744170 364
1744180 364
1744190 367
1744200 367
1744210 367
1744220 367
1744230 367
1744240 367
1744250 368
1744260 368
1744270 369
1744280 369
1744290 369
1744300 369
1744310 369
1744320 369
1744330 369
1744340 369
1744350 370
1744360 370
1744370 370
1744380 371
1744390 371
1744400 372
1744410 371
1744420 371
1744430 372
1744440 372
1744450 372
1744460 371
1744470 372
1744480 372
1744490 372
1744500 372
1744510 371
1744520 371
1744530 371
1744540 372
1744550 372
1744560 372
1744570 372
1744580 372
1744590 369
1744600 369
1744610 369
1744620 369
1744630 369
1744640 369
1744650 368
1744660 368
1744670 368
1744680 368
1744690 367
1744700 367
1744710 366
1744720 364
1744730 364
1744740 364
1744750 364
1744760 364
1744770 364
1744780 363
1744790 364
1744800 364
1744810 365
1744820 366
1744830 366
1744840 367
1744850 367
1744860 367
1744870 367
1744880 367
1744890 367
1744900 368
1744910 369
1744920 369
1744930 369
1744940 369
1744950 370
1744960 370
1744970 370
1744980 371
1744990 371
1745000 371
1745010 371
1745020 371
1745030 373
1745040 374
1745050 374
1745060 375
1745070 375
1745080 375
1745090 375
1745100 375
1745110 375
1745120 375
1745130 376
1745140 377
1745150 377
1745160 377
1745170 377
1745180 377
1745190 378
1745200 379
1745210 379
1745220 380
1745230 380
1745240 380
1745250 380
1745260 380
1745270 380
1745280 380
1745290 380
1745300 380
1745310 379
1745320 379
1745330 379
1745340 378
1745350 377
1745360 377
1745370 377
1745380 376
1745390 376
1745400 376
1745410 375
1745420 375
1745430 375
1745440 374
1745450 373
1745460 373
1745470 373
1745480 374
1745490 374
1745500 375
1745510 376
1745520 376
1745530 377
1745540 378
1745550 378
1745560 378
1745570 379
1745580 380
1745590 380
1745600 381
1745610 381
1745620 381
1745630 382
1745640 382
1745650 382
1745660 382
1745670 382
1745680 383
1745690 383
1745700 383
1745710 383
1745720 383
1745730 383
1745740 383
1745750 383
1745760 384
1745770 385
1745780 385
1745790 384
1745800 385
1745810 385
1745820 386
1745830 386
1745840 386
1745850 387
1745860 386
1745870 386
1745880 385
1745890 384
1745900 384
1745910 382
1745920 381
1745930 381
1745940 379
1745950 377
1745960 375
1745970 375
1745980 373
1745990 370
1746000 370
1746010 367
1746020 364
1746030 364
1746040 363
1746050 364
1746060 364
1746070 365
1746080 366
1746090 366
1746100 367
1746110 369
1746120 369
1746130 371
1746140 373
1746150 373
1746160 374
1746170 375
1746180 377
1746190 377
1746200 378
1746210 381
1746220 381
1746230 383
1746240 385
1746250 385
1746260 388
1746270 391
1746280 391
1746290 394
1746300 397
1746310 397
1746320 398
1746330 398
1746340 398
1746350 397
1746360 397
1746370 397
1746380 397
1746390 393
1746400 392
1746410 392
1746420 391
1746430 392
1746440 392
1746450 391
1746460 390
1746470 390
1746480 389
1746490 384
1746500 384
1746510 382
1746520 380
1746530 380
1746540 376
1746550 373
1746560 373
1746570 369
1746580 367
1746590 365
1746600 365
1746610 362
1746620 361
1746630 361
1746640 359
1746650 360
1746660 360
1746670 360
1746680 361
1746690 361
1746700 361
1746710 363
1746720 363
1746730 365
1746740 367
1746750 367
1746760 369
1746770 371
1746780 371
1746790 373
1746800 375
1746810 377
1746820 377
1746830 379
1746840 380
1746850 380
1746860 383
1746870 385
1746880 385
1746890 388
1746900 392
1746910 392
1746920 393
1746930 394
1746940 394
1746950 395
1746960 394
1746970 394
1746980 391
1746990 389
1747000 386
1747010 386
1747020 383
1747030 380
1747040 380
1747050 378
1747060 376
1747070 376
1747080 374
1747090 372
1747100 372
1747110 371
1747120 372
1747130 372
1747140 374
1747150 375
1747160 375
1747170 377
1747180 379
1747190 379
1747200 381
1747210 382
1747220 384
1747230 384
1747240 386
1747250 388
1747260 388
1747270 388
1747280 393
1747290 393
1747300 397
1747310 398
1747320 398
1747330 398
1747340 403
1747350 403
1747360 404
1747370 405
1747380 405
1747390 406
1747400 406
1747410 406
1747420 406
1747430 406
1747440 407
1747450 407
1747460 408
1747470 408
1747480 408
1747490 408
1747500 409
1747510 409
1747520 409
1747530 409
1747540 409
1747550 409
1747560 408
1747570 408
1747580 407
1747590 405
1747600 405
1747610 402
1747620 398
1747630 393
1747640 393
1747650 388
1747660 385
1747670 385
1747680 382
1747690 379
1747700 379
1747710 377
1747720 374
1747730 374
1747740 371
1747750 366
1747760 366
1747770 364
1747780 365
1747790 365
1747800 367
1747810 370
1747820 370
1747830 371
1747840 373
1747850 375
1747860 375
1747870 377
1747880 384
1747890 384
1747900 385
1747910 387
1747920 387
1747930 388
1747940 386
1747950 386
1747960 385
1747970 383
1747980 383
1747990 376
1748000 369
1748010 369
1748020 368
1748030 371
1748040 375
1748050 375
1748060 378
1748070 380
1748080 380
1748090 384
1748100 387
1748110 387
1748120 389
1748130 392
1748140 392
1748150 393
1748160 395
1748170 395
1748180 396
1748190 398
1748200 398
1748210 400
1748220 402
1748230 402
1748240 404
1748250 406
1748260 407
1748270 407
1748280 409
1748290 410
1748300 410
1748310 411
1748320 412
1748330 412
1748340 413
1748350 413
1748360 413
1748370 414
1748380 414
1748390 414
1748400 414
1748410 414
1748420 414
1748430 413
1748440 412
1748450 412
1748460 412
1748470 410
1748480 410
1748490 410
1748500 409
1748510 410
1748520 410
1748530 411
1748540 412
1748550 412
1748560 413
1748570 414
1748580 414
1748590 415
1748600 416
1748610 416
1748620 417
1748630 418
1748640 418
1748650 418
1748660 418
1748670 418
1748680 418
1748690 418
1748700 418
1748710 418
1748720 418
1748730 418
1748740 418
1748750 418
1748760 417
1748770 417
1748780 416
1748790 415
1748800 415
1748810 414
1748820 413
1748830 413
1748840 412
1748850 411
1748860 411
1748870 410
1748880 409
1748890 408
1748900 408
1748910 408
1748920 408
1748930 408
1748940 407
1748950 406
1748960 406
1748970 407
1748980 405
1748990 405
1749000 404
1749010 402
1749020 402
1749030 400
1749040 398
1749050 398
1749060 398
1749070 396
1749080 395
1749090 395
1749100 394
1749110 392
1749120 392
1749130 390
1749140 387
1749150 387
1749160 385
1749170 382
1749180 382
1749190 380
1749200 377
1749210 377
1749220 374
1749230 367
1749240 367
1749250 363
1749260 360
1749270 360
1749280 358
1749290 361
1749300 365
1749310 365
1749320 367
1749330 368
1749340 368
1749350 369
1749360 371
1749370 371
1749380 373
1749390 375
1749400 375
1749410 377
1749420 382
1749430 382
1749440 385
1749450 390
1749460 390
1749470 392
1749480 393
1749490 394
1749500 394
1749510 395
1749520 396
1749530 396
1749540 397
1749550 402
1749560 402
1749570 406
1749580 408
1749590 408
1749600 409
1749610 408
1749620 408
1749630 406
1749640 403
1749650 403
1749660 400
1749670 399
1749680 399
1749690 399
1749700 397
1749710 396
1749720 396
1749730 395
1749740 394
1749750 394
1749760 390
1749770 387
1749780 387
1749790 386
1749800 385
1749810 385
1749820 380
1749830 379
1749840 379
1749850 378
1749860 377
1749870 377
1749880 376
1749890 373
1749900 373
1749910 368
1749920 367
1749930 366
1749940 366
1749950 366
1749960 367
1749970 367
1749980 368
1749990 366
1750000 366
1750010 365
1750020 363
1750030 363
1750040 360
1750050 360
1750060 360
1750070 365
1750080 369
1750090 369
1750100 371
1750110 374
1750120 376
1750130 376
1750140 379
1750150 382
1750160 382
1750170 384
1750180 387
1750190 387
1750200 389
1750210 390
1750220 390
1750230 390
1750240 392
1750250 392
1750260 392
1750270 395
1750280 395
1750290 396
1750300 399
1750310 399
1750320 403
1750330 406
1750340 410
1750350 410
1750360 412
1750370 413
1750380 413
1750390 414
1750400 414
1750410 414
1750420 415
1750430 416
1750440 416
1750450 417
1750460 418
1750470 418
1750480 419
1750490 420
1750500 420
1750510 421
1750520 422
1750530 423
1750540 423
1750550 424
1750560 425
1750570 427
1750580 428
1750590 428
1750600 428
1750610 428
1750620 428
1750630 428
1750640 428
1750650 428
1750660 428
1750670 427
1750680 426
1750690 426
1750700 426
1750710 425
1750720 425
1750730 424
1750740 423
1750750 421
1750760 421
1750770 419
1750780 415
1750790 415
1750800 413
1750810 413
1750820 413
1750830 412
1750840 411
1750850 411
1750860 410
1750870 408
1750880 408
1750890 405
1750900 401
1750910 401
1750920 398
1750930 396
1750940 396
1750950 394
1750960 392
1750970 390
1750980 390
1750990 389
1751000 388
1751010 388
1751020 386
1751030 385
1751040 385
1751050 383
1751060 381
1751070 381
1751080 380
1751090 380
1751100 380
1751110 379
1751120 377
1751130 377
1751140 375
1751150 374
1751160 373
1751170 373
1751180 372
1751190 371
1751200 371
1751210 369
1751220 368
1751230 368
1751240 365
1751250 359
1751260 359
1751270 365
1751280 370
1751290 370
1751300 371
1751310 373
1751320 373
1751330 374
1751340 375
1751350 375
1751360 377
1751370 378
1751380 380
1751390 380
1751400 382
1751410 384
1751420 384
1751430 386
1751440 388
1751450 388
1751460 391
1751470 393
1751480 393
1751490 396
1751500 399
1751510 399
1751520 400
1751530 402
1751540 402
1751550 403
1751560 405
1751570 406
1751580 406
1751590 406
1751600 406
1751610 406
1751620 407
1751630 408
1751640 408
1751650 410
1751660 412
1751670 412
1751680 415
1751690 418
1751700 418
1751710 421
1751720 423
1751730 423
1751740 423
1751750 423
1751760 423
1751770 424
1751780 425
1751790 426
1751800 426
1751810 427
1751820 428
1751830 428
1751840 428
1751850 427
1751860 427
1751870 426
1751880 425
1751890 425
1751900 424
1751910 423
1751920 423
1751930 423
1751940 422
1751950 422
1751960 421
1751970 420
1751980 420
1751990 420
1752000 419
1752010 418
1752020 418
1752030 417
1752040 414
1752050 414
1752060 413
1752070 411
1752080 411
1752090 409
1752100 407
1752110 407
1752120 405
1752130 402
1752140 402
1752150 400
1752160 398
1752170 398
1752180 396
1752190 394
1752200 392
1752210 392
1752220 387
1752230 385
1752240 385
1752250 384
1752260 384
1752270 384
1752280 381
1752290 380
1752300 380
1752310 378
1752320 376
1752330 376
1752340 372
1752350 369
1752360 369
1752370 367
1752380 367
1752390 367
1752400 366
1752410 366
1752420 365
1752430 365
1752440 366
1752450 367
1752460 367
1752470 367
1752480 368
1752490 368
1752500 368
1752510 368
1752520 368
1752530 367
1752540 367
1752550 367
1752560 367
1752570 366
1752580 366
1752590 367
1752600 367
1752610 367
1752620 367
1752630 367
1752640 367
1752650 367
1752660 367
1752670 366
1752680 366
1752690 366
1752700 365
1752710 365
1752720 365
1752730 364
1752740 364
1752750 363
1752760 362
1752770 362
1752780 360
1752790 358
1752800 358
1752810 358
1752820 358
1752830 358
1752840 358
1752850 358
1752860 358
1752870 358
1752880 357
1752890 356
1752900 356
1752910 356
1752920 356
1752930 356
1752940 356
1752950 357
1752960 357
1752970 358
1752980 359
1752990 359
1753000 359
1753010 359
1753020 359
1753030 357
1753040 356
1753050 354
1753060 354
1753070 355
1753080 357
1753090 357
1753100 357
1753110 358
1753120 358
1753130 359
1753140 359
1753150 359
1753160 359
1753170 359
1753180 359
1753190 360
1753200 360
1753210 360
1753220 360
1753230 360
1753240 360
1753250 360
1753260 360
1753270 360
1753280 360
1753290 360
1753300 360
1753310 360
1753320 359
1753330 359
1753340 359
1753350 360
1753360 360
1753370 360
1753380 361
1753390 361
1753400 361
1753410 362
1753420 363
1753430 363
1753440 364
1753450 365
1753460 365
1753470 365
1753480 365
1753490 364
1753500 364
1753510 363
1753520 362
1753530 362
1753540 361
1753550 360
1753560 360
1753570 358
1753580 356
1753590 356
1753600 354
1753610 351
1753620 351
1753630 349
1753640 347
1753650 345
1753660 345
1753670 343
1753680 342
1753690 342
1753700 341
1753710 340
1753720 340
1753730 339
1753740 337
1753750 337
1753760 336
1753770 335
1753780 335
1753790 332
1753800 331
1753810 331
1753820 329
1753830 328
1753840 328
1753850 327
1753860 327
1753870 326
1753880 326
1753890 324
1753900 324
1753910 324
1753920 324
1753930 325
1753940 325
1753950 325
1753960 323
1753970 323
1753980 323
1753990 323
1754000 323
1754010 323
1754020 323
1754030 323
1754040 322
1754050 322
1754060 322
1754070 321
1754080 319
1754090 318
1754100 318
1754110 316
1754120 315
1754130 315
1754140 315
1754150 314
1754160 314
1754170 314
1754180 314
1754190 314
1754200 313
1754210 313
1754220 313
1754230 313
1754240 313
1754250 313
1754260 313
1754270 313
1754280 313
1754290 313
1754300 313
1754310 313
1754320 313
1754330 313
1754340 313
1754350 313
1754360 313
1754370 313
1754380 313
1754390 313
1754400 313
1754410 313
1754420 313
1754430 313
1754440 313
1754450 313
1754460 313
1754470 313
1754480 313
1754490 313
1754500 313
1754510 313
1754520 313
1754530 313
1754540 313
1754550 313
1754560 313
1754570 313
1754580 313
1754590 313
1754600 313
1754610 313
1754620 313
1754630 313
1754640 313
1754650 313
1754660 313
1754670 313
1754680 313
1754690 313
1754700 313
1754710 313
1754720 313
1754730 313
1754740 313
1754750 313
1754760 313
1754770 313
1754780 313
1754790 313
1754800 313
1754810 313
1754820 313
1754830 313
1754840 309
1754850 309
1754860 309
1754870 313
1754880 313
1754890 313
1754900 313
1754910 313
1754920 313
1754930 313
1754940 313
1754950 313
1754960 313
1754970 313
1754980 313
1754990 313
1755000 313
1755010 313
1755020 313
1755030 313
1755040 313
1755050 313
1755060 313
1755070 313
1755080 313
1755090 313
1755100 313
1755110 313
1755120 313
1755130 313
1755140 313
1755150 313
1755160 313
1755170 313
1755180 313
1755190 314
1755200 314
1755210 314
1755220 314
1755230 314
1755240 314
1755250 314
1755260 314
1755270 314
1755280 315
1755290 315
1755300 316
1755310 317
1755320 319
1755330 319
1755340 320
1755350 320
1755360 320
1755370 320
1755380 321
1755390 321
1755400 322
1755410 323
1755420 323
1755430 324
1755440 325
1755450 325
1755460 326
1755470 327
1755480 327
1755490 328
1755500 328
1755510 328
1755520 329
1755530 330
1755540 331
1755550 331
1755560 333
1755570 336
1755580 336
1755590 337
1755600 338
1755610 338
1755620 340
1755630 341
1755640 341
1755650 342
1755660 344
1755670 344
1755680 346
1755690 347
1755700 347
1755710 348
1755720 350
1755730 351
1755740 351
1755750 353
1755760 354
1755770 354
1755780 355
1755790 355
1755800 355
1755810 356
1755820 357
1755830 357
1755840 358
1755850 361
1755860 361
1755870 364
1755880 369
1755890 369
1755900 371
1755910 372
1755920 372
1755930 373
1755940 374
1755950 377
1755960 377
1755970 378
1755980 380
1755990 380
1756000 381
1756010 383
1756020 383
1756030 385
1756040 387
1756050 387
1756060 389
1756070 390
1756080 390
1756090 391
1756100 391
1756110 391
1756120 392
1756130 392
1756140 393
1756150 393
1756160 393
1756170 393
1756180 393
1756190 393
1756200 393
1756210 393
1756220 392
1756230 391
1756240 391
1756250 390
1756260 389
1756270 389
1756280 387
1756290 385
1756300 385
1756310 383
1756320 382
1756330 382
1756340 380
1756350 378
1756360 375
1756370 375
1756380 373
1756390 370
1756400 370
1756410 368
1756420 366
1756430 366
1756440 363
1756450 360
1756460 360
1756470 357
1756480 356
1756490 356
1756500 354
1756510 352
1756520 352
1756530 351
1756540 350
1756550 350
1756560 347
1756570 345
1756580 343
1756590 343
1756600 340
1756610 337
1756620 337
1756630 333
1756640 332
1756650 332
1756660 334
1756670 331
1756680 331
1756690 330
1756700 328
1756710 328
1756720 326
1756730 326
1756740 326
1756750 322
1756760 323
1756770 323
1756780 323
1756790 325
1756800 327
1756810 327
1756820 328
1756830 329
1756840 329
1756850 331
1756860 332
1756870 332
1756880 334
1756890 336
1756900 336
1756910 337
1756920 338
1756930 338
1756940 340
1756950 342
1756960 342
1756970 344
1756980 346
1756990 348
1757000 348
1757010 350
1757020 351
1757030 351
1757040 352
1757050 352
1757060 352
1757070 354
1757080 355
1757090 355
1757100 356
1757110 359
1757120 359
1757130 361
1757140 362
1757150 362
1757160 363
1757170 365
1757180 365
1757190 365
1757200 366
1757210 367
1757220 367
1757230 368
1757240 369
1757250 369
1757260 369
1757270 371
1757280 371
1757290 373
1757300 376
1757310 376
1757320 377
1757330 379
1757340 379
1757350 380
1757360 382
1757370 382
1757380 384
1757390 386
1757400 387
1757410 387
1757420 389
1757430 391
1757440 391
1757450 392
1757460 394
1757470 394
1757480 395
1757490 397
1757500 397
1757510 398
1757520 399
1757530 399
1757540 401
1757550 403
1757560 403
1757570 405
1757580 406
1757590 406
1757600 407
1757610 409
1757620 411
1757630 411
1757640 412
1757650 417
1757660 417
1757670 421
1757680 424
1757690 424
1757700 428
1757710 430
1757720 430
1757730 432
1757740 433
1757750 433
1757760 434
1757770 434
1757780 434
1757790 432
1757800 429
1757810 425
1757820 425
1757830 422
1757840 419
1757850 419
1757860 417
1757870 415
1757880 415
1757890 414
1757900 413
1757910 413
1757920 410
1757930 408
1757940 408
1757950 407
1757960 405
1757970 405
1757980 404
1757990 402
1758000 402
1758010 400
1758020 399
1758030 394
1758040 394
1758050 391
1758060 389
1758070 389
1758080 388
1758090 387
1758100 387
1758110 384
1758120 381
1758130 381
1758140 378
1758150 376
1758160 376
1758170 374
1758180 373
1758190 373
1758200 370
1758210 369
1758220 368
1758230 368
1758240 366
1758250 366
1758260 366
1758270 364
1758280 362
1758290 362
1758300 358
1758310 357
1758320 357
1758330 356
1758340 354
1758350 354
1758360 353
1758370 352
1758380 352
1758390 351
1758400 350
1758410 350
1758420 348
1758430 347
1758440 345
1758450 345
1758460 344
1758470 343
1758480 343
1758490 341
1758500 341
1758510 341
1758520 340
1758530 339
1758540 339
1758550 338
1758560 337
1758570 337
1758580 336
1758590 335
1758600 335
1758610 336
1758620 335
1758630 335
1758640 333
1758650 332
1758660 332
1758670 332
1758680 332
1758690 331
1758700 331
1758710 330
1758720 330
1758730 330
1758740 329
1758750 329
1758760 329
1758770 329
1758780 328
1758790 328
1758800 328
1758810 327
1758820 327
1758830 326
1758840 326
1758850 325
1758860 325
1758870 325
1758880 324
1758890 324
1758900 324
1758910 324
1758920 324
1758930 324
1758940 327
1758950 327
1758960 329
1758970 331
1758980 331
1758990 332
1759000 334
1759010 334
1759020 335
1759030 337
1759040 337
1759050 339
1759060 342
1759070 345
1759080 345
1759090 349
1759100 351
1759110 351
1759120 352
1759130 355
1759140 355
1759150 357
1759160 362
1759170 362
1759180 368
1759190 369
1759200 369
1759210 372
1759220 374
1759230 374
1759240 375
1759250 376
1759260 376
1759270 376
1759280 378
1759290 378
1759300 378
1759310 378
1759320 377
1759330 377
1759340 375
1759350 373
1759360 373
1759370 370
1759380 369
1759390 369
1759400 368
1759410 366
1759420 366
1759430 364
1759440 363
1759450 363
1759460 362
1759470 362
1759480 360
1759490 360
1759500 358
1759510 358
1759520 358
1759530 357
1759540 353
1759550 354
1759560 349
1759570 343
1759580 343
1759590 339
1759600 335
1759610 335
1759620 336
1759630 336
1759640 336
1759650 338
1759660 339
1759670 339
1759680 342
1759690 344
1759700 345
1759710 345
1759720 346
1759730 346
1759740 346
1759750 346
1759760 346
1759770 346
1759780 342
1759790 342
1759800 342
1759810 343
1759820 342
1759830 342
1759840 346
1759850 346
1759860 346
1759870 345
1759880 342
1759890 341
1759900 341
1759910 338
1759920 334
1759930 334
1759940 331
1759950 333
1759960 333
1759970 333
1759980 331
1759990 331
