1740000 415
1740010 412
1740020 412
1740030 411
1740040 408
1740050 408
1740060 407
1740070 410
1740080 410
1740090 412
1740100 413
1740110 413
1740120 414
1740130 413
1740140 413
1740150 415
1740160 417
1740170 422
1740180 422
1740190 424
1740200 427
1740210 427
1740220 429
1740230 431
1740240 431
1740250 432
1740260 434
1740270 434
1740280 435
1740290 437
1740300 437
1740310 438
1740320 438
1740330 438
1740340 440
1740350 440
1740360 440
1740370 441
1740380 440
1740390 439
1740400 439
1740410 437
1740420 435
1740430 435
1740440 432
1740450 429
1740460 429
1740470 427
1740480 425
1740490 425
1740500 422
1740510 420
1740520 420
1740530 417
1740540 414
1740550 414
1740560 408
1740570 404
1740580 403
1740590 403
1740600 402
1740610 401
1740620 401
1740630 401
1740640 401
1740650 401
1740660 399
1740670 399
1740680 399
1740690 398
1740700 399
1740710 399
1740720 397
1740730 399
1740740 399
1740750 408
1740760 413
1740770 413
1740780 415
1740790 417
1740800 418
1740810 418
1740820 418
1740830 419
1740840 419
1740850 419
1740860 419
1740870 419
1740880 418
1740890 419
1740900 419
1740910 418
1740920 417
1740930 417
1740940 415
1740950 413
1740960 413
1740970 408
1740980 408
1740990 408
1741000 409
1741010 409
1741020 408
1741030 408
1741040 407
1741050 412
1741060 412
1741070 418
1741080 420
1741090 420
1741100 422
1741110 425
1741120 425
1741130 427
1741140 429
1741150 429
1741160 430
1741170 430
1741180 430
1741190 432
1741200 432
1741210 431
1741220 431
1741230 429
1741240 427
1741250 427
1741260 426
1741270 423
1741280 423
1741290 420
1741300 417
1741310 417
1741320 413
1741330 408
1741340 408
1741350 401
1741360 398
1741370 398
1741380 398
1741390 396
1741400 396
1741410 396
1741420 397
1741430 396
1741440 396
1741450 396
1741460 402
1741470 402
1741480 402
1741490 400
1741500 400
1741510 399
1741520 399
1741530 399
1741540 400
1741550 400
1741560 400
1741570 401
1741580 401
1741590 401
1741600 401
1741610 400
1741620 400
1741630 399
1741640 399
1741650 398
1741660 398
1741670 397
1741680 396
1741690 396
1741700 393
1741710 390
1741720 390
1741730 390
1741740 391
1741750 391
1741760 390
1741770 389
1741780 389
1741790 388
1741800 386
1741810 386
1741820 384
1741830 383
1741840 383
1741850 383
1741860 382
1741870 382
1741880 382
1741890 381
1741900 381
1741910 381
1741920 381
1741930 380
1741940 380
1741950 380
1741960 380
1741970 380
1741980 379
1741990 379
1742000 379
1742010 378
1742020 378
1742030 378
1742040 378
1742050 377
1742060 377
1742070 377
1742080 376
1742090 376
1742100 376
1742110 376
1742120 375
1742130 375
1742140 375
1742150 374
1742160 374
1742170 374
1742180 373
1742190 373
1742200 373
1742210 372
1742220 372
1742230 372
1742240 371
1742250 370
1742260 370
1742270 370
1742280 370
1742290 370
1742300 370
1742310 369
1742320 369
1742330 370
1742340 370
1742350 370
1742360 370
1742370 370
1742380 370
1742390 370
1742400 370
1742410 370
1742420 370
1742430 369
1742440 369
1742450 369
1742460 369
1742470 369
1742480 369
1742490 369
1742500 369
1742510 369
1742520 369
1742530 369
1742540 369
1742550 369
1742560 369
1742570 369
1742580 369
1742590 369
1742600 369
1742610 370
1742620 371
1742630 371
1742640 371
1742650 371
1742660 371
1742670 370
1742680 371
1742690 372
1742700 372
1742710 372
1742720 373
1742730 373
1742740 374
1742750 375
1742760 375
1742770 376
1742780 377
1742790 377
1742800 377
1742810 377
1742820 377
1742830 377
1742840 376
1742850 376
1742860 375
1742870 375
1742880 374
1742890 374
1742900 374
1742910 373
1742920 373
1742930 373
1742940 372
1742950 372
1742960 371
1742970 370
1742980 370
1742990 371
1743000 371
1743010 371
1743020 372
1743030 373
1743040 373
1743050 374
1743060 375
1743070 375
1743080 376
1743090 377
1743100 381
1743110 381
1743120 383
1743130 385
1743140 385
1743150 387
1743160 390
1743170 390
1743180 393
1743190 395
1743200 395
1743210 397
1743220 399
1743230 399
1743240 403
1743250 404
1743260 404
1743270 405
1743280 406
1743290 406
1743300 407
1743310 408
1743320 409
1743330 409
1743340 409
1743350 410
1743360 410
1743370 411
1743380 412
1743390 412
1743400 413
1743410 413
1743420 413
1743430 414
1743440 416
1743450 416
1743460 420
1743470 422
1743480 422
1743490 425
1743500 427
1743510 429
1743520 429
1743530 430
1743540 431
1743550 431
1743560 433
1743570 434
1743580 434
1743590 436
1743600 439
1743610 439
1743620 441
1743630 441
1743640 441
1743650 442
1743660 443
1743670 443
1743680 444
1743690 445
1743700 445
1743710 446
1743720 446
1743730 445
1743740 445
1743750 442
1743760 439
1743770 439
1743780 436
1743790 434
1743800 434
1743810 432
1743820 430
1743830 430
1743840 428
1743850 426
1743860 426
1743870 424
1743880 423
1743890 423
1743900 421
1743910 419
1743920 419
1743930 413
1743940 407
1743950 402
1743960 402
1743970 401
1743980 399
1743990 399
1744000 397
1744010 396
1744020 396
1744030 394
1744040 392
1744050 392
1744060 390
1744070 388
1744080 388
1744090 386
1744100 384
1744110 384
1744120 381
1744130 379
1744140 382
1744150 382
1744160 386
1744170 389
1744180 389
1744190 392
1744200 393
1744210 393
1744220 395
1744230 397
1744240 397
1744250 399
1744260 401
1744270 401
1744280 402
1744290 402
1744300 402
1744310 403
1744320 407
1744330 407
1744340 413
1744350 416
1744360 418
1744370 418
1744380 420
1744390 423
1744400 423
1744410 426
1744420 429
1744430 429
1744440 432
1744450 432
1744460 432
1744470 430
1744480 427
1744490 427
1744500 424
1744510 420
1744520 420
1744530 414
1744540 409
1744550 408
1744560 408
1744570 406
1744580 402
1744590 402
1744600 402
1744610 400
1744620 400
1744630 398
1744640 397
1744650 397
1744660 396
1744670 394
1744680 394
1744690 392
1744700 390
1744710 390
1744720 388
1744730 386
1744740 386
1744750 386
1744760 385
1744770 384
1744780 384
1744790 383
1744800 380
1744810 380
1744820 378
1744830 379
1744840 379
1744850 380
1744860 383
1744870 383
1744880 387
1744890 389
1744900 389
1744910 390
1744920 390
1744930 390
1744940 390
1744950 390
1744960 390
1744970 390
1744980 389
1744990 391
1745000 391
1745010 393
1745020 394
1745030 394
1745040 395
1745050 396
1745060 396
1745070 398
1745080 399
1745090 399
1745100 401
1745110 402
1745120 402
1745130 404
1745140 407
1745150 407
1745160 409
1745170 411
1745180 412
1745190 412
1745200 414
1745210 414
1745220 414
1745230 417
1745240 420
1745250 420
1745260 423
1745270 427
1745280 427
1745290 431
1745300 433
1745310 433
1745320 435
1745330 436
1745340 436
1745350 438
1745360 440
1745370 440
1745380 443
1745390 444
1745400 444
1745410 444
1745420 442
1745430 441
1745440 441
1745450 439
1745460 437
1745470 437
1745480 436
1745490 434
1745500 434
1745510 434
1745520 432
1745530 432
1745540 428
1745550 425
1745560 425
1745570 423
1745580 421
1745590 421
1745600 419
1745610 416
1745620 415
1745630 415
1745640 412
1745650 409
1745660 409
1745670 407
1745680 405
1745690 405
1745700 403
1745710 400
1745720 400
1745730 401
1745740 398
1745750 398
1745760 394
1745770 391
1745780 391
1745790 386
1745800 390
1745810 392
1745820 392
1745830 394
1745840 396
1745850 396
1745860 398
1745870 400
1745880 400
1745890 401
1745900 402
1745910 402
1745920 403
1745930 407
1745940 407
1745950 410
1745960 413
1745970 413
1745980 415
1745990 418
1746000 418
1746010 421
1746020 424
1746030 426
1746040 426
1746050 430
1746060 432
1746070 432
1746080 432
1746090 431
1746100 431
1746110 431
1746120 429
1746130 429
1746140 427
1746150 425
1746160 425
1746170 421
1746180 418
1746190 418
1746200 415
1746210 412
1746220 412
1746230 409
1746240 405
1746250 402
1746260 402
1746270 397
1746280 396
1746290 396
1746300 394
1746310 390
1746320 390
1746330 388
1746340 389
1746350 389
1746360 395
1746370 396
1746380 396
1746390 396
1746400 398
1746410 398
1746420 399
1746430 400
1746440 400
1746450 400
1746460 401
1746470 403
1746480 403
1746490 405
1746500 409
1746510 409
1746520 410
1746530 412
1746540 412
1746550 414
1746560 415
1746570 415
1746580 418
1746590 419
1746600 419
1746610 420
1746620 421
1746630 422
1746640 423
1746650 424
1746660 426
1746670 426
1746680 428
1746690 430
1746700 430
1746710 432
1746720 434
1746730 434
1746740 437
1746750 439
1746760 439
1746770 441
1746780 443
1746790 443
1746800 446
1746810 448
1746820 448
1746830 449
1746840 451
1746850 450
1746860 450
1746870 449
1746880 447
1746890 447
1746900 444
1746910 442
1746920 442
1746930 440
1746940 437
1746950 437
1746960 436
1746970 434
1746980 434
1746990 431
1747000 429
1747010 429
1747020 426
1747030 423
1747040 423
1747050 421
1747060 419
1747070 417
1747080 417
1747090 415
1747100 415
1747110 415
1747120 413
1747130 411
1747140 411
1747150 409
1747160 407
1747170 407
1747180 404
1747190 403
1747200 403
1747210 405
1747220 405
1747230 405
1747240 403
1747250 403
1747260 403
1747270 402
1747280 400
1747290 398
1747300 398
1747310 393
1747320 387
1747330 387
1747340 388
1747350 391
1747360 391
1747370 394
1747380 397
1747390 397
1747400 398
1747410 397
1747420 397
1747430 397
1747440 396
1747450 396
1747460 398
1747470 398
1747480 400
1747490 400
1747500 401
1747510 402
1747520 402
1747530 403
1747540 404
1747550 404
1747560 405
1747570 406
1747580 406
1747590 406
1747600 407
1747610 407
1747620 407
1747630 408
1747640 408
1747650 409
1747660 410
1747670 410
1747680 410
1747690 412
1747700 414
1747710 414
1747720 415
1747730 419
1747740 419
1747750 422
1747760 422
1747770 422
1747780 427
1747790 429
1747800 429
1747810 431
1747820 432
1747830 432
1747840 434
1747850 435
1747860 435
1747870 438
1747880 439
1747890 439
1747900 440
1747910 441
1747920 442
1747930 442
1747940 443
1747950 444
1747960 444
1747970 445
1747980 446
1747990 446
1748000 446
1748010 447
1748020 447
1748030 449
1748040 450
1748050 450
1748060 451
1748070 452
1748080 452
1748090 452
1748100 451
1748110 449
1748120 449
1748130 447
1748140 445
1748150 445
1748160 442
1748170 440
1748180 440
1748190 438
1748200 436
1748210 436
1748220 434
1748230 432
1748240 432
1748250 430
1748260 427
1748270 427
1748280 419
1748290 418
1748300 418
1748310 418
1748320 417
1748330 416
1748340 416
1748350 417
1748360 419
1748370 419
1748380 424
1748390 422
1748400 422
1748410 427
1748420 428
1748430 428
1748440 430
1748450 431
1748460 431
1748470 432
1748480 432
1748490 432
1748500 432
1748510 430
1748520 430
1748530 424
1748540 419
1748550 418
1748560 418
1748570 416
1748580 415
1748590 415
1748600 415
1748610 414
1748620 414
1748630 413
1748640 413
1748650 413
1748660 413
1748670 412
1748680 412
1748690 410
1748700 408
1748710 408
1748720 412
1748730 416
1748740 417
1748750 417
1748760 418
1748770 418
1748780 418
1748790 418
1748800 418
1748810 418
1748820 418
1748830 418
1748840 418
1748850 418
1748860 417
1748870 417
1748880 415
1748890 416
1748900 416
1748910 414
1748920 417
1748930 417
1748940 418
1748950 419
1748960 420
1748970 420
1748980 421
1748990 421
1749000 421
1749010 422
1749020 420
1749030 420
1749040 417
1749050 416
1749060 416
1749070 417
1749080 417
1749090 417
1749100 417
1749110 417
1749120 417
1749130 417
1749140 418
1749150 417
1749160 417
1749170 420
1749180 425
1749190 425
1749200 430
1749210 432
1749220 432
1749230 432
1749240 432
1749250 432
1749260 431
1749270 428
1749280 428
1749290 422
1749300 420
1749310 420
1749320 417
1749330 414
1749340 414
1749350 414
1749360 413
1749370 413
1749380 413
1749390 412
1749400 411
1749410 411
1749420 409
1749430 407
1749440 407
1749450 408
1749460 407
1749470 407
1749480 406
1749490 405
1749500 405
1749510 404
1749520 403
1749530 403
1749540 401
1749550 400
1749560 400
1749570 401
1749580 400
1749590 397
1749600 397
1749610 396
1749620 396
1749630 396
1749640 397
1749650 396
1749660 396
1749670 395
1749680 393
1749690 393
1749700 390
1749710 392
1749720 392
1749730 393
1749740 393
1749750 393
1749760 391
1749770 389
1749780 386
1749790 386
1749800 384
1749810 381
1749820 381
1749830 383
1749840 385
1749850 385
1749860 388
1749870 389
1749880 389
1749890 390
1749900 391
1749910 391
1749920 394
1749930 395
1749940 395
1749950 396
1749960 398
1749970 398
1749980 399
1749990 399
1750000 400
1750010 400
1750020 401
1750030 403
1750040 403
1750050 408
1750060 414
1750070 414
1750080 420
1750090 424
1750100 424
1750110 427
1750120 429
1750130 429
1750140 431
1750150 433
1750160 433
1750170 435
1750180 437
1750190 437
1750200 439
1750210 441
1750220 442
1750230 442
1750240 443
1750250 444
1750260 444
1750270 444
1750280 444
1750290 444
1750300 444
1750310 444
1750320 444
1750330 444
1750340 444
1750350 444
1750360 444
1750370 444
1750380 444
1750390 444
1750400 444
1750410 444
1750420 444
1750430 445
1750440 445
1750450 445
1750460 446
1750470 447
1750480 447
1750490 447
1750500 448
1750510 448
1750520 449
1750530 450
1750540 450
1750550 450
1750560 450
1750570 450
1750580 451
1750590 451
1750600 451
1750610 450
1750620 449
1750630 447
1750640 447
1750650 446
1750660 444
1750670 444
1750680 443
1750690 442
1750700 442
1750710 441
1750720 439
1750730 439
1750740 438
1750750 436
1750760 436
1750770 435
1750780 434
1750790 434
1750800 432
1750810 430
1750820 430
1750830 428
1750840 426
1750850 422
1750860 422
1750870 419
1750880 418
1750890 418
1750900 417
1750910 415
1750920 415
1750930 414
1750940 414
1750950 414
1750960 413
1750970 412
1750980 412
1750990 411
1751000 408
1751010 408
1751020 408
1751030 407
1751040 406
1751050 406
1751060 405
1751070 404
1751080 404
1751090 404
1751100 403
1751110 403
1751120 402
1751130 400
1751140 400
1751150 398
1751160 398
1751170 398
1751180 396
1751190 393
1751200 393
1751210 391
1751220 391
1751230 391
1751240 390
1751250 389
1751260 388
1751270 388
1751280 386
1751290 384
1751300 384
1751310 382
1751320 380
1751330 380
1751340 379
1751350 376
1751360 376
1751370 374
1751380 372
1751390 372
1751400 370
1751410 367
1751420 367
1751430 366
1751440 364
1751450 362
1751460 362
1751470 362
1751480 361
1751490 361
1751500 360
1751510 359
1751520 359
1751530 359
1751540 360
1751550 360
1751560 361
1751570 361
1751580 361
1751590 362
1751600 363
1751610 363
1751620 364
1751630 365
1751640 365
1751650 366
1751660 366
1751670 366
1751680 366
1751690 367
1751700 368
1751710 368
1751720 369
1751730 369
1751740 369
1751750 369
1751760 369
1751770 369
1751780 369
1751790 369
1751800 369
1751810 368
1751820 368
1751830 368
1751840 367
1751850 366
1751860 366
1751870 366
1751880 365
1751890 366
1751900 366
1751910 367
1751920 368
1751930 368
1751940 367
1751950 367
1751960 367
1751970 367
1751980 368
1751990 368
1752000 369
1752010 370
1752020 370
1752030 370
1752040 371
1752050 371
1752060 370
1752070 371
1752080 372
1752090 372
1752100 374
1752110 375
1752120 375
1752130 375
1752140 375
1752150 375
1752160 376
1752170 377
1752180 377
1752190 378
1752200 378
1752210 378
1752220 379
1752230 379
1752240 379
1752250 379
1752260 379
1752270 379
1752280 379
1752290 379
1752300 379
1752310 379
1752320 378
1752330 378
1752340 378
1752350 378
1752360 377
1752370 377
1752380 372
1752390 371
1752400 371
1752410 376
1752420 377
1752430 377
1752440 376
1752450 375
1752460 375
1752470 374
1752480 372
1752490 372
1752500 369
1752510 365
1752520 365
1752530 365
1752540 366
1752550 367
1752560 367
1752570 367
1752580 367
1752590 367
1752600 367
1752610 366
1752620 366
1752630 366
1752640 366
1752650 366
1752660 365
1752670 365
1752680 365
1752690 365
1752700 366
1752710 367
1752720 367
1752730 369
1752740 370
1752750 370
1752760 370
1752770 371
1752780 371
1752790 372
1752800 373
1752810 373
1752820 374
1752830 373
1752840 373
1752850 373
1752860 372
1752870 372
1752880 371
1752890 371
1752900 371
1752910 371
1752920 371
1752930 371
1752940 371
1752950 370
1752960 370
1752970 370
1752980 370
1752990 370
1753000 370
1753010 370
1753020 372
1753030 372
1753040 372
1753050 372
1753060 372
1753070 372
1753080 371
1753090 371
1753100 369
1753110 367
1753120 367
1753130 367
1753140 366
1753150 365
1753160 365
1753170 365
1753180 364
1753190 364
1753200 362
1753210 361
1753220 361
1753230 359
1753240 357
1753250 357
1753260 356
1753270 354
1753280 354
1753290 353
1753300 352
1753310 352
1753320 350
1753330 348
1753340 346
1753350 346
1753360 344
1753370 342
1753380 342
1753390 340
1753400 340
1753410 340
1753420 339
1753430 337
1753440 337
1753450 336
1753460 335
1753470 335
1753480 334
1753490 333
1753500 333
1753510 332
1753520 331
1753530 331
1753540 331
1753550 330
1753560 330
1753570 330
1753580 329
1753590 329
1753600 329
1753610 328
1753620 328
1753630 328
1753640 327
1753650 327
1753660 327
1753670 327
1753680 326
1753690 326
1753700 326
1753710 325
1753720 325
1753730 323
1753740 321
1753750 319
1753760 319
1753770 319
1753780 318
1753790 318
1753800 317
1753810 317
1753820 317
1753830 317
1753840 317
1753850 317
1753860 317
1753870 317
1753880 317
1753890 317
1753900 317
1753910 317
1753920 317
1753930 317
1753940 317
1753950 317
1753960 317
1753970 317
1753980 317
1753990 317
1754000 317
1754010 317
1754020 317
1754030 317
1754040 317
1754050 317
1754060 317
1754070 317
1754080 317
1754090 317
1754100 317
1754110 317
1754120 317
1754130 317
1754140 317
1754150 317
1754160 317
1754170 317
1754180 317
1754190 317
1754200 317
1754210 317
1754220 316
1754230 316
1754240 316
1754250 316
1754260 316
1754270 316
1754280 316
1754290 316
1754300 316
1754310 316
1754320 316
1754330 316
1754340 316
1754350 316
1754360 316
1754370 316
1754380 316
1754390 316
1754400 316
1754410 315
1754420 315
1754430 315
1754440 317
1754450 317
1754460 316
1754470 316
1754480 316
1754490 316
1754500 316
1754510 316
1754520 316
1754530 316
1754540 316
1754550 316
1754560 316
1754570 316
1754580 316
1754590 316
1754600 316
1754610 316
1754620 316
1754630 316
1754640 316
1754650 316
1754660 316
1754670 316
1754680 316
1754690 316
1754700 316
1754710 316
1754720 316
1754730 316
1754740 316
1754750 316
1754760 316
1754770 316
1754780 316
1754790 316
1754800 316
1754810 316
1754820 317
1754830 317
1754840 315
1754850 315
1754860 315
1754870 315
1754880 316
1754890 316
1754900 316
1754910 316
1754920 316
1754930 316
1754940 316
1754950 316
1754960 316
1754970 316
1754980 316
1754990 317
1755000 317
1755010 317
1755020 317
1755030 317
1755040 317
1755050 317
1755060 318
1755070 318
1755080 318
1755090 318
1755100 318
1755110 318
1755120 318
1755130 319
1755140 319
1755150 319
1755160 319
1755170 319
1755180 319
1755190 319
1755200 319
1755210 320
1755220 320
1755230 320
1755240 320
1755250 321
1755260 321
1755270 321
1755280 321
1755290 321
1755300 321
1755310 321
1755320 322
1755330 322
1755340 322
1755350 322
1755360 322
1755370 320
1755380 318
1755390 318
1755400 320
1755410 320
1755420 320
1755430 321
1755440 321
1755450 322
1755460 322
1755470 322
1755480 323
1755490 323
1755500 323
1755510 324
1755520 324
1755530 324
1755540 325
1755550 325
1755560 326
1755570 326
1755580 326
1755590 327
1755600 329
1755610 329
1755620 330
1755630 331
1755640 333
1755650 333
1755660 334
1755670 337
1755680 337
1755690 339
1755700 342
1755710 342
1755720 344
1755730 345
1755740 345
1755750 348
1755760 352
1755770 352
1755780 355
1755790 358
1755800 358
1755810 361
1755820 362
1755830 362
1755840 364
1755850 364
1755860 365
1755870 365
1755880 366
1755890 368
1755900 368
1755910 369
1755920 371
1755930 371
1755940 373
1755950 374
1755960 374
1755970 376
1755980 378
1755990 378
1756000 379
1756010 381
1756020 381
1756030 380
1756040 383
1756050 385
1756060 385
1756070 388
1756080 390
1756090 390
1756100 392
1756110 393
1756120 393
1756130 394
1756140 396
1756150 396
1756160 400
1756170 402
1756180 402
1756190 404
1756200 406
1756210 406
1756220 408
1756230 411
1756240 411
1756250 412
1756260 414
1756270 417
1756280 417
1756290 419
1756300 422
1756310 422
1756320 424
1756330 425
1756340 425
1756350 424
1756360 423
1756370 423
1756380 421
1756390 418
1756400 418
1756410 415
1756420 412
1756430 412
1756440 410
1756450 407
1756460 407
1756470 406
1756480 404
1756490 401
1756500 401
1756510 399
1756520 397
1756530 397
1756540 396
1756550 393
1756560 393
1756570 390
1756580 387
1756590 387
1756600 384
1756610 382
1756620 382
1756630 379
1756640 377
1756650 377
1756660 375
1756670 373
1756680 372
1756690 372
1756700 370
1756710 368
1756720 368
1756730 367
1756740 365
1756750 365
1756760 361
1756770 358
1756780 358
1756790 355
1756800 353
1756810 353
1756820 351
1756830 349
1756840 349
1756850 347
1756860 345
1756870 345
1756880 343
1756890 342
1756900 341
1756910 341
1756920 340
1756930 339
1756940 339
1756950 338
1756960 337
1756970 337
1756980 334
1756990 331
1757000 331
1757010 332
1757020 337
1757030 337
1757040 340
1757050 342
1757060 342
1757070 345
1757080 348
1757090 348
1757100 349
1757110 350
1757120 353
1757130 353
1757140 355
1757150 359
1757160 359
1757170 361
1757180 362
1757190 362
1757200 362
1757210 362
1757220 362
1757230 363
1757240 363
1757250 363
1757260 363
1757270 363
1757280 363
1757290 364
1757300 364
1757310 364
1757320 364
1757330 364
1757340 364
1757350 364
1757360 364
1757370 364
1757380 364
1757390 365
1757400 366
1757410 366
1757420 367
1757430 368
1757440 368
1757450 368
1757460 369
1757470 369
1757480 369
1757490 368
1757500 371
1757510 371
1757520 377
1757530 380
1757540 380
1757550 381
1757560 385
1757570 385
1757580 388
1757590 390
1757600 390
1757610 393
1757620 395
1757630 395
1757640 396
1757650 397
1757660 397
1757670 398
1757680 401
1757690 401
1757700 406
1757710 407
1757720 407
1757730 410
1757740 412
1757750 415
1757760 415
1757770 417
1757780 419
1757790 419
1757800 422
1757810 423
1757820 423
1757830 425
1757840 425
1757850 425
1757860 425
1757870 422
1757880 422
1757890 421
1757900 419
1757910 419
1757920 416
1757930 414
1757940 413
1757950 413
1757960 412
1757970 409
1757980 409
1757990 406
1758000 403
1758010 403
1758020 400
1758030 396
1758040 396
1758050 394
1758060 393
1758070 393
1758080 391
1758090 389
1758100 389
1758110 387
1758120 384
1758130 384
1758140 380
1758150 377
1758160 374
1758170 374
1758180 371
1758190 366
1758200 366
1758210 365
1758220 364
1758230 364
1758240 363
1758250 361
1758260 361
1758270 360
1758280 357
1758290 357
1758300 355
1758310 354
1758320 354
1758330 353
1758340 351
1758350 350
1758360 350
1758370 349
1758380 348
1758390 348
1758400 346
1758410 345
1758420 345
1758430 344
1758440 343
1758450 343
1758460 342
1758470 341
1758480 341
1758490 340
1758500 340
1758510 340
1758520 340
1758530 341
1758540 341
1758550 341
1758560 342
1758570 343
1758580 343
1758590 345
1758600 347
1758610 347
1758620 348
1758630 350
1758640 350
1758650 350
1758660 350
1758670 350
1758680 350
1758690 350
1758700 350
1758710 349
1758720 347
1758730 347
1758740 344
1758750 344
1758760 344
1758770 343
1758780 342
1758790 341
1758800 341
1758810 339
1758820 337
1758830 337
1758840 336
1758850 336
1758860 336
1758870 335
1758880 334
1758890 334
1758900 332
1758910 334
1758920 334
1758930 334
1758940 334
1758950 334
1758960 334
1758970 335
1758980 337
1758990 337
1759000 340
1759010 342
1759020 342
1759030 344
1759040 346
1759050 346
1759060 347
1759070 349
1759080 349
1759090 350
1759100 352
1759110 352
1759120 353
1759130 355
1759140 355
1759150 356
1759160 357
1759170 357
1759180 359
1759190 360
1759200 360
1759210 360
1759220 360
1759230 361
1759240 361
1759250 364
1759260 367
1759270 367
1759280 372
1759290 378
1759300 378
1759310 381
1759320 381
1759330 381
1759340 381
1759350 382
1759360 382
1759370 381
1759380 381
1759390 381
1759400 380
1759410 377
1759420 375
1759430 375
1759440 372
1759450 369
1759460 369
1759470 367
1759480 365
1759490 365
1759500 363
1759510 361
1759520 361
1759530 359
1759540 358
1759550 358
1759560 357
1759570 356
1759580 356
1759590 356
1759600 356
1759610 357
1759620 357
1759630 357
1759640 357
1759650 357
1759660 356
1759670 356
1759680 356
1759690 356
1759700 355
1759710 355
1759720 354
1759730 352
1759740 352
1759750 350
1759760 348
1759770 348
1759780 346
1759790 347
1759800 347
1759810 350
1759820 350
1759830 351
1759840 351
1759850 353
1759860 356
1759870 356
1759880 357
1759890 355
1759900 355
1759910 359
1759920 361
1759930 361
1759940 364
1759950 367
1759960 367
1759970 369
1759980 371
1759990 371
