1740000 430
1740010 432
1740020 432
1740030 432
1740040 431
1740050 431
1740060 431
1740070 432
1740080 433
1740090 433
1740100 435
1740110 437
1740120 437
1740130 439
1740140 440
1740150 440
1740160 439
1740170 440
1740180 440
1740190 443
1740200 442
1740210 442
1740220 441
1740230 438
1740240 438
1740250 435
1740260 432
1740270 432
1740280 431
1740290 430
1740300 428
1740310 428
1740320 427
1740330 427
1740340 427
1740350 425
1740360 424
1740370 424
1740380 424
1740390 423
1740400 423
1740410 423
1740420 422
1740430 422
1740440 424
1740450 425
1740460 425
1740470 426
1740480 427
1740490 428
1740500 428
1740510 428
1740520 427
1740530 427
1740540 426
1740550 425
1740560 425
1740570 423
1740580 421
1740590 421
1740600 420
1740610 417
1740620 417
1740630 414
1740640 412
1740650 412
1740660 411
1740670 409
1740680 409
1740690 406
1740700 403
1740710 402
1740720 402
1740730 402
1740740 401
1740750 401
1740760 401
1740770 400
1740780 400
1740790 400
1740800 399
1740810 399
1740820 398
1740830 396
1740840 396
1740850 395
1740860 394
1740870 394
1740880 393
1740890 392
1740900 392
1740910 391
1740920 391
1740930 391
1740940 391
1740950 391
1740960 390
1740970 390
1740980 389
1740990 389
1741000 389
1741010 389
1741020 388
1741030 388
1741040 387
1741050 386
1741060 386
1741070 385
1741080 385
1741090 385
1741100 386
1741110 386
1741120 387
1741130 387
1741140 387
1741150 388
1741160 388
1741170 389
1741180 389
1741190 389
1741200 390
1741210 390
1741220 390
1741230 391
1741240 392
1741250 392
1741260 394
1741270 395
1741280 395
1741290 397
1741300 398
1741310 398
1741320 399
1741330 400
1741340 402
1741350 402
1741360 406
1741370 411
1741380 411
1741390 413
1741400 415
1741410 415
1741420 417
1741430 419
1741440 419
1741450 424
1741460 425
1741470 425
1741480 428
1741490 429
1741500 429
1741510 430
1741520 429
1741530 429
1741540 429
1741550 428
1741560 426
1741570 426
1741580 424
1741590 423
1741600 423
1741610 421
1741620 419
1741630 419
1741640 418
1741650 416
1741660 416
1741670 414
1741680 412
1741690 412
1741700 410
1741710 408
1741720 408
1741730 407
1741740 406
1741750 404
1741760 404
1741770 401
1741780 399
1741790 399
1741800 397
1741810 396
1741820 396
1741830 395
1741840 392
1741850 392
1741860 394
1741870 395
1741880 395
1741890 396
1741900 397
1741910 397
1741920 397
1741930 399
1741940 399
1741950 400
1741960 400
1741970 401
1741980 401
1741990 403
1742000 405
1742010 405
1742020 406
1742030 407
1742040 407
1742050 408
1742060 410
1742070 410
1742080 411
1742090 413
1742100 413
1742110 416
1742120 417
1742130 417
1742140 420
1742150 423
1742160 423
1742170 426
1742180 428
1742190 429
1742200 429
1742210 427
1742220 429
1742230 429
1742240 435
1742250 436
1742260 436
1742270 438
1742280 441
1742290 441
1742300 443
1742310 445
1742320 445
1742330 449
1742340 451
1742350 451
1742360 452
1742370 454
1742380 454
1742390 456
1742400 457
1742410 460
1742420 459
1742430 462
1742440 465
1742450 465
1742460 466
1742470 466
1742480 466
1742490 466
1742500 467
1742510 467
1742520 461
1742530 459
1742540 459
1742550 459
1742560 455
1742570 455
1742580 454
1742590 452
1742600 450
1742610 450
1742620 448
1742630 446
1742640 446
1742650 441
1742660 437
1742670 437
1742680 434
1742690 433
1742700 433
1742710 431
1742720 427
1742730 427
1742740 424
1742750 423
1742760 423
1742770 421
1742780 420
1742790 420
1742800 417
1742810 412
1742820 409
1742830 409
1742840 408
1742850 406
1742860 406
1742870 403
1742880 402
1742890 402
1742900 401
1742910 401
1742920 401
1742930 401
1742940 400
1742950 400
1742960 400
1742970 402
1742980 402
1742990 403
1743000 404
1743010 404
1743020 405
1743030 407
1743040 409
1743050 409
1743060 408
1743070 407
1743080 407
1743090 408
1743100 410
1743110 410
1743120 412
1743130 413
1743140 413
1743150 414
1743160 416
1743170 416
1743180 419
1743190 420
1743200 420
1743210 421
1743220 423
1743230 426
1743240 426
1743250 428
1743260 430
1743270 430
1743280 433
1743290 437
1743300 437
1743310 442
1743320 446
1743330 446
1743340 447
1743350 449
1743360 449
1743370 451
1743380 452
1743390 452
1743400 453
1743410 455
1743420 455
1743430 456
1743440 455
1743450 454
1743460 454
1743470 453
1743480 451
1743490 451
1743500 451
1743510 448
1743520 448
1743530 446
1743540 443
1743550 443
1743560 440
1743570 436
1743580 436
1743590 434
1743600 432
1743610 432
1743620 430
1743630 429
1743640 429
1743650 427
1743660 425
1743670 423
1743680 423
1743690 420
1743700 417
1743710 417
1743720 412
1743730 407
1743740 407
1743750 402
1743760 398
1743770 398
1743780 396
1743790 395
1743800 395
1743810 394
1743820 392
1743830 392
1743840 391
1743850 391
1743860 391
1743870 391
1743880 392
1743890 393
1743900 393
1743910 394
1743920 395
1743930 395
1743940 396
1743950 398
1743960 398
1743970 400
1743980 403
1743990 403
1744000 408
1744010 413
1744020 413
1744030 417
1744040 419
1744050 419
1744060 421
1744070 425
1744080 428
1744090 428
1744100 429
1744110 430
1744120 430
1744130 430
1744140 429
1744150 429
1744160 426
1744170 424
1744180 424
1744190 423
1744200 421
1744210 421
1744220 418
1744230 417
1744240 417
1744250 416
1744260 414
1744270 414
1744280 411
1744290 409
1744300 406
1744310 406
1744320 403
1744330 401
1744340 401
1744350 399
1744360 396
1744370 396
1744380 394
1744390 393
1744400 393
1744410 392
1744420 390
1744430 390
1744440 387
1744450 386
1744460 386
1744470 384
1744480 383
1744490 381
1744500 381
1744510 379
1744520 377
1744530 377
1744540 376
1744550 374
1744560 374
1744570 376
1744580 376
1744590 376
1744600 376
1744610 375
1744620 375
1744630 375
1744640 375
1744650 375
1744660 375
1744670 375
1744680 375
1744690 374
1744700 374
1744710 374
1744720 374
1744730 373
1744740 373
1744750 373
1744760 372
1744770 372
1744780 372
1744790 372
1744800 372
1744810 372
1744820 372
1744830 372
1744840 372
1744850 371
1744860 371
1744870 371
1744880 371
1744890 371
1744900 371
1744910 371
1744920 371
1744930 371
1744940 371
1744950 371
1744960 370
1744970 370
1744980 370
1744990 370
1745000 370
1745010 370
1745020 370
1745030 370
1745040 370
1745050 370
1745060 370
1745070 370
1745080 370
1745090 370
1745100 369
1745110 369
1745120 369
1745130 369
1745140 369
1745150 369
1745160 369
1745170 369
1745180 368
1745190 368
1745200 368
1745210 368
1745220 368
1745230 368
1745240 368
1745250 368
1745260 368
1745270 368
1745280 368
1745290 368
1745300 368
1745310 368
1745320 368
1745330 368
1745340 368
1745350 368
1745360 368
1745370 368
1745380 368
1745390 368
1745400 367
1745410 367
1745420 365
1745430 367
1745440 367
1745450 367
1745460 367
1745470 367
1745480 367
1745490 367
1745500 367
1745510 367
1745520 367
1745530 367
1745540 367
1745550 367
1745560 367
1745570 367
1745580 367
1745590 368
1745600 368
1745610 368
1745620 369
1745630 369
1745640 368
1745650 368
1745660 368
1745670 368
1745680 368
1745690 368
1745700 369
1745710 369
1745720 369
1745730 369
1745740 369
1745750 369
1745760 369
1745770 369
1745780 369
1745790 369
1745800 369
1745810 368
1745820 368
1745830 368
1745840 370
1745850 370
1745860 371
1745870 372
1745880 372
1745890 373
1745900 373
1745910 373
1745920 373
1745930 373
1745940 373
1745950 373
1745960 374
1745970 374
1745980 374
1745990 375
1746000 376
1746010 376
1746020 376
1746030 377
1746040 377
1746050 378
1746060 378
1746070 378
1746080 378
1746090 378
1746100 378
1746110 377
1746120 377
1746130 377
1746140 378
1746150 379
1746160 379
1746170 381
1746180 382
1746190 383
1746200 383
1746210 384
1746220 385
1746230 385
1746240 386
1746250 386
1746260 386
1746270 387
1746280 387
1746290 387
1746300 388
1746310 388
1746320 388
1746330 388
1746340 389
1746350 389
1746360 389
1746370 389
1746380 389
1746390 390
1746400 390
1746410 389
1746420 389
1746430 390
1746440 389
1746450 389
1746460 387
1746470 384
1746480 384
1746490 380
1746500 377
1746510 377
1746520 373
1746530 371
1746540 371
1746550 369
1746560 366
1746570 366
1746580 367
1746590 368
1746600 369
1746610 369
1746620 370
1746630 372
1746640 372
1746650 373
1746660 375
1746670 375
1746680 377
1746690 378
1746700 378
1746710 380
1746720 382
1746730 382
1746740 384
1746750 386
1746760 386
1746770 388
1746780 390
1746790 390
1746800 391
1746810 393
1746820 394
1746830 394
1746840 395
1746850 396
1746860 396
1746870 397
1746880 398
1746890 398
1746900 399
1746910 400
1746920 400
1746930 400
1746940 400
1746950 400
1746960 400
1746970 400
1746980 400
1746990 399
1747000 399
1747010 399
1747020 399
1747030 399
1747040 398
1747050 398
1747060 398
1747070 398
1747080 398
1747090 398
1747100 398
1747110 398
1747120 398
1747130 398
1747140 398
1747150 399
1747160 399
1747170 399
1747180 399
1747190 399
1747200 399
1747210 399
1747220 398
1747230 398
1747240 398
1747250 397
1747260 397
1747270 397
1747280 395
1747290 393
1747300 393
1747310 391
1747320 390
1747330 390
1747340 389
1747350 389
1747360 389
1747370 386
1747380 385
1747390 385
1747400 384
1747410 383
1747420 383
1747430 383
1747440 383
1747450 382
1747460 382
1747470 379
1747480 375
1747490 375
1747500 371
1747510 371
1747520 372
1747530 374
1747540 375
1747550 375
1747560 376
1747570 377
1747580 377
1747590 380
1747600 381
1747610 381
1747620 382
1747630 384
1747640 384
1747650 385
1747660 386
1747670 386
1747680 386
1747690 385
1747700 385
1747710 385
1747720 384
1747730 381
1747740 381
1747750 379
1747760 376
1747770 376
1747780 375
1747790 373
1747800 373
1747810 369
1747820 364
1747830 364
1747840 368
1747850 371
1747860 373
1747870 373
1747880 375
1747890 376
1747900 376
1747910 377
1747920 378
1747930 378
1747940 378
1747950 379
1747960 379
1747970 381
1747980 383
1747990 383
1748000 385
1748010 387
1748020 387
1748030 388
1748040 390
1748050 390
1748060 391
1748070 392
1748080 394
1748090 394
1748100 396
1748110 397
1748120 397
1748130 399
1748140 400
1748150 400
1748160 402
1748170 403
1748180 403
1748190 403
1748200 404
1748210 404
1748220 404
1748230 404
1748240 404
1748250 404
1748260 403
1748270 403
1748280 402
1748290 401
1748300 399
1748310 399
1748320 397
1748330 396
1748340 396
1748350 393
1748360 391
1748370 391
1748380 390
1748390 389
1748400 389
1748410 388
1748420 386
1748430 386
1748440 384
1748450 382
1748460 382
1748470 380
1748480 377
1748490 377
1748500 373
1748510 368
1748520 372
1748530 372
1748540 375
1748550 379
1748560 379
1748570 380
1748580 380
1748590 380
1748600 379
1748610 377
1748620 377
1748630 375
1748640 373
1748650 373
1748660 371
1748670 369
1748680 369
1748690 367
1748700 362
1748710 360
1748720 360
1748730 364
1748740 368
1748750 368
1748760 370
1748770 371
1748780 371
1748790 372
1748800 373
1748810 373
1748820 374
1748830 375
1748840 375
1748850 376
1748860 376
1748870 376
1748880 377
1748890 376
1748900 376
1748910 375
1748920 374
1748930 374
1748940 374
1748950 373
1748960 372
1748970 372
1748980 371
1748990 370
1749000 370
1749010 370
1749020 369
1749030 369
1749040 368
1749050 368
1749060 368
1749070 367
1749080 367
1749090 367
1749100 367
1749110 366
1749120 366
1749130 366
1749140 366
1749150 365
1749160 365
1749170 364
1749180 363
1749190 363
1749200 363
1749210 359
1749220 359
1749230 360
1749240 361
1749250 361
1749260 362
1749270 362
1749280 362
1749290 362
1749300 363
1749310 363
1749320 363
1749330 362
1749340 362
1749350 362
1749360 361
1749370 361
1749380 361
1749390 360
1749400 360
1749410 360
1749420 358
1749430 357
1749440 357
1749450 357
1749460 357
1749470 357
1749480 358
1749490 358
1749500 358
1749510 358
1749520 358
1749530 358
1749540 358
1749550 357
1749560 357
1749570 357
1749580 357
1749590 356
1749600 356
1749610 356
1749620 356
1749630 356
1749640 356
1749650 356
1749660 356
1749670 355
1749680 355
1749690 355
1749700 355
1749710 354
1749720 354
1749730 354
1749740 353
1749750 353
1749760 352
1749770 352
1749780 352
1749790 352
1749800 351
1749810 351
1749820 351
1749830 351
1749840 350
1749850 350
1749860 350
1749870 350
1749880 350
1749890 349
1749900 349
1749910 349
1749920 349
1749930 348
1749940 348
1749950 348
1749960 348
1749970 348
1749980 348
1749990 348
1750000 348
1750010 348
1750020 348
1750030 347
1750040 347
1750050 347
1750060 347
1750070 347
1750080 347
1750090 347
1750100 347
1750110 346
1750120 346
1750130 346
1750140 345
1750150 345
1750160 345
1750170 344
1750180 344
1750190 344
1750200 344
1750210 344
1750220 344
1750230 344
1750240 344
1750250 343
1750260 343
1750270 343
1750280 343
1750290 343
1750300 343
1750310 342
1750320 342
1750330 342
1750340 342
1750350 342
1750360 342
1750370 342
1750380 342
1750390 342
1750400 343
1750410 341
1750420 341
1750430 340
1750440 340
1750450 340
1750460 340
1750470 340
1750480 340
1750490 340
1750500 339
1750510 339
1750520 339
1750530 339
1750540 339
1750550 339
1750560 339
1750570 339
1750580 339
1750590 339
1750600 339
1750610 339
1750620 339
1750630 339
1750640 339
1750650 338
1750660 338
1750670 338
1750680 338
1750690 338
1750700 338
1750710 338
1750720 338
1750730 338
1750740 338
1750750 338
1750760 338
1750770 337
1750780 337
1750790 337
1750800 337
1750810 336
1750820 336
1750830 336
1750840 335
1750850 335
1750860 335
1750870 335
1750880 335
1750890 335
1750900 335
1750910 334
1750920 334
1750930 334
1750940 334
1750950 334
1750960 334
1750970 333
1750980 333
1750990 333
1751000 333
1751010 333
1751020 333
1751030 333
1751040 333
1751050 333
1751060 333
1751070 332
1751080 332
1751090 332
1751100 332
1751110 332
1751120 332
1751130 332
1751140 332
1751150 332
1751160 332
1751170 332
1751180 332
1751190 332
1751200 332
1751210 332
1751220 332
1751230 332
1751240 333
1751250 333
1751260 332
1751270 332
1751280 332
1751290 332
1751300 332
1751310 331
1751320 331
1751330 331
1751340 331
1751350 330
1751360 330
1751370 330
1751380 330
1751390 330
1751400 330
1751410 330
1751420 330
1751430 330
1751440 329
1751450 329
1751460 329
1751470 329
1751480 329
1751490 329
1751500 329
1751510 329
1751520 329
1751530 328
1751540 328
1751550 328
1751560 328
1751570 328
1751580 328
1751590 328
1751600 328
1751610 328
1751620 328
1751630 328
1751640 328
1751650 328
1751660 327
1751670 327
1751680 327
1751690 327
1751700 327
1751710 327
1751720 327
1751730 327
1751740 327
1751750 327
1751760 327
1751770 327
1751780 327
1751790 327
1751800 327
1751810 327
1751820 327
1751830 327
1751840 327
1751850 327
1751860 327
1751870 327
1751880 327
1751890 327
1751900 327
1751910 327
1751920 326
1751930 326
1751940 326
1751950 326
1751960 326
1751970 326
1751980 326
1751990 326
1752000 326
1752010 326
1752020 326
1752030 326
1752040 326
1752050 326
1752060 326
1752070 326
1752080 326
1752090 326
1752100 326
1752110 326
1752120 326
1752130 326
1752140 326
1752150 326
1752160 326
1752170 326
1752180 326
1752190 326
1752200 325
1752210 325
1752220 325
1752230 325
1752240 325
1752250 325
1752260 325
1752270 325
1752280 325
1752290 324
1752300 324
1752310 324
1752320 324
1752330 324
1752340 324
1752350 323
1752360 323
1752370 323
1752380 323
1752390 323
1752400 323
1752410 323
1752420 323
1752430 323
1752440 323
1752450 323
1752460 323
1752470 323
1752480 322
1752490 322
1752500 322
1752510 322
1752520 322
1752530 322
1752540 322
1752550 322
1752560 322
1752570 322
1752580 322
1752590 322
1752600 322
1752610 322
1752620 322
1752630 322
1752640 322
1752650 322
1752660 322
1752670 322
1752680 322
1752690 322
1752700 322
1752710 322
1752720 322
1752730 322
1752740 322
1752750 322
1752760 322
1752770 322
1752780 322
1752790 323
1752800 323
1752810 323
1752820 323
1752830 323
1752840 323
1752850 323
1752860 323
1752870 323
1752880 322
1752890 322
1752900 322
1752910 322
1752920 322
1752930 322
1752940 322
1752950 322
1752960 322
1752970 322
1752980 322
1752990 322
1753000 322
1753010 323
1753020 323
1753030 323
1753040 323
1753050 323
1753060 323
1753070 323
1753080 323
1753090 323
1753100 324
1753110 324
1753120 324
1753130 324
1753140 324
1753150 324
1753160 324
1753170 324
1753180 324
1753190 324
1753200 323
1753210 323
1753220 323
1753230 322
1753240 321
1753250 321
1753260 321
1753270 321
1753280 321
1753290 320
1753300 319
1753310 319
1753320 319
1753330 319
1753340 319
1753350 319
1753360 319
1753370 319
1753380 319
1753390 319
1753400 320
1753410 320
1753420 320
1753430 320
1753440 320
1753450 320
1753460 320
1753470 320
1753480 320
1753490 320
1753500 320
1753510 320
1753520 320
1753530 320
1753540 320
1753550 320
1753560 320
1753570 320
1753580 320
1753590 320
1753600 320
1753610 320
1753620 320
1753630 320
1753640 320
1753650 320
1753660 320
1753670 320
1753680 320
1753690 320
1753700 320
1753710 320
1753720 320
1753730 320
1753740 320
1753750 320
1753760 320
1753770 320
1753780 320
1753790 320
1753800 320
1753810 320
1753820 320
1753830 320
1753840 320
1753850 320
1753860 320
1753870 320
1753880 320
1753890 320
1753900 320
1753910 320
1753920 320
1753930 318
1753940 318
1753950 316
1753960 319
1753970 320
1753980 320
1753990 320
1754000 320
1754010 320
1754020 320
1754030 320
1754040 320
1754050 320
1754060 320
1754070 320
1754080 320
1754090 320
1754100 320
1754110 320
1754120 320
1754130 320
1754140 320
1754150 320
1754160 320
1754170 320
1754180 320
1754190 320
1754200 320
1754210 320
1754220 320
1754230 320
1754240 320
1754250 320
1754260 320
1754270 320
1754280 320
1754290 320
1754300 320
1754310 320
1754320 320
1754330 320
1754340 320
1754350 320
1754360 320
1754370 320
1754380 320
1754390 320
1754400 320
1754410 320
1754420 320
1754430 320
1754440 320
1754450 320
1754460 320
1754470 320
1754480 320
1754490 320
1754500 320
1754510 320
1754520 320
1754530 320
1754540 320
1754550 320
1754560 320
1754570 320
1754580 320
1754590 320
1754600 320
1754610 321
1754620 321
1754630 321
1754640 321
1754650 321
1754660 321
1754670 321
1754680 321
1754690 321
1754700 321
1754710 322
1754720 322
1754730 322
1754740 322
1754750 323
1754760 323
1754770 323
1754780 324
1754790 324
1754800 325
1754810 327
1754820 329
1754830 329
1754840 329
1754850 332
1754860 332
1754870 333
1754880 335
1754890 335
1754900 337
1754910 339
1754920 339
1754930 341
1754940 342
1754950 342
1754960 343
1754970 345
1754980 345
1754990 347
1755000 349
1755010 349
1755020 351
1755030 352
1755040 354
1755050 354
1755060 355
1755070 357
1755080 357
1755090 358
1755100 360
1755110 360
1755120 362
1755130 363
1755140 363
1755150 364
1755160 365
1755170 365
1755180 367
1755190 369
1755200 369
1755210 370
1755220 371
1755230 371
1755240 372
1755250 373
1755260 374
1755270 374
1755280 375
1755290 378
1755300 378
1755310 379
1755320 381
1755330 381
1755340 383
1755350 384
1755360 384
1755370 385
1755380 387
1755390 387
1755400 389
1755410 390
1755420 390
1755430 391
1755440 392
1755450 394
1755460 394
1755470 397
1755480 400
1755490 400
1755500 402
1755510 402
1755520 402
1755530 401
1755540 399
1755550 399
1755560 396
1755570 394
1755580 394
1755590 390
1755600 388
1755610 388
1755620 385
1755630 383
1755640 383
1755650 380
1755660 378
1755670 376
1755680 376
1755690 375
1755700 374
1755710 374
1755720 372
1755730 371
1755740 371
1755750 370
1755760 369
1755770 369
1755780 361
1755790 357
1755800 357
1755810 359
1755820 362
1755830 362
1755840 368
1755850 364
1755860 364
1755870 362
1755880 362
1755890 364
1755900 364
1755910 366
1755920 367
1755930 367
1755940 366
1755950 365
1755960 365
1755970 363
1755980 361
1755990 361
1756000 360
1756010 358
1756020 358
1756030 356
1756040 354
1756050 354
1756060 352
1756070 350
1756080 348
1756090 348
1756100 347
1756110 346
1756120 346
1756130 345
1756140 343
1756150 343
1756160 341
1756170 339
1756180 339
1756190 337
1756200 336
1756210 336
1756220 335
1756230 334
1756240 334
1756250 334
1756260 333
1756270 333
1756280 333
1756290 334
1756300 334
1756310 334
1756320 334
1756330 335
1756340 335
1756350 336
1756360 337
1756370 337
1756380 338
1756390 339
1756400 339
1756410 340
1756420 340
1756430 340
1756440 342
1756450 343
1756460 343
1756470 346
1756480 349
1756490 349
1756500 351
1756510 354
1756520 356
1756530 356
1756540 358
1756550 360
1756560 360
1756570 362
1756580 364
1756590 364
1756600 365
1756610 367
1756620 367
1756630 369
1756640 372
1756650 372
1756660 373
1756670 374
1756680 374
1756690 378
1756700 380
1756710 381
1756720 381
1756730 386
1756740 388
1756750 388
1756760 389
1756770 391
1756780 391
1756790 395
1756800 398
1756810 398
1756820 400
1756830 400
1756840 400
1756850 401
1756860 403
1756870 403
1756880 404
1756890 406
1756900 406
1756910 408
1756920 410
1756930 412
1756940 412
1756950 413
1756960 413
1756970 413
1756980 414
1756990 413
1757000 413
1757010 412
1757020 409
1757030 409
1757040 406
1757050 403
1757060 403
1757070 400
1757080 398
1757090 398
1757100 398
1757110 397
1757120 397
1757130 397
1757140 396
1757150 395
1757160 395
1757170 394
1757180 393
1757190 393
1757200 392
1757210 391
1757220 391
1757230 390
1757240 390
1757250 390
1757260 389
1757270 387
1757280 387
1757290 385
1757300 383
1757310 383
1757320 381
1757330 379
1757340 379
1757350 378
1757360 377
1757370 377
1757380 377
1757390 377
1757400 377
1757410 377
1757420 377
1757430 377
1757440 377
1757450 376
1757460 374
1757470 374
1757480 373
1757490 372
1757500 372
1757510 370
1757520 367
1757530 367
1757540 365
1757550 361
1757560 358
1757570 358
1757580 355
1757590 354
1757600 354
1757610 352
1757620 353
1757630 353
1757640 356
1757650 357
1757660 357
1757670 358
1757680 359
1757690 359
1757700 360
1757710 362
1757720 362
1757730 364
1757740 366
1757750 366
1757760 368
1757770 369
1757780 370
1757790 370
1757800 371
1757810 372
1757820 372
1757830 373
1757840 377
1757850 377
1757860 383
1757870 387
1757880 387
1757890 390
1757900 392
1757910 392
1757920 394
1757930 395
1757940 395
1757950 397
1757960 398
1757970 398
1757980 399
1757990 400
1758000 401
1758010 401
1758020 402
1758030 403
1758040 403
1758050 404
1758060 405
1758070 405
1758080 406
1758090 408
1758100 408
1758110 408
1758120 410
1758130 410
1758140 411
1758150 412
1758160 412
1758170 412
1758180 413
1758190 414
1758200 414
1758210 415
1758220 417
1758230 417
1758240 418
1758250 420
1758260 420
1758270 419
1758280 419
1758290 419
1758300 422
1758310 422
1758320 422
1758330 422
1758340 423
1758350 423
1758360 425
1758370 426
1758380 426
1758390 427
1758400 429
1758410 430
1758420 430
1758430 432
1758440 433
1758450 433
1758460 434
1758470 435
1758480 435
1758490 435
1758500 435
1758510 435
1758520 435
1758530 433
1758540 433
1758550 432
1758560 430
1758570 430
1758580 428
1758590 426
1758600 426
1758610 423
1758620 418
1758630 416
1758640 416
1758650 415
1758660 413
1758670 413
1758680 411
1758690 409
1758700 409
1758710 406
1758720 404
1758730 404
1758740 402
1758750 399
1758760 399
1758770 396
1758780 393
1758790 393
1758800 390
1758810 388
1758820 386
1758830 386
1758840 384
1758850 382
1758860 382
1758870 380
1758880 379
1758890 379
1758900 377
1758910 375
1758920 375
1758930 371
1758940 366
1758950 366
1758960 360
1758970 354
1758980 354
1758990 353
1759000 355
1759010 355
1759020 355
1759030 355
1759040 355
1759050 355
1759060 355
1759070 356
1759080 356
1759090 357
1759100 360
1759110 360
1759120 365
1759130 368
1759140 368
1759150 373
1759160 377
1759170 377
1759180 379
1759190 381
1759200 381
1759210 383
1759220 385
1759230 385
1759240 387
1759250 389
1759260 391
1759270 391
1759280 393
1759290 395
1759300 395
1759310 396
1759320 397
1759330 397
1759340 399
1759350 400
1759360 400
1759370 401
1759380 402
1759390 402
1759400 400
1759410 402
1759420 402
1759430 400
1759440 398
1759450 395
1759460 395
1759470 392
1759480 390
1759490 390
1759500 387
1759510 383
1759520 383
1759530 379
1759540 377
1759550 377
1759560 374
1759570 371
1759580 371
1759590 371
1759600 370
1759610 370
1759620 368
1759630 370
1759640 370
1759650 370
1759660 369
1759670 368
1759680 368
1759690 363
1759700 361
1759710 362
1759720 361
1759730 360
1759740 360
1759750 359
1759760 358
1759770 358
1759780 357
1759790 356
1759800 356
1759810 355
1759820 353
1759830 353
1759840 351
1759850 352
1759860 352
1759870 353
1759880 355
1759890 357
1759900 357
1759910 358
1759920 358
1759930 358
1759940 358
1759950 359
1759960 359
1759970 360
1759980 361
1759990 361
