1740000 437
1740010 437
1740020 437
1740030 440
1740040 439
1740050 439
1740060 440
1740070 440
1740080 440
1740090 440
1740100 440
1740110 440
1740120 440
1740130 441
1740140 441
1740150 441
1740160 441
1740170 441
1740180 442
1740190 442
1740200 442
1740210 435
1740220 432
1740230 432
1740240 428
1740250 427
1740260 426
1740270 426
1740280 425
1740290 423
1740300 423
1740310 423
1740320 425
1740330 425
1740340 428
1740350 428
1740360 428
1740370 429
1740380 429
1740390 429
1740400 430
1740410 430
1740420 430
1740430 429
1740440 429
1740450 429
1740460 428
1740470 428
1740480 428
1740490 428
1740500 427
1740510 426
1740520 426
1740530 425
1740540 423
1740550 423
1740560 423
1740570 423
1740580 424
1740590 424
1740600 423
1740610 423
1740620 422
1740630 421
1740640 421
1740650 421
1740660 421
1740670 421
1740680 420
1740690 419
1740700 419
1740710 419
1740720 418
1740730 418
1740740 418
1740750 418
1740760 417
1740770 417
1740780 416
1740790 414
1740800 414
1740810 412
1740820 411
1740830 411
1740840 411
1740850 408
1740860 408
1740870 405
1740880 402
1740890 402
1740900 403
1740910 403
1740920 402
1740930 402
1740940 403
1740950 401
1740960 401
1740970 400
1740980 399
1740990 399
1741000 395
1741010 397
1741020 397
1741030 397
1741040 398
1741050 398
1741060 398
1741070 398
1741080 398
1741090 398
1741100 398
1741110 398
1741120 398
1741130 399
1741140 401
1741150 401
1741160 402
1741170 404
1741180 404
1741190 406
1741200 408
1741210 408
1741220 410
1741230 413
1741240 413
1741250 415
1741260 417
1741270 417
1741280 419
1741290 420
1741300 420
1741310 422
1741320 423
1741330 426
1741340 426
1741350 430
1741360 434
1741370 434
1741380 436
1741390 437
1741400 437
1741410 437
1741420 438
1741430 438
1741440 438
1741450 439
1741460 439
1741470 440
1741480 440
1741490 440
1741500 441
1741510 443
1741520 443
1741530 443
1741540 439
1741550 435
1741560 435
1741570 428
1741580 425
1741590 425
1741600 425
1741610 427
1741620 427
1741630 426
1741640 422
1741650 422
1741660 422
1741670 429
1741680 429
1741690 431
1741700 433
1741710 433
1741720 435
1741730 440
1741740 440
1741750 443
1741760 445
1741770 448
1741780 448
1741790 450
1741800 453
1741810 453
1741820 454
1741830 456
1741840 456
1741850 457
1741860 458
1741870 458
1741880 458
1741890 451
1741900 451
1741910 447
1741920 445
1741930 445
1741940 444
1741950 442
1741960 442
1741970 440
1741980 440
1741990 439
1742000 439
1742010 438
1742020 434
1742030 434
1742040 430
1742050 428
1742060 428
1742070 427
1742080 422
1742090 422
1742100 418
1742110 417
1742120 417
1742130 420
1742140 418
1742150 418
1742160 418
1742170 418
1742180 418
1742190 419
1742200 420
1742210 419
1742220 419
1742230 419
1742240 419
1742250 419
1742260 417
1742270 416
1742280 416
1742290 412
1742300 412
1742310 412
1742320 415
1742330 416
1742340 416
1742350 415
1742360 419
1742370 419
1742380 420
1742390 426
1742400 426
1742410 428
1742420 430
1742430 432
1742440 432
1742450 434
1742460 435
1742470 435
1742480 437
1742490 438
1742500 438
1742510 441
1742520 443
1742530 443
1742540 444
1742550 446
1742560 446
1742570 447
1742580 450
1742590 450
1742600 454
1742610 457
1742620 457
1742630 458
1742640 459
1742650 461
1742660 461
1742670 462
1742680 464
1742690 464
1742700 466
1742710 468
1742720 468
1742730 470
1742740 471
1742750 471
1742760 473
1742770 475
1742780 475
1742790 477
1742800 478
1742810 478
1742820 479
1742830 480
1742840 480
1742850 480
1742860 479
1742870 477
1742880 477
1742890 475
1742900 473
1742910 473
1742920 470
1742930 468
1742940 468
1742950 466
1742960 464
1742970 464
1742980 463
1742990 462
1743000 462
1743010 461
1743020 459
1743030 459
1743040 457
1743050 456
1743060 456
1743070 454
1743080 453
1743090 451
1743100 451
1743110 450
1743120 449
1743130 449
1743140 448
1743150 447
1743160 447
1743170 446
1743180 444
1743190 444
1743200 448
1743210 457
1743220 457
1743230 461
1743240 464
1743250 464
1743260 467
1743270 469
1743280 469
1743290 471
1743300 472
1743310 473
1743320 473
1743330 474
1743340 475
1743350 475
1743360 475
1743370 477
1743380 477
1743390 478
1743400 480
1743410 480
1743420 481
1743430 481
1743440 481
1743450 482
1743460 482
1743470 482
1743480 480
1743490 478
1743500 475
1743510 475
1743520 473
1743530 470
1743540 470
1743550 468
1743560 467
1743570 467
1743580 464
1743590 463
1743600 463
1743610 460
1743620 458
1743630 458
1743640 455
1743650 453
1743660 453
1743670 451
1743680 449
1743690 449
1743700 448
1743710 446
1743720 445
1743730 445
1743740 445
1743750 446
1743760 446
1743770 448
1743780 449
1743790 449
1743800 450
1743810 455
1743820 455
1743830 460
1743840 465
1743850 465
1743860 468
1743870 470
1743880 470
1743890 472
1743900 473
1743910 473
1743920 473
1743930 474
1743940 475
1743950 475
1743960 475
1743970 472
1743980 472
1743990 467
1744000 463
1744010 463
1744020 459
1744030 456
1744040 456
1744050 451
1744060 449
1744070 449
1744080 446
1744090 441
1744100 441
1744110 438
1744120 439
1744130 439
1744140 437
1744150 434
1744160 432
1744170 432
1744180 430
1744190 428
1744200 428
1744210 427
1744220 423
1744230 423
1744240 421
1744250 420
1744260 420
1744270 423
1744280 424
1744290 424
1744300 425
1744310 427
1744320 427
1744330 429
1744340 430
1744350 430
1744360 432
1744370 434
1744380 437
1744390 437
1744400 440
1744410 442
1744420 442
1744430 444
1744440 446
1744450 446
1744460 446
1744470 447
1744480 447
1744490 446
1744500 446
1744510 446
1744520 444
1744530 441
1744540 441
1744550 439
1744560 437
1744570 437
1744580 435
1744590 434
1744600 432
1744610 432
1744620 429
1744630 430
1744640 430
1744650 430
1744660 428
1744670 428
1744680 429
1744690 432
1744700 432
1744710 434
1744720 436
1744730 436
1744740 438
1744750 440
1744760 440
1744770 442
1744780 445
1744790 445
1744800 451
1744810 455
1744820 457
1744830 457
1744840 459
1744850 462
1744860 462
1744870 463
1744880 463
1744890 463
1744900 462
1744910 460
1744920 460
1744930 459
1744940 458
1744950 458
1744960 457
1744970 456
1744980 456
1744990 456
1745000 455
1745010 455
1745020 454
1745030 449
1745040 446
1745050 446
1745060 441
1745070 435
1745080 435
1745090 432
1745100 430
1745110 430
1745120 428
1745130 425
1745140 425
1745150 423
1745160 420
1745170 420
1745180 418
1745190 417
1745200 417
1745210 415
1745220 414
1745230 414
1745240 410
1745250 408
1745260 405
1745270 405
1745280 403
1745290 402
1745300 402
1745310 400
1745320 402
1745330 402
1745340 403
1745350 403
1745360 403
1745370 404
1745380 405
1745390 405
1745400 406
1745410 407
1745420 407
1745430 408
1745440 409
1745450 409
1745460 411
1745470 413
1745480 415
1745490 415
1745500 415
1745510 416
1745520 416
1745530 415
1745540 415
1745550 415
1745560 414
1745570 414
1745580 414
1745590 414
1745600 413
1745610 413
1745620 412
1745630 411
1745640 411
1745650 410
1745660 410
1745670 410
1745680 410
1745690 410
1745700 410
1745710 410
1745720 410
1745730 410
1745740 410
1745750 410
1745760 410
1745770 410
1745780 409
1745790 408
1745800 409
1745810 407
1745820 405
1745830 405
1745840 402
1745850 399
1745860 399
1745870 398
1745880 397
1745890 397
1745900 397
1745910 396
1745920 396
1745930 396
1745940 396
1745950 397
1745960 397
1745970 398
1745980 400
1745990 400
1746000 403
1746010 405
1746020 405
1746030 406
1746040 408
1746050 408
1746060 409
1746070 409
1746080 409
1746090 409
1746100 409
1746110 407
1746120 407
1746130 406
1746140 405
1746150 405
1746160 404
1746170 403
1746180 403
1746190 402
1746200 401
1746210 401
1746220 401
1746230 401
1746240 401
1746250 400
1746260 400
1746270 400
1746280 400
1746290 398
1746300 398
1746310 396
1746320 396
1746330 395
1746340 395
1746350 394
1746360 394
1746370 394
1746380 395
1746390 395
1746400 395
1746410 396
1746420 396
1746430 396
1746440 393
1746450 391
1746460 391
1746470 389
1746480 388
1746490 388
1746500 387
1746510 387
1746520 387
1746530 387
1746540 386
1746550 385
1746560 385
1746570 385
1746580 384
1746590 384
1746600 384
1746610 383
1746620 383
1746630 383
1746640 382
1746650 382
1746660 382
1746670 382
1746680 382
1746690 381
1746700 381
1746710 381
1746720 381
1746730 381
1746740 381
1746750 380
1746760 380
1746770 379
1746780 379
1746790 379
1746800 379
1746810 379
1746820 379
1746830 377
1746840 377
1746850 378
1746860 378
1746870 378
1746880 378
1746890 379
1746900 379
1746910 381
1746920 382
1746930 382
1746940 382
1746950 382
1746960 382
1746970 383
1746980 385
1746990 388
1747000 388
1747010 390
1747020 391
1747030 391
1747040 393
1747050 394
1747060 394
1747070 395
1747080 395
1747090 395
1747100 396
1747110 398
1747120 398
1747130 400
1747140 402
1747150 402
1747160 404
1747170 406
1747180 406
1747190 407
1747200 408
1747210 410
1747220 410
1747230 412
1747240 413
1747250 413
1747260 415
1747270 416
1747280 416
1747290 418
1747300 420
1747310 420
1747320 422
1747330 422
1747340 422
1747350 423
1747360 425
1747370 425
1747380 426
1747390 427
1747400 427
1747410 429
1747420 431
1747430 432
1747440 432
1747450 433
1747460 434
1747470 434
1747480 435
1747490 438
1747500 438
1747510 442
1747520 445
1747530 445
1747540 447
1747550 449
1747560 449
1747570 452
1747580 454
1747590 454
1747600 456
1747610 458
1747620 458
1747630 460
1747640 462
1747650 463
1747660 463
1747670 464
1747680 465
1747690 465
1747700 465
1747710 464
1747720 464
1747730 463
1747740 463
1747750 463
1747760 463
1747770 463
1747780 463
1747790 462
1747800 462
1747810 462
1747820 462
1747830 462
1747840 462
1747850 462
1747860 461
1747870 462
1747880 462
1747890 462
1747900 463
1747910 463
1747920 464
1747930 465
1747940 465
1747950 465
1747960 466
1747970 466
1747980 466
1747990 466
1748000 466
1748010 466
1748020 465
1748030 465
1748040 465
1748050 464
1748060 462
1748070 462
1748080 463
1748090 463
1748100 463
1748110 463
1748120 462
1748130 462
1748140 461
1748150 461
1748160 461
1748170 461
1748180 460
1748190 460
1748200 460
1748210 459
1748220 459
1748230 459
1748240 458
1748250 458
1748260 458
1748270 458
1748280 457
1748290 457
1748300 457
1748310 457
1748320 457
1748330 457
1748340 456
1748350 456
1748360 454
1748370 453
1748380 453
1748390 452
1748400 451
1748410 451
1748420 450
1748430 449
1748440 449
1748450 448
1748460 447
1748470 447
1748480 447
1748490 446
1748500 445
1748510 445
1748520 445
1748530 445
1748540 445
1748550 445
1748560 445
1748570 445
1748580 446
1748590 446
1748600 446
1748610 447
1748620 447
1748630 447
1748640 447
1748650 447
1748660 447
1748670 447
1748680 449
1748690 449
1748700 450
1748710 451
1748720 452
1748730 452
1748740 452
1748750 453
1748760 453
1748770 453
1748780 452
1748790 452
1748800 452
1748810 450
1748820 450
1748830 448
1748840 445
1748850 445
1748860 444
1748870 441
1748880 441
1748890 439
1748900 436
1748910 436
1748920 434
1748930 432
1748940 430
1748950 430
1748960 428
1748970 427
1748980 427
1748990 425
1749000 422
1749010 422
1749020 421
1749030 417
1749040 417
1749050 417
1749060 417
1749070 417
1749080 418
1749090 417
1749100 417
1749110 417
1749120 416
1749130 416
1749140 413
1749150 411
1749160 409
1749170 409
1749180 408
1749190 407
1749200 407
1749210 407
1749220 405
1749230 405
1749240 404
1749250 401
1749260 401
1749270 401
1749280 398
1749290 398
1749300 396
1749310 394
1749320 394
1749330 393
1749340 391
1749350 391
1749360 389
1749370 388
1749380 387
1749390 387
1749400 386
1749410 384
1749420 384
1749430 379
1749440 376
1749450 376
1749460 379
1749470 384
1749480 384
1749490 384
1749500 386
1749510 386
1749520 387
1749530 388
1749540 388
1749550 389
1749560 390
1749570 390
1749580 390
1749590 391
1749600 393
1749610 393
1749620 394
1749630 394
1749640 394
1749650 392
1749660 389
1749670 389
1749680 385
1749690 382
1749700 382
1749710 376
1749720 375
1749730 375
1749740 379
1749750 383
1749760 383
1749770 386
1749780 389
1749790 389
1749800 392
1749810 395
1749820 397
1749830 397
1749840 399
1749850 401
1749860 401
1749870 403
1749880 405
1749890 405
1749900 406
1749910 407
1749920 407
1749930 409
1749940 414
1749950 414
1749960 416
1749970 418
1749980 418
1749990 419
1750000 420
1750010 420
1750020 421
1750030 422
1750040 423
1750050 423
1750060 423
1750070 422
1750080 422
1750090 421
1750100 421
1750110 421
1750120 418
1750130 411
1750140 411
1750150 408
1750160 407
1750170 407
1750180 406
1750190 406
1750200 406
1750210 405
1750220 404
1750230 403
1750240 403
1750250 402
1750260 402
1750270 402
1750280 403
1750290 404
1750300 404
1750310 407
1750320 409
1750330 409
1750340 410
1750350 410
1750360 410
1750370 410
1750380 410
1750390 410
1750400 410
1750410 410
1750420 410
1750430 410
1750440 409
1750450 409
1750460 409
1750470 409
1750480 408
1750490 408
1750500 409
1750510 410
1750520 410
1750530 410
1750540 411
1750550 411
1750560 411
1750570 410
1750580 410
1750590 410
1750600 409
1750610 409
1750620 408
1750630 407
1750640 407
1750650 406
1750660 406
1750670 406
1750680 407
1750690 407
1750700 407
1750710 407
1750720 406
1750730 406
1750740 406
1750750 406
1750760 406
1750770 406
1750780 406
1750790 406
1750800 406
1750810 406
1750820 406
1750830 406
1750840 406
1750850 406
1750860 406
1750870 406
1750880 406
1750890 406
1750900 406
1750910 406
1750920 407
1750930 407
1750940 408
1750950 409
1750960 409
1750970 410
1750980 411
1750990 411
1751000 412
1751010 413
1751020 413
1751030 415
1751040 415
1751050 415
1751060 416
1751070 416
1751080 416
1751090 416
1751100 415
1751110 414
1751120 414
1751130 412
1751140 409
1751150 409
1751160 406
1751170 404
1751180 404
1751190 403
1751200 400
1751210 400
1751220 397
1751230 394
1751240 394
1751250 390
1751260 384
1751270 384
1751280 381
1751290 379
1751300 379
1751310 378
1751320 375
1751330 371
1751340 371
1751350 368
1751360 365
1751370 365
1751380 360
1751390 355
1751400 355
1751410 351
1751420 351
1751430 351
1751440 349
1751450 348
1751460 348
1751470 344
1751480 341
1751490 341
1751500 337
1751510 336
1751520 336
1751530 336
1751540 336
1751550 336
1751560 336
1751570 334
1751580 334
1751590 334
1751600 336
1751610 336
1751620 336
1751630 336
1751640 336
1751650 336
1751660 336
1751670 336
1751680 336
1751690 336
1751700 335
1751710 335
1751720 335
1751730 335
1751740 335
1751750 335
1751760 335
1751770 335
1751780 335
1751790 335
1751800 335
1751810 335
1751820 335
1751830 335
1751840 335
1751850 335
1751860 335
1751870 335
1751880 335
1751890 335
1751900 335
1751910 335
1751920 335
1751930 335
1751940 335
1751950 335
1751960 335
1751970 335
1751980 335
1751990 334
1752000 334
1752010 334
1752020 335
1752030 335
1752040 335
1752050 335
1752060 335
1752070 334
1752080 334
1752090 334
1752100 334
1752110 334
1752120 334
1752130 334
1752140 334
1752150 334
1752160 334
1752170 334
1752180 334
1752190 334
1752200 334
1752210 334
1752220 334
1752230 334
1752240 334
1752250 334
1752260 334
1752270 334
1752280 334
1752290 334
1752300 334
1752310 334
1752320 334
1752330 333
1752340 333
1752350 333
1752360 333
1752370 333
1752380 333
1752390 333
1752400 333
1752410 333
1752420 333
1752430 333
1752440 333
1752450 333
1752460 333
1752470 333
1752480 333
1752490 333
1752500 333
1752510 333
1752520 333
1752530 333
1752540 333
1752550 333
1752560 333
1752570 333
1752580 333
1752590 333
1752600 333
1752610 333
1752620 332
1752630 332
1752640 333
1752650 333
1752660 333
1752670 333
1752680 333
1752690 333
1752700 333
1752710 333
1752720 333
1752730 333
1752740 333
1752750 333
1752760 333
1752770 334
1752780 334
1752790 334
1752800 334
1752810 334
1752820 334
1752830 335
1752840 335
1752850 335
1752860 335
1752870 335
1752880 335
1752890 336
1752900 336
1752910 336
1752920 335
1752930 336
1752940 336
1752950 336
1752960 336
1752970 336
1752980 336
1752990 336
1753000 336
1753010 336
1753020 336
1753030 336
1753040 337
1753050 337
1753060 337
1753070 337
1753080 337
1753090 337
1753100 337
1753110 337
1753120 337
1753130 337
1753140 337
1753150 337
1753160 337
1753170 338
1753180 338
1753190 338
1753200 338
1753210 340
1753220 340
1753230 343
1753240 343
1753250 343
1753260 344
1753270 346
1753280 347
1753290 347
1753300 348
1753310 347
1753320 347
1753330 348
1753340 349
1753350 349
1753360 351
1753370 354
1753380 354
1753390 354
1753400 355
1753410 355
1753420 356
1753430 357
1753440 357
1753450 360
1753460 363
1753470 363
1753480 364
1753490 364
1753500 365
1753510 365
1753520 367
1753530 369
1753540 369
1753550 371
1753560 372
1753570 372
1753580 373
1753590 374
1753600 374
1753610 375
1753620 376
1753630 376
1753640 377
1753650 378
1753660 378
1753670 380
1753680 381
1753690 381
1753700 382
1753710 383
1753720 385
1753730 385
1753740 387
1753750 388
1753760 388
1753770 390
1753780 392
1753790 392
1753800 393
1753810 394
1753820 394
1753830 396
1753840 397
1753850 397
1753860 399
1753870 400
1753880 400
1753890 402
1753900 404
1753910 404
1753920 406
1753930 408
1753940 408
1753950 408
1753960 408
1753970 406
1753980 406
1753990 402
1754000 399
1754010 399
1754020 399
1754030 398
1754040 398
1754050 398
1754060 398
1754070 398
1754080 397
1754090 396
1754100 396
1754110 394
1754120 391
1754130 391
1754140 389
1754150 385
1754160 381
1754170 381
1754180 379
1754190 378
1754200 378
1754210 382
1754220 383
1754230 383
1754240 382
1754250 383
1754260 383
1754270 384
1754280 385
1754290 385
1754300 384
1754310 384
1754320 384
1754330 383
1754340 382
1754350 382
1754360 382
1754370 381
1754380 382
1754390 382
1754400 383
1754410 383
1754420 383
1754430 382
1754440 381
1754450 381
1754460 379
1754470 378
1754480 378
1754490 378
1754500 379
1754510 379
1754520 384
1754530 383
1754540 383
1754550 381
1754560 381
1754570 381
1754580 381
1754590 383
1754600 384
1754610 384
1754620 384
1754630 386
1754640 386
1754650 387
1754660 388
1754670 388
1754680 390
1754690 392
1754700 392
1754710 394
1754720 396
1754730 396
1754740 396
1754750 399
1754760 399
1754770 403
1754780 406
1754790 409
1754800 409
1754810 410
1754820 412
1754830 412
1754840 413
1754850 415
1754860 415
1754870 416
1754880 417
1754890 417
1754900 420
1754910 421
1754920 421
1754930 423
1754940 425
1754950 425
1754960 428
1754970 430
1754980 430
1754990 433
1755000 439
1755010 441
1755020 441
1755030 442
1755040 443
1755050 443
1755060 443
1755070 442
1755080 442
1755090 439
1755100 433
1755110 433
1755120 431
1755130 431
1755140 431
1755150 429
1755160 428
1755170 428
1755180 427
1755190 425
1755200 425
1755210 424
1755220 422
1755230 420
1755240 420
1755250 418
1755260 416
1755270 416
1755280 409
1755290 407
1755300 407
1755310 403
1755320 403
1755330 403
1755340 402
1755350 400
1755360 400
1755370 398
1755380 396
1755390 396
1755400 395
1755410 393
1755420 393
1755430 392
1755440 390
1755450 386
1755460 386
1755470 383
1755480 380
1755490 380
1755500 378
1755510 381
1755520 381
1755530 383
1755540 384
1755550 384
1755560 384
1755570 383
1755580 383
1755590 382
1755600 382
1755610 382
1755620 382
1755630 381
1755640 381
1755650 380
1755660 378
1755670 377
1755680 377
1755690 377
1755700 376
1755710 376
1755720 375
1755730 375
1755740 375
1755750 372
1755760 375
1755770 375
1755780 376
1755790 378
1755800 378
1755810 379
1755820 380
1755830 380
1755840 381
1755850 382
1755860 382
1755870 383
1755880 385
1755890 387
1755900 387
1755910 389
1755920 390
1755930 390
1755940 392
1755950 394
1755960 394
1755970 397
1755980 399
1755990 399
1756000 401
1756010 402
1756020 402
1756030 404
1756040 407
1756050 407
1756060 410
1756070 411
1756080 411
1756090 413
1756100 415
1756110 418
1756120 418
1756130 419
1756140 419
1756150 419
1756160 419
1756170 419
1756180 419
1756190 421
1756200 425
1756210 425
1756220 429
1756230 431
1756240 431
1756250 434
1756260 436
1756270 436
1756280 438
1756290 439
1756300 439
1756310 441
1756320 442
1756330 444
1756340 444
1756350 445
1756360 446
1756370 446
1756380 447
1756390 447
1756400 447
1756410 448
1756420 449
1756430 449
1756440 450
1756450 449
1756460 449
1756470 448
1756480 447
1756490 447
1756500 447
1756510 446
1756520 446
1756530 444
1756540 444
1756550 443
1756560 443
1756570 442
1756580 439
1756590 439
1756600 437
1756610 431
1756620 431
1756630 428
1756640 428
1756650 428
1756660 428
1756670 426
1756680 426
1756690 419
1756700 415
1756710 415
1756720 411
1756730 408
1756740 408
1756750 405
1756760 404
1756770 403
1756780 403
1756790 402
1756800 401
1756810 401
1756820 401
1756830 400
1756840 400
1756850 399
1756860 398
1756870 398
1756880 396
1756890 394
1756900 394
1756910 396
1756920 396
1756930 396
1756940 398
1756950 398
1756960 399
1756970 399
1756980 400
1756990 399
1757000 399
1757010 400
1757020 402
1757030 402
1757040 402
1757050 402
1757060 402
1757070 404
1757080 405
1757090 405
1757100 405
1757110 407
1757120 407
1757130 408
1757140 408
1757150 408
1757160 412
1757170 412
1757180 413
1757190 413
1757200 416
1757210 417
1757220 417
1757230 420
1757240 420
1757250 420
1757260 419
1757270 422
1757280 422
1757290 422
1757300 422
1757310 422
1757320 424
1757330 429
1757340 429
1757350 435
1757360 440
1757370 440
1757380 441
1757390 442
1757400 443
1757410 443
1757420 443
1757430 442
1757440 442
1757450 439
1757460 436
1757470 436
1757480 430
1757490 427
1757500 427
1757510 426
1757520 425
1757530 425
1757540 424
1757550 423
1757560 423
1757570 422
1757580 421
1757590 421
1757600 418
1757610 416
1757620 413
1757630 413
1757640 412
1757650 410
1757660 410
1757670 409
1757680 407
1757690 407
1757700 404
1757710 403
1757720 403
1757730 402
1757740 401
1757750 401
1757760 401
1757770 402
1757780 402
1757790 404
1757800 403
1757810 403
1757820 404
1757830 406
1757840 407
1757850 407
1757860 407
1757870 408
1757880 408
1757890 408
1757900 408
1757910 408
1757920 408
1757930 407
1757940 407
1757950 407
1757960 406
1757970 406
1757980 405
1757990 403
1758000 403
1758010 402
1758020 401
1758030 401
1758040 400
1758050 400
1758060 399
1758070 399
1758080 399
1758090 397
1758100 397
1758110 395
1758120 394
1758130 394
1758140 391
1758150 389
1758160 389
1758170 387
1758180 385
1758190 385
1758200 387
1758210 387
1758220 388
1758230 389
1758240 391
1758250 391
1758260 393
1758270 394
1758280 395
1758290 395
1758300 396
1758310 397
1758320 397
1758330 397
1758340 398
1758350 398
1758360 398
1758370 399
1758380 399
1758390 400
1758400 401
1758410 401
1758420 401
1758430 401
1758440 401
1758450 405
1758460 408
1758470 408
1758480 410
1758490 410
1758500 411
1758510 411
1758520 410
1758530 409
1758540 409
1758550 407
1758560 405
1758570 405
1758580 403
1758590 400
1758600 400
1758610 398
1758620 397
1758630 397
1758640 396
1758650 395
1758660 395
1758670 394
1758680 394
1758690 394
1758700 391
1758710 390
1758720 388
1758730 388
1758740 387
1758750 386
1758760 386
1758770 385
1758780 383
1758790 383
1758800 382
1758810 381
1758820 381
1758830 380
1758840 381
1758850 381
1758860 382
1758870 384
1758880 384
1758890 385
1758900 386
1758910 386
1758920 388
1758930 390
1758940 391
1758950 391
1758960 392
1758970 393
1758980 393
1758990 393
1759000 394
1759010 394
1759020 397
1759030 399
1759040 399
1759050 402
1759060 406
1759070 406
1759080 412
1759090 413
1759100 413
1759110 415
1759120 415
1759130 415
1759140 415
1759150 413
1759160 412
1759170 412
1759180 410
1759190 409
1759200 409
1759210 406
1759220 405
1759230 405
1759240 403
1759250 399
1759260 399
1759270 397
1759280 397
1759290 397
1759300 396
1759310 395
1759320 395
1759330 393
1759340 392
1759350 391
1759360 391
1759370 391
1759380 392
1759390 392
1759400 393
1759410 396
1759420 396
1759430 399
1759440 402
1759450 402
1759460 405
1759470 407
1759480 407
1759490 411
1759500 415
1759510 415
1759520 420
1759530 422
1759540 422
1759550 423
1759560 424
1759570 426
1759580 426
1759590 427
1759600 424
1759610 424
1759620 420
1759630 417
1759640 417
1759650 414
1759660 413
1759670 413
1759680 410
1759690 409
1759700 409
1759710 407
1759720 406
1759730 406
1759740 405
1759750 404
1759760 404
1759770 403
1759780 401
1759790 399
1759800 399
1759810 397
1759820 395
1759830 395
1759840 393
1759850 392
1759860 392
1759870 391
1759880 390
1759890 390
1759900 388
1759910 387
1759920 387
1759930 383
1759940 381
1759950 381
1759960 380
1759970 379
1759980 379
1759990 378
