1740000 429
1740010 431
1740020 431
1740030 431
1740040 430
1740050 428
1740060 432
1740070 432
1740080 432
1740090 432
1740100 432
1740110 432
1740120 429
1740130 429
1740140 422
1740150 425
1740160 425
1740170 424
1740180 422
1740190 422
1740200 420
1740210 419
1740220 419
1740230 418
1740240 416
1740250 416
1740260 413
1740270 411
1740280 411
1740290 411
1740300 411
1740310 410
1740320 410
1740330 410
1740340 409
1740350 409
1740360 407
1740370 407
1740380 407
1740390 406
1740400 405
1740410 405
1740420 404
1740430 403
1740440 403
1740450 403
1740460 403
1740470 403
1740480 403
1740490 402
1740500 401
1740510 401
1740520 401
1740530 400
1740540 400
1740550 400
1740560 399
1740570 399
1740580 399
1740590 399
1740600 399
1740610 399
1740620 399
1740630 399
1740640 399
1740650 399
1740660 399
1740670 398
1740680 396
1740690 396
1740700 398
1740710 399
1740720 399
1740730 399
1740740 401
1740750 401
1740760 401
1740770 401
1740780 401
1740790 401
1740800 402
1740810 402
1740820 402
1740830 402
1740840 403
1740850 403
1740860 403
1740870 404
1740880 404
1740890 405
1740900 406
1740910 406
1740920 407
1740930 407
1740940 407
1740950 407
1740960 406
1740970 407
1740980 407
1740990 405
1741000 407
1741010 407
1741020 407
1741030 407
1741040 407
1741050 406
1741060 405
1741070 405
1741080 404
1741090 404
1741100 404
1741110 404
1741120 403
1741130 403
1741140 402
1741150 401
1741160 400
1741170 400
1741180 398
1741190 397
1741200 397
1741210 396
1741220 395
1741230 395
1741240 394
1741250 394
1741260 394
1741270 393
1741280 392
1741290 392
1741300 393
1741310 393
1741320 393
1741330 392
1741340 392
1741350 392
1741360 391
1741370 390
1741380 389
1741390 389
1741400 389
1741410 389
1741420 389
1741430 390
1741440 390
1741450 390
1741460 390
1741470 390
1741480 390
1741490 389
1741500 389
1741510 389
1741520 389
1741530 390
1741540 390
1741550 391
1741560 392
1741570 392
1741580 392
1741590 392
1741600 392
1741610 392
1741620 393
1741630 392
1741640 392
1741650 392
1741660 392
1741670 392
1741680 392
1741690 392
1741700 392
1741710 392
1741720 392
1741730 392
1741740 393
1741750 392
1741760 392
1741770 392
1741780 393
1741790 393
1741800 393
1741810 393
1741820 394
1741830 394
1741840 393
1741850 394
1741860 394
1741870 395
1741880 396
1741890 396
1741900 398
1741910 399
1741920 399
1741930 403
1741940 406
1741950 406
1741960 408
1741970 412
1741980 412
1741990 416
1742000 419
1742010 419
1742020 422
1742030 424
1742040 426
1742050 426
1742060 428
1742070 426
1742080 426
1742090 426
1742100 428
1742110 428
1742120 431
1742130 434
1742140 434
1742150 439
1742160 441
1742170 441
1742180 444
1742190 446
1742200 446
1742210 449
1742220 451
1742230 451
1742240 452
1742250 454
1742260 455
1742270 455
1742280 457
1742290 458
1742300 458
1742310 459
1742320 460
1742330 460
1742340 461
1742350 463
1742360 463
1742370 464
1742380 463
1742390 463
1742400 463
1742410 462
1742420 462
1742430 462
1742440 462
1742450 462
1742460 462
1742470 462
1742480 461
1742490 461
1742500 461
1742510 459
1742520 461
1742530 460
1742540 460
1742550 460
1742560 460
1742570 460
1742580 460
1742590 459
1742600 459
1742610 459
1742620 460
1742630 460
1742640 460
1742650 461
1742660 462
1742670 462
1742680 462
1742690 463
1742700 463
1742710 463
1742720 463
1742730 463
1742740 463
1742750 463
1742760 462
1742770 462
1742780 462
1742790 461
1742800 461
1742810 461
1742820 460
1742830 460
1742840 460
1742850 459
1742860 459
1742870 459
1742880 459
1742890 460
1742900 460
1742910 459
1742920 459
1742930 459
1742940 459
1742950 459
1742960 459
1742970 459
1742980 459
1742990 459
1743000 459
1743010 460
1743020 460
1743030 461
1743040 461
1743050 461
1743060 462
1743070 463
1743080 463
1743090 464
1743100 464
1743110 465
1743120 465
1743130 466
1743140 467
1743150 467
1743160 467
1743170 468
1743180 468
1743190 468
1743200 468
1743210 468
1743220 468
1743230 467
1743240 467
1743250 467
1743260 467
1743270 467
1743280 467
1743290 467
1743300 467
1743310 467
1743320 467
1743330 467
1743340 467
1743350 467
1743360 468
1743370 468
1743380 468
1743390 468
1743400 468
1743410 468
1743420 469
1743430 469
1743440 469
1743450 469
1743460 469
1743470 469
1743480 468
1743490 468
1743500 468
1743510 465
1743520 465
1743530 461
1743540 458
1743550 456
1743560 456
1743570 454
1743580 458
1743590 458
1743600 457
1743610 457
1743620 457
1743630 459
1743640 461
1743650 461
1743660 462
1743670 463
1743680 463
1743690 464
1743700 466
1743710 466
1743720 467
1743730 468
1743740 468
1743750 469
1743760 470
1743770 471
1743780 471
1743790 472
1743800 473
1743810 473
1743820 475
1743830 476
1743840 476
1743850 478
1743860 479
1743870 479
1743880 480
1743890 481
1743900 481
1743910 481
1743920 482
1743930 482
1743940 483
1743950 483
1743960 483
1743970 484
1743980 485
1743990 486
1744000 486
1744010 486
1744020 486
1744030 486
1744040 486
1744050 484
1744060 484
1744070 481
1744080 478
1744090 478
1744100 475
1744110 473
1744120 473
1744130 471
1744140 469
1744150 469
1744160 467
1744170 467
1744180 467
1744190 467
1744200 468
1744210 468
1744220 468
1744230 468
1744240 467
1744250 468
1744260 469
1744270 469
1744280 469
1744290 471
1744300 472
1744310 472
1744320 473
1744330 473
1744340 473
1744350 473
1744360 473
1744370 473
1744380 474
1744390 474
1744400 474
1744410 474
1744420 475
1744430 477
1744440 477
1744450 478
1744460 480
1744470 480
1744480 481
1744490 481
1744500 481
1744510 480
1744520 478
1744530 478
1744540 477
1744550 474
1744560 474
1744570 471
1744580 470
1744590 470
1744600 469
1744610 468
1744620 468
1744630 466
1744640 463
1744650 462
1744660 462
1744670 461
1744680 462
1744690 462
1744700 463
1744710 461
1744720 461
1744730 461
1744740 460
1744750 460
1744760 459
1744770 459
1744780 459
1744790 458
1744800 457
1744810 457
1744820 455
1744830 453
1744840 453
1744850 448
1744860 440
1744870 435
1744880 435
1744890 431
1744900 428
1744910 428
1744920 435
1744930 440
1744940 440
1744950 442
1744960 444
1744970 444
1744980 447
1744990 450
1745000 450
1745010 455
1745020 455
1745030 455
1745040 456
1745050 457
1745060 457
1745070 458
1745080 459
1745090 460
1745100 460
1745110 459
1745120 459
1745130 459
1745140 457
1745150 455
1745160 455
1745170 454
1745180 452
1745190 452
1745200 451
1745210 446
1745220 446
1745230 442
1745240 440
1745250 440
1745260 439
1745270 436
1745280 436
1745290 434
1745300 432
1745310 432
1745320 432
1745330 435
1745340 440
1745350 440
1745360 448
1745370 453
1745380 453
1745390 455
1745400 457
1745410 457
1745420 459
1745430 461
1745440 461
1745450 463
1745460 465
1745470 465
1745480 467
1745490 470
1745500 470
1745510 472
1745520 475
1745530 477
1745540 477
1745550 478
1745560 480
1745570 480
1745580 481
1745590 483
1745600 483
1745610 484
1745620 482
1745630 482
1745640 477
1745650 472
1745660 472
1745670 469
1745680 467
1745690 467
1745700 466
1745710 464
1745720 461
1745730 461
1745740 459
1745750 456
1745760 456
1745770 454
1745780 452
1745790 452
1745800 449
1745810 446
1745820 446
1745830 443
1745840 442
1745850 442
1745860 441
1745870 440
1745880 440
1745890 440
1745900 440
1745910 440
1745920 441
1745930 442
1745940 444
1745950 445
1745960 449
1745970 450
1745980 450
1745990 451
1746000 453
1746010 453
1746020 456
1746030 458
1746040 458
1746050 460
1746060 461
1746070 461
1746080 461
1746090 462
1746100 462
1746110 463
1746120 465
1746130 465
1746140 466
1746150 466
1746160 468
1746170 468
1746180 471
1746190 474
1746200 474
1746210 476
1746220 477
1746230 477
1746240 475
1746250 472
1746260 472
1746270 470
1746280 467
1746290 467
1746300 465
1746310 463
1746320 463
1746330 460
1746340 457
1746350 457
1746360 454
1746370 451
1746380 448
1746390 448
1746400 445
1746410 443
1746420 443
1746430 442
1746440 441
1746450 441
1746460 441
1746470 438
1746480 438
1746490 436
1746500 434
1746510 434
1746520 433
1746530 432
1746540 432
1746550 431
1746560 429
1746570 429
1746580 427
1746590 427
1746600 426
1746610 426
1746620 425
1746630 424
1746640 424
1746650 424
1746660 422
1746670 422
1746680 421
1746690 418
1746700 418
1746710 416
1746720 414
1746730 414
1746740 413
1746750 411
1746760 411
1746770 409
1746780 408
1746790 408
1746800 406
1746810 404
1746820 404
1746830 404
1746840 404
1746850 404
1746860 404
1746870 399
1746880 399
1746890 399
1746900 397
1746910 396
1746920 396
1746930 394
1746940 393
1746950 393
1746960 392
1746970 391
1746980 391
1746990 390
1747000 389
1747010 389
1747020 388
1747030 386
1747040 385
1747050 385
1747060 383
1747070 382
1747080 382
1747090 380
1747100 379
1747110 379
1747120 378
1747130 377
1747140 377
1747150 376
1747160 375
1747170 375
1747180 375
1747190 375
1747200 375
1747210 374
1747220 374
1747230 374
1747240 373
1747250 373
1747260 373
1747270 373
1747280 372
1747290 372
1747300 372
1747310 372
1747320 371
1747330 371
1747340 371
1747350 370
1747360 370
1747370 369
1747380 368
1747390 368
1747400 366
1747410 365
1747420 365
1747430 366
1747440 366
1747450 366
1747460 367
1747470 366
1747480 364
1747490 364
1747500 365
1747510 365
1747520 365
1747530 366
1747540 366
1747550 366
1747560 368
1747570 369
1747580 369
1747590 374
1747600 380
1747610 374
1747620 378
1747630 376
1747640 376
1747650 375
1747660 375
1747670 375
1747680 372
1747690 371
1747700 376
1747710 376
1747720 379
1747730 383
1747740 383
1747750 387
1747760 391
1747770 391
1747780 395
1747790 398
1747800 398
1747810 398
1747820 400
1747830 400
1747840 399
1747850 401
1747860 401
1747870 402
1747880 404
1747890 404
1747900 405
1747910 407
1747920 406
1747930 406
1747940 408
1747950 408
1747960 408
1747970 409
1747980 411
1747990 411
1748000 412
1748010 412
1748020 412
1748030 413
1748040 415
1748050 415
1748060 416
1748070 417
1748080 417
1748090 418
1748100 418
1748110 418
1748120 418
1748130 418
1748140 418
1748150 418
1748160 416
1748170 414
1748180 414
1748190 411
1748200 409
1748210 409
1748220 407
1748230 404
1748240 404
1748250 399
1748260 394
1748270 394
1748280 392
1748290 389
1748300 389
1748310 384
1748320 381
1748330 381
1748340 379
1748350 374
1748360 376
1748370 376
1748380 380
1748390 376
1748400 376
1748410 373
1748420 378
1748430 378
1748440 383
1748450 388
1748460 388
1748470 389
1748480 391
1748490 391
1748500 394
1748510 397
1748520 397
1748530 401
1748540 404
1748550 404
1748560 406
1748570 408
1748580 409
1748590 409
1748600 410
1748610 412
1748620 412
1748630 414
1748640 415
1748650 415
1748660 416
1748670 418
1748680 418
1748690 420
1748700 421
1748710 421
1748720 422
1748730 423
1748740 423
1748750 426
1748760 429
1748770 431
1748780 431
1748790 433
1748800 435
1748810 435
1748820 438
1748830 441
1748840 441
1748850 443
1748860 445
1748870 445
1748880 448
1748890 451
1748900 451
1748910 454
1748920 456
1748930 456
1748940 458
1748950 459
1748960 459
1748970 463
1748980 464
1748990 465
1749000 465
1749010 466
1749020 466
1749030 466
1749040 466
1749050 465
1749060 465
1749070 465
1749080 465
1749090 465
1749100 464
1749110 463
1749120 463
1749130 463
1749140 463
1749150 463
1749160 463
1749170 462
1749180 462
1749190 462
1749200 462
1749210 462
1749220 462
1749230 461
1749240 460
1749250 460
1749260 460
1749270 460
1749280 460
1749290 459
1749300 459
1749310 459
1749320 458
1749330 458
1749340 458
1749350 458
1749360 457
1749370 457
1749380 457
1749390 457
1749400 457
1749410 457
1749420 457
1749430 458
1749440 458
1749450 458
1749460 458
1749470 458
1749480 458
1749490 458
1749500 458
1749510 458
1749520 458
1749530 458
1749540 458
1749550 458
1749560 458
1749570 458
1749580 458
1749590 458
1749600 457
1749610 457
1749620 457
1749630 456
1749640 455
1749650 452
1749660 452
1749670 450
1749680 448
1749690 448
1749700 445
1749710 443
1749720 443
1749730 439
1749740 434
1749750 434
1749760 431
1749770 430
1749780 430
1749790 429
1749800 425
1749810 425
1749820 424
1749830 421
1749840 421
1749850 419
1749860 417
1749870 415
1749880 415
1749890 413
1749900 411
1749910 411
1749920 409
1749930 406
1749940 406
1749950 401
1749960 399
1749970 399
1749980 398
1749990 397
1750000 397
1750010 396
1750020 395
1750030 395
1750040 394
1750050 394
1750060 394
1750070 394
1750080 393
1750090 391
1750100 391
1750110 391
1750120 389
1750130 389
1750140 386
1750150 385
1750160 385
1750170 384
1750180 383
1750190 383
1750200 381
1750210 381
1750220 381
1750230 379
1750240 377
1750250 377
1750260 375
1750270 373
1750280 373
1750290 373
1750300 369
1750310 369
1750320 369
1750330 366
1750340 367
1750350 367
1750360 368
1750370 366
1750380 366
1750390 363
1750400 366
1750410 366
1750420 367
1750430 364
1750440 364
1750450 357
1750460 357
1750470 357
1750480 356
1750490 356
1750500 356
1750510 359
1750520 356
1750530 355
1750540 355
1750550 355
1750560 355
1750570 355
1750580 354
1750590 354
1750600 354
1750610 353
1750620 352
1750630 352
1750640 353
1750650 354
1750660 354
1750670 356
1750680 357
1750690 357
1750700 355
1750710 356
1750720 356
1750730 358
1750740 359
1750750 360
1750760 360
1750770 360
1750780 362
1750790 362
1750800 363
1750810 363
1750820 361
1750830 360
1750840 359
1750850 359
1750860 359
1750870 358
1750880 358
1750890 358
1750900 358
1750910 358
1750920 358
1750930 357
1750940 357
1750950 357
1750960 356
1750970 355
1750980 355
1750990 354
1751000 353
1751010 353
1751020 351
1751030 350
1751040 350
1751050 347
1751060 346
1751070 346
1751080 343
1751090 340
1751100 340
1751110 337
1751120 337
1751130 337
1751140 337
1751150 337
1751160 337
1751170 337
1751180 337
1751190 337
1751200 337
1751210 337
1751220 337
1751230 337
1751240 337
1751250 337
1751260 337
1751270 337
1751280 337
1751290 337
1751300 337
1751310 337
1751320 337
1751330 337
1751340 337
1751350 337
1751360 337
1751370 337
1751380 337
1751390 337
1751400 337
1751410 337
1751420 337
1751430 337
1751440 337
1751450 337
1751460 337
1751470 335
1751480 335
1751490 334
1751500 337
1751510 337
1751520 337
1751530 337
1751540 337
1751550 337
1751560 336
1751570 336
1751580 336
1751590 336
1751600 336
1751610 336
1751620 336
1751630 336
1751640 336
1751650 336
1751660 336
1751670 336
1751680 336
1751690 336
1751700 336
1751710 336
1751720 336
1751730 336
1751740 336
1751750 336
1751760 336
1751770 335
1751780 335
1751790 335
1751800 335
1751810 335
1751820 335
1751830 335
1751840 335
1751850 335
1751860 335
1751870 335
1751880 335
1751890 335
1751900 335
1751910 335
1751920 335
1751930 335
1751940 335
1751950 335
1751960 335
1751970 335
1751980 335
1751990 335
1752000 335
1752010 335
1752020 335
1752030 335
1752040 335
1752050 335
1752060 333
1752070 335
1752080 335
1752090 335
1752100 335
1752110 335
1752120 335
1752130 335
1752140 335
1752150 335
1752160 335
1752170 335
1752180 335
1752190 334
1752200 334
1752210 334
1752220 334
1752230 334
1752240 334
1752250 334
1752260 334
1752270 334
1752280 334
1752290 334
1752300 334
1752310 334
1752320 334
1752330 334
1752340 334
1752350 334
1752360 334
1752370 333
1752380 333
1752390 333
1752400 333
1752410 333
1752420 333
1752430 334
1752440 334
1752450 334
1752460 337
1752470 334
1752480 336
1752490 336
1752500 335
1752510 334
1752520 334
1752530 334
1752540 334
1752550 334
1752560 334
1752570 334
1752580 334
1752590 334
1752600 334
1752610 334
1752620 334
1752630 335
1752640 335
1752650 335
1752660 335
1752670 335
1752680 336
1752690 336
1752700 337
1752710 337
1752720 337
1752730 338
1752740 338
1752750 339
1752760 340
1752770 340
1752780 341
1752790 342
1752800 342
1752810 342
1752820 342
1752830 342
1752840 343
1752850 344
1752860 344
1752870 345
1752880 346
1752890 346
1752900 346
1752910 347
1752920 348
1752930 348
1752940 348
1752950 349
1752960 349
1752970 350
1752980 350
1752990 350
1753000 350
1753010 351
1753020 351
1753030 352
1753040 353
1753050 353
1753060 354
1753070 354
1753080 354
1753090 354
1753100 355
1753110 355
1753120 356
1753130 356
1753140 357
1753150 357
1753160 359
1753170 360
1753180 360
1753190 361
1753200 361
1753210 361
1753220 362
1753230 363
1753240 363
1753250 364
1753260 365
1753270 365
1753280 366
1753290 367
1753300 367
1753310 368
1753320 368
1753330 368
1753340 368
1753350 368
1753360 369
1753370 369
1753380 370
1753390 370
1753400 370
1753410 371
1753420 371
1753430 371
1753440 371
1753450 370
1753460 370
1753470 370
1753480 369
1753490 369
1753500 369
1753510 369
1753520 369
1753530 368
1753540 367
1753550 367
1753560 367
1753570 367
1753580 367
1753590 367
1753600 367
1753610 367
1753620 367
1753630 366
1753640 364
1753650 364
1753660 363
1753670 362
1753680 362
1753690 361
1753700 360
1753710 360
1753720 360
1753730 361
1753740 361
1753750 363
1753760 364
1753770 364
1753780 367
1753790 368
1753800 370
1753810 370
1753820 371
1753830 372
1753840 372
1753850 372
1753860 373
1753870 373
1753880 373
1753890 373
1753900 373
1753910 373
1753920 374
1753930 374
1753940 372
1753950 371
1753960 371
1753970 369
1753980 368
1753990 368
1754000 367
1754010 366
1754020 366
1754030 366
1754040 366
1754050 367
1754060 367
1754070 368
1754080 370
1754090 370
1754100 372
1754110 373
1754120 373
1754130 374
1754140 375
1754150 375
1754160 377
1754170 379
1754180 379
1754190 381
1754200 383
1754210 383
1754220 386
1754230 387
1754240 388
1754250 388
1754260 389
1754270 389
1754280 389
1754290 392
1754300 393
1754310 393
1754320 396
1754330 397
1754340 397
1754350 398
1754360 399
1754370 399
1754380 401
1754390 402
1754400 402
1754410 405
1754420 407
1754430 407
1754440 408
1754450 409
1754460 410
1754470 410
1754480 412
1754490 412
1754500 412
1754510 413
1754520 413
1754530 413
1754540 415
1754550 416
1754560 416
1754570 416
1754580 417
1754590 417
1754600 418
1754610 419
1754620 419
1754630 420
1754640 420
1754650 420
1754660 421
1754670 424
1754680 428
1754690 428
1754700 430
1754710 431
1754720 431
1754730 433
1754740 432
1754750 432
1754760 432
1754770 431
1754780 431
1754790 429
1754800 427
1754810 427
1754820 425
1754830 422
1754840 422
1754850 420
1754860 418
1754870 414
1754880 414
1754890 410
1754900 406
1754910 406
1754920 403
1754930 400
1754940 400
1754950 398
1754960 398
1754970 398
1754980 397
1754990 395
1755000 395
1755010 392
1755020 391
1755030 391
1755040 390
1755050 389
1755060 389
1755070 387
1755080 385
1755090 384
1755100 384
1755110 381
1755120 378
1755130 378
1755140 378
1755150 375
1755160 375
1755170 372
1755180 371
1755190 371
1755200 370
1755210 365
1755220 365
1755230 365
1755240 364
1755250 364
1755260 364
1755270 363
1755280 363
1755290 361
1755300 359
1755310 358
1755320 358
1755330 358
1755340 360
1755350 360
1755360 361
1755370 363
1755380 363
1755390 364
1755400 365
1755410 365
1755420 367
1755430 371
1755440 371
1755450 373
1755460 374
1755470 374
1755480 375
1755490 375
1755500 375
1755510 376
1755520 377
1755530 378
1755540 378
1755550 379
1755560 379
1755570 379
1755580 383
1755590 385
1755600 385
1755610 388
1755620 391
1755630 391
1755640 392
1755650 393
1755660 393
1755670 395
1755680 396
1755690 396
1755700 398
1755710 401
1755720 401
1755730 403
1755740 406
1755750 408
1755760 408
1755770 409
1755780 410
1755790 410
1755800 411
1755810 411
1755820 411
1755830 412
1755840 413
1755850 413
1755860 414
1755870 416
1755880 416
1755890 416
1755900 417
1755910 417
1755920 418
1755930 419
1755940 419
1755950 420
1755960 420
1755970 422
1755980 422
1755990 421
1756000 420
1756010 420
1756020 421
1756030 420
1756040 420
1756050 418
1756060 418
1756070 418
1756080 418
1756090 421
1756100 421
1756110 424
1756120 429
1756130 429
1756140 431
1756150 433
1756160 433
1756170 434
1756180 437
1756190 438
1756200 438
1756210 439
1756220 440
1756230 440
1756240 440
1756250 438
1756260 438
1756270 437
1756280 435
1756290 435
1756300 433
1756310 431
1756320 431
1756330 428
1756340 423
1756350 423
1756360 418
1756370 415
1756380 415
1756390 414
1756400 412
1756410 411
1756420 411
1756430 410
1756440 409
1756450 409
1756460 407
1756470 405
1756480 405
1756490 404
1756500 403
1756510 403
1756520 401
1756530 399
1756540 399
1756550 397
1756560 396
1756570 396
1756580 394
1756590 393
1756600 393
1756610 392
1756620 391
1756630 387
1756640 387
1756650 385
1756660 383
1756670 383
1756680 383
1756690 382
1756700 382
1756710 380
1756720 378
1756730 378
1756740 375
1756750 372
1756760 372
1756770 370
1756780 367
1756790 367
1756800 366
1756810 363
1756820 363
1756830 363
1756840 363
1756850 363
1756860 363
1756870 364
1756880 364
1756890 364
1756900 363
1756910 363
1756920 363
1756930 364
1756940 364
1756950 364
1756960 365
1756970 366
1756980 366
1756990 367
1757000 368
1757010 368
1757020 370
1757030 371
1757040 371
1757050 371
1757060 371
1757070 372
1757080 372
1757090 372
1757100 374
1757110 374
1757120 375
1757130 376
1757140 376
1757150 376
1757160 377
1757170 377
1757180 377
1757190 378
1757200 378
1757210 380
1757220 382
1757230 382
1757240 384
1757250 385
1757260 385
1757270 387
1757280 387
1757290 387
1757300 387
1757310 390
1757320 392
1757330 392
1757340 394
1757350 396
1757360 396
1757370 397
1757380 398
1757390 398
1757400 401
1757410 403
1757420 403
1757430 405
1757440 407
1757450 407
1757460 409
1757470 413
1757480 413
1757490 416
1757500 419
1757510 422
1757520 422
1757530 425
1757540 427
1757550 427
1757560 430
1757570 433
1757580 433
1757590 436
1757600 437
1757610 437
1757620 438
1757630 440
1757640 440
1757650 441
1757660 443
1757670 443
1757680 445
1757690 447
1757700 447
1757710 450
1757720 451
1757730 453
1757740 453
1757750 455
1757760 457
1757770 457
1757780 459
1757790 460
1757800 460
1757810 461
1757820 461
1757830 461
1757840 461
1757850 461
1757860 461
1757870 461
1757880 461
1757890 461
1757900 461
1757910 461
1757920 461
1757930 461
1757940 460
1757950 460
1757960 460
1757970 460
1757980 459
1757990 459
1758000 458
1758010 457
1758020 457
1758030 456
1758040 454
1758050 454
1758060 453
1758070 452
1758080 452
1758090 451
1758100 451
1758110 451
1758120 451
1758130 450
1758140 449
1758150 449
1758160 449
1758170 449
1758180 449
1758190 449
1758200 450
1758210 450
1758220 450
1758230 451
1758240 451
1758250 452
1758260 453
1758270 453
1758280 454
1758290 457
1758300 457
1758310 458
1758320 459
1758330 459
1758340 457
1758350 447
1758360 444
1758370 444
1758380 440
1758390 438
1758400 438
1758410 436
1758420 434
1758430 434
1758440 435
1758450 436
1758460 436
1758470 435
1758480 433
1758490 433
1758500 431
1758510 429
1758520 429
1758530 428
1758540 427
1758550 427
1758560 427
1758570 427
1758580 427
1758590 427
1758600 425
1758610 425
1758620 425
1758630 424
1758640 423
1758650 423
1758660 423
1758670 423
1758680 423
1758690 423
1758700 423
1758710 423
1758720 423
1758730 422
1758740 422
1758750 422
1758760 421
1758770 421
1758780 421
1758790 421
1758800 423
1758810 423
1758820 425
1758830 426
1758840 426
1758850 426
1758860 427
1758870 427
1758880 428
1758890 431
1758900 431
1758910 433
1758920 435
1758930 435
1758940 436
1758950 437
1758960 437
1758970 438
1758980 439
1758990 439
1759000 440
1759010 439
1759020 438
1759030 438
1759040 436
1759050 435
1759060 435
1759070 433
1759080 432
1759090 432
1759100 430
1759110 429
1759120 429
1759130 428
1759140 426
1759150 426
1759160 424
1759170 420
1759180 420
1759190 417
1759200 415
1759210 415
1759220 412
1759230 409
1759240 408
1759250 408
1759260 407
1759270 406
1759280 406
1759290 405
1759300 404
1759310 404
1759320 404
1759330 402
1759340 402
1759350 401
1759360 400
1759370 400
1759380 400
1759390 400
1759400 400
1759410 400
1759420 400
1759430 400
1759440 400
1759450 401
1759460 401
1759470 401
1759480 401
1759490 402
1759500 402
1759510 403
1759520 403
1759530 403
1759540 404
1759550 405
1759560 405
1759570 406
1759580 406
1759590 406
1759600 407
1759610 407
1759620 407
1759630 408
1759640 409
1759650 409
1759660 409
1759670 411
1759680 412
1759690 412
1759700 412
1759710 412
1759720 412
1759730 412
1759740 412
1759750 412
1759760 413
1759770 415
1759780 413
1759790 415
1759800 420
1759810 420
1759820 425
1759830 429
1759840 429
1759850 430
1759860 431
1759870 431
1759880 432
1759890 433
1759900 434
1759910 434
1759920 435
1759930 436
1759940 436
1759950 437
1759960 438
1759970 438
1759980 438
1759990 438
