1740000 466
1740010 465
1740020 464
1740030 464
1740040 463
1740050 464
1740060 464
1740070 465
1740080 468
1740090 468
1740100 471
1740110 472
1740120 472
1740130 472
1740140 473
1740150 473
1740160 474
1740170 475
1740180 476
1740190 476
1740200 477
1740210 478
1740220 478
1740230 478
1740240 478
1740250 478
1740260 478
1740270 478
1740280 478
1740290 478
1740300 477
1740310 477
1740320 476
1740330 475
1740340 475
1740350 473
1740360 467
1740370 467
1740380 462
1740390 460
1740400 459
1740410 459
1740420 458
1740430 457
1740440 457
1740450 456
1740460 455
1740470 455
1740480 454
1740490 454
1740500 454
1740510 454
1740520 453
1740530 453
1740540 453
1740550 453
1740560 453
1740570 454
1740580 454
1740590 454
1740600 454
1740610 454
1740620 453
1740630 453
1740640 453
1740650 454
1740660 454
1740670 455
1740680 456
1740690 456
1740700 456
1740710 456
1740720 456
1740730 456
1740740 452
1740750 452
1740760 451
1740770 450
1740780 450
1740790 449
1740800 447
1740810 447
1740820 444
1740830 442
1740840 440
1740850 440
1740860 438
1740870 436
1740880 436
1740890 434
1740900 432
1740910 432
1740920 431
1740930 427
1740940 427
1740950 424
1740960 427
1740970 427
1740980 433
1740990 438
1741000 438
1741010 436
1741020 438
1741030 438
1741040 442
1741050 444
1741060 444
1741070 444
1741080 444
1741090 445
1741100 445
1741110 446
1741120 450
1741130 450
1741140 452
1741150 453
1741160 453
1741170 455
1741180 456
1741190 457
1741200 457
1741210 459
1741220 459
1741230 459
1741240 460
1741250 460
1741260 459
1741270 459
1741280 458
1741290 458
1741300 457
1741310 456
1741320 456
1741330 456
1741340 457
1741350 457
1741360 458
1741370 458
1741380 458
1741390 459
1741400 459
1741410 459
1741420 463
1741430 466
1741440 466
1741450 469
1741460 470
1741470 470
1741480 472
1741490 475
1741500 475
1741510 475
1741520 474
1741530 474
1741540 474
1741550 474
1741560 472
1741570 472
1741580 470
1741590 468
1741600 468
1741610 466
1741620 466
1741630 466
1741640 465
1741650 465
1741660 465
1741670 464
1741680 464
1741690 464
1741700 464
1741710 465
1741720 466
1741730 466
1741740 467
1741750 467
1741760 467
1741770 464
1741780 462
1741790 462
1741800 460
1741810 457
1741820 457
1741830 455
1741840 452
1741850 452
1741860 451
1741870 448
1741880 448
1741890 446
1741900 441
1741910 441
1741920 440
1741930 440
1741940 439
1741950 439
1741960 436
1741970 437
1741980 437
1741990 439
1742000 439
1742010 439
1742020 436
1742030 438
1742040 438
1742050 439
1742060 441
1742070 441
1742080 443
1742090 446
1742100 446
1742110 447
1742120 448
1742130 448
1742140 448
1742150 448
1742160 448
1742170 448
1742180 448
1742190 447
1742200 447
1742210 446
1742220 444
1742230 444
1742240 442
1742250 439
1742260 439
1742270 437
1742280 434
1742290 434
1742300 432
1742310 429
1742320 429
1742330 427
1742340 423
1742350 423
1742360 420
1742370 419
1742380 419
1742390 419
1742400 419
1742410 421
1742420 421
1742430 421
1742440 422
1742450 422
1742460 422
1742470 423
1742480 423
1742490 424
1742500 424
1742510 424
1742520 425
1742530 426
1742540 426
1742550 427
1742560 427
1742570 427
1742580 428
1742590 429
1742600 430
1742610 430
1742620 431
1742630 432
1742640 432
1742650 432
1742660 430
1742670 430
1742680 429
1742690 428
1742700 428
1742710 426
1742720 425
1742730 425
1742740 423
1742750 422
1742760 422
1742770 420
1742780 417
1742790 417
1742800 414
1742810 413
1742820 411
1742830 411
1742840 410
1742850 410
1742860 410
1742870 409
1742880 406
1742890 406
1742900 402
1742910 398
1742920 398
1742930 396
1742940 397
1742950 399
1742960 402
1742970 401
1742980 401
1742990 401
1743000 401
1743010 401
1743020 401
1743030 402
1743040 403
1743050 403
1743060 405
1743070 406
1743080 406
1743090 407
1743100 407
1743110 407
1743120 408
1743130 408
1743140 408
1743150 407
1743160 407
1743170 407
1743180 406
1743190 405
1743200 405
1743210 404
1743220 403
1743230 403
1743240 403
1743250 402
1743260 401
1743270 401
1743280 397
1743290 396
1743300 396
1743310 396
1743320 397
1743330 397
1743340 397
1743350 396
1743360 396
1743370 395
1743380 395
1743390 395
1743400 394
1743410 393
1743420 393
1743430 392
1743440 392
1743450 392
1743460 391
1743470 390
1743480 388
1743490 388
1743500 388
1743510 388
1743520 388
1743530 388
1743540 387
1743550 387
1743560 387
1743570 387
1743580 387
1743590 386
1743600 384
1743610 384
1743620 383
1743630 382
1743640 382
1743650 381
1743660 381
1743670 381
1743680 381
1743690 380
1743700 380
1743710 380
1743720 380
1743730 379
1743740 379
1743750 378
1743760 378
1743770 378
1743780 377
1743790 376
1743800 376
1743810 376
1743820 375
1743830 375
1743840 374
1743850 374
1743860 374
1743870 374
1743880 374
1743890 374
1743900 374
1743910 374
1743920 374
1743930 374
1743940 374
1743950 374
1743960 374
1743970 374
1743980 374
1743990 374
1744000 374
1744010 373
1744020 373
1744030 373
1744040 373
1744050 373
1744060 373
1744070 372
1744080 372
1744090 371
1744100 371
1744110 371
1744120 371
1744130 370
1744140 370
1744150 370
1744160 370
1744170 370
1744180 370
1744190 370
1744200 370
1744210 370
1744220 370
1744230 370
1744240 370
1744250 370
1744260 370
1744270 370
1744280 369
1744290 369
1744300 369
1744310 369
1744320 369
1744330 369
1744340 369
1744350 369
1744360 369
1744370 369
1744380 369
1744390 368
1744400 368
1744410 368
1744420 368
1744430 368
1744440 368
1744450 367
1744460 367
1744470 367
1744480 366
1744490 366
1744500 366
1744510 366
1744520 366
1744530 366
1744540 366
1744550 366
1744560 366
1744570 367
1744580 366
1744590 366
1744600 365
1744610 366
1744620 366
1744630 366
1744640 367
1744650 367
1744660 366
1744670 367
1744680 367
1744690 367
1744700 367
1744710 367
1744720 367
1744730 368
1744740 368
1744750 369
1744760 369
1744770 369
1744780 370
1744790 371
1744800 371
1744810 371
1744820 373
1744830 374
1744840 374
1744850 375
1744860 375
1744870 375
1744880 376
1744890 376
1744900 376
1744910 376
1744920 377
1744930 377
1744940 378
1744950 379
1744960 379
1744970 380
1744980 381
1744990 381
1745000 381
1745010 382
1745020 383
1745030 383
1745040 383
1745050 384
1745060 384
1745070 384
1745080 385
1745090 385
1745100 385
1745110 385
1745120 385
1745130 385
1745140 386
1745150 386
1745160 386
1745170 387
1745180 387
1745190 387
1745200 388
1745210 388
1745220 390
1745230 392
1745240 393
1745250 393
1745260 393
1745270 394
1745280 394
1745290 395
1745300 396
1745310 396
1745320 396
1745330 396
1745340 396
1745350 395
1745360 395
1745370 395
1745380 394
1745390 394
1745400 394
1745410 394
1745420 394
1745430 394
1745440 393
1745450 393
1745460 393
1745470 393
1745480 393
1745490 393
1745500 393
1745510 392
1745520 392
1745530 392
1745540 392
1745550 391
1745560 391
1745570 391
1745580 390
1745590 390
1745600 389
1745610 388
1745620 388
1745630 387
1745640 386
1745650 386
1745660 384
1745670 383
1745680 383
1745690 383
1745700 382
1745710 381
1745720 381
1745730 380
1745740 379
1745750 379
1745760 378
1745770 377
1745780 377
1745790 379
1745800 378
1745810 378
1745820 377
1745830 373
1745840 373
1745850 372
1745860 371
1745870 371
1745880 371
1745890 371
1745900 371
1745910 371
1745920 371
1745930 370
1745940 370
1745950 371
1745960 372
1745970 372
1745980 374
1745990 376
1746000 376
1746010 375
1746020 375
1746030 375
1746040 374
1746050 373
1746060 373
1746070 373
1746080 374
1746090 374
1746100 374
1746110 372
1746120 372
1746130 372
1746140 374
1746150 374
1746160 374
1746170 374
1746180 375
1746190 375
1746200 374
1746210 374
1746220 374
1746230 371
1746240 369
1746250 369
1746260 373
1746270 371
1746280 371
1746290 373
1746300 375
1746310 375
1746320 376
1746330 377
1746340 378
1746350 378
1746360 379
1746370 380
1746380 380
1746390 382
1746400 383
1746410 383
1746420 384
1746430 386
1746440 386
1746450 387
1746460 389
1746470 389
1746480 391
1746490 394
1746500 394
1746510 398
1746520 401
1746530 401
1746540 403
1746550 405
1746560 406
1746570 406
1746580 406
1746590 406
1746600 406
1746610 405
1746620 399
1746630 399
1746640 392
1746650 388
1746660 388
1746670 389
1746680 390
1746690 390
1746700 392
1746710 395
1746720 395
1746730 397
1746740 399
1746750 399
1746760 400
1746770 401
1746780 403
1746790 403
1746800 405
1746810 407
1746820 407
1746830 409
1746840 410
1746850 410
1746860 411
1746870 412
1746880 412
1746890 413
1746900 414
1746910 414
1746920 415
1746930 416
1746940 416
1746950 417
1746960 417
1746970 417
1746980 418
1746990 419
1747000 420
1747010 420
1747020 420
1747030 421
1747040 421
1747050 421
1747060 422
1747070 422
1747080 422
1747090 421
1747100 421
1747110 420
1747120 420
1747130 420
1747140 420
1747150 419
1747160 419
1747170 418
1747180 417
1747190 417
1747200 415
1747210 413
1747220 410
1747230 410
1747240 408
1747250 406
1747260 406
1747270 404
1747280 401
1747290 401
1747300 397
1747310 395
1747320 395
1747330 393
1747340 391
1747350 391
1747360 389
1747370 387
1747380 387
1747390 383
1747400 379
1747410 379
1747420 378
1747430 376
1747440 377
1747450 377
1747460 375
1747470 381
1747480 381
1747490 385
1747500 387
1747510 387
1747520 388
1747530 390
1747540 390
1747550 390
1747560 390
1747570 390
1747580 391
1747590 391
1747600 391
1747610 391
1747620 391
1747630 391
1747640 391
1747650 392
1747660 391
1747670 391
1747680 391
1747690 392
1747700 392
1747710 391
1747720 391
1747730 391
1747740 391
1747750 391
1747760 391
1747770 390
1747780 390
1747790 390
1747800 387
1747810 386
1747820 386
1747830 386
1747840 388
1747850 388
1747860 387
1747870 382
1747880 378
1747890 378
1747900 376
1747910 381
1747920 381
1747930 386
1747940 394
1747950 394
1747960 398
1747970 401
1747980 401
1747990 401
1748000 402
1748010 402
1748020 401
1748030 401
1748040 401
1748050 401
1748060 402
1748070 402
1748080 402
1748090 404
1748100 405
1748110 405
1748120 407
1748130 408
1748140 408
1748150 409
1748160 410
1748170 410
1748180 411
1748190 412
1748200 412
1748210 413
1748220 415
1748230 415
1748240 416
1748250 417
1748260 417
1748270 418
1748280 418
1748290 418
1748300 419
1748310 418
1748320 418
1748330 418
1748340 418
1748350 418
1748360 418
1748370 417
1748380 417
1748390 417
1748400 417
1748410 417
1748420 417
1748430 417
1748440 416
1748450 416
1748460 416
1748470 416
1748480 416
1748490 416
1748500 415
1748510 415
1748520 413
1748530 411
1748540 409
1748550 409
1748560 407
1748570 405
1748580 405
1748590 402
1748600 400
1748610 400
1748620 398
1748630 395
1748640 395
1748650 394
1748660 393
1748670 393
1748680 390
1748690 387
1748700 387
1748710 386
1748720 386
1748730 386
1748740 384
1748750 381
1748760 378
1748770 378
1748780 376
1748790 374
1748800 374
1748810 373
1748820 371
1748830 371
1748840 368
1748850 365
1748860 365
1748870 363
1748880 361
1748890 361
1748900 359
1748910 358
1748920 358
1748930 357
1748940 356
1748950 356
1748960 355
1748970 353
1748980 351
1748990 351
1749000 349
1749010 348
1749020 348
1749030 346
1749040 345
1749050 345
1749060 345
1749070 344
1749080 344
1749090 343
1749100 343
1749110 343
1749120 344
1749130 344
1749140 344
1749150 343
1749160 344
1749170 344
1749180 343
1749190 343
1749200 343
1749210 343
1749220 343
1749230 343
1749240 343
1749250 343
1749260 342
1749270 342
1749280 342
1749290 342
1749300 342
1749310 342
1749320 342
1749330 342
1749340 343
1749350 342
1749360 342
1749370 342
1749380 342
1749390 342
1749400 342
1749410 342
1749420 342
1749430 342
1749440 342
1749450 342
1749460 342
1749470 342
1749480 342
1749490 342
1749500 342
1749510 342
1749520 342
1749530 342
1749540 342
1749550 342
1749560 342
1749570 342
1749580 342
1749590 342
1749600 342
1749610 342
1749620 341
1749630 338
1749640 341
1749650 341
1749660 342
1749670 342
1749680 342
1749690 341
1749700 342
1749710 342
1749720 342
1749730 341
1749740 341
1749750 341
1749760 341
1749770 341
1749780 341
1749790 341
1749800 341
1749810 341
1749820 341
1749830 341
1749840 341
1749850 341
1749860 341
1749870 341
1749880 341
1749890 341
1749900 341
1749910 341
1749920 341
1749930 341
1749940 341
1749950 341
1749960 341
1749970 341
1749980 341
1749990 341
1750000 341
1750010 341
1750020 341
1750030 341
1750040 341
1750050 341
1750060 341
1750070 341
1750080 341
1750090 341
1750100 340
1750110 340
1750120 340
1750130 340
1750140 340
1750150 340
1750160 340
1750170 340
1750180 340
1750190 340
1750200 340
1750210 340
1750220 340
1750230 340
1750240 340
1750250 340
1750260 340
1750270 340
1750280 340
1750290 340
1750300 340
1750310 340
1750320 340
1750330 340
1750340 340
1750350 340
1750360 340
1750370 340
1750380 340
1750390 340
1750400 340
1750410 340
1750420 340
1750430 340
1750440 340
1750450 339
1750460 339
1750470 339
1750480 340
1750490 340
1750500 339
1750510 339
1750520 339
1750530 339
1750540 339
1750550 339
1750560 339
1750570 339
1750580 339
1750590 339
1750600 340
1750610 340
1750620 340
1750630 340
1750640 339
1750650 339
1750660 340
1750670 340
1750680 340
1750690 340
1750700 340
1750710 340
1750720 340
1750730 341
1750740 341
1750750 341
1750760 341
1750770 341
1750780 341
1750790 341
1750800 341
1750810 341
1750820 341
1750830 341
1750840 341
1750850 340
1750860 340
1750870 340
1750880 340
1750890 340
1750900 340
1750910 340
1750920 340
1750930 340
1750940 340
1750950 340
1750960 340
1750970 340
1750980 340
1750990 340
1751000 340
1751010 340
1751020 340
1751030 340
1751040 340
1751050 340
1751060 340
1751070 340
1751080 341
1751090 341
1751100 341
1751110 341
1751120 341
1751130 340
1751140 340
1751150 340
1751160 341
1751170 341
1751180 343
1751190 343
1751200 343
1751210 342
1751220 342
1751230 342
1751240 342
1751250 342
1751260 342
1751270 342
1751280 342
1751290 342
1751300 342
1751310 342
1751320 342
1751330 342
1751340 342
1751350 343
1751360 343
1751370 343
1751380 343
1751390 344
1751400 344
1751410 344
1751420 345
1751430 346
1751440 346
1751450 347
1751460 348
1751470 348
1751480 347
1751490 349
1751500 349
1751510 346
1751520 346
1751530 346
1751540 345
1751550 345
1751560 345
1751570 347
1751580 347
1751590 347
1751600 347
1751610 348
1751620 350
1751630 350
1751640 351
1751650 352
1751660 352
1751670 353
1751680 353
1751690 353
1751700 354
1751710 354
1751720 354
1751730 355
1751740 355
1751750 355
1751760 355
1751770 355
1751780 355
1751790 355
1751800 356
1751810 356
1751820 356
1751830 356
1751840 356
1751850 356
1751860 357
1751870 357
1751880 357
1751890 357
1751900 358
1751910 358
1751920 358
1751930 358
1751940 358
1751950 358
1751960 359
1751970 359
1751980 359
1751990 359
1752000 359
1752010 360
1752020 360
1752030 360
1752040 361
1752050 361
1752060 362
1752070 362
1752080 362
1752090 363
1752100 363
1752110 364
1752120 364
1752130 364
1752140 365
1752150 366
1752160 366
1752170 367
1752180 368
1752190 368
1752200 369
1752210 370
1752220 370
1752230 370
1752240 370
1752250 370
1752260 370
1752270 370
1752280 369
1752290 369
1752300 367
1752310 365
1752320 365
1752330 365
1752340 364
1752350 364
1752360 363
1752370 362
1752380 362
1752390 360
1752400 359
1752410 359
1752420 357
1752430 357
1752440 357
1752450 356
1752460 357
1752470 357
1752480 358
1752490 359
1752500 360
1752510 360
1752520 362
1752530 363
1752540 363
1752550 365
1752560 367
1752570 367
1752580 367
1752590 369
1752600 369
1752610 370
1752620 372
1752630 372
1752640 373
1752650 375
1752660 375
1752670 376
1752680 377
1752690 377
1752700 379
1752710 381
1752720 383
1752730 383
1752740 384
1752750 386
1752760 386
1752770 387
1752780 389
1752790 389
1752800 390
1752810 390
1752820 390
1752830 391
1752840 393
1752850 393
1752860 393
1752870 394
1752880 394
1752890 395
1752900 395
1752910 395
1752920 396
1752930 395
1752940 394
1752950 394
1752960 391
1752970 389
1752980 389
1752990 386
1753000 384
1753010 384
1753020 384
1753030 382
1753040 382
1753050 377
1753060 374
1753070 374
1753080 375
1753090 378
1753100 378
1753110 379
1753120 381
1753130 381
1753140 384
1753150 385
1753160 387
1753170 387
1753180 388
1753190 389
1753200 389
1753210 390
1753220 392
1753230 392
1753240 393
1753250 394
1753260 394
1753270 396
1753280 397
1753290 397
1753300 400
1753310 400
1753320 400
1753330 402
1753340 403
1753350 403
1753360 404
1753370 404
1753380 406
1753390 406
1753400 407
1753410 408
1753420 408
1753430 408
1753440 409
1753450 409
1753460 412
1753470 413
1753480 413
1753490 414
1753500 415
1753510 415
1753520 417
1753530 421
1753540 421
1753550 423
1753560 425
1753570 425
1753580 427
1753590 428
1753600 429
1753610 429
1753620 430
1753630 430
1753640 430
1753650 431
1753660 430
1753670 430
1753680 430
1753690 428
1753700 428
1753710 426
1753720 424
1753730 424
1753740 422
1753750 418
1753760 418
1753770 417
1753780 416
1753790 416
1753800 413
1753810 411
1753820 409
1753830 409
1753840 407
1753850 404
1753860 404
1753870 399
1753880 398
1753890 398
1753900 396
1753910 393
1753920 393
1753930 390
1753940 391
1753950 391
1753960 388
1753970 385
1753980 385
1753990 381
1754000 378
1754010 378
1754020 373
1754030 371
1754040 371
1754050 371
1754060 373
1754070 375
1754080 375
1754090 378
1754100 379
1754110 379
1754120 377
1754130 377
1754140 377
1754150 378
1754160 378
1754170 378
1754180 378
1754190 379
1754200 379
1754210 380
1754220 381
1754230 381
1754240 381
1754250 383
1754260 384
1754270 384
1754280 387
1754290 392
1754300 392
1754310 394
1754320 396
1754330 396
1754340 397
1754350 400
1754360 400
1754370 401
1754380 402
1754390 402
1754400 404
1754410 405
1754420 405
1754430 406
1754440 408
1754450 408
1754460 409
1754470 410
1754480 412
1754490 412
1754500 414
1754510 415
1754520 415
1754530 418
1754540 423
1754550 423
1754560 424
1754570 424
1754580 424
1754590 424
1754600 425
1754610 425
1754620 425
1754630 422
1754640 422
1754650 420
1754660 417
1754670 417
1754680 415
1754690 413
1754700 412
1754710 412
1754720 411
1754730 409
1754740 409
1754750 407
1754760 405
1754770 405
1754780 405
1754790 408
1754800 408
1754810 408
1754820 407
1754830 407
1754840 407
1754850 406
1754860 406
1754870 406
1754880 406
1754890 406
1754900 406
1754910 405
1754920 404
1754930 404
1754940 404
1754950 402
1754960 402
1754970 401
1754980 400
1754990 400
1755000 400
1755010 398
1755020 398
1755030 395
1755040 393
1755050 393
1755060 391
1755070 390
1755080 390
1755090 389
1755100 387
1755110 387
1755120 385
1755130 382
1755140 380
1755150 380
1755160 379
1755170 374
1755180 374
1755190 373
1755200 372
1755210 372
1755220 371
1755230 368
1755240 368
1755250 366
1755260 364
1755270 364
1755280 360
1755290 358
1755300 358
1755310 356
1755320 354
1755330 354
1755340 353
1755350 352
1755360 350
1755370 350
1755380 348
1755390 346
1755400 346
1755410 346
1755420 345
1755430 345
1755440 346
1755450 347
1755460 347
1755470 347
1755480 348
1755490 348
1755500 349
1755510 349
1755520 349
1755530 350
1755540 351
1755550 351
1755560 353
1755570 354
1755580 355
1755590 355
1755600 358
1755610 360
1755620 360
1755630 362
1755640 364
1755650 364
1755660 365
1755670 366
1755680 366
1755690 367
1755700 367
1755710 367
1755720 372
1755730 374
1755740 374
1755750 376
1755760 377
1755770 377
1755780 378
1755790 383
1755800 385
1755810 385
1755820 389
1755830 393
1755840 393
1755850 395
1755860 396
1755870 396
1755880 397
1755890 398
1755900 398
1755910 399
1755920 399
1755930 399
1755940 399
1755950 398
1755960 398
1755970 397
1755980 396
1755990 396
1756000 395
1756010 393
1756020 392
1756030 392
1756040 390
1756050 388
1756060 388
1756070 387
1756080 385
1756090 385
1756100 384
1756110 383
1756120 383
1756130 381
1756140 380
1756150 380
1756160 379
1756170 377
1756180 377
1756190 375
1756200 373
1756210 373
1756220 371
1756230 370
1756240 369
1756250 369
1756260 366
1756270 364
1756280 364
1756290 363
1756300 361
1756310 361
1756320 359
1756330 356
1756340 356
1756350 352
1756360 346
1756370 346
1756380 346
1756390 344
1756400 344
1756410 341
1756420 340
1756430 340
1756440 339
1756450 339
1756460 339
1756470 339
1756480 338
1756490 338
1756500 338
1756510 338
1756520 338
1756530 338
1756540 338
1756550 338
1756560 338
1756570 339
1756580 341
1756590 341
1756600 342
1756610 344
1756620 344
1756630 346
1756640 347
1756650 347
1756660 349
1756670 350
1756680 351
1756690 351
1756700 351
1756710 351
1756720 351
1756730 352
1756740 352
1756750 352
1756760 352
1756770 352
1756780 352
1756790 353
1756800 353
1756810 353
1756820 353
1756830 351
1756840 351
1756850 350
1756860 348
1756870 348
1756880 346
1756890 344
1756900 341
1756910 341
1756920 338
1756930 336
1756940 336
1756950 335
1756960 334
1756970 334
1756980 333
1756990 333
1757000 333
1757010 333
1757020 333
1757030 333
1757040 332
1757050 332
1757060 332
1757070 331
1757080 328
1757090 328
1757100 329
1757110 329
1757120 330
1757130 330
1757140 330
1757150 330
1757160 330
1757170 330
1757180 330
1757190 330
1757200 331
1757210 331
1757220 331
1757230 331
1757240 333
1757250 333
1757260 336
1757270 336
1757280 336
1757290 338
1757300 339
1757310 339
1757320 343
1757330 344
1757340 346
1757350 346
1757360 348
1757370 349
1757380 349
1757390 350
1757400 352
1757410 352
1757420 353
1757430 355
1757440 355
1757450 356
1757460 359
1757470 359
1757480 362
1757490 365
1757500 365
1757510 367
1757520 368
1757530 368
1757540 369
1757550 371
1757560 373
1757570 373
1757580 374
1757590 377
1757600 377
1757610 378
1757620 381
1757630 381
1757640 383
1757650 386
1757660 386
1757670 388
1757680 390
1757690 390
1757700 392
1757710 393
1757720 393
1757730 395
1757740 397
1757750 397
1757760 398
1757770 400
1757780 401
1757790 401
1757800 404
1757810 404
1757820 404
1757830 404
1757840 405
1757850 405
1757860 405
1757870 404
1757880 404
1757890 402
1757900 400
1757910 400
1757920 398
1757930 396
1757940 396
1757950 394
1757960 394
1757970 394
1757980 392
1757990 391
1758000 389
1758010 389
1758020 386
1758030 385
1758040 385
1758050 383
1758060 382
1758070 382
1758080 380
1758090 378
1758100 378
1758110 377
1758120 376
1758130 376
1758140 375
1758150 372
1758160 372
1758170 368
1758180 370
1758190 370
1758200 369
1758210 367
1758220 366
1758230 366
1758240 365
1758250 365
1758260 365
1758270 368
1758280 372
1758290 372
1758300 373
1758310 377
1758320 377
1758330 383
1758340 387
1758350 387
1758360 389
1758370 390
1758380 390
1758390 392
1758400 395
1758410 395
1758420 397
1758430 400
1758440 402
1758450 402
1758460 404
1758470 406
1758480 406
1758490 408
1758500 409
1758510 409
1758520 410
1758530 411
1758540 411
1758550 413
1758560 414
1758570 414
1758580 415
1758590 417
1758600 417
1758610 418
1758620 419
1758630 419
1758640 419
1758650 419
1758660 417
1758670 417
1758680 415
1758690 413
1758700 413
1758710 411
1758720 410
1758730 410
1758740 409
1758750 408
1758760 408
1758770 406
1758780 405
1758790 405
1758800 405
1758810 404
1758820 404
1758830 404
1758840 404
1758850 404
1758860 403
1758870 403
1758880 402
1758890 402
1758900 402
1758910 401
1758920 401
1758930 401
1758940 400
1758950 400
1758960 399
1758970 399
1758980 399
1758990 398
1759000 398
1759010 398
1759020 398
1759030 396
1759040 396
1759050 395
1759060 394
1759070 394
1759080 390
1759090 390
1759100 389
1759110 389
1759120 389
1759130 388
1759140 388
1759150 387
1759160 387
1759170 387
1759180 387
1759190 387
1759200 387
1759210 387
1759220 387
1759230 387
1759240 386
1759250 385
1759260 385
1759270 385
1759280 385
1759290 385
1759300 387
1759310 388
1759320 389
1759330 389
1759340 391
1759350 392
1759360 392
1759370 393
1759380 394
1759390 394
1759400 396
1759410 397
1759420 397
1759430 399
1759440 401
1759450 401
1759460 402
1759470 404
1759480 404
1759490 405
1759500 406
1759510 406
1759520 406
1759530 406
1759540 407
1759550 407
1759560 408
1759570 409
1759580 409
1759590 409
1759600 409
1759610 409
1759620 409
1759630 409
1759640 409
1759650 409
1759660 408
1759670 408
1759680 408
1759690 408
1759700 408
1759710 408
1759720 408
1759730 408
1759740 409
1759750 409
1759760 409
1759770 409
1759780 410
1759790 412
1759800 412
1759810 414
1759820 416
1759830 416
1759840 417
1759850 417
1759860 417
1759870 416
1759880 416
1759890 416
1759900 416
1759910 414
1759920 414
1759930 413
1759940 412
1759950 412
1759960 411
1759970 410
1759980 409
1759990 409
