1740000 469
1740010 470
1740020 471
1740030 471
1740040 473
1740050 474
1740060 474
1740070 474
1740080 475
1740090 475
1740100 476
1740110 477
1740120 477
1740130 479
1740140 479
1740150 479
1740160 479
1740170 481
1740180 480
1740190 480
1740200 481
1740210 481
1740220 481
1740230 481
1740240 481
1740250 481
1740260 481
1740270 481
1740280 481
1740290 480
1740300 479
1740310 479
1740320 478
1740330 475
1740340 475
1740350 472
1740360 467
1740370 462
1740380 462
1740390 460
1740400 459
1740410 459
1740420 456
1740430 454
1740440 454
1740450 454
1740460 452
1740470 452
1740480 451
1740490 450
1740500 450
1740510 449
1740520 449
1740530 449
1740540 448
1740550 449
1740560 449
1740570 449
1740580 449
1740590 449
1740600 449
1740610 449
1740620 448
1740630 448
1740640 448
1740650 449
1740660 449
1740670 450
1740680 451
1740690 451
1740700 452
1740710 452
1740720 452
1740730 452
1740740 451
1740750 451
1740760 450
1740770 448
1740780 448
1740790 446
1740800 444
1740810 442
1740820 442
1740830 440
1740840 438
1740850 438
1740860 436
1740870 434
1740880 434
1740890 433
1740900 432
1740910 432
1740920 429
1740930 425
1740940 425
1740950 423
1740960 426
1740970 426
1740980 428
1740990 432
1741000 432
1741010 437
1741020 438
1741030 439
1741040 439
1741050 440
1741060 441
1741070 441
1741080 441
1741090 442
1741100 442
1741110 443
1741120 448
1741130 448
1741140 450
1741150 451
1741160 451
1741170 451
1741180 452
1741190 452
1741200 453
1741210 454
1741220 454
1741230 455
1741240 454
1741250 453
1741260 453
1741270 453
1741280 452
1741290 452
1741300 452
1741310 453
1741320 453
1741330 453
1741340 453
1741350 453
1741360 454
1741370 455
1741380 455
1741390 456
1741400 458
1741410 458
1741420 459
1741430 460
1741440 460
1741450 461
1741460 464
1741470 466
1741480 466
1741490 467
1741500 468
1741510 468
1741520 470
1741530 469
1741540 469
1741550 468
1741560 467
1741570 467
1741580 465
1741590 464
1741600 464
1741610 463
1741620 462
1741630 462
1741640 462
1741650 460
1741660 460
1741670 459
1741680 458
1741690 458
1741700 458
1741710 458
1741720 459
1741730 459
1741740 460
1741750 460
1741760 460
1741770 461
1741780 460
1741790 460
1741800 459
1741810 457
1741820 457
1741830 455
1741840 453
1741850 453
1741860 451
1741870 449
1741880 449
1741890 447
1741900 445
1741910 441
1741920 441
1741930 436
1741940 433
1741950 433
1741960 430
1741970 428
1741980 428
1741990 433
1742000 434
1742010 434
1742020 431
1742030 429
1742040 429
1742050 429
1742060 431
1742070 431
1742080 433
1742090 435
1742100 435
1742110 436
1742120 437
1742130 440
1742140 440
1742150 443
1742160 444
1742170 444
1742180 445
1742190 445
1742200 445
1742210 444
1742220 444
1742230 444
1742240 443
1742250 440
1742260 440
1742270 438
1742280 436
1742290 436
1742300 433
1742310 431
1742320 431
1742330 429
1742340 428
1742350 424
1742360 424
1742370 417
1742380 413
1742390 413
1742400 412
1742410 414
1742420 414
1742430 413
1742440 414
1742450 414
1742460 418
1742470 419
1742480 419
1742490 420
1742500 422
1742510 422
1742520 422
1742530 423
1742540 423
1742550 423
1742560 424
1742570 424
1742580 424
1742590 425
1742600 427
1742610 427
1742620 427
1742630 428
1742640 428
1742650 429
1742660 429
1742670 429
1742680 428
1742690 427
1742700 427
1742710 425
1742720 424
1742730 424
1742740 423
1742750 421
1742760 421
1742770 420
1742780 418
1742790 417
1742800 417
1742810 415
1742820 415
1742830 415
1742840 413
1742850 411
1742860 411
1742870 410
1742880 408
1742890 408
1742900 406
1742910 402
1742920 402
1742930 399
1742940 397
1742950 397
1742960 394
1742970 394
1742980 394
1742990 394
1743000 394
1743010 394
1743020 394
1743030 395
1743040 395
1743050 395
1743060 395
1743070 397
1743080 397
1743090 398
1743100 399
1743110 399
1743120 400
1743130 400
1743140 400
1743150 398
1743160 400
1743170 400
1743180 400
1743190 399
1743200 399
1743210 399
1743220 400
1743230 400
1743240 400
1743250 399
1743260 398
1743270 398
1743280 396
1743290 394
1743300 394
1743310 392
1743320 391
1743330 391
1743340 391
1743350 392
1743360 392
1743370 392
1743380 390
1743390 390
1743400 389
1743410 389
1743420 389
1743430 388
1743440 388
1743450 387
1743460 387
1743470 389
1743480 390
1743490 390
1743500 390
1743510 389
1743520 389
1743530 387
1743540 385
1743550 385
1743560 384
1743570 383
1743580 383
1743590 383
1743600 382
1743610 382
1743620 381
1743630 381
1743640 381
1743650 380
1743660 379
1743670 378
1743680 378
1743690 378
1743700 377
1743710 377
1743720 376
1743730 376
1743740 376
1743750 375
1743760 375
1743770 375
1743780 374
1743790 374
1743800 374
1743810 374
1743820 373
1743830 373
1743840 373
1743850 373
1743860 373
1743870 373
1743880 373
1743890 373
1743900 373
1743910 373
1743920 373
1743930 373
1743940 372
1743950 372
1743960 372
1743970 372
1743980 372
1743990 372
1744000 371
1744010 371
1744020 371
1744030 371
1744040 371
1744050 371
1744060 371
1744070 371
1744080 371
1744090 371
1744100 370
1744110 370
1744120 370
1744130 372
1744140 372
1744150 372
1744160 370
1744170 370
1744180 370
1744190 370
1744200 371
1744210 371
1744220 370
1744230 370
1744240 370
1744250 369
1744260 370
1744270 370
1744280 370
1744290 369
1744300 369
1744310 369
1744320 369
1744330 369
1744340 369
1744350 369
1744360 368
1744370 368
1744380 368
1744390 368
1744400 368
1744410 367
1744420 368
1744430 368
1744440 368
1744450 367
1744460 367
1744470 367
1744480 367
1744490 367
1744500 367
1744510 367
1744520 367
1744530 367
1744540 367
1744550 366
1744560 366
1744570 366
1744580 366
1744590 366
1744600 366
1744610 366
1744620 366
1744630 366
1744640 366
1744650 366
1744660 367
1744670 366
1744680 366
1744690 367
1744700 367
1744710 367
1744720 369
1744730 370
1744740 370
1744750 371
1744760 372
1744770 373
1744780 373
1744790 373
1744800 374
1744810 374
1744820 375
1744830 375
1744840 375
1744850 376
1744860 378
1744870 378
1744880 379
1744890 380
1744900 380
1744910 381
1744920 382
1744930 382
1744940 383
1744950 383
1744960 383
1744970 383
1744980 384
1744990 385
1745000 385
1745010 386
1745020 387
1745030 387
1745040 387
1745050 387
1745060 387
1745070 387
1745080 388
1745090 388
1745100 389
1745110 389
1745120 389
1745130 390
1745140 390
1745150 390
1745160 391
1745170 391
1745180 391
1745190 391
1745200 394
1745210 396
1745220 396
1745230 396
1745240 396
1745250 396
1745260 395
1745270 394
1745280 394
1745290 393
1745300 391
1745310 391
1745320 392
1745330 392
1745340 392
1745350 391
1745360 391
1745370 391
1745380 391
1745390 390
1745400 390
1745410 390
1745420 390
1745430 389
1745440 389
1745450 389
1745460 389
1745470 389
1745480 388
1745490 388
1745500 388
1745510 389
1745520 389
1745530 389
1745540 388
1745550 387
1745560 387
1745570 386
1745580 386
1745590 386
1745600 385
1745610 384
1745620 384
1745630 383
1745640 382
1745650 381
1745660 381
1745670 381
1745680 380
1745690 380
1745700 380
1745710 377
1745720 377
1745730 375
1745740 373
1745750 373
1745760 372
1745770 373
1745780 373
1745790 373
1745800 372
1745810 372
1745820 373
1745830 375
1745840 375
1745850 376
1745860 376
1745870 376
1745880 376
1745890 373
1745900 372
1745910 372
1745920 373
1745930 374
1745940 374
1745950 374
1745960 375
1745970 375
1745980 376
1745990 377
1746000 377
1746010 377
1746020 376
1746030 376
1746040 376
1746050 376
1746060 376
1746070 375
1746080 375
1746090 375
1746100 375
1746110 374
1746120 376
1746130 376
1746140 376
1746150 377
1746160 377
1746170 377
1746180 377
1746190 377
1746200 376
1746210 376
1746220 376
1746230 374
1746240 371
1746250 371
1746260 369
1746270 369
1746280 369
1746290 373
1746300 375
1746310 376
1746320 376
1746330 377
1746340 378
1746350 378
1746360 379
1746370 380
1746380 380
1746390 381
1746400 382
1746410 382
1746420 383
1746430 385
1746440 385
1746450 386
1746460 388
1746470 388
1746480 390
1746490 392
1746500 392
1746510 396
1746520 399
1746530 401
1746540 401
1746550 404
1746560 405
1746570 405
1746580 407
1746590 407
1746600 407
1746610 407
1746620 406
1746630 406
1746640 399
1746650 391
1746660 391
1746670 391
1746680 393
1746690 393
1746700 395
1746710 396
1746720 396
1746730 398
1746740 399
1746750 401
1746760 401
1746770 402
1746780 405
1746790 405
1746800 407
1746810 409
1746820 409
1746830 410
1746840 411
1746850 411
1746860 413
1746870 414
1746880 414
1746890 415
1746900 416
1746910 416
1746920 417
1746930 418
1746940 418
1746950 419
1746960 419
1746970 420
1746980 420
1746990 421
1747000 423
1747010 423
1747020 423
1747030 423
1747040 423
1747050 423
1747060 422
1747070 422
1747080 422
1747090 422
1747100 422
1747110 421
1747120 421
1747130 421
1747140 420
1747150 418
1747160 418
1747170 416
1747180 414
1747190 412
1747200 412
1747210 409
1747220 406
1747230 406
1747240 405
1747250 403
1747260 403
1747270 399
1747280 395
1747290 395
1747300 394
1747310 392
1747320 392
1747330 391
1747340 388
1747350 388
1747360 385
1747370 383
1747380 383
1747390 379
1747400 382
1747410 386
1747420 386
1747430 387
1747440 386
1747450 386
1747460 380
1747470 379
1747480 379
1747490 383
1747500 388
1747510 388
1747520 389
1747530 392
1747540 392
1747550 396
1747560 396
1747570 396
1747580 396
1747590 396
1747600 396
1747610 396
1747620 396
1747630 396
1747640 396
1747650 396
1747660 395
1747670 395
1747680 396
1747690 396
1747700 396
1747710 395
1747720 395
1747730 395
1747740 395
1747750 395
1747760 395
1747770 394
1747780 393
1747790 393
1747800 390
1747810 389
1747820 389
1747830 390
1747840 391
1747850 391
1747860 391
1747870 389
1747880 383
1747890 383
1747900 381
1747910 382
1747920 382
1747930 386
1747940 393
1747950 393
1747960 394
1747970 398
1747980 398
1747990 403
1748000 407
1748010 407
1748020 407
1748030 407
1748040 407
1748050 408
1748060 409
1748070 410
1748080 410
1748090 407
1748100 411
1748110 411
1748120 412
1748130 413
1748140 413
1748150 414
1748160 415
1748170 415
1748180 416
1748190 417
1748200 417
1748210 418
1748220 419
1748230 419
1748240 420
1748250 420
1748260 420
1748270 420
1748280 420
1748290 420
1748300 420
1748310 420
1748320 420
1748330 420
1748340 420
1748350 420
1748360 420
1748370 420
1748380 420
1748390 420
1748400 419
1748410 418
1748420 418
1748430 417
1748440 416
1748450 416
1748460 416
1748470 415
1748480 415
1748490 415
1748500 415
1748510 414
1748520 414
1748530 412
1748540 410
1748550 410
1748560 408
1748570 405
1748580 405
1748590 402
1748600 400
1748610 400
1748620 397
1748630 395
1748640 395
1748650 393
1748660 391
1748670 391
1748680 389
1748690 386
1748700 386
1748710 384
1748720 383
1748730 381
1748740 381
1748750 378
1748760 377
1748770 377
1748780 374
1748790 372
1748800 372
1748810 370
1748820 369
1748830 369
1748840 367
1748850 365
1748860 365
1748870 362
1748880 360
1748890 360
1748900 357
1748910 356
1748920 356
1748930 354
1748940 352
1748950 350
1748960 350
1748970 347
1748980 346
1748990 346
1749000 346
1749010 345
1749020 345
1749030 345
1749040 345
1749050 345
1749060 345
1749070 344
1749080 344
1749090 344
1749100 344
1749110 344
1749120 344
1749130 344
1749140 344
1749150 343
1749160 344
1749170 343
1749180 343
1749190 343
1749200 343
1749210 343
1749220 343
1749230 343
1749240 343
1749250 343
1749260 343
1749270 343
1749280 343
1749290 343
1749300 343
1749310 342
1749320 342
1749330 342
1749340 343
1749350 342
1749360 342
1749370 342
1749380 342
1749390 342
1749400 342
1749410 342
1749420 342
1749430 342
1749440 342
1749450 342
1749460 342
1749470 342
1749480 342
1749490 342
1749500 342
1749510 342
1749520 342
1749530 342
1749540 342
1749550 342
1749560 342
1749570 342
1749580 342
1749590 342
1749600 342
1749610 342
1749620 342
1749630 342
1749640 338
1749650 338
1749660 338
1749670 342
1749680 342
1749690 342
1749700 341
1749710 341
1749720 341
1749730 341
1749740 341
1749750 341
1749760 341
1749770 341
1749780 341
1749790 341
1749800 341
1749810 341
1749820 341
1749830 341
1749840 341
1749850 341
1749860 341
1749870 341
1749880 341
1749890 341
1749900 341
1749910 341
1749920 341
1749930 341
1749940 341
1749950 341
1749960 341
1749970 341
1749980 343
1749990 343
1750000 341
1750010 340
1750020 340
1750030 341
1750040 341
1750050 341
1750060 341
1750070 341
1750080 341
1750090 341
1750100 341
1750110 341
1750120 341
1750130 340
1750140 340
1750150 340
1750160 340
1750170 340
1750180 340
1750190 340
1750200 340
1750210 340
1750220 340
1750230 340
1750240 340
1750250 340
1750260 340
1750270 340
1750280 340
1750290 340
1750300 340
1750310 340
1750320 340
1750330 340
1750340 340
1750350 340
1750360 340
1750370 340
1750380 340
1750390 340
1750400 340
1750410 340
1750420 339
1750430 339
1750440 339
1750450 339
1750460 339
1750470 339
1750480 339
1750490 339
1750500 339
1750510 339
1750520 339
1750530 339
1750540 339
1750550 339
1750560 339
1750570 339
1750580 339
1750590 339
1750600 339
1750610 340
1750620 340
1750630 340
1750640 340
1750650 340
1750660 340
1750670 340
1750680 340
1750690 339
1750700 339
1750710 339
1750720 339
1750730 339
1750740 339
1750750 339
1750760 339
1750770 341
1750780 341
1750790 341
1750800 341
1750810 341
1750820 339
1750830 339
1750840 339
1750850 339
1750860 339
1750870 339
1750880 339
1750890 339
1750900 339
1750910 339
1750920 339
1750930 339
1750940 339
1750950 339
1750960 340
1750970 340
1750980 340
1750990 340
1751000 340
1751010 340
1751020 340
1751030 340
1751040 340
1751050 340
1751060 340
1751070 340
1751080 340
1751090 340
1751100 341
1751110 341
1751120 341
1751130 341
1751140 341
1751150 341
1751160 341
1751170 341
1751180 342
1751190 342
1751200 341
1751210 341
1751220 341
1751230 341
1751240 341
1751250 341
1751260 342
1751270 342
1751280 342
1751290 342
1751300 342
1751310 342
1751320 342
1751330 342
1751340 342
1751350 342
1751360 341
1751370 341
1751380 341
1751390 342
1751400 343
1751410 343
1751420 344
1751430 346
1751440 346
1751450 343
1751460 344
1751470 344
1751480 344
1751490 344
1751500 344
1751510 344
1751520 344
1751530 344
1751540 344
1751550 345
1751560 345
1751570 347
1751580 349
1751590 351
1751600 351
1751610 352
1751620 352
1751630 352
1751640 353
1751650 353
1751660 353
1751670 354
1751680 354
1751690 354
1751700 354
1751710 354
1751720 354
1751730 355
1751740 355
1751750 355
1751760 356
1751770 356
1751780 356
1751790 356
1751800 356
1751810 356
1751820 356
1751830 356
1751840 356
1751850 356
1751860 357
1751870 357
1751880 357
1751890 357
1751900 357
1751910 357
1751920 357
1751930 358
1751940 358
1751950 358
1751960 359
1751970 359
1751980 359
1751990 359
1752000 359
1752010 360
1752020 360
1752030 360
1752040 360
1752050 361
1752060 361
1752070 361
1752080 362
1752090 362
1752100 362
1752110 363
1752120 363
1752130 363
1752140 364
1752150 365
1752160 365
1752170 365
1752180 366
1752190 366
1752200 367
1752210 368
1752220 368
1752230 368
1752240 368
1752250 370
1752260 370
1752270 368
1752280 367
1752290 367
1752300 365
1752310 364
1752320 364
1752330 364
1752340 363
1752350 363
1752360 362
1752370 361
1752380 361
1752390 359
1752400 357
1752410 357
1752420 357
1752430 356
1752440 356
1752450 356
1752460 356
1752470 357
1752480 357
1752490 358
1752500 360
1752510 360
1752520 361
1752530 363
1752540 363
1752550 364
1752560 366
1752570 366
1752580 367
1752590 368
1752600 368
1752610 370
1752620 371
1752630 371
1752640 373
1752650 374
1752660 374
1752670 375
1752680 376
1752690 379
1752700 379
1752710 380
1752720 382
1752730 382
1752740 384
1752750 386
1752760 386
1752770 387
1752780 388
1752790 388
1752800 389
1752810 390
1752820 390
1752830 391
1752840 392
1752850 392
1752860 392
1752870 392
1752880 392
1752890 392
1752900 393
1752910 393
1752920 392
1752930 389
1752940 388
1752950 388
1752960 385
1752970 383
1752980 383
1752990 382
1753000 380
1753010 380
1753020 376
1753030 374
1753040 374
1753050 374
1753060 377
1753070 377
1753080 379
1753090 381
1753100 381
1753110 382
1753120 384
1753130 384
1753140 384
1753150 385
1753160 386
1753170 386
1753180 387
1753190 388
1753200 388
1753210 390
1753220 391
1753230 391
1753240 393
1753250 393
1753260 393
1753270 395
1753280 397
1753290 397
1753300 399
1753310 401
1753320 401
1753330 402
1753340 403
1753350 403
1753360 404
1753370 404
1753380 405
1753390 405
1753400 406
1753410 407
1753420 407
1753430 407
1753440 410
1753450 410
1753460 413
1753470 414
1753480 414
1753490 415
1753500 416
1753510 416
1753520 418
1753530 420
1753540 420
1753550 422
1753560 423
1753570 423
1753580 426
1753590 427
1753600 429
1753610 429
1753620 429
1753630 430
1753640 430
1753650 429
1753660 428
1753670 428
1753680 427
1753690 425
1753700 425
1753710 422
1753720 419
1753730 419
1753740 417
1753750 416
1753760 416
1753770 414
1753780 411
1753790 411
1753800 409
1753810 407
1753820 406
1753830 406
1753840 404
1753850 401
1753860 401
1753870 399
1753880 396
1753890 396
1753900 394
1753910 393
1753920 393
1753930 391
1753940 389
1753950 389
1753960 386
1753970 383
1753980 383
1753990 381
1754000 377
1754010 377
1754020 373
1754030 371
1754040 370
1754050 370
1754060 372
1754070 374
1754080 374
1754090 374
1754100 374
1754110 374
1754120 375
1754130 375
1754140 375
1754150 375
1754160 376
1754170 376
1754180 377
1754190 378
1754200 378
1754210 378
1754220 379
1754230 379
1754240 380
1754250 381
1754260 383
1754270 383
1754280 383
1754290 384
1754300 384
1754310 384
1754320 387
1754330 387
1754340 389
1754350 395
1754360 395
1754370 399
1754380 402
1754390 402
1754400 404
1754410 406
1754420 406
1754430 407
1754440 408
1754450 408
1754460 410
1754470 411
1754480 412
1754490 412
1754500 414
1754510 416
1754520 416
1754530 418
1754540 420
1754550 420
1754560 421
1754570 421
1754580 421
1754590 421
1754600 420
1754610 420
1754620 418
1754630 415
1754640 415
1754650 413
1754660 412
1754670 412
1754680 411
1754690 409
1754700 407
1754710 407
1754720 405
1754730 403
1754740 403
1754750 403
1754760 402
1754770 402
1754780 403
1754790 403
1754800 403
1754810 403
1754820 403
1754830 403
1754840 404
1754850 404
1754860 404
1754870 404
1754880 404
1754890 404
1754900 404
1754910 403
1754920 403
1754930 403
1754940 402
1754950 402
1754960 402
1754970 400
1754980 398
1754990 398
1755000 398
1755010 399
1755020 399
1755030 397
1755040 395
1755050 395
1755060 392
1755070 390
1755080 390
1755090 388
1755100 387
1755110 387
1755120 385
1755130 381
1755140 379
1755150 379
1755160 376
1755170 374
1755180 374
1755190 372
1755200 369
1755210 369
1755220 368
1755230 365
1755240 365
1755250 363
1755260 360
1755270 360
1755280 358
1755290 357
1755300 357
1755310 356
1755320 354
1755330 354
1755340 353
1755350 351
1755360 351
1755370 350
1755380 348
1755390 347
1755400 347
1755410 346
1755420 346
1755430 346
1755440 345
1755450 345
1755460 345
1755470 346
1755480 347
1755490 347
1755500 348
1755510 348
1755520 348
1755530 349
1755540 350
1755550 350
1755560 351
1755570 352
1755580 354
1755590 354
1755600 356
1755610 358
1755620 358
1755630 360
1755640 362
1755650 362
1755660 363
1755670 364
1755680 364
1755690 365
1755700 368
1755710 368
1755720 370
1755730 373
1755740 373
1755750 374
1755760 376
1755770 376
1755780 376
1755790 378
1755800 382
1755810 382
1755820 386
1755830 389
1755840 389
1755850 391
1755860 393
1755870 393
1755880 395
1755890 396
1755900 396
1755910 396
1755920 397
1755930 397
1755940 396
1755950 396
1755960 396
1755970 396
1755980 395
1755990 395
1756000 393
1756010 392
1756020 389
1756030 389
1756040 387
1756050 386
1756060 386
1756070 385
1756080 384
1756090 384
1756100 383
1756110 383
1756120 383
1756130 381
1756140 380
1756150 380
1756160 378
1756170 377
1756180 377
1756190 376
1756200 374
1756210 374
1756220 373
1756230 371
1756240 370
1756250 370
1756260 367
1756270 366
1756280 366
1756290 364
1756300 362
1756310 362
1756320 360
1756330 359
1756340 359
1756350 357
1756360 352
1756370 352
1756380 347
1756390 346
1756400 346
1756410 345
1756420 343
1756430 343
1756440 340
1756450 339
1756460 338
1756470 338
1756480 338
1756490 338
1756500 338
1756510 338
1756520 338
1756530 338
1756540 338
1756550 337
1756560 337
1756570 338
1756580 338
1756590 338
1756600 339
1756610 341
1756620 341
1756630 342
1756640 343
1756650 343
1756660 344
1756670 347
1756680 347
1756690 347
1756700 348
1756710 348
1756720 348
1756730 349
1756740 348
1756750 348
1756760 348
1756770 348
1756780 348
1756790 347
1756800 347
1756810 347
1756820 348
1756830 346
1756840 346
1756850 348
1756860 348
1756870 348
1756880 346
1756890 344
1756900 343
1756910 343
1756920 340
1756930 337
1756940 337
1756950 334
1756960 333
1756970 333
1756980 333
1756990 332
1757000 332
1757010 332
1757020 332
1757030 332
1757040 332
1757050 329
1757060 329
1757070 329
1757080 330
1757090 330
1757100 330
1757110 330
1757120 330
1757130 330
1757140 330
1757150 330
1757160 330
1757170 330
1757180 331
1757190 331
1757200 331
1757210 332
1757220 332
1757230 334
1757240 336
1757250 336
1757260 337
1757270 341
1757280 341
1757290 344
1757300 346
1757310 346
1757320 347
1757330 348
1757340 349
1757350 349
1757360 351
1757370 352
1757380 352
1757390 353
1757400 355
1757410 355
1757420 357
1757430 358
1757440 358
1757450 360
1757460 365
1757470 365
1757480 368
1757490 369
1757500 369
1757510 370
1757520 371
1757530 371
1757540 373
1757550 376
1757560 377
1757570 377
1757580 379
1757590 382
1757600 382
1757610 384
1757620 386
1757630 386
1757640 388
1757650 390
1757660 390
1757670 391
1757680 393
1757690 393
1757700 394
1757710 396
1757720 396
1757730 398
1757740 399
1757750 399
1757760 401
1757770 402
1757780 404
1757790 404
1757800 407
1757810 408
1757820 408
1757830 408
1757840 408
1757850 408
1757860 407
1757870 405
1757880 405
1757890 403
1757900 401
1757910 401
1757920 399
1757930 397
1757940 397
1757950 395
1757960 395
1757970 395
1757980 393
1757990 391
1758000 391
1758010 391
1758020 389
1758030 390
1758040 390
1758050 385
1758060 385
1758070 385
1758080 384
1758090 382
1758100 382
1758110 379
1758120 376
1758130 376
1758140 375
1758150 375
1758160 375
1758170 374
1758180 373
1758190 373
1758200 372
1758210 371
1758220 367
1758230 367
1758240 367
1758250 369
1758260 369
1758270 367
1758280 368
1758290 368
1758300 369
1758310 378
1758320 378
1758330 382
1758340 385
1758350 385
1758360 387
1758370 389
1758380 389
1758390 391
1758400 394
1758410 394
1758420 396
1758430 399
1758440 402
1758450 402
1758460 404
1758470 406
1758480 406
1758490 408
1758500 409
1758510 409
1758520 411
1758530 412
1758540 412
1758550 414
1758560 415
1758570 415
1758580 417
1758590 418
1758600 418
1758610 420
1758620 422
1758630 422
1758640 423
1758650 422
1758660 421
1758670 421
1758680 420
1758690 419
1758700 419
1758710 416
1758720 413
1758730 413
1758740 412
1758750 412
1758760 412
1758770 411
1758780 411
1758790 411
1758800 410
1758810 410
1758820 410
1758830 409
1758840 409
1758850 409
1758860 408
1758870 408
1758880 408
1758890 408
1758900 407
1758910 407
1758920 407
1758930 406
1758940 406
1758950 406
1758960 405
1758970 405
1758980 405
1758990 404
1759000 403
1759010 403
1759020 402
1759030 401
1759040 401
1759050 400
1759060 400
1759070 400
1759080 397
1759090 396
1759100 396
1759110 396
1759120 395
1759130 394
1759140 394
1759150 394
1759160 393
1759170 393
1759180 392
1759190 392
1759200 392
1759210 392
1759220 391
1759230 391
1759240 391
1759250 391
1759260 391
1759270 391
1759280 392
1759290 392
1759300 392
1759310 394
1759320 395
1759330 395
1759340 395
1759350 396
1759360 396
1759370 397
1759380 399
1759390 399
1759400 400
1759410 401
1759420 401
1759430 402
1759440 403
1759450 403
1759460 404
1759470 404
1759480 404
1759490 405
1759500 404
1759510 404
1759520 403
1759530 403
1759540 403
1759550 403
1759560 403
1759570 402
1759580 402
1759590 402
1759600 402
1759610 402
1759620 402
1759630 401
1759640 401
1759650 401
1759660 402
1759670 402
1759680 402
1759690 402
1759700 402
1759710 402
1759720 402
1759730 402
1759740 406
1759750 407
1759760 408
1759770 408
1759780 408
1759790 408
1759800 408
1759810 409
1759820 410
1759830 410
1759840 412
1759850 414
1759860 414
1759870 415
1759880 415
1759890 415
1759900 414
1759910 413
1759920 413
1759930 412
1759940 410
1759950 410
1759960 409
1759970 406
1759980 404
1759990 404
