1740000 453
1740010 453
1740020 455
1740030 456
1740040 456
1740050 458
1740060 460
1740070 464
1740080 464
1740090 467
1740100 470
1740110 470
1740120 472
1740130 473
1740140 473
1740150 473
1740160 472
1740170 472
1740180 470
1740190 467
1740200 467
1740210 466
1740220 464
1740230 464
1740240 462
1740250 460
1740260 460
1740270 459
1740280 456
1740290 455
1740300 455
1740310 455
1740320 454
1740330 454
1740340 453
1740350 452
1740360 452
1740370 451
1740380 451
1740390 451
1740400 452
1740410 454
1740420 454
1740430 454
1740440 456
1740450 456
1740460 457
1740470 459
1740480 459
1740490 459
1740500 461
1740510 462
1740520 462
1740530 464
1740540 466
1740550 466
1740560 467
1740570 468
1740580 468
1740590 468
1740600 467
1740610 467
1740620 465
1740630 463
1740640 463
1740650 462
1740660 460
1740670 460
1740680 458
1740690 457
1740700 457
1740710 456
1740720 455
1740730 454
1740740 454
1740750 453
1740760 452
1740770 452
1740780 453
1740790 452
1740800 452
1740810 452
1740820 450
1740830 450
1740840 449
1740850 447
1740860 447
1740870 445
1740880 444
1740890 444
1740900 444
1740910 441
1740920 441
1740930 437
1740940 430
1740950 431
1740960 431
1740970 431
1740980 431
1740990 431
1741000 430
1741010 428
1741020 428
1741030 428
1741040 428
1741050 428
1741060 429
1741070 429
1741080 429
1741090 427
1741100 423
1741110 423
1741120 417
1741130 414
1741140 414
1741150 415
1741160 417
1741170 416
1741180 416
1741190 414
1741200 413
1741210 413
1741220 414
1741230 418
1741240 418
1741250 421
1741260 422
1741270 422
1741280 422
1741290 423
1741300 423
1741310 424
1741320 424
1741330 424
1741340 424
1741350 424
1741360 424
1741370 425
1741380 426
1741390 426
1741400 426
1741410 424
1741420 425
1741430 425
1741440 427
1741450 428
1741460 428
1741470 428
1741480 427
1741490 427
1741500 429
1741510 432
1741520 432
1741530 432
1741540 432
1741550 432
1741560 436
1741570 439
1741580 439
1741590 439
1741600 439
1741610 440
1741620 440
1741630 440
1741640 440
1741650 440
1741660 440
1741670 439
1741680 439
1741690 438
1741700 439
1741710 439
1741720 439
1741730 438
1741740 438
1741750 437
1741760 436
1741770 436
1741780 435
1741790 431
1741800 431
1741810 429
1741820 426
1741830 419
1741840 419
1741850 415
1741860 418
1741870 418
1741880 419
1741890 420
1741900 420
1741910 423
1741920 425
1741930 425
1741940 426
1741950 428
1741960 428
1741970 430
1741980 432
1741990 432
1742000 435
1742010 436
1742020 436
1742030 436
1742040 437
1742050 437
1742060 437
1742070 438
1742080 438
1742090 438
1742100 438
1742110 438
1742120 438
1742130 438
1742140 438
1742150 438
1742160 437
1742170 437
1742180 437
1742190 436
1742200 436
1742210 436
1742220 435
1742230 433
1742240 433
1742250 429
1742260 426
1742270 430
1742280 430
1742290 431
1742300 430
1742310 430
1742320 429
1742330 429
1742340 429
1742350 427
1742360 422
1742370 422
1742380 420
1742390 418
1742400 418
1742410 416
1742420 416
1742430 416
1742440 422
1742450 424
1742460 424
1742470 423
1742480 423
1742490 421
1742500 421
1742510 421
1742520 420
1742530 420
1742540 419
1742550 419
1742560 419
1742570 418
1742580 417
1742590 417
1742600 417
1742610 416
1742620 416
1742630 415
1742640 415
1742650 415
1742660 415
1742670 414
1742680 414
1742690 414
1742700 414
1742710 413
1742720 413
1742730 413
1742740 413
1742750 413
1742760 413
1742770 412
1742780 412
1742790 412
1742800 412
1742810 412
1742820 412
1742830 412
1742840 412
1742850 412
1742860 412
1742870 412
1742880 411
1742890 411
1742900 411
1742910 411
1742920 411
1742930 411
1742940 411
1742950 411
1742960 411
1742970 411
1742980 410
1742990 410
1743000 410
1743010 410
1743020 409
1743030 409
1743040 409
1743050 408
1743060 408
1743070 408
1743080 408
1743090 408
1743100 408
1743110 408
1743120 408
1743130 407
1743140 407
1743150 407
1743160 407
1743170 407
1743180 406
1743190 406
1743200 406
1743210 405
1743220 405
1743230 405
1743240 405
1743250 405
1743260 405
1743270 404
1743280 404
1743290 404
1743300 404
1743310 404
1743320 404
1743330 404
1743340 404
1743350 404
1743360 403
1743370 403
1743380 403
1743390 402
1743400 402
1743410 402
1743420 402
1743430 402
1743440 402
1743450 402
1743460 402
1743470 402
1743480 401
1743490 399
1743500 399
1743510 398
1743520 396
1743530 396
1743540 394
1743550 392
1743560 392
1743570 391
1743580 388
1743590 388
1743600 390
1743610 394
1743620 396
1743630 396
1743640 396
1743650 396
1743660 396
1743670 396
1743680 396
1743690 396
1743700 396
1743710 396
1743720 396
1743730 396
1743740 397
1743750 397
1743760 397
1743770 397
1743780 397
1743790 397
1743800 397
1743810 397
1743820 397
1743830 397
1743840 397
1743850 397
1743860 397
1743870 397
1743880 397
1743890 396
1743900 396
1743910 396
1743920 395
1743930 395
1743940 395
1743950 394
1743960 393
1743970 393
1743980 392
1743990 391
1744000 391
1744010 390
1744020 390
1744030 390
1744040 389
1744050 388
1744060 388
1744070 388
1744080 386
1744090 386
1744100 386
1744110 386
1744120 386
1744130 386
1744140 386
1744150 386
1744160 386
1744170 386
1744180 386
1744190 386
1744200 386
1744210 386
1744220 386
1744230 386
1744240 385
1744250 385
1744260 386
1744270 386
1744280 386
1744290 386
1744300 385
1744310 385
1744320 384
1744330 384
1744340 384
1744350 384
1744360 384
1744370 384
1744380 384
1744390 384
1744400 380
1744410 380
1744420 378
1744430 378
1744440 378
1744450 380
1744460 381
1744470 381
1744480 383
1744490 383
1744500 383
1744510 383
1744520 383
1744530 383
1744540 383
1744550 383
1744560 383
1744570 383
1744580 383
1744590 383
1744600 383
1744610 383
1744620 383
1744630 383
1744640 383
1744650 383
1744660 383
1744670 383
1744680 383
1744690 383
1744700 383
1744710 382
1744720 382
1744730 382
1744740 382
1744750 381
1744760 381
1744770 381
1744780 381
1744790 381
1744800 380
1744810 381
1744820 381
1744830 381
1744840 382
1744850 382
1744860 382
1744870 382
1744880 382
1744890 382
1744900 381
1744910 381
1744920 381
1744930 381
1744940 380
1744950 380
1744960 380
1744970 380
1744980 380
1744990 380
1745000 379
1745010 379
1745020 379
1745030 379
1745040 379
1745050 379
1745060 378
1745070 378
1745080 377
1745090 377
1745100 377
1745110 376
1745120 376
1745130 376
1745140 376
1745150 375
1745160 374
1745170 374
1745180 371
1745190 370
1745200 370
1745210 369
1745220 370
1745230 370
1745240 370
1745250 369
1745260 369
1745270 368
1745280 367
1745290 367
1745300 366
1745310 366
1745320 366
1745330 367
1745340 363
1745350 363
1745360 363
1745370 362
1745380 361
1745390 361
1745400 361
1745410 360
1745420 360
1745430 360
1745440 360
1745450 360
1745460 360
1745470 359
1745480 359
1745490 359
1745500 359
1745510 359
1745520 359
1745530 359
1745540 359
1745550 359
1745560 359
1745570 359
1745580 359
1745590 359
1745600 358
1745610 358
1745620 358
1745630 358
1745640 358
1745650 358
1745660 358
1745670 358
1745680 358
1745690 358
1745700 358
1745710 358
1745720 358
1745730 358
1745740 359
1745750 361
1745760 361
1745770 361
1745780 361
1745790 361
1745800 361
1745810 361
1745820 360
1745830 360
1745840 359
1745850 359
1745860 359
1745870 358
1745880 358
1745890 358
1745900 356
1745910 356
1745920 356
1745930 358
1745940 358
1745950 358
1745960 359
1745970 360
1745980 360
1745990 363
1746000 364
1746010 364
1746020 367
1746030 369
1746040 371
1746050 371
1746060 373
1746070 375
1746080 375
1746090 377
1746100 379
1746110 379
1746120 382
1746130 383
1746140 383
1746150 382
1746160 382
1746170 382
1746180 381
1746190 381
1746200 381
1746210 381
1746220 380
1746230 380
1746240 380
1746250 380
1746260 380
1746270 380
1746280 380
1746290 380
1746300 380
1746310 380
1746320 383
1746330 383
1746340 385
1746350 388
1746360 388
1746370 389
1746380 390
1746390 390
1746400 389
1746410 388
1746420 388
1746430 388
1746440 388
1746450 388
1746460 388
1746470 388
1746480 389
1746490 389
1746500 389
1746510 388
1746520 388
1746530 388
1746540 386
1746550 386
1746560 384
1746570 382
1746580 382
1746590 379
1746600 376
1746610 376
1746620 373
1746630 371
1746640 371
1746650 368
1746660 365
1746670 365
1746680 361
1746690 359
1746700 356
1746710 356
1746720 356
1746730 357
1746740 357
1746750 357
1746760 358
1746770 358
1746780 359
1746790 360
1746800 360
1746810 360
1746820 363
1746830 363
1746840 365
1746850 367
1746860 367
1746870 369
1746880 369
1746890 369
1746900 371
1746910 372
1746920 374
1746930 374
1746940 378
1746950 380
1746960 380
1746970 382
1746980 384
1746990 384
1747000 386
1747010 388
1747020 388
1747030 390
1747040 392
1747050 392
1747060 394
1747070 395
1747080 395
1747090 397
1747100 398
1747110 398
1747120 398
1747130 399
1747140 400
1747150 400
1747160 400
1747170 400
1747180 400
1747190 401
1747200 401
1747210 401
1747220 401
1747230 401
1747240 401
1747250 400
1747260 400
1747270 400
1747280 400
1747290 399
1747300 399
1747310 399
1747320 398
1747330 398
1747340 397
1747350 396
1747360 394
1747370 394
1747380 391
1747390 389
1747400 389
1747410 387
1747420 386
1747430 386
1747440 384
1747450 381
1747460 381
1747470 375
1747480 371
1747490 371
1747500 369
1747510 365
1747520 365
1747530 363
1747540 362
1747550 362
1747560 364
1747570 366
1747580 367
1747590 367
1747600 367
1747610 367
1747620 367
1747630 368
1747640 369
1747650 369
1747660 367
1747670 365
1747680 364
1747690 365
1747700 365
1747710 365
1747720 364
1747730 363
1747740 363
1747750 363
1747760 361
1747770 361
1747780 360
1747790 355
1747800 351
1747810 351
1747820 348
1747830 347
1747840 347
1747850 347
1747860 347
1747870 347
1747880 346
1747890 345
1747900 345
1747910 345
1747920 345
1747930 345
1747940 347
1747950 346
1747960 346
1747970 345
1747980 346
1747990 346
1748000 345
1748010 345
1748020 347
1748030 347
1748040 348
1748050 347
1748060 347
1748070 346
1748080 346
1748090 346
1748100 346
1748110 346
1748120 346
1748130 346
1748140 346
1748150 346
1748160 346
1748170 346
1748180 346
1748190 346
1748200 346
1748210 346
1748220 346
1748230 346
1748240 346
1748250 346
1748260 346
1748270 346
1748280 346
1748290 346
1748300 346
1748310 346
1748320 346
1748330 346
1748340 346
1748350 345
1748360 346
1748370 346
1748380 346
1748390 345
1748400 345
1748410 345
1748420 345
1748430 345
1748440 345
1748450 345
1748460 345
1748470 345
1748480 345
1748490 345
1748500 345
1748510 345
1748520 345
1748530 345
1748540 345
1748550 345
1748560 345
1748570 345
1748580 346
1748590 346
1748600 345
1748610 345
1748620 345
1748630 345
1748640 345
1748650 345
1748660 345
1748670 345
1748680 345
1748690 345
1748700 345
1748710 345
1748720 345
1748730 345
1748740 345
1748750 345
1748760 345
1748770 345
1748780 345
1748790 345
1748800 345
1748810 345
1748820 345
1748830 345
1748840 345
1748850 344
1748860 345
1748870 345
1748880 344
1748890 344
1748900 344
1748910 345
1748920 345
1748930 345
1748940 345
1748950 344
1748960 344
1748970 344
1748980 344
1748990 344
1749000 344
1749010 344
1749020 344
1749030 344
1749040 344
1749050 344
1749060 344
1749070 344
1749080 344
1749090 344
1749100 344
1749110 344
1749120 344
1749130 344
1749140 344
1749150 344
1749160 344
1749170 344
1749180 344
1749190 344
1749200 344
1749210 344
1749220 344
1749230 344
1749240 344
1749250 344
1749260 344
1749270 344
1749280 344
1749290 344
1749300 348
1749310 348
1749320 350
1749330 350
1749340 350
1749350 349
1749360 349
1749370 349
1749380 349
1749390 349
1749400 349
1749410 349
1749420 348
1749430 346
1749440 346
1749450 345
1749460 344
1749470 344
1749480 344
1749490 344
1749500 344
1749510 344
1749520 344
1749530 344
1749540 344
1749550 344
1749560 344
1749570 344
1749580 344
1749590 344
1749600 344
1749610 344
1749620 344
1749630 344
1749640 344
1749650 345
1749660 345
1749670 345
1749680 345
1749690 345
1749700 345
1749710 344
1749720 344
1749730 344
1749740 344
1749750 344
1749760 344
1749770 344
1749780 344
1749790 344
1749800 344
1749810 344
1749820 344
1749830 344
1749840 346
1749850 346
1749860 346
1749870 345
1749880 345
1749890 344
1749900 344
1749910 344
1749920 344
1749930 344
1749940 344
1749950 344
1749960 345
1749970 345
1749980 345
1749990 345
1750000 345
1750010 345
1750020 345
1750030 345
1750040 345
1750050 345
1750060 344
1750070 344
1750080 344
1750090 344
1750100 344
1750110 344
1750120 344
1750130 344
1750140 344
1750150 345
1750160 345
1750170 343
1750180 344
1750190 344
1750200 344
1750210 344
1750220 344
1750230 344
1750240 344
1750250 344
1750260 344
1750270 344
1750280 343
1750290 343
1750300 344
1750310 344
1750320 344
1750330 344
1750340 344
1750350 344
1750360 344
1750370 344
1750380 344
1750390 344
1750400 344
1750410 344
1750420 344
1750430 345
1750440 345
1750450 347
1750460 348
1750470 349
1750480 349
1750490 349
1750500 349
1750510 349
1750520 345
1750530 352
1750540 352
1750550 354
1750560 355
1750570 355
1750580 356
1750590 356
1750600 356
1750610 356
1750620 357
1750630 357
1750640 358
1750650 358
1750660 358
1750670 358
1750680 358
1750690 357
1750700 357
1750710 358
1750720 356
1750730 356
1750740 356
1750750 353
1750760 353
1750770 352
1750780 352
1750790 352
1750800 350
1750810 352
1750820 352
1750830 352
1750840 352
1750850 352
1750860 352
1750870 353
1750880 353
1750890 354
1750900 356
1750910 357
1750920 357
1750930 358
1750940 358
1750950 358
1750960 358
1750970 358
1750980 358
1750990 358
1751000 358
1751010 358
1751020 358
1751030 358
1751040 358
1751050 358
1751060 357
1751070 357
1751080 357
1751090 356
1751100 356
1751110 355
1751120 354
1751130 353
1751140 353
1751150 352
1751160 352
1751170 352
1751180 352
1751190 353
1751200 353
1751210 354
1751220 355
1751230 355
1751240 356
1751250 357
1751260 357
1751270 357
1751280 358
1751290 358
1751300 358
1751310 358
1751320 358
1751330 357
1751340 357
1751350 356
1751360 356
1751370 356
1751380 356
1751390 356
1751400 356
1751410 356
1751420 356
1751430 356
1751440 356
1751450 356
1751460 356
1751470 356
1751480 356
1751490 356
1751500 356
1751510 356
1751520 357
1751530 357
1751540 357
1751550 357
1751560 357
1751570 357
1751580 357
1751590 359
1751600 359
1751610 359
1751620 359
1751630 361
1751640 361
1751650 362
1751660 363
1751670 363
1751680 363
1751690 364
1751700 364
1751710 365
1751720 366
1751730 366
1751740 367
1751750 368
1751760 368
1751770 369
1751780 370
1751790 371
1751800 371
1751810 372
1751820 373
1751830 373
1751840 374
1751850 375
1751860 375
1751870 375
1751880 376
1751890 376
1751900 377
1751910 377
1751920 377
1751930 378
1751940 378
1751950 378
1751960 378
1751970 379
1751980 379
1751990 379
1752000 379
1752010 379
1752020 379
1752030 379
1752040 379
1752050 379
1752060 378
1752070 378
1752080 378
1752090 378
1752100 378
1752110 378
1752120 379
1752130 379
1752140 379
1752150 380
1752160 379
1752170 379
1752180 380
1752190 381
1752200 381
1752210 381
1752220 382
1752230 383
1752240 383
1752250 383
1752260 384
1752270 384
1752280 384
1752290 385
1752300 385
1752310 385
1752320 386
1752330 386
1752340 386
1752350 387
1752360 387
1752370 387
1752380 388
1752390 388
1752400 388
1752410 389
1752420 389
1752430 390
1752440 390
1752450 391
1752460 391
1752470 392
1752480 392
1752490 392
1752500 392
1752510 393
1752520 393
1752530 392
1752540 393
1752550 393
1752560 392
1752570 390
1752580 390
1752590 389
1752600 388
1752610 388
1752620 386
1752630 383
1752640 383
1752650 381
1752660 381
1752670 380
1752680 380
1752690 379
1752700 376
1752710 376
1752720 375
1752730 372
1752740 372
1752750 370
1752760 370
1752770 370
1752780 372
1752790 374
1752800 374
1752810 375
1752820 376
1752830 376
1752840 377
1752850 378
1752860 378
1752870 378
1752880 379
1752890 380
1752900 380
1752910 381
1752920 381
1752930 381
1752940 383
1752950 385
1752960 385
1752970 386
1752980 387
1752990 387
1753000 386
1753010 387
1753020 387
1753030 389
1753040 393
1753050 393
1753060 398
1753070 402
1753080 402
1753090 405
1753100 408
1753110 410
1753120 410
1753130 411
1753140 412
1753150 412
1753160 413
1753170 414
1753180 414
1753190 415
1753200 416
1753210 416
1753220 417
1753230 418
1753240 418
1753250 419
1753260 420
1753270 420
1753280 421
1753290 421
1753300 421
1753310 422
1753320 423
1753330 424
1753340 424
1753350 425
1753360 426
1753370 426
1753380 427
1753390 429
1753400 429
1753410 429
1753420 430
1753430 430
1753440 431
1753450 432
1753460 432
1753470 434
1753480 436
1753490 436
1753500 438
1753510 439
1753520 439
1753530 439
1753540 441
1753550 442
1753560 442
1753570 443
1753580 445
1753590 445
1753600 448
1753610 450
1753620 450
1753630 452
1753640 453
1753650 453
1753660 455
1753670 456
1753680 456
1753690 456
1753700 456
1753710 456
1753720 456
1753730 455
1753740 455
1753750 455
1753760 453
1753770 453
1753780 451
1753790 449
1753800 448
1753810 448
1753820 448
1753830 447
1753840 447
1753850 446
1753860 445
1753870 445
1753880 444
1753890 443
1753900 443
1753910 443
1753920 443
1753930 443
1753940 442
1753950 442
1753960 442
1753970 440
1753980 434
1753990 434
1754000 433
1754010 433
1754020 433
1754030 433
1754040 432
1754050 432
1754060 432
1754070 432
1754080 433
1754090 433
1754100 433
1754110 435
1754120 435
1754130 438
1754140 438
1754150 438
1754160 438
1754170 438
1754180 438
1754190 439
1754200 440
1754210 440
1754220 439
1754230 439
1754240 439
1754250 439
1754260 439
1754270 438
1754280 438
1754290 437
1754300 437
1754310 437
1754320 435
1754330 434
1754340 434
1754350 429
1754360 425
1754370 425
1754380 420
1754390 418
1754400 418
1754410 416
1754420 414
1754430 414
1754440 412
1754450 410
1754460 408
1754470 408
1754480 407
1754490 405
1754500 405
1754510 404
1754520 402
1754530 402
1754540 400
1754550 398
1754560 398
1754570 396
1754580 394
1754590 394
1754600 392
1754610 391
1754620 391
1754630 390
1754640 389
1754650 389
1754660 388
1754670 387
1754680 386
1754690 386
1754700 385
1754710 383
1754720 383
1754730 382
1754740 382
1754750 382
1754760 381
1754770 380
1754780 380
1754790 378
1754800 377
1754810 377
1754820 375
1754830 374
1754840 374
1754850 373
1754860 372
1754870 372
1754880 372
1754890 371
1754900 371
1754910 371
1754920 372
1754930 372
1754940 372
1754950 372
1754960 373
1754970 373
1754980 374
1754990 374
1755000 374
1755010 374
1755020 373
1755030 373
1755040 373
1755050 374
1755060 374
1755070 375
1755080 376
1755090 376
1755100 377
1755110 378
1755120 379
1755130 379
1755140 381
1755150 382
1755160 382
1755170 384
1755180 384
1755190 384
1755200 384
1755210 381
1755220 381
1755230 378
1755240 376
1755250 376
1755260 374
1755270 372
1755280 372
1755290 371
1755300 369
1755310 369
1755320 368
1755330 367
1755340 366
1755350 366
1755360 366
1755370 366
1755380 366
1755390 368
1755400 368
1755410 368
1755420 368
1755430 368
1755440 368
1755450 368
1755460 370
1755470 370
1755480 371
1755490 373
1755500 373
1755510 375
1755520 378
1755530 378
1755540 382
1755550 384
1755560 387
1755570 387
1755580 389
1755590 391
1755600 391
1755610 393
1755620 395
1755630 395
1755640 398
1755650 401
1755660 401
1755670 403
1755680 404
1755690 404
1755700 405
1755710 405
1755720 405
1755730 404
1755740 402
1755750 402
1755760 401
1755770 400
1755780 398
1755790 398
1755800 397
1755810 395
1755820 395
1755830 393
1755840 392
1755850 392
1755860 390
1755870 390
1755880 390
1755890 388
1755900 387
1755910 387
1755920 386
1755930 383
1755940 383
1755950 383
1755960 381
1755970 381
1755980 381
1755990 381
1756000 379
1756010 379
1756020 379
1756030 378
1756040 378
1756050 379
1756060 378
1756070 378
1756080 377
1756090 376
1756100 376
1756110 376
1756120 375
1756130 375
1756140 375
1756150 375
1756160 375
1756170 374
1756180 373
1756190 373
1756200 373
1756210 374
1756220 375
1756230 375
1756240 377
1756250 380
1756260 380
1756270 382
1756280 386
1756290 386
1756300 389
1756310 393
1756320 393
1756330 397
1756340 400
1756350 400
1756360 403
1756370 405
1756380 405
1756390 406
1756400 406
1756410 406
1756420 405
1756430 405
1756440 404
1756450 404
1756460 403
1756470 402
1756480 402
1756490 400
1756500 398
1756510 398
1756520 396
1756530 394
1756540 394
1756550 392
1756560 390
1756570 390
1756580 388
1756590 386
1756600 386
1756610 385
1756620 383
1756630 383
1756640 382
1756650 381
1756660 379
1756670 379
1756680 377
1756690 376
1756700 376
1756710 374
1756720 372
1756730 372
1756740 370
1756750 368
1756760 368
1756770 367
1756780 366
1756790 366
1756800 363
1756810 362
1756820 362
1756830 361
1756840 361
1756850 361
1756860 359
1756870 357
1756880 356
1756890 356
1756900 355
1756910 354
1756920 354
1756930 354
1756940 353
1756950 353
1756960 351
1756970 350
1756980 350
1756990 350
1757000 349
1757010 349
1757020 348
1757030 347
1757040 347
1757050 345
1757060 344
1757070 344
1757080 343
1757090 342
1757100 341
1757110 341
1757120 340
1757130 339
1757140 339
1757150 339
1757160 339
1757170 339
1757180 339
1757190 339
1757200 339
1757210 339
1757220 337
1757230 337
1757240 336
1757250 335
1757260 335
1757270 335
1757280 334
1757290 334
1757300 333
1757310 332
1757320 331
1757330 331
1757340 330
1757350 329
1757360 329
1757370 328
1757380 327
1757390 327
1757400 327
1757410 327
1757420 327
1757430 326
1757440 326
1757450 326
1757460 326
1757470 326
1757480 326
1757490 326
1757500 326
1757510 326
1757520 326
1757530 326
1757540 325
1757550 325
1757560 325
1757570 325
1757580 325
1757590 325
1757600 325
1757610 325
1757620 325
1757630 325
1757640 325
1757650 323
1757660 325
1757670 325
1757680 326
1757690 326
1757700 326
1757710 327
1757720 327
1757730 327
1757740 328
1757750 330
1757760 331
1757770 331
1757780 332
1757790 333
1757800 333
1757810 334
1757820 335
1757830 335
1757840 336
1757850 337
1757860 337
1757870 337
1757880 339
1757890 339
1757900 343
1757910 348
1757920 348
1757930 354
1757940 359
1757950 359
1757960 360
1757970 362
1757980 356
1757990 356
1758000 354
1758010 354
1758020 354
1758030 353
1758040 353
1758050 353
1758060 351
1758070 350
1758080 350
1758090 348
1758100 348
1758110 348
1758120 347
1758130 347
1758140 347
1758150 346
1758160 345
1758170 345
1758180 343
1758190 342
1758200 342
1758210 342
1758220 342
1758230 342
1758240 342
1758250 343
1758260 344
1758270 344
1758280 343
1758290 341
1758300 341
1758310 340
1758320 340
1758330 340
1758340 339
1758350 337
1758360 337
1758370 337
1758380 337
1758390 337
1758400 336
1758410 336
1758420 336
1758430 336
1758440 335
1758450 335
1758460 335
1758470 334
1758480 334
1758490 334
1758500 334
1758510 334
1758520 334
1758530 333
1758540 333
1758550 333
1758560 333
1758570 333
1758580 333
1758590 333
1758600 333
1758610 333
1758620 332
1758630 332
1758640 332
1758650 332
1758660 331
1758670 331
1758680 331
1758690 331
1758700 331
1758710 331
1758720 330
1758730 330
1758740 330
1758750 330
1758760 329
1758770 329
1758780 329
1758790 329
1758800 329
1758810 329
1758820 329
1758830 329
1758840 329
1758850 329
1758860 329
1758870 329
1758880 329
1758890 330
1758900 330
1758910 331
1758920 333
1758930 333
1758940 335
1758950 336
1758960 336
1758970 337
1758980 338
1758990 338
1759000 339
1759010 341
1759020 341
1759030 341
1759040 343
1759050 343
1759060 346
1759070 351
1759080 351
1759090 357
1759100 359
1759110 363
1759120 363
1759130 363
1759140 366
1759150 366
1759160 368
1759170 369
1759180 369
1759190 370
1759200 371
1759210 371
1759220 373
1759230 374
1759240 374
1759250 375
1759260 377
1759270 377
1759280 377
1759290 378
1759300 378
1759310 378
1759320 379
1759330 378
1759340 378
1759350 379
1759360 379
1759370 379
1759380 377
1759390 373
1759400 373
1759410 372
1759420 370
1759430 370
1759440 368
1759450 367
1759460 367
1759470 365
1759480 364
1759490 364
1759500 363
1759510 358
1759520 358
1759530 357
1759540 353
1759550 351
1759560 351
1759570 353
1759580 348
1759590 348
1759600 356
1759610 355
1759620 355
1759630 356
1759640 360
1759650 360
1759660 361
1759670 361
1759680 361
1759690 360
1759700 362
1759710 362
1759720 359
1759730 362
1759740 362
1759750 366
1759760 369
1759770 372
1759780 372
1759790 376
1759800 378
1759810 378
1759820 380
1759830 382
1759840 382
1759850 381
1759860 382
1759870 382
1759880 384
1759890 385
1759900 385
1759910 386
1759920 386
1759930 386
1759940 386
1759950 385
1759960 385
1759970 384
1759980 383
1759990 382
