1740000 442
1740010 442
1740020 440
1740030 439
1740040 439
1740050 438
1740060 437
1740070 437
1740080 436
1740090 435
1740100 432
1740110 432
1740120 430
1740130 429
1740140 429
1740150 426
1740160 424
1740170 424
1740180 421
1740190 420
1740200 420
1740210 419
1740220 417
1740230 417
1740240 415
1740250 413
1740260 413
1740270 411
1740280 409
1740290 409
1740300 408
1740310 407
1740320 407
1740330 407
1740340 405
1740350 403
1740360 403
1740370 407
1740380 407
1740390 407
1740400 408
1740410 409
1740420 409
1740430 410
1740440 410
1740450 410
1740460 411
1740470 411
1740480 411
1740490 412
1740500 411
1740510 411
1740520 412
1740530 412
1740540 411
1740550 411
1740560 411
1740570 411
1740580 411
1740590 411
1740600 411
1740610 411
1740620 411
1740630 412
1740640 412
1740650 412
1740660 412
1740670 412
1740680 412
1740690 412
1740700 412
1740710 412
1740720 410
1740730 410
1740740 409
1740750 412
1740760 412
1740770 412
1740780 411
1740790 411
1740800 411
1740810 410
1740820 410
1740830 410
1740840 409
1740850 408
1740860 408
1740870 407
1740880 405
1740890 405
1740900 405
1740910 404
1740920 404
1740930 403
1740940 402
1740950 402
1740960 401
1740970 400
1740980 400
1740990 399
1741000 398
1741010 397
1741020 397
1741030 397
1741040 396
1741050 396
1741060 395
1741070 395
1741080 395
1741090 394
1741100 394
1741110 394
1741120 393
1741130 393
1741140 393
1741150 392
1741160 392
1741170 392
1741180 391
1741190 391
1741200 391
1741210 391
1741220 390
1741230 390
1741240 390
1741250 390
1741260 389
1741270 389
1741280 389
1741290 388
1741300 388
1741310 388
1741320 388
1741330 388
1741340 388
1741350 388
1741360 388
1741370 387
1741380 387
1741390 387
1741400 387
1741410 387
1741420 387
1741430 386
1741440 386
1741450 386
1741460 386
1741470 385
1741480 385
1741490 385
1741500 384
1741510 383
1741520 383
1741530 383
1741540 382
1741550 382
1741560 381
1741570 381
1741580 381
1741590 380
1741600 380
1741610 380
1741620 379
1741630 378
1741640 378
1741650 377
1741660 377
1741670 376
1741680 376
1741690 376
1741700 375
1741710 375
1741720 374
1741730 373
1741740 373
1741750 373
1741760 372
1741770 372
1741780 372
1741790 371
1741800 371
1741810 371
1741820 371
1741830 371
1741840 371
1741850 371
1741860 371
1741870 371
1741880 371
1741890 371
1741900 371
1741910 371
1741920 371
1741930 371
1741940 372
1741950 371
1741960 371
1741970 372
1741980 371
1741990 371
1742000 371
1742010 371
1742020 371
1742030 372
1742040 371
1742050 371
1742060 371
1742070 371
1742080 371
1742090 371
1742100 371
1742110 371
1742120 371
1742130 371
1742140 370
1742150 370
1742160 370
1742170 370
1742180 370
1742190 370
1742200 370
1742210 370
1742220 370
1742230 370
1742240 370
1742250 370
1742260 370
1742270 370
1742280 370
1742290 370
1742300 370
1742310 370
1742320 370
1742330 370
1742340 370
1742350 369
1742360 369
1742370 369
1742380 369
1742390 369
1742400 369
1742410 369
1742420 369
1742430 369
1742440 369
1742450 369
1742460 369
1742470 369
1742480 369
1742490 369
1742500 369
1742510 369
1742520 369
1742530 369
1742540 368
1742550 369
1742560 369
1742570 369
1742580 369
1742590 369
1742600 369
1742610 370
1742620 370
1742630 371
1742640 371
1742650 371
1742660 371
1742670 371
1742680 371
1742690 370
1742700 370
1742710 370
1742720 370
1742730 370
1742740 370
1742750 369
1742760 369
1742770 369
1742780 369
1742790 369
1742800 369
1742810 369
1742820 369
1742830 369
1742840 369
1742850 369
1742860 369
1742870 369
1742880 369
1742890 369
1742900 369
1742910 369
1742920 369
1742930 369
1742940 369
1742950 369
1742960 369
1742970 369
1742980 370
1742990 370
1743000 370
1743010 370
1743020 370
1743030 370
1743040 369
1743050 369
1743060 369
1743070 369
1743080 369
1743090 369
1743100 369
1743110 369
1743120 369
1743130 369
1743140 369
1743150 369
1743160 369
1743170 369
1743180 369
1743190 369
1743200 370
1743210 370
1743220 370
1743230 370
1743240 371
1743250 371
1743260 371
1743270 372
1743280 372
1743290 372
1743300 372
1743310 372
1743320 371
1743330 371
1743340 371
1743350 371
1743360 371
1743370 371
1743380 371
1743390 371
1743400 371
1743410 371
1743420 371
1743430 371
1743440 371
1743450 371
1743460 372
1743470 372
1743480 372
1743490 372
1743500 372
1743510 372
1743520 373
1743530 373
1743540 373
1743550 373
1743560 373
1743570 375
1743580 375
1743590 375
1743600 375
1743610 376
1743620 376
1743630 376
1743640 376
1743650 376
1743660 376
1743670 376
1743680 376
1743690 376
1743700 378
1743710 377
1743720 377
1743730 378
1743740 379
1743750 379
1743760 378
1743770 380
1743780 380
1743790 381
1743800 381
1743810 381
1743820 382
1743830 382
1743840 382
1743850 382
1743860 382
1743870 382
1743880 383
1743890 383
1743900 383
1743910 383
1743920 382
1743930 381
1743940 381
1743950 379
1743960 376
1743970 376
1743980 376
1743990 376
1744000 376
1744010 377
1744020 377
1744030 377
1744040 377
1744050 377
1744060 377
1744070 377
1744080 377
1744090 377
1744100 378
1744110 380
1744120 381
1744130 381
1744140 381
1744150 382
1744160 382
1744170 382
1744180 382
1744190 382
1744200 382
1744210 380
1744220 380
1744230 379
1744240 380
1744250 380
1744260 383
1744270 387
1744280 387
1744290 389
1744300 391
1744310 391
1744320 392
1744330 392
1744340 394
1744350 394
1744360 395
1744370 395
1744380 395
1744390 397
1744400 398
1744410 398
1744420 398
1744430 397
1744440 397
1744450 396
1744460 395
1744470 395
1744480 394
1744490 394
1744500 394
1744510 393
1744520 394
1744530 394
1744540 394
1744550 395
1744560 395
1744570 396
1744580 397
1744590 397
1744600 397
1744610 397
1744620 397
1744630 397
1744640 397
1744650 398
1744660 398
1744670 398
1744680 397
1744690 397
1744700 397
1744710 396
1744720 396
1744730 395
1744740 395
1744750 395
1744760 395
1744770 394
1744780 394
1744790 395
1744800 395
1744810 395
1744820 395
1744830 395
1744840 395
1744850 395
1744860 395
1744870 395
1744880 395
1744890 395
1744900 395
1744910 395
1744920 396
1744930 396
1744940 396
1744950 396
1744960 397
1744970 397
1744980 398
1744990 399
1745000 399
1745010 399
1745020 402
1745030 401
1745040 401
1745050 402
1745060 403
1745070 403
1745080 404
1745090 402
1745100 402
1745110 402
1745120 401
1745130 401
1745140 403
1745150 402
1745160 402
1745170 403
1745180 403
1745190 403
1745200 403
1745210 404
1745220 404
1745230 405
1745240 404
1745250 404
1745260 404
1745270 405
1745280 406
1745290 406
1745300 409
1745310 412
1745320 412
1745330 414
1745340 418
1745350 418
1745360 417
1745370 416
1745380 416
1745390 415
1745400 414
1745410 414
1745420 412
1745430 410
1745440 410
1745450 408
1745460 406
1745470 404
1745480 404
1745490 403
1745500 401
1745510 401
1745520 400
1745530 397
1745540 397
1745550 396
1745560 395
1745570 395
1745580 394
1745590 393
1745600 393
1745610 392
1745620 391
1745630 391
1745640 389
1745650 388
1745660 388
1745670 386
1745680 384
1745690 384
1745700 384
1745710 383
1745720 383
1745730 383
1745740 383
1745750 382
1745760 382
1745770 378
1745780 376
1745790 376
1745800 374
1745810 373
1745820 373
1745830 372
1745840 370
1745850 370
1745860 369
1745870 368
1745880 368
1745890 369
1745900 369
1745910 368
1745920 368
1745930 368
1745940 368
1745950 368
1745960 367
1745970 368
1745980 368
1745990 368
1746000 367
1746010 367
1746020 367
1746030 366
1746040 366
1746050 365
1746060 365
1746070 365
1746080 364
1746090 363
1746100 363
1746110 362
1746120 361
1746130 360
1746140 360
1746150 359
1746160 358
1746170 358
1746180 358
1746190 357
1746200 357
1746210 357
1746220 357
1746230 357
1746240 357
1746250 356
1746260 356
1746270 356
1746280 356
1746290 356
1746300 356
1746310 356
1746320 356
1746330 357
1746340 358
1746350 359
1746360 359
1746370 359
1746380 360
1746390 360
1746400 361
1746410 362
1746420 362
1746430 362
1746440 363
1746450 363
1746460 364
1746470 365
1746480 365
1746490 366
1746500 368
1746510 368
1746520 369
1746530 371
1746540 371
1746550 371
1746560 372
1746570 372
1746580 373
1746590 374
1746600 375
1746610 375
1746620 376
1746630 377
1746640 377
1746650 378
1746660 383
1746670 383
1746680 384
1746690 386
1746700 386
1746710 387
1746720 388
1746730 388
1746740 389
1746750 388
1746760 388
1746770 390
1746780 389
1746790 389
1746800 386
1746810 381
1746820 377
1746830 377
1746840 376
1746850 374
1746860 374
1746870 370
1746880 366
1746890 366
1746900 364
1746910 360
1746920 360
1746930 357
1746940 356
1746950 356
1746960 354
1746970 352
1746980 352
1746990 352
1747000 352
1747010 352
1747020 352
1747030 352
1747040 351
1747050 351
1747060 352
1747070 351
1747080 351
1747090 351
1747100 351
1747110 351
1747120 351
1747130 351
1747140 351
1747150 351
1747160 351
1747170 351
1747180 351
1747190 351
1747200 351
1747210 351
1747220 351
1747230 351
1747240 351
1747250 351
1747260 352
1747270 352
1747280 351
1747290 352
1747300 352
1747310 352
1747320 352
1747330 352
1747340 352
1747350 352
1747360 352
1747370 352
1747380 352
1747390 352
1747400 353
1747410 354
1747420 354
1747430 353
1747440 353
1747450 353
1747460 352
1747470 350
1747480 349
1747490 349
1747500 351
1747510 352
1747520 352
1747530 351
1747540 351
1747550 351
1747560 351
1747570 351
1747580 351
1747590 351
1747600 351
1747610 351
1747620 351
1747630 351
1747640 351
1747650 351
1747660 351
1747670 351
1747680 351
1747690 351
1747700 352
1747710 352
1747720 352
1747730 351
1747740 351
1747750 351
1747760 351
1747770 351
1747780 351
1747790 351
1747800 351
1747810 351
1747820 351
1747830 351
1747840 351
1747850 351
1747860 351
1747870 351
1747880 351
1747890 351
1747900 351
1747910 351
1747920 351
1747930 351
1747940 351
1747950 351
1747960 351
1747970 351
1747980 351
1747990 351
1748000 351
1748010 350
1748020 350
1748030 350
1748040 350
1748050 350
1748060 350
1748070 350
1748080 350
1748090 351
1748100 350
1748110 350
1748120 349
1748130 350
1748140 350
1748150 350
1748160 351
1748170 351
1748180 351
1748190 351
1748200 351
1748210 351
1748220 351
1748230 351
1748240 351
1748250 351
1748260 351
1748270 351
1748280 351
1748290 351
1748300 351
1748310 352
1748320 352
1748330 352
1748340 352
1748350 352
1748360 352
1748370 352
1748380 352
1748390 352
1748400 352
1748410 352
1748420 353
1748430 353
1748440 354
1748450 355
1748460 355
1748470 356
1748480 357
1748490 357
1748500 356
1748510 356
1748520 356
1748530 356
1748540 356
1748550 356
1748560 356
1748570 355
1748580 355
1748590 356
1748600 355
1748610 355
1748620 355
1748630 355
1748640 355
1748650 355
1748660 353
1748670 356
1748680 356
1748690 357
1748700 358
1748710 358
1748720 359
1748730 361
1748740 361
1748750 360
1748760 360
1748770 360
1748780 361
1748790 361
1748800 361
1748810 361
1748820 363
1748830 363
1748840 363
1748850 364
1748860 364
1748870 364
1748880 365
1748890 365
1748900 365
1748910 365
1748920 365
1748930 365
1748940 366
1748950 366
1748960 366
1748970 366
1748980 366
1748990 366
1749000 366
1749010 367
1749020 367
1749030 367
1749040 367
1749050 367
1749060 368
1749070 368
1749080 368
1749090 368
1749100 368
1749110 368
1749120 368
1749130 367
1749140 367
1749150 367
1749160 367
1749170 366
1749180 366
1749190 366
1749200 367
1749210 367
1749220 367
1749230 367
1749240 367
1749250 367
1749260 368
1749270 368
1749280 368
1749290 368
1749300 368
1749310 368
1749320 369
1749330 369
1749340 369
1749350 368
1749360 368
1749370 368
1749380 368
1749390 368
1749400 368
1749410 368
1749420 368
1749430 368
1749440 369
1749450 369
1749460 369
1749470 368
1749480 368
1749490 368
1749500 368
1749510 368
1749520 368
1749530 368
1749540 368
1749550 368
1749560 368
1749570 369
1749580 369
1749590 369
1749600 369
1749610 369
1749620 369
1749630 368
1749640 368
1749650 368
1749660 369
1749670 369
1749680 369
1749690 370
1749700 369
1749710 369
1749720 369
1749730 370
1749740 370
1749750 370
1749760 370
1749770 370
1749780 370
1749790 371
1749800 371
1749810 371
1749820 371
1749830 372
1749840 372
1749850 372
1749860 373
1749870 373
1749880 374
1749890 374
1749900 374
1749910 374
1749920 374
1749930 373
1749940 373
1749950 374
1749960 375
1749970 375
1749980 376
1749990 378
1750000 378
1750010 379
1750020 380
1750030 380
1750040 381
1750050 381
1750060 381
1750070 382
1750080 382
1750090 382
1750100 382
1750110 382
1750120 382
1750130 383
1750140 383
1750150 384
1750160 384
1750170 385
1750180 386
1750190 386
1750200 389
1750210 389
1750220 389
1750230 388
1750240 390
1750250 390
1750260 393
1750270 393
1750280 393
1750290 393
1750300 395
1750310 395
1750320 398
1750330 398
1750340 398
1750350 399
1750360 400
1750370 400
1750380 401
1750390 401
1750400 402
1750410 402
1750420 405
1750430 405
1750440 405
1750450 403
1750460 403
1750470 403
1750480 403
1750490 402
1750500 402
1750510 401
1750520 399
1750530 399
1750540 397
1750550 394
1750560 394
1750570 391
1750580 389
1750590 389
1750600 386
1750610 384
1750620 383
1750630 383
1750640 381
1750650 382
1750660 382
1750670 382
1750680 380
1750690 380
1750700 377
1750710 374
1750720 374
1750730 371
1750740 368
1750750 368
1750760 367
1750770 364
1750780 364
1750790 364
1750800 363
1750810 363
1750820 363
1750830 365
1750840 366
1750850 366
1750860 367
1750870 368
1750880 368
1750890 369
1750900 370
1750910 370
1750920 372
1750930 374
1750940 374
1750950 374
1750960 376
1750970 376
1750980 378
1750990 382
1751000 382
1751010 384
1751020 384
1751030 384
1751040 385
1751050 386
1751060 387
1751070 387
1751080 389
1751090 390
1751100 390
1751110 392
1751120 395
1751130 395
1751140 396
1751150 397
1751160 397
1751170 398
1751180 398
1751190 398
1751200 398
1751210 397
1751220 397
1751230 399
1751240 400
1751250 400
1751260 401
1751270 401
1751280 402
1751290 402
1751300 404
1751310 406
1751320 406
1751330 407
1751340 407
1751350 407
1751360 407
1751370 407
1751380 407
1751390 408
1751400 409
1751410 409
1751420 409
1751430 410
1751440 410
1751450 411
1751460 412
1751470 412
1751480 412
1751490 413
1751500 414
1751510 414
1751520 415
1751530 416
1751540 416
1751550 417
1751560 418
1751570 418
1751580 419
1751590 419
1751600 419
1751610 419
1751620 419
1751630 419
1751640 420
1751650 420
1751660 420
1751670 421
1751680 421
1751690 421
1751700 422
1751710 421
1751720 422
1751730 422
1751740 420
1751750 420
1751760 420
1751770 420
1751780 420
1751790 420
1751800 421
1751810 420
1751820 420
1751830 421
1751840 420
1751850 420
1751860 420
1751870 420
1751880 420
1751890 421
1751900 421
1751910 421
1751920 421
1751930 422
1751940 423
1751950 423
1751960 424
1751970 425
1751980 425
1751990 426
1752000 427
1752010 427
1752020 428
1752030 429
1752040 429
1752050 430
1752060 431
1752070 431
1752080 432
1752090 433
1752100 433
1752110 434
1752120 435
1752130 435
1752140 436
1752150 437
1752160 438
1752170 438
1752180 439
1752190 439
1752200 439
1752210 440
1752220 440
1752230 440
1752240 439
1752250 438
1752260 438
1752270 437
1752280 435
1752290 435
1752300 434
1752310 432
1752320 432
1752330 428
1752340 424
1752350 424
1752360 421
1752370 417
1752380 417
1752390 416
1752400 415
1752410 413
1752420 413
1752430 408
1752440 406
1752450 406
1752460 404
1752470 402
1752480 402
1752490 400
1752500 399
1752510 399
1752520 397
1752530 394
1752540 394
1752550 392
1752560 391
1752570 391
1752580 390
1752590 388
1752600 388
1752610 387
1752620 381
1752630 379
1752640 379
1752650 378
1752660 376
1752670 376
1752680 376
1752690 376
1752700 376
1752710 375
1752720 375
1752730 375
1752740 374
1752750 374
1752760 374
1752770 373
1752780 374
1752790 374
1752800 374
1752810 375
1752820 375
1752830 377
1752840 379
1752850 380
1752860 380
1752870 383
1752880 386
1752890 386
1752900 388
1752910 389
1752920 389
1752930 390
1752940 390
1752950 390
1752960 390
1752970 391
1752980 391
1752990 392
1753000 392
1753010 392
1753020 393
1753030 392
1753040 392
1753050 391
1753060 389
1753070 387
1753080 387
1753090 384
1753100 383
1753110 383
1753120 378
1753130 380
1753140 380
1753150 384
1753160 381
1753170 381
1753180 386
1753190 391
1753200 391
1753210 394
1753220 397
1753230 397
1753240 399
1753250 401
1753260 401
1753270 403
1753280 405
1753290 406
1753300 406
1753310 408
1753320 408
1753330 408
1753340 409
1753350 409
1753360 409
1753370 410
1753380 410
1753390 410
1753400 408
1753410 407
1753420 407
1753430 406
1753440 405
1753450 405
1753460 403
1753470 402
1753480 402
1753490 401
1753500 401
1753510 400
1753520 400
1753530 398
1753540 395
1753550 395
1753560 397
1753570 395
1753580 395
1753590 392
1753600 390
1753610 390
1753620 388
1753630 385
1753640 385
1753650 382
1753660 381
1753670 381
1753680 379
1753690 377
1753700 377
1753710 375
1753720 372
1753730 369
1753740 369
1753750 367
1753760 365
1753770 365
1753780 363
1753790 360
1753800 360
1753810 358
1753820 356
1753830 356
1753840 353
1753850 354
1753860 354
1753870 354
1753880 354
1753890 354
1753900 354
1753910 354
1753920 354
1753930 355
1753940 355
1753950 356
1753960 356
1753970 357
1753980 357
1753990 357
1754000 358
1754010 359
1754020 359
1754030 360
1754040 361
1754050 361
1754060 363
1754070 364
1754080 364
1754090 364
1754100 366
1754110 366
1754120 367
1754130 372
1754140 372
1754150 374
1754160 373
1754170 373
1754180 374
1754190 377
1754200 376
1754210 376
1754220 376
1754230 376
1754240 376
1754250 375
1754260 374
1754270 374
1754280 373
1754290 372
1754300 372
1754310 372
1754320 371
1754330 371
1754340 369
1754350 368
1754360 368
1754370 366
1754380 365
1754390 365
1754400 362
1754410 360
1754420 358
1754430 358
1754440 355
1754450 353
1754460 353
1754470 350
1754480 349
1754490 349
1754500 349
1754510 349
1754520 349
1754530 347
1754540 346
1754550 346
1754560 341
1754570 344
1754580 344
1754590 345
1754600 346
1754610 346
1754620 346
1754630 347
1754640 347
1754650 347
1754660 349
1754670 351
1754680 351
1754690 353
1754700 355
1754710 355
1754720 357
1754730 360
1754740 360
1754750 362
1754760 365
1754770 365
1754780 369
1754790 372
1754800 372
1754810 373
1754820 374
1754830 374
1754840 375
1754850 377
1754860 378
1754870 378
1754880 380
1754890 381
1754900 381
1754910 381
1754920 382
1754930 382
1754940 383
1754950 383
1754960 383
1754970 384
1754980 385
1754990 385
1755000 386
1755010 387
1755020 387
1755030 389
1755040 390
1755050 390
1755060 391
1755070 392
1755080 392
1755090 392
1755100 392
1755110 392
1755120 392
1755130 392
1755140 391
1755150 391
1755160 390
1755170 390
1755180 390
1755190 389
1755200 388
1755210 388
1755220 388
1755230 387
1755240 387
1755250 387
1755260 383
1755270 383
1755280 383
1755290 382
1755300 382
1755310 382
1755320 380
1755330 375
1755340 375
1755350 377
1755360 377
1755370 377
1755380 377
1755390 377
1755400 377
1755410 378
1755420 378
1755430 378
1755440 378
1755450 378
1755460 378
1755470 376
1755480 375
1755490 375
1755500 374
1755510 372
1755520 372
1755530 372
1755540 371
1755550 369
1755560 369
1755570 368
1755580 367
1755590 367
1755600 365
1755610 364
1755620 364
1755630 362
1755640 360
1755650 360
1755660 357
1755670 355
1755680 355
1755690 353
1755700 351
1755710 351
1755720 348
1755730 347
1755740 347
1755750 347
1755760 345
1755770 346
1755780 346
1755790 346
1755800 346
1755810 346
1755820 346
1755830 346
1755840 346
1755850 348
1755860 348
1755870 348
1755880 349
1755890 350
1755900 350
1755910 351
1755920 351
1755930 351
1755940 351
1755950 351
1755960 351
1755970 351
1755980 352
1755990 352
1756000 352
1756010 353
1756020 353
1756030 353
1756040 353
1756050 352
1756060 352
1756070 349
1756080 349
1756090 349
1756100 348
1756110 347
1756120 347
1756130 346
1756140 346
1756150 346
1756160 347
1756170 347
1756180 347
1756190 348
1756200 348
1756210 349
1756220 349
1756230 349
1756240 349
1756250 349
1756260 348
1756270 346
1756280 346
1756290 346
1756300 345
1756310 345
1756320 345
1756330 345
1756340 345
1756350 345
1756360 345
1756370 345
1756380 345
1756390 345
1756400 345
1756410 345
1756420 344
1756430 343
1756440 343
1756450 343
1756460 342
1756470 342
1756480 341
1756490 340
1756500 340
1756510 340
1756520 339
1756530 339
1756540 337
1756550 336
1756560 336
1756570 335
1756580 335
1756590 335
1756600 334
1756610 334
1756620 334
1756630 333
1756640 332
1756650 332
1756660 332
1756670 332
1756680 332
1756690 332
1756700 332
1756710 332
1756720 332
1756730 332
1756740 331
1756750 331
1756760 332
1756770 332
1756780 332
1756790 332
1756800 330
1756810 330
1756820 329
1756830 329
1756840 329
1756850 331
1756860 331
1756870 332
1756880 332
1756890 332
1756900 332
1756910 332
1756920 333
1756930 334
1756940 334
1756950 335
1756960 337
1756970 337
1756980 339
1756990 342
1757000 342
1757010 345
1757020 348
1757030 348
1757040 351
1757050 354
1757060 354
1757070 354
1757080 355
1757090 359
1757100 359
1757110 361
1757120 363
1757130 363
1757140 364
1757150 364
1757160 364
1757170 363
1757180 361
1757190 361
1757200 360
1757210 358
1757220 358
1757230 357
1757240 356
1757250 356
1757260 356
1757270 356
1757280 356
1757290 354
1757300 353
1757310 352
1757320 352
1757330 351
1757340 351
1757350 351
1757360 352
1757370 352
1757380 352
1757390 352
1757400 353
1757410 353
1757420 353
1757430 354
1757440 354
1757450 356
1757460 356
1757470 356
1757480 357
1757490 358
1757500 358
1757510 360
1757520 362
1757530 364
1757540 364
1757550 365
1757560 369
1757570 369
1757580 370
1757590 371
1757600 371
1757610 373
1757620 374
1757630 374
1757640 376
1757650 378
1757660 378
1757670 380
1757680 382
1757690 382
1757700 383
1757710 383
1757720 383
1757730 382
1757740 382
1757750 381
1757760 381
1757770 381
1757780 381
1757790 381
1757800 380
1757810 379
1757820 379
1757830 379
1757840 378
1757850 378
1757860 377
1757870 376
1757880 376
1757890 375
1757900 375
1757910 375
1757920 374
1757930 371
1757940 371
1757950 370
1757960 370
1757970 370
1757980 369
1757990 368
1758000 366
1758010 366
1758020 364
1758030 362
1758040 362
1758050 361
1758060 359
1758070 359
1758080 357
1758090 356
1758100 356
1758110 355
1758120 354
1758130 354
1758140 353
1758150 352
1758160 352
1758170 351
1758180 350
1758190 350
1758200 347
1758210 347
1758220 346
1758230 346
1758240 346
1758250 346
1758260 346
1758270 347
1758280 343
1758290 343
1758300 343
1758310 343
1758320 343
1758330 343
1758340 343
1758350 343
1758360 343
1758370 344
1758380 344
1758390 344
1758400 345
1758410 345
1758420 345
1758430 346
1758440 346
1758450 346
1758460 345
1758470 344
1758480 344
1758490 344
1758500 344
1758510 344
1758520 343
1758530 343
1758540 343
1758550 343
1758560 344
1758570 344
1758580 344
1758590 344
1758600 344
1758610 343
1758620 343
1758630 343
1758640 342
1758650 342
1758660 341
1758670 341
1758680 341
1758690 340
1758700 340
1758710 340
1758720 339
1758730 339
1758740 338
1758750 337
1758760 337
1758770 336
1758780 336
1758790 336
1758800 335
1758810 334
1758820 334
1758830 333
1758840 333
1758850 333
1758860 332
1758870 331
1758880 331
1758890 331
1758900 330
1758910 330
1758920 330
1758930 329
1758940 329
1758950 329
1758960 328
1758970 328
1758980 328
1758990 327
1759000 327
1759010 327
1759020 326
1759030 325
1759040 325
1759050 324
1759060 324
1759070 324
1759080 323
1759090 323
1759100 323
1759110 323
1759120 323
1759130 322
1759140 322
1759150 321
1759160 320
1759170 320
1759180 320
1759190 320
1759200 320
1759210 319
1759220 321
1759230 321
1759240 321
1759250 320
1759260 320
1759270 320
1759280 320
1759290 320
1759300 320
1759310 320
1759320 320
1759330 320
1759340 320
1759350 320
1759360 320
1759370 320
1759380 320
1759390 320
1759400 321
1759410 321
1759420 321
1759430 321
1759440 321
1759450 321
1759460 322
1759470 323
1759480 323
1759490 324
1759500 324
1759510 324
1759520 325
1759530 326
1759540 327
1759550 327
1759560 329
1759570 331
1759580 331
1759590 333
1759600 336
1759610 336
1759620 338
1759630 340
1759640 340
1759650 341
1759660 344
1759670 344
1759680 347
1759690 349
1759700 349
1759710 352
1759720 355
1759730 355
1759740 355
1759750 356
1759760 358
1759770 358
1759780 360
1759790 361
1759800 361
1759810 363
1759820 365
1759830 365
1759840 366
1759850 367
1759860 367
1759870 368
1759880 368
1759890 368
1759900 368
1759910 369
1759920 369
1759930 368
1759940 368
1759950 368
1759960 367
1759970 366
1759980 366
1759990 366
