1740000 383
1740010 383
1740020 383
1740030 383
1740040 383
1740050 383
1740060 382
1740070 382
1740080 382
1740090 382
1740100 382
1740110 382
1740120 382
1740130 382
1740140 382
1740150 382
1740160 382
1740170 382
1740180 382
1740190 382
1740200 382
1740210 382
1740220 382
1740230 381
1740240 381
1740250 381
1740260 381
1740270 381
1740280 382
1740290 382
1740300 382
1740310 382
1740320 382
1740330 382
1740340 382
1740350 382
1740360 382
1740370 382
1740380 382
1740390 382
1740400 382
1740410 382
1740420 382
1740430 382
1740440 382
1740450 382
1740460 382
1740470 382
1740480 382
1740490 382
1740500 382
1740510 382
1740520 382
1740530 381
1740540 381
1740550 381
1740560 381
1740570 381
1740580 381
1740590 380
1740600 380
1740610 380
1740620 380
1740630 380
1740640 380
1740650 380
1740660 380
1740670 380
1740680 380
1740690 380
1740700 380
1740710 380
1740720 379
1740730 379
1740740 379
1740750 379
1740760 380
1740770 380
1740780 380
1740790 380
1740800 380
1740810 380
1740820 380
1740830 380
1740840 381
1740850 381
1740860 381
1740870 381
1740880 382
1740890 382
1740900 382
1740910 382
1740920 382
1740930 382
1740940 383
1740950 384
1740960 384
1740970 385
1740980 386
1740990 386
1741000 387
1741010 387
1741020 387
1741030 387
1741040 389
1741050 389
1741060 389
1741070 390
1741080 390
1741090 390
1741100 391
1741110 392
1741120 392
1741130 392
1741140 392
1741150 392
1741160 393
1741170 394
1741180 394
1741190 396
1741200 398
1741210 398
1741220 399
1741230 400
1741240 400
1741250 401
1741260 402
1741270 402
1741280 402
1741290 401
1741300 401
1741310 401
1741320 402
1741330 400
1741340 400
1741350 401
1741360 400
1741370 400
1741380 400
1741390 398
1741400 398
1741410 397
1741420 398
1741430 398
1741440 400
1741450 403
1741460 403
1741470 405
1741480 407
1741490 407
1741500 408
1741510 412
1741520 414
1741530 414
1741540 418
1741550 421
1741560 421
1741570 424
1741580 426
1741590 426
1741600 428
1741610 431
1741620 431
1741630 430
1741640 427
1741650 427
1741660 425
1741670 423
1741680 423
1741690 420
1741700 418
1741710 418
1741720 416
1741730 414
1741740 412
1741750 412
1741760 410
1741770 409
1741780 409
1741790 405
1741800 404
1741810 404
1741820 406
1741830 407
1741840 407
1741850 408
1741860 408
1741870 408
1741880 410
1741890 411
1741900 411
1741910 413
1741920 415
1741930 415
1741940 418
1741950 420
1741960 420
1741970 423
1741980 427
1741990 430
1742000 430
1742010 431
1742020 433
1742030 433
1742040 436
1742050 438
1742060 438
1742070 440
1742080 443
1742090 443
1742100 446
1742110 448
1742120 450
1742130 451
1742140 452
1742150 452
1742160 454
1742170 457
1742180 457
1742190 460
1742200 462
1742210 463
1742220 463
1742230 462
1742240 460
1742250 460
1742260 457
1742270 455
1742280 455
1742290 453
1742300 451
1742310 451
1742320 449
1742330 447
1742340 447
1742350 445
1742360 442
1742370 442
1742380 440
1742390 438
1742400 438
1742410 437
1742420 434
1742430 430
1742440 430
1742450 428
1742460 424
1742470 424
1742480 420
1742490 420
1742500 420
1742510 419
1742520 417
1742530 417
1742540 414
1742550 414
1742560 414
1742570 412
1742580 411
1742590 411
1742600 410
1742610 408
1742620 408
1742630 406
1742640 404
1742650 403
1742660 403
1742670 401
1742680 402
1742690 402
1742700 402
1742710 404
1742720 404
1742730 406
1742740 408
1742750 408
1742760 407
1742770 409
1742780 409
1742790 411
1742800 411
1742810 411
1742820 412
1742830 413
1742840 413
1742850 413
1742860 414
1742870 415
1742880 415
1742890 415
1742900 416
1742910 416
1742920 416
1742930 416
1742940 416
1742950 417
1742960 418
1742970 418
1742980 419
1742990 422
1743000 422
1743010 424
1743020 426
1743030 426
1743040 428
1743050 429
1743060 429
1743070 430
1743080 434
1743090 436
1743100 436
1743110 437
1743120 438
1743130 438
1743140 439
1743150 445
1743160 445
1743170 448
1743180 451
1743190 451
1743200 452
1743210 453
1743220 453
1743230 456
1743240 458
1743250 458
1743260 460
1743270 462
1743280 462
1743290 465
1743300 467
1743310 467
1743320 471
1743330 474
1743340 478
1743350 478
1743360 480
1743370 482
1743380 482
1743390 483
1743400 482
1743410 482
1743420 482
1743430 481
1743440 481
1743450 478
1743460 479
1743470 479
1743480 478
1743490 476
1743500 476
1743510 473
1743520 471
1743530 471
1743540 469
1743550 468
1743560 466
1743570 466
1743580 465
1743590 463
1743600 463
1743610 460
1743620 458
1743630 458
1743640 455
1743650 453
1743660 453
1743670 452
1743680 451
1743690 451
1743700 450
1743710 448
1743720 448
1743730 444
1743740 443
1743750 443
1743760 440
1743770 435
1743780 432
1743790 432
1743800 430
1743810 428
1743820 428
1743830 427
1743840 425
1743850 425
1743860 423
1743870 422
1743880 422
1743890 421
1743900 419
1743910 419
1743920 418
1743930 417
1743940 417
1743950 415
1743960 413
1743970 413
1743980 412
1743990 410
1744000 408
1744010 408
1744020 407
1744030 406
1744040 406
1744050 404
1744060 403
1744070 403
1744080 401
1744090 398
1744100 398
1744110 397
1744120 395
1744130 395
1744140 393
1744150 391
1744160 391
1744170 388
1744180 387
1744190 387
1744200 388
1744210 386
1744220 385
1744230 385
1744240 386
1744250 383
1744260 383
1744270 380
1744280 380
1744290 380
1744300 384
1744310 384
1744320 384
1744330 384
1744340 384
1744350 384
1744360 385
1744370 385
1744380 385
1744390 385
1744400 386
1744410 386
1744420 385
1744430 385
1744440 385
1744450 385
1744460 385
1744470 386
1744480 386
1744490 386
1744500 386
1744510 386
1744520 386
1744530 386
1744540 386
1744550 386
1744560 385
1744570 385
1744580 385
1744590 384
1744600 384
1744610 383
1744620 382
1744630 382
1744640 381
1744650 380
1744660 380
1744670 379
1744680 378
1744690 377
1744700 377
1744710 375
1744720 373
1744730 373
1744740 371
1744750 371
1744760 371
1744770 370
1744780 369
1744790 369
1744800 367
1744810 367
1744820 367
1744830 368
1744840 366
1744850 366
1744860 368
1744870 367
1744880 367
1744890 368
1744900 368
1744910 368
1744920 368
1744930 368
1744940 368
1744950 368
1744960 368
1744970 368
1744980 368
1744990 369
1745000 370
1745010 370
1745020 370
1745030 372
1745040 372
1745050 373
1745060 374
1745070 374
1745080 375
1745090 376
1745100 376
1745110 376
1745120 377
1745130 378
1745140 378
1745150 379
1745160 378
1745170 378
1745180 377
1745190 375
1745200 375
1745210 373
1745220 374
1745230 374
1745240 375
1745250 377
1745260 377
1745270 378
1745280 379
1745290 379
1745300 381
1745310 382
1745320 382
1745330 383
1745340 384
1745350 385
1745360 385
1745370 387
1745380 388
1745390 388
1745400 390
1745410 391
1745420 391
1745430 392
1745440 393
1745450 393
1745460 393
1745470 393
1745480 393
1745490 395
1745500 397
1745510 397
1745520 402
1745530 404
1745540 404
1745550 406
1745560 412
1745570 417
1745580 417
1745590 421
1745600 423
1745610 423
1745620 425
1745630 427
1745640 427
1745650 429
1745660 430
1745670 430
1745680 432
1745690 433
1745700 433
1745710 435
1745720 437
1745730 437
1745740 438
1745750 440
1745760 440
1745770 441
1745780 442
1745790 444
1745800 444
1745810 445
1745820 445
1745830 445
1745840 446
1745850 446
1745860 446
1745870 445
1745880 445
1745890 445
1745900 444
1745910 443
1745920 443
1745930 442
1745940 441
1745950 441
1745960 439
1745970 437
1745980 437
1745990 430
1746000 421
1746010 421
1746020 416
1746030 410
1746040 405
1746050 405
1746060 400
1746070 398
1746080 398
1746090 397
1746100 397
1746110 397
1746120 397
1746130 396
1746140 396
1746150 394
1746160 392
1746170 392
1746180 391
1746190 390
1746200 390
1746210 389
1746220 386
1746230 386
1746240 383
1746250 381
1746260 381
1746270 381
1746280 379
1746290 378
1746300 378
1746310 374
1746320 371
1746330 371
1746340 370
1746350 369
1746360 369
1746370 366
1746380 365
1746390 365
1746400 362
1746410 361
1746420 361
1746430 359
1746440 356
1746450 356
1746460 355
1746470 355
1746480 355
1746490 355
1746500 355
1746510 355
1746520 355
1746530 355
1746540 355
1746550 355
1746560 355
1746570 356
1746580 356
1746590 356
1746600 357
1746610 357
1746620 355
1746630 355
1746640 355
1746650 355
1746660 353
1746670 353
1746680 354
1746690 355
1746700 355
1746710 355
1746720 354
1746730 353
1746740 353
1746750 353
1746760 353
1746770 353
1746780 355
1746790 356
1746800 356
1746810 356
1746820 356
1746830 356
1746840 355
1746850 355
1746860 355
1746870 355
1746880 355
1746890 355
1746900 355
1746910 355
1746920 354
1746930 354
1746940 354
1746950 354
1746960 354
1746970 354
1746980 354
1746990 354
1747000 354
1747010 354
1747020 354
1747030 354
1747040 354
1747050 354
1747060 353
1747070 353
1747080 353
1747090 353
1747100 353
1747110 353
1747120 353
1747130 353
1747140 353
1747150 353
1747160 354
1747170 354
1747180 354
1747190 354
1747200 354
1747210 354
1747220 354
1747230 354
1747240 354
1747250 354
1747260 354
1747270 354
1747280 354
1747290 354
1747300 354
1747310 354
1747320 354
1747330 354
1747340 354
1747350 354
1747360 354
1747370 354
1747380 354
1747390 354
1747400 354
1747410 354
1747420 354
1747430 354
1747440 354
1747450 354
1747460 354
1747470 354
1747480 354
1747490 354
1747500 354
1747510 354
1747520 354
1747530 354
1747540 354
1747550 354
1747560 354
1747570 354
1747580 354
1747590 354
1747600 355
1747610 355
1747620 355
1747630 354
1747640 354
1747650 354
1747660 354
1747670 354
1747680 354
1747690 353
1747700 353
1747710 353
1747720 353
1747730 354
1747740 354
1747750 354
1747760 354
1747770 354
1747780 354
1747790 354
1747800 354
1747810 354
1747820 354
1747830 354
1747840 354
1747850 355
1747860 356
1747870 356
1747880 357
1747890 358
1747900 358
1747910 358
1747920 360
1747930 360
1747940 362
1747950 363
1747960 363
1747970 364
1747980 365
1747990 365
1748000 365
1748010 364
1748020 364
1748030 363
1748040 362
1748050 364
1748060 364
1748070 364
1748080 365
1748090 365
1748100 365
1748110 365
1748120 365
1748130 366
1748140 366
1748150 366
1748160 366
1748170 367
1748180 367
1748190 367
1748200 368
1748210 368
1748220 368
1748230 368
1748240 368
1748250 369
1748260 369
1748270 369
1748280 369
1748290 369
1748300 369
1748310 369
1748320 369
1748330 370
1748340 370
1748350 370
1748360 371
1748370 371
1748380 371
1748390 372
1748400 372
1748410 372
1748420 372
1748430 372
1748440 373
1748450 373
1748460 373
1748470 373
1748480 373
1748490 373
1748500 373
1748510 374
1748520 375
1748530 375
1748540 375
1748550 375
1748560 375
1748570 375
1748580 375
1748590 375
1748600 375
1748610 376
1748620 376
1748630 376
1748640 377
1748650 377
1748660 377
1748670 377
1748680 377
1748690 377
1748700 377
1748710 377
1748720 377
1748730 377
1748740 377
1748750 377
1748760 378
1748770 378
1748780 378
1748790 378
1748800 379
1748810 379
1748820 379
1748830 380
1748840 380
1748850 380
1748860 381
1748870 382
1748880 382
1748890 383
1748900 383
1748910 383
1748920 383
1748930 383
1748940 383
1748950 380
1748960 380
1748970 380
1748980 380
1748990 380
1749000 380
1749010 380
1749020 376
1749030 376
1749040 376
1749050 376
1749060 376
1749070 375
1749080 373
1749090 373
1749100 372
1749110 371
1749120 371
1749130 369
1749140 368
1749150 368
1749160 366
1749170 369
1749180 369
1749190 369
1749200 370
1749210 371
1749220 371
1749230 372
1749240 373
1749250 373
1749260 373
1749270 375
1749280 375
1749290 376
1749300 377
1749310 377
1749320 378
1749330 379
1749340 379
1749350 380
1749360 381
1749370 381
1749380 382
1749390 385
1749400 388
1749410 388
1749420 390
1749430 391
1749440 391
1749450 391
1749460 391
1749470 391
1749480 392
1749490 393
1749500 393
1749510 394
1749520 395
1749530 395
1749540 395
1749550 395
1749560 395
1749570 395
1749580 395
1749590 395
1749600 396
1749610 398
1749620 398
1749630 398
1749640 402
1749650 401
1749660 401
1749670 402
1749680 403
1749690 403
1749700 403
1749710 404
1749720 404
1749730 402
1749740 402
1749750 402
1749760 403
1749770 405
1749780 405
1749790 405
1749800 405
1749810 405
1749820 405
1749830 407
1749840 407
1749850 412
1749860 413
1749870 414
1749880 414
1749890 417
1749900 418
1749910 418
1749920 418
1749930 419
1749940 419
1749950 419
1749960 419
1749970 419
1749980 420
1749990 420
1750000 420
1750010 421
1750020 422
1750030 422
1750040 423
1750050 424
1750060 424
1750070 426
1750080 428
1750090 428
1750100 428
1750110 428
1750120 428
1750130 428
1750140 428
1750150 428
1750160 428
1750170 428
1750180 428
1750190 428
1750200 428
1750210 428
1750220 428
1750230 428
1750240 429
1750250 429
1750260 430
1750270 431
1750280 431
1750290 431
1750300 432
1750310 433
1750320 433
1750330 433
1750340 433
1750350 433
1750360 434
1750370 434
1750380 434
1750390 435
1750400 435
1750410 435
1750420 435
1750430 435
1750440 435
1750450 436
1750460 435
1750470 435
1750480 434
1750490 434
1750500 434
1750510 433
1750520 433
1750530 431
1750540 431
1750550 430
1750560 428
1750570 428
1750580 426
1750590 424
1750600 424
1750610 422
1750620 420
1750630 420
1750640 419
1750650 417
1750660 417
1750670 415
1750680 413
1750690 413
1750700 411
1750710 409
1750720 409
1750730 408
1750740 407
1750750 405
1750760 405
1750770 404
1750780 403
1750790 403
1750800 403
1750810 402
1750820 402
1750830 400
1750840 399
1750850 399
1750860 397
1750870 396
1750880 396
1750890 396
1750900 396
1750910 396
1750920 397
1750930 398
1750940 398
1750950 399
1750960 401
1750970 402
1750980 402
1750990 403
1751000 404
1751010 404
1751020 405
1751030 406
1751040 406
1751050 404
1751060 406
1751070 406
1751080 407
1751090 411
1751100 411
1751110 414
1751120 418
1751130 418
1751140 419
1751150 422
1751160 422
1751170 430
1751180 433
1751190 433
1751200 435
1751210 437
1751220 439
1751230 439
1751240 441
1751250 443
1751260 443
1751270 444
1751280 446
1751290 446
1751300 446
1751310 446
1751320 446
1751330 446
1751340 445
1751350 445
1751360 443
1751370 442
1751380 442
1751390 439
1751400 437
1751410 437
1751420 436
1751430 435
1751440 434
1751450 434
1751460 432
1751470 429
1751480 429
1751490 425
1751500 421
1751510 421
1751520 418
1751530 416
1751540 416
1751550 416
1751560 412
1751570 412
1751580 411
1751590 409
1751600 409
1751610 406
1751620 404
1751630 404
1751640 403
1751650 402
1751660 401
1751670 401
1751680 400
1751690 397
1751700 397
1751710 396
1751720 395
1751730 395
1751740 395
1751750 395
1751760 395
1751770 395
1751780 396
1751790 396
1751800 396
1751810 397
1751820 397
1751830 398
1751840 399
1751850 399
1751860 401
1751870 402
1751880 403
1751890 403
1751900 404
1751910 406
1751920 406
1751930 407
1751940 408
1751950 408
1751960 410
1751970 412
1751980 412
1751990 412
1752000 412
1752010 412
1752020 412
1752030 413
1752040 415
1752050 416
1752060 417
1752070 417
1752080 420
1752090 421
1752100 422
1752110 422
1752120 423
1752130 424
1752140 424
1752150 426
1752160 425
1752170 425
1752180 427
1752190 430
1752200 430
1752210 435
1752220 436
1752230 436
1752240 435
1752250 438
1752260 438
1752270 442
1752280 445
1752290 445
1752300 446
1752310 447
1752320 449
1752330 449
1752340 450
1752350 452
1752360 452
1752370 453
1752380 454
1752390 454
1752400 455
1752410 455
1752420 455
1752430 455
1752440 456
1752450 456
1752460 454
1752470 454
1752480 454
1752490 454
1752500 454
1752510 454
1752520 453
1752530 452
1752540 452
1752550 451
1752560 450
1752570 449
1752580 449
1752590 448
1752600 447
1752610 447
1752620 445
1752630 444
1752640 444
1752650 443
1752660 442
1752670 442
1752680 442
1752690 442
1752700 442
1752710 442
1752720 441
1752730 441
1752740 440
1752750 439
1752760 439
1752770 439
1752780 438
1752790 438
1752800 438
1752810 437
1752820 437
1752830 437
1752840 436
1752850 435
1752860 435
1752870 433
1752880 432
1752890 432
1752900 431
1752910 430
1752920 430
1752930 429
1752940 427
1752950 427
1752960 425
1752970 424
1752980 424
1752990 423
1753000 422
1753010 421
1753020 421
1753030 421
1753040 420
1753050 420
1753060 420
1753070 420
1753080 420
1753090 420
1753100 420
1753110 420
1753120 420
1753130 420
1753140 420
1753150 421
1753160 421
1753170 421
1753180 421
1753190 421
1753200 421
1753210 422
1753220 422
1753230 423
1753240 423
1753250 424
1753260 424
1753270 424
1753280 424
1753290 425
1753300 425
1753310 425
1753320 425
1753330 425
1753340 426
1753350 426
1753360 426
1753370 427
1753380 428
1753390 428
1753400 429
1753410 429
1753420 429
1753430 430
1753440 430
1753450 430
1753460 430
1753470 431
1753480 431
1753490 431
1753500 432
1753510 432
1753520 432
1753530 433
1753540 434
1753550 434
1753560 434
1753570 435
1753580 437
1753590 438
1753600 440
1753610 440
1753620 443
1753630 445
1753640 445
1753650 448
1753660 448
1753670 448
1753680 448
1753690 448
1753700 447
1753710 447
1753720 444
1753730 442
1753740 442
1753750 440
1753760 438
1753770 438
1753780 437
1753790 435
1753800 435
1753810 432
1753820 428
1753830 428
1753840 425
1753850 423
1753860 423
1753870 422
1753880 420
1753890 420
1753900 418
1753910 416
1753920 413
1753930 413
1753940 411
1753950 411
1753960 411
1753970 410
1753980 408
1753990 408
1754000 407
1754010 405
1754020 405
1754030 404
1754040 403
1754050 403
1754060 402
1754070 400
1754080 400
1754090 399
1754100 398
1754110 398
1754120 397
1754130 396
1754140 396
1754150 396
1754160 396
1754170 395
1754180 395
1754190 394
1754200 394
1754210 394
1754220 394
1754230 395
1754240 395
1754250 395
1754260 396
1754270 396
1754280 398
1754290 399
1754300 399
1754310 400
1754320 401
1754330 401
1754340 402
1754350 404
1754360 405
1754370 405
1754380 406
1754390 407
1754400 407
1754410 409
1754420 411
1754430 411
1754440 414
1754450 416
1754460 416
1754470 418
1754480 420
1754490 420
1754500 422
1754510 423
1754520 423
1754530 424
1754540 426
1754550 426
1754560 428
1754570 429
1754580 429
1754590 429
1754600 428
1754610 428
1754620 428
1754630 426
1754640 425
1754650 425
1754660 424
1754670 422
1754680 422
1754690 420
1754700 419
1754710 419
1754720 417
1754730 415
1754740 415
1754750 414
1754760 413
1754770 413
1754780 412
1754790 412
1754800 411
1754810 411
1754820 410
1754830 410
1754840 410
1754850 410
1754860 411
1754870 411
1754880 412
1754890 413
1754900 413
1754910 413
1754920 413
1754930 413
1754940 413
1754950 413
1754960 413
1754970 412
1754980 411
1754990 411
1755000 411
1755010 409
1755020 409
1755030 409
1755040 407
1755050 405
1755060 405
1755070 404
1755080 403
1755090 402
1755100 401
1755110 400
1755120 400
1755130 399
1755140 397
1755150 397
1755160 395
1755170 392
1755180 392
1755190 390
1755200 389
1755210 389
1755220 389
1755230 388
1755240 388
1755250 389
1755260 391
1755270 393
1755280 393
1755290 394
1755300 395
1755310 395
1755320 395
1755330 397
1755340 397
1755350 398
1755360 399
1755370 399
1755380 399
1755390 398
1755400 398
1755410 395
1755420 394
1755430 394
1755440 391
1755450 389
1755460 389
1755470 386
1755480 384
1755490 381
1755500 381
1755510 379
1755520 377
1755530 377
1755540 374
1755550 370
1755560 370
1755570 371
1755580 372
1755590 372
1755600 371
1755610 371
1755620 371
1755630 371
1755640 369
1755650 369
1755660 371
1755670 372
1755680 372
1755690 373
1755700 375
1755710 375
1755720 375
1755730 374
1755740 375
1755750 375
1755760 376
1755770 376
1755780 376
1755790 378
1755800 381
1755810 381
1755820 382
1755830 384
1755840 384
1755850 385
1755860 387
1755870 387
1755880 389
1755890 390
1755900 390
1755910 391
1755920 392
1755930 393
1755940 393
1755950 395
1755960 397
1755970 397
1755980 397
1755990 398
1756000 398
1756010 398
1756020 398
1756030 398
1756040 399
1756050 398
1756060 398
1756070 398
1756080 398
1756090 398
1756100 398
1756110 398
1756120 398
1756130 398
1756140 398
1756150 398
1756160 398
1756170 399
1756180 399
1756190 399
1756200 400
1756210 400
1756220 400
1756230 400
1756240 399
1756250 399
1756260 399
1756270 399
1756280 399
1756290 399
1756300 398
1756310 398
1756320 398
1756330 398
1756340 398
1756350 397
1756360 396
1756370 396
1756380 395
1756390 394
1756400 393
1756410 393
1756420 392
1756430 391
1756440 391
1756450 390
1756460 390
1756470 390
1756480 388
1756490 388
1756500 388
1756510 386
1756520 386
1756530 386
1756540 385
1756550 383
1756560 383
1756570 379
1756580 379
1756590 379
1756600 377
1756610 376
1756620 375
1756630 375
1756640 374
1756650 373
1756660 373
1756670 372
1756680 372
1756690 372
1756700 372
1756710 371
1756720 371
1756730 370
1756740 369
1756750 369
1756760 368
1756770 368
1756780 368
1756790 368
1756800 368
1756810 368
1756820 368
1756830 368
1756840 368
1756850 368
1756860 369
1756870 369
1756880 369
1756890 369
1756900 370
1756910 370
1756920 370
1756930 371
1756940 371
1756950 372
1756960 372
1756970 372
1756980 373
1756990 374
1757000 374
1757010 374
1757020 375
1757030 375
1757040 375
1757050 375
1757060 374
1757070 374
1757080 374
1757090 372
1757100 372
1757110 371
1757120 369
1757130 369
1757140 366
1757150 368
1757160 368
1757170 367
1757180 366
1757190 366
1757200 365
1757210 365
1757220 365
1757230 364
1757240 363
1757250 363
1757260 363
1757270 362
1757280 360
1757290 360
1757300 358
1757310 359
1757320 359
1757330 358
1757340 356
1757350 356
1757360 355
1757370 354
1757380 354
1757390 353
1757400 352
1757410 352
1757420 350
1757430 349
1757440 349
1757450 349
1757460 348
1757470 348
1757480 347
1757490 346
1757500 345
1757510 345
1757520 344
1757530 343
1757540 343
1757550 342
1757560 340
1757570 340
1757580 339
1757590 338
1757600 338
1757610 337
1757620 336
1757630 336
1757640 335
1757650 334
1757660 334
1757670 334
1757680 333
1757690 333
1757700 333
1757710 332
1757720 332
1757730 332
1757740 332
1757750 332
1757760 332
1757770 332
1757780 332
1757790 332
1757800 333
1757810 333
1757820 333
1757830 332
1757840 332
1757850 332
1757860 332
1757870 331
1757880 331
1757890 330
1757900 329
1757910 329
1757920 329
1757930 328
1757940 328
1757950 328
1757960 328
1757970 328
1757980 328
1757990 328
1758000 327
1758010 327
1758020 327
1758030 327
1758040 327
1758050 327
1758060 327
1758070 327
1758080 327
1758090 327
1758100 327
1758110 327
1758120 325
1758130 325
1758140 326
1758150 326
1758160 326
1758170 325
1758180 325
1758190 327
1758200 327
1758210 327
1758220 327
1758230 327
1758240 327
1758250 327
1758260 327
1758270 327
1758280 327
1758290 327
1758300 328
1758310 328
1758320 328
1758330 328
1758340 329
1758350 329
1758360 330
1758370 331
1758380 331
1758390 332
1758400 333
1758410 333
1758420 333
1758430 335
1758440 336
1758450 336
1758460 338
1758470 341
1758480 341
1758490 343
1758500 346
1758510 346
1758520 351
1758530 354
1758540 354
1758550 357
1758560 360
1758570 360
1758580 361
1758590 363
1758600 363
1758610 364
1758620 366
1758630 368
1758640 368
1758650 369
1758660 370
1758670 370
1758680 372
1758690 374
1758700 374
1758710 374
1758720 374
1758730 374
1758740 374
1758750 374
1758760 374
1758770 375
1758780 377
1758790 377
1758800 378
1758810 380
1758820 380
1758830 381
1758840 382
1758850 382
1758860 382
1758870 382
1758880 381
1758890 381
1758900 381
1758910 380
1758920 380
1758930 379
1758940 378
1758950 378
1758960 377
1758970 376
1758980 376
1758990 375
1759000 374
1759010 374
1759020 373
1759030 372
1759040 372
1759050 371
1759060 369
1759070 369
1759080 368
1759090 367
1759100 366
1759110 366
1759120 365
1759130 364
1759140 364
1759150 362
1759160 358
1759170 358
1759180 360
1759190 362
1759200 362
1759210 360
1759220 360
1759230 360
1759240 360
1759250 360
1759260 360
1759270 359
1759280 359
1759290 359
1759300 358
1759310 357
1759320 357
1759330 357
1759340 357
1759350 357
1759360 357
1759370 356
1759380 355
1759390 355
1759400 354
1759410 353
1759420 353
1759430 352
1759440 351
1759450 351
1759460 350
1759470 349
1759480 349
1759490 348
1759500 347
1759510 347
1759520 347
1759530 345
1759540 344
1759550 344
1759560 344
1759570 343
1759580 343
1759590 342
1759600 341
1759610 341
1759620 340
1759630 339
1759640 339
1759650 338
1759660 336
1759670 336
1759680 335
1759690 334
1759700 334
1759710 333
1759720 332
1759730 332
1759740 331
1759750 330
1759760 329
1759770 329
1759780 329
1759790 328
1759800 328
1759810 327
1759820 326
1759830 326
1759840 326
1759850 325
1759860 325
1759870 325
1759880 324
1759890 324
1759900 323
1759910 322
1759920 322
1759930 321
1759940 323
1759950 323
1759960 323
1759970 323
1759980 323
1759990 323
