1740000 428
1740010 430
1740020 430
1740030 432
1740040 435
1740050 435
1740060 437
1740070 439
1740080 439
1740090 440
1740100 442
1740110 442
1740120 444
1740130 445
1740140 446
1740150 446
1740160 447
1740170 449
1740180 449
1740190 451
1740200 453
1740210 453
1740220 454
1740230 455
1740240 455
1740250 456
1740260 458
1740270 458
1740280 458
1740290 459
1740300 459
1740310 461
1740320 462
1740330 462
1740340 464
1740350 465
1740360 467
1740370 467
1740380 469
1740390 473
1740400 473
1740410 477
1740420 478
1740430 478
1740440 478
1740450 483
1740460 483
1740470 484
1740480 485
1740490 485
1740500 486
1740510 487
1740520 487
1740530 487
1740540 485
1740550 485
1740560 484
1740570 482
1740580 481
1740590 481
1740600 480
1740610 476
1740620 476
1740630 475
1740640 475
1740650 475
1740660 474
1740670 473
1740680 473
1740690 472
1740700 471
1740710 471
1740720 469
1740730 467
1740740 467
1740750 468
1740760 464
1740770 464
1740780 466
1740790 463
1740800 463
1740810 463
1740820 463
1740830 463
1740840 463
1740850 463
1740860 462
1740870 462
1740880 462
1740890 462
1740900 462
1740910 461
1740920 460
1740930 460
1740940 459
1740950 459
1740960 459
1740970 459
1740980 459
1740990 459
1741000 457
1741010 457
1741020 457
1741030 454
1741040 453
1741050 451
1741060 451
1741070 450
1741080 451
1741090 451
1741100 451
1741110 452
1741120 452
1741130 454
1741140 453
1741150 453
1741160 453
1741170 453
1741180 453
1741190 451
1741200 451
1741210 451
1741220 451
1741230 450
1741240 450
1741250 450
1741260 449
1741270 448
1741280 448
1741290 446
1741300 445
1741310 445
1741320 444
1741330 443
1741340 443
1741350 441
1741360 440
1741370 440
1741380 438
1741390 433
1741400 433
1741410 429
1741420 434
1741430 434
1741440 432
1741450 432
1741460 432
1741470 431
1741480 430
1741490 429
1741500 429
1741510 428
1741520 426
1741530 426
1741540 424
1741550 423
1741560 423
1741570 422
1741580 420
1741590 420
1741600 418
1741610 416
1741620 416
1741630 416
1741640 415
1741650 415
1741660 415
1741670 414
1741680 414
1741690 413
1741700 411
1741710 411
1741720 413
1741730 411
1741740 410
1741750 410
1741760 410
1741770 410
1741780 410
1741790 410
1741800 411
1741810 411
1741820 412
1741830 414
1741840 414
1741850 415
1741860 415
1741870 415
1741880 417
1741890 418
1741900 418
1741910 418
1741920 419
1741930 419
1741940 420
1741950 420
1741960 419
1741970 419
1741980 419
1741990 421
1742000 421
1742010 421
1742020 420
1742030 420
1742040 420
1742050 420
1742060 420
1742070 420
1742080 420
1742090 420
1742100 419
1742110 419
1742120 419
1742130 419
1742140 418
1742150 418
1742160 417
1742170 417
1742180 417
1742190 417
1742200 416
1742210 416
1742220 416
1742230 415
1742240 413
1742250 413
1742260 412
1742270 411
1742280 411
1742290 410
1742300 408
1742310 408
1742320 407
1742330 405
1742340 405
1742350 403
1742360 402
1742370 402
1742380 399
1742390 400
1742400 400
1742410 400
1742420 400
1742430 400
1742440 400
1742450 399
1742460 400
1742470 400
1742480 400
1742490 400
1742500 400
1742510 400
1742520 398
1742530 398
1742540 398
1742550 398
1742560 398
1742570 398
1742580 398
1742590 398
1742600 398
1742610 398
1742620 398
1742630 398
1742640 398
1742650 398
1742660 398
1742670 398
1742680 399
1742690 399
1742700 400
1742710 400
1742720 400
1742730 401
1742740 401
1742750 401
1742760 402
1742770 401
1742780 401
1742790 401
1742800 400
1742810 400
1742820 399
1742830 398
1742840 398
1742850 398
1742860 398
1742870 399
1742880 399
1742890 400
1742900 401
1742910 401
1742920 403
1742930 403
1742940 403
1742950 405
1742960 405
1742970 406
1742980 407
1742990 408
1743000 408
1743010 408
1743020 409
1743030 409
1743040 410
1743050 411
1743060 411
1743070 411
1743080 411
1743090 410
1743100 410
1743110 410
1743120 411
1743130 411
1743140 413
1743150 413
1743160 413
1743170 412
1743180 412
1743190 412
1743200 413
1743210 414
1743220 414
1743230 414
1743240 415
1743250 415
1743260 416
1743270 417
1743280 417
1743290 421
1743300 424
1743310 425
1743320 425
1743330 426
1743340 427
1743350 427
1743360 429
1743370 431
1743380 431
1743390 432
1743400 433
1743410 433
1743420 434
1743430 434
1743440 434
1743450 433
1743460 433
1743470 433
1743480 432
1743490 430
1743500 430
1743510 427
1743520 425
1743530 425
1743540 422
1743550 420
1743560 419
1743570 419
1743580 416
1743590 415
1743600 415
1743610 413
1743620 412
1743630 412
1743640 413
1743650 420
1743660 420
1743670 425
1743680 428
1743690 428
1743700 429
1743710 430
1743720 430
1743730 431
1743740 432
1743750 432
1743760 432
1743770 432
1743780 431
1743790 431
1743800 430
1743810 428
1743820 428
1743830 426
1743840 422
1743850 422
1743860 419
1743870 415
1743880 415
1743890 410
1743900 407
1743910 407
1743920 404
1743930 403
1743940 403
1743950 400
1743960 397
1743970 397
1743980 396
1743990 396
1744000 396
1744010 396
1744020 396
1744030 396
1744040 396
1744050 395
1744060 393
1744070 393
1744080 393
1744090 391
1744100 391
1744110 389
1744120 387
1744130 387
1744140 384
1744150 382
1744160 382
1744170 379
1744180 380
1744190 380
1744200 379
1744210 379
1744220 379
1744230 379
1744240 379
1744250 378
1744260 378
1744270 378
1744280 381
1744290 381
1744300 383
1744310 386
1744320 386
1744330 388
1744340 390
1744350 390
1744360 392
1744370 394
1744380 394
1744390 397
1744400 400
1744410 400
1744420 402
1744430 405
1744440 405
1744450 405
1744460 405
1744470 406
1744480 406
1744490 408
1744500 410
1744510 410
1744520 411
1744530 412
1744540 412
1744550 415
1744560 415
1744570 415
1744580 413
1744590 411
1744600 411
1744610 410
1744620 410
1744630 410
1744640 407
1744650 406
1744660 406
1744670 406
1744680 406
1744690 407
1744700 409
1744710 409
1744720 410
1744730 410
1744740 412
1744750 414
1744760 414
1744770 416
1744780 418
1744790 418
1744800 420
1744810 421
1744820 421
1744830 422
1744840 423
1744850 423
1744860 425
1744870 427
1744880 427
1744890 430
1744900 434
1744910 437
1744920 437
1744930 437
1744940 437
1744950 437
1744960 437
1744970 438
1744980 438
1744990 439
1745000 439
1745010 439
1745020 436
1745030 433
1745040 433
1745050 430
1745060 427
1745070 427
1745080 424
1745090 421
1745100 421
1745110 418
1745120 414
1745130 410
1745140 410
1745150 408
1745160 406
1745170 406
1745180 403
1745190 402
1745200 402
1745210 401
1745220 400
1745230 400
1745240 400
1745250 399
1745260 399
1745270 397
1745280 396
1745290 396
1745300 395
1745310 395
1745320 395
1745330 395
1745340 394
1745350 394
1745360 392
1745370 389
1745380 384
1745390 384
1745400 382
1745410 379
1745420 379
1745430 379
1745440 379
1745450 379
1745460 376
1745470 371
1745480 371
1745490 368
1745500 367
1745510 367
1745520 364
1745530 361
1745540 361
1745550 361
1745560 360
1745570 360
1745580 360
1745590 360
1745600 360
1745610 360
1745620 360
1745630 360
1745640 360
1745650 360
1745660 360
1745670 360
1745680 360
1745690 360
1745700 360
1745710 360
1745720 360
1745730 360
1745740 360
1745750 360
1745760 360
1745770 360
1745780 360
1745790 360
1745800 360
1745810 360
1745820 360
1745830 360
1745840 360
1745850 360
1745860 360
1745870 357
1745880 359
1745890 359
1745900 360
1745910 359
1745920 359
1745930 359
1745940 359
1745950 359
1745960 359
1745970 359
1745980 359
1745990 359
1746000 359
1746010 359
1746020 359
1746030 359
1746040 359
1746050 359
1746060 359
1746070 359
1746080 359
1746090 360
1746100 360
1746110 360
1746120 360
1746130 360
1746140 360
1746150 360
1746160 360
1746170 360
1746180 360
1746190 360
1746200 360
1746210 360
1746220 360
1746230 360
1746240 360
1746250 360
1746260 360
1746270 360
1746280 360
1746290 360
1746300 360
1746310 360
1746320 360
1746330 360
1746340 360
1746350 360
1746360 360
1746370 361
1746380 361
1746390 361
1746400 361
1746410 361
1746420 361
1746430 361
1746440 361
1746450 361
1746460 361
1746470 361
1746480 361
1746490 361
1746500 361
1746510 361
1746520 361
1746530 361
1746540 361
1746550 361
1746560 361
1746570 361
1746580 361
1746590 361
1746600 361
1746610 361
1746620 361
1746630 361
1746640 361
1746650 361
1746660 361
1746670 361
1746680 361
1746690 361
1746700 361
1746710 361
1746720 361
1746730 361
1746740 361
1746750 361
1746760 362
1746770 362
1746780 362
1746790 362
1746800 362
1746810 361
1746820 361
1746830 361
1746840 362
1746850 362
1746860 362
1746870 362
1746880 362
1746890 362
1746900 362
1746910 362
1746920 362
1746930 363
1746940 363
1746950 363
1746960 363
1746970 363
1746980 363
1746990 363
1747000 363
1747010 364
1747020 364
1747030 364
1747040 365
1747050 365
1747060 366
1747070 367
1747080 367
1747090 369
1747100 371
1747110 371
1747120 371
1747130 372
1747140 372
1747150 372
1747160 372
1747170 373
1747180 373
1747190 374
1747200 374
1747210 374
1747220 374
1747230 375
1747240 375
1747250 375
1747260 375
1747270 375
1747280 375
1747290 375
1747300 375
1747310 375
1747320 375
1747330 375
1747340 375
1747350 375
1747360 375
1747370 375
1747380 375
1747390 375
1747400 375
1747410 375
1747420 375
1747430 375
1747440 375
1747450 375
1747460 375
1747470 375
1747480 375
1747490 375
1747500 375
1747510 375
1747520 375
1747530 374
1747540 374
1747550 374
1747560 374
1747570 374
1747580 374
1747590 373
1747600 373
1747610 373
1747620 373
1747630 373
1747640 373
1747650 373
1747660 373
1747670 373
1747680 373
1747690 373
1747700 373
1747710 373
1747720 370
1747730 368
1747740 368
1747750 366
1747760 366
1747770 366
1747780 366
1747790 364
1747800 364
1747810 365
1747820 366
1747830 366
1747840 366
1747850 366
1747860 367
1747870 367
1747880 368
1747890 368
1747900 368
1747910 368
1747920 368
1747930 368
1747940 368
1747950 369
1747960 369
1747970 369
1747980 369
1747990 369
1748000 370
1748010 373
1748020 373
1748030 374
1748040 375
1748050 375
1748060 376
1748070 377
1748080 378
1748090 378
1748100 380
1748110 380
1748120 380
1748130 381
1748140 381
1748150 381
1748160 381
1748170 382
1748180 382
1748190 382
1748200 384
1748210 384
1748220 385
1748230 387
1748240 387
1748250 387
1748260 387
1748270 387
1748280 387
1748290 386
1748300 386
1748310 387
1748320 389
1748330 391
1748340 391
1748350 393
1748360 394
1748370 394
1748380 396
1748390 398
1748400 398
1748410 401
1748420 403
1748430 403
1748440 404
1748450 406
1748460 406
1748470 407
1748480 408
1748490 408
1748500 411
1748510 413
1748520 413
1748530 414
1748540 415
1748550 413
1748560 413
1748570 414
1748580 412
1748590 412
1748600 414
1748610 412
1748620 412
1748630 409
1748640 407
1748650 407
1748660 414
1748670 422
1748680 422
1748690 425
1748700 423
1748710 423
1748720 426
1748730 431
1748740 431
1748750 434
1748760 434
1748770 436
1748780 436
1748790 439
1748800 441
1748810 441
1748820 442
1748830 444
1748840 444
1748850 445
1748860 447
1748870 447
1748880 449
1748890 450
1748900 450
1748910 452
1748920 454
1748930 454
1748940 455
1748950 457
1748960 457
1748970 459
1748980 460
1748990 461
1749000 461
1749010 462
1749020 462
1749030 462
1749040 463
1749050 464
1749060 464
1749070 464
1749080 464
1749090 464
1749100 465
1749110 464
1749120 464
1749130 463
1749140 462
1749150 462
1749160 460
1749170 458
1749180 458
1749190 456
1749200 455
1749210 455
1749220 453
1749230 452
1749240 450
1749250 450
1749260 448
1749270 446
1749280 446
1749290 443
1749300 441
1749310 441
1749320 438
1749330 435
1749340 435
1749350 433
1749360 430
1749370 430
1749380 428
1749390 425
1749400 425
1749410 421
1749420 419
1749430 419
1749440 416
1749450 415
1749460 414
1749470 414
1749480 413
1749490 412
1749500 412
1749510 411
1749520 409
1749530 409
1749540 408
1749550 407
1749560 407
1749570 406
1749580 406
1749590 406
1749600 406
1749610 406
1749620 406
1749630 406
1749640 406
1749650 407
1749660 407
1749670 407
1749680 407
1749690 407
1749700 408
1749710 408
1749720 408
1749730 409
1749740 409
1749750 409
1749760 410
1749770 410
1749780 410
1749790 411
1749800 410
1749810 410
1749820 411
1749830 411
1749840 411
1749850 411
1749860 410
1749870 410
1749880 408
1749890 408
1749900 407
1749910 407
1749920 406
1749930 406
1749940 406
1749950 405
1749960 404
1749970 404
1749980 404
1749990 402
1750000 402
1750010 401
1750020 399
1750030 399
1750040 397
1750050 396
1750060 396
1750070 395
1750080 394
1750090 394
1750100 393
1750110 392
1750120 392
1750130 393
1750140 393
1750150 393
1750160 393
1750170 393
1750180 393
1750190 393
1750200 394
1750210 394
1750220 394
1750230 394
1750240 394
1750250 394
1750260 395
1750270 395
1750280 395
1750290 395
1750300 396
1750310 396
1750320 396
1750330 397
1750340 397
1750350 397
1750360 397
1750370 397
1750380 397
1750390 398
1750400 398
1750410 398
1750420 398
1750430 398
1750440 398
1750450 399
1750460 399
1750470 399
1750480 399
1750490 399
1750500 399
1750510 399
1750520 400
1750530 400
1750540 401
1750550 402
1750560 402
1750570 404
1750580 405
1750590 406
1750600 406
1750610 408
1750620 409
1750630 409
1750640 409
1750650 409
1750660 409
1750670 408
1750680 408
1750690 408
1750700 408
1750710 409
1750720 409
1750730 409
1750740 410
1750750 410
1750760 410
1750770 410
1750780 410
1750790 409
1750800 409
1750810 409
1750820 409
1750830 409
1750840 409
1750850 409
1750860 409
1750870 410
1750880 410
1750890 410
1750900 410
1750910 410
1750920 409
1750930 408
1750940 408
1750950 409
1750960 409
1750970 409
1750980 410
1750990 411
1751000 411
1751010 411
1751020 412
1751030 412
1751040 413
1751050 414
1751060 415
1751070 415
1751080 417
1751090 418
1751100 418
1751110 420
1751120 421
1751130 421
1751140 423
1751150 426
1751160 426
1751170 427
1751180 429
1751190 429
1751200 431
1751210 433
1751220 433
1751230 434
1751240 435
1751250 435
1751260 437
1751270 439
1751280 441
1751290 441
1751300 446
1751310 448
1751320 448
1751330 450
1751340 454
1751350 454
1751360 457
1751370 460
1751380 460
1751390 462
1751400 465
1751410 465
1751420 467
1751430 467
1751440 467
1751450 468
1751460 468
1751470 468
1751480 467
1751490 466
1751500 465
1751510 465
1751520 464
1751530 463
1751540 463
1751550 461
1751560 459
1751570 459
1751580 457
1751590 454
1751600 454
1751610 451
1751620 447
1751630 447
1751640 444
1751650 442
1751660 442
1751670 439
1751680 438
1751690 438
1751700 437
1751710 435
1751720 434
1751730 434
1751740 433
1751750 433
1751760 433
1751770 432
1751780 432
1751790 432
1751800 430
1751810 429
1751820 429
1751830 427
1751840 426
1751850 426
1751860 427
1751870 428
1751880 428
1751890 427
1751900 428
1751910 428
1751920 427
1751930 427
1751940 427
1751950 426
1751960 425
1751970 424
1751980 424
1751990 423
1752000 422
1752010 422
1752020 421
1752030 420
1752040 420
1752050 419
1752060 418
1752070 418
1752080 416
1752090 414
1752100 414
1752110 412
1752120 411
1752130 411
1752140 408
1752150 406
1752160 406
1752170 405
1752180 403
1752190 402
1752200 402
1752210 400
1752220 398
1752230 398
1752240 396
1752250 394
1752260 394
1752270 393
1752280 392
1752290 392
1752300 391
1752310 390
1752320 390
1752330 389
1752340 387
1752350 387
1752360 386
1752370 385
1752380 385
1752390 384
1752400 382
1752410 380
1752420 380
1752430 379
1752440 377
1752450 377
1752460 375
1752470 373
1752480 373
1752490 371
1752500 370
1752510 370
1752520 369
1752530 368
1752540 368
1752550 368
1752560 367
1752570 367
1752580 367
1752590 367
1752600 367
1752610 367
1752620 367
1752630 367
1752640 367
1752650 366
1752660 366
1752670 366
1752680 366
1752690 366
1752700 366
1752710 366
1752720 366
1752730 366
1752740 366
1752750 367
1752760 367
1752770 367
1752780 367
1752790 366
1752800 366
1752810 366
1752820 366
1752830 366
1752840 366
1752850 366
1752860 367
1752870 367
1752880 368
1752890 368
1752900 369
1752910 370
1752920 370
1752930 372
1752940 372
1752950 372
1752960 371
1752970 371
1752980 371
1752990 370
1753000 369
1753010 369
1753020 369
1753030 368
1753040 368
1753050 367
1753060 366
1753070 366
1753080 366
1753090 366
1753100 366
1753110 366
1753120 367
1753130 366
1753140 366
1753150 366
1753160 365
1753170 365
1753180 364
1753190 363
1753200 363
1753210 362
1753220 360
1753230 360
1753240 359
1753250 358
1753260 358
1753270 357
1753280 356
1753290 356
1753300 356
1753310 356
1753320 356
1753330 356
1753340 355
1753350 355
1753360 355
1753370 355
1753380 357
1753390 357
1753400 357
1753410 357
1753420 357
1753430 357
1753440 357
1753450 357
1753460 357
1753470 357
1753480 357
1753490 357
1753500 357
1753510 357
1753520 358
1753530 358
1753540 358
1753550 358
1753560 358
1753570 358
1753580 358
1753590 358
1753600 358
1753610 358
1753620 359
1753630 360
1753640 360
1753650 361
1753660 361
1753670 361
1753680 362
1753690 363
1753700 363
1753710 363
1753720 363
1753730 363
1753740 365
1753750 367
1753760 368
1753770 368
1753780 369
1753790 370
1753800 370
1753810 371
1753820 373
1753830 373
1753840 375
1753850 376
1753860 376
1753870 376
1753880 377
1753890 377
1753900 377
1753910 376
1753920 376
1753930 375
1753940 374
1753950 374
1753960 372
1753970 370
1753980 370
1753990 367
1754000 366
1754010 362
1754020 362
1754030 360
1754040 359
1754050 359
1754060 359
1754070 359
1754080 359
1754090 359
1754100 359
1754110 359
1754120 359
1754130 360
1754140 360
1754150 361
1754160 363
1754170 363
1754180 365
1754190 368
1754200 368
1754210 370
1754220 373
1754230 375
1754240 375
1754250 377
1754260 379
1754270 379
1754280 382
1754290 383
1754300 383
1754310 385
1754320 386
1754330 386
1754340 388
1754350 390
1754360 390
1754370 392
1754380 394
1754390 394
1754400 396
1754410 398
1754420 398
1754430 400
1754440 402
1754450 404
1754460 404
1754470 407
1754480 409
1754490 409
1754500 411
1754510 412
1754520 412
1754530 414
1754540 415
1754550 415
1754560 417
1754570 418
1754580 418
1754590 418
1754600 418
1754610 418
1754620 418
1754630 416
1754640 416
1754650 415
1754660 414
1754670 412
1754680 412
1754690 410
1754700 408
1754710 408
1754720 407
1754730 405
1754740 405
1754750 404
1754760 402
1754770 402
1754780 400
1754790 398
1754800 398
1754810 396
1754820 394
1754830 394
1754840 391
1754850 389
1754860 389
1754870 387
1754880 385
1754890 385
1754900 383
1754910 381
1754920 379
1754930 379
1754940 377
1754950 375
1754960 375
1754970 373
1754980 371
1754990 371
1755000 370
1755010 370
1755020 370
1755030 370
1755040 371
1755050 371
1755060 372
1755070 373
1755080 373
1755090 373
1755100 374
1755110 374
1755120 376
1755130 379
1755140 382
1755150 382
1755160 383
1755170 385
1755180 385
1755190 390
1755200 392
1755210 392
1755220 394
1755230 396
1755240 396
1755250 400
1755260 403
1755270 403
1755280 404
1755290 406
1755300 406
1755310 408
1755320 410
1755330 410
1755340 412
1755350 415
1755360 419
1755370 419
1755380 419
1755390 421
1755400 421
1755410 419
1755420 419
1755430 419
1755440 419
1755450 419
1755460 419
1755470 416
1755480 414
1755490 414
1755500 410
1755510 408
1755520 408
1755530 405
1755540 401
1755550 401
1755560 398
1755570 395
1755580 393
1755590 393
1755600 390
1755610 388
1755620 388
1755630 385
1755640 383
1755650 383
1755660 381
1755670 377
1755680 377
1755690 375
1755700 372
1755710 372
1755720 368
1755730 365
1755740 365
1755750 363
1755760 363
1755770 363
1755780 362
1755790 360
1755800 360
1755810 360
1755820 358
1755830 358
1755840 358
1755850 357
1755860 356
1755870 356
1755880 356
1755890 355
1755900 355
1755910 355
1755920 354
1755930 354
1755940 354
1755950 353
1755960 353
1755970 353
1755980 353
1755990 353
1756000 352
1756010 352
1756020 352
1756030 353
1756040 353
1756050 353
1756060 353
1756070 353
1756080 354
1756090 354
1756100 354
1756110 354
1756120 354
1756130 353
1756140 353
1756150 353
1756160 354
1756170 355
1756180 355
1756190 356
1756200 357
1756210 357
1756220 359
1756230 361
1756240 361
1756250 363
1756260 367
1756270 370
1756280 370
1756290 373
1756300 375
1756310 375
1756320 379
1756330 382
1756340 382
1756350 385
1756360 388
1756370 388
1756380 390
1756390 391
1756400 391
1756410 393
1756420 395
1756430 395
1756440 397
1756450 398
1756460 398
1756470 399
1756480 401
1756490 401
1756500 401
1756510 401
1756520 401
1756530 401
1756540 401
1756550 400
1756560 400
1756570 400
1756580 399
1756590 399
1756600 399
1756610 398
1756620 398
1756630 397
1756640 396
1756650 396
1756660 395
1756670 394
1756680 394
1756690 390
1756700 389
1756710 389
1756720 387
1756730 385
1756740 384
1756750 384
1756760 383
1756770 382
1756780 382
1756790 381
1756800 380
1756810 380
1756820 380
1756830 378
1756840 378
1756850 378
1756860 379
1756870 379
1756880 381
1756890 382
1756900 382
1756910 384
1756920 386
1756930 386
1756940 389
1756950 390
1756960 391
1756970 391
1756980 393
1756990 394
1757000 394
1757010 396
1757020 397
1757030 397
1757040 398
1757050 401
1757060 401
1757070 403
1757080 404
1757090 404
1757100 404
1757110 404
1757120 404
1757130 404
1757140 404
1757150 404
1757160 403
1757170 403
1757180 403
1757190 403
1757200 402
1757210 402
1757220 402
1757230 401
1757240 401
1757250 401
1757260 401
1757270 400
1757280 400
1757290 400
1757300 399
1757310 399
1757320 398
1757330 398
1757340 398
1757350 397
1757360 397
1757370 397
1757380 396
1757390 396
1757400 396
1757410 396
1757420 395
1757430 395
1757440 395
1757450 395
1757460 394
1757470 394
1757480 394
1757490 393
1757500 393
1757510 393
1757520 392
1757530 392
1757540 392
1757550 392
1757560 392
1757570 392
1757580 391
1757590 391
1757600 391
1757610 391
1757620 391
1757630 390
1757640 390
1757650 389
1757660 389
1757670 389
1757680 388
1757690 388
1757700 388
1757710 387
1757720 387
1757730 386
1757740 386
1757750 386
1757760 386
1757770 385
1757780 385
1757790 385
1757800 384
1757810 384
1757820 384
1757830 383
1757840 383
1757850 383
1757860 382
1757870 382
1757880 382
1757890 381
1757900 380
1757910 380
1757920 380
1757930 379
1757940 379
1757950 379
1757960 378
1757970 378
1757980 377
1757990 376
1758000 376
1758010 375
1758020 374
1758030 374
1758040 373
1758050 373
1758060 373
1758070 372
1758080 371
1758090 370
1758100 370
1758110 370
1758120 369
1758130 369
1758140 369
1758150 368
1758160 368
1758170 368
1758180 367
1758190 367
1758200 367
1758210 367
1758220 367
1758230 366
1758240 366
1758250 366
1758260 365
1758270 364
1758280 364
1758290 363
1758300 362
1758310 361
1758320 361
1758330 361
1758340 360
1758350 360
1758360 359
1758370 358
1758380 358
1758390 358
1758400 358
1758410 358
1758420 357
1758430 356
1758440 356
1758450 356
1758460 355
1758470 355
1758480 354
1758490 353
1758500 353
1758510 352
1758520 348
1758530 348
1758540 347
1758550 345
1758560 344
1758570 344
1758580 342
1758590 341
1758600 341
1758610 339
1758620 339
1758630 339
1758640 339
1758650 340
1758660 340
1758670 341
1758680 341
1758690 341
1758700 340
1758710 339
1758720 339
1758730 337
1758740 336
1758750 336
1758760 335
1758770 334
1758780 333
1758790 333
1758800 332
1758810 331
1758820 331
1758830 330
1758840 329
1758850 329
1758860 328
1758870 328
1758880 328
1758890 327
1758900 326
1758910 326
1758920 325
1758930 325
1758940 325
1758950 324
1758960 323
1758970 323
1758980 323
1758990 323
1759000 322
1759010 322
1759020 322
1759030 322
1759040 322
1759050 322
1759060 321
1759070 321
1759080 321
1759090 321
1759100 321
1759110 321
1759120 321
1759130 321
1759140 321
1759150 321
1759160 321
1759170 321
1759180 321
1759190 321
1759200 321
1759210 321
1759220 321
1759230 321
1759240 321
1759250 321
1759260 321
1759270 321
1759280 320
1759290 320
1759300 317
1759310 321
1759320 321
1759330 321
1759340 321
1759350 321
1759360 321
1759370 321
1759380 321
1759390 321
1759400 321
1759410 321
1759420 321
1759430 321
1759440 321
1759450 321
1759460 321
1759470 321
1759480 321
1759490 321
1759500 321
1759510 321
1759520 321
1759530 321
1759540 321
1759550 321
1759560 321
1759570 321
1759580 321
1759590 320
1759600 320
1759610 320
1759620 320
1759630 320
1759640 320
1759650 320
1759660 320
1759670 320
1759680 320
1759690 320
1759700 320
1759710 320
1759720 320
1759730 320
1759740 320
1759750 320
1759760 320
1759770 321
1759780 321
1759790 321
1759800 321
1759810 321
1759820 321
1759830 322
1759840 322
1759850 322
1759860 322
1759870 323
1759880 323
1759890 324
1759900 325
1759910 325
1759920 325
1759930 326
1759940 327
1759950 327
1759960 327
1759970 327
1759980 327
1759990 327
