1740000 459
1740010 459
1740020 460
1740030 460
1740040 460
1740050 461
1740060 461
1740070 462
1740080 463
1740090 463
1740100 464
1740110 466
1740120 467
1740130 467
1740140 469
1740150 470
1740160 470
1740170 471
1740180 472
1740190 472
1740200 472
1740210 473
1740220 473
1740230 474
1740240 476
1740250 476
1740260 477
1740270 478
1740280 478
1740290 480
1740300 482
1740310 482
1740320 483
1740330 484
1740340 484
1740350 485
1740360 485
1740370 486
1740380 486
1740390 486
1740400 487
1740410 487
1740420 488
1740430 489
1740440 489
1740450 490
1740460 491
1740470 491
1740480 492
1740490 492
1740500 492
1740510 492
1740520 491
1740530 491
1740540 490
1740550 488
1740560 488
1740570 487
1740580 486
1740590 486
1740600 486
1740610 486
1740620 485
1740630 485
1740640 485
1740650 483
1740660 483
1740670 482
1740680 482
1740690 482
1740700 482
1740710 482
1740720 482
1740730 482
1740740 482
1740750 482
1740760 482
1740770 483
1740780 483
1740790 484
1740800 484
1740810 484
1740820 485
1740830 485
1740840 485
1740850 485
1740860 484
1740870 483
1740880 483
1740890 482
1740900 480
1740910 480
1740920 479
1740930 478
1740940 478
1740950 478
1740960 477
1740970 477
1740980 476
1740990 476
1741000 476
1741010 476
1741020 476
1741030 476
1741040 474
1741050 474
1741060 473
1741070 473
1741080 472
1741090 472
1741100 472
1741110 471
1741120 471
1741130 471
1741140 469
1741150 467
1741160 467
1741170 466
1741180 465
1741190 465
1741200 467
1741210 467
1741220 467
1741230 468
1741240 469
1741250 469
1741260 470
1741270 470
1741280 471
1741290 471
1741300 467
1741310 466
1741320 466
1741330 461
1741340 461
1741350 461
1741360 459
1741370 457
1741380 457
1741390 453
1741400 449
1741410 449
1741420 447
1741430 444
1741440 444
1741450 443
1741460 442
1741470 442
1741480 446
1741490 442
1741500 442
1741510 448
1741520 451
1741530 446
1741540 446
1741550 448
1741560 449
1741570 449
1741580 449
1741590 447
1741600 447
1741610 445
1741620 444
1741630 444
1741640 443
1741650 440
1741660 440
1741670 439
1741680 438
1741690 438
1741700 436
1741710 436
1741720 436
1741730 433
1741740 431
1741750 430
1741760 430
1741770 429
1741780 429
1741790 429
1741800 429
1741810 428
1741820 428
1741830 426
1741840 425
1741850 425
1741860 424
1741870 422
1741880 422
1741890 421
1741900 419
1741910 419
1741920 417
1741930 417
1741940 417
1741950 416
1741960 415
1741970 414
1741980 414
1741990 412
1742000 413
1742010 413
1742020 412
1742030 412
1742040 412
1742050 413
1742060 414
1742070 414
1742080 414
1742090 414
1742100 414
1742110 415
1742120 415
1742130 415
1742140 416
1742150 417
1742160 417
1742170 419
1742180 420
1742190 420
1742200 421
1742210 424
1742220 426
1742230 426
1742240 427
1742250 428
1742260 428
1742270 430
1742280 431
1742290 431
1742300 431
1742310 431
1742320 431
1742330 433
1742340 435
1742350 435
1742360 437
1742370 438
1742380 438
1742390 439
1742400 441
1742410 441
1742420 442
1742430 443
1742440 444
1742450 444
1742460 445
1742470 445
1742480 445
1742490 443
1742500 442
1742510 442
1742520 442
1742530 442
1742540 442
1742550 443
1742560 444
1742570 444
1742580 443
1742590 445
1742600 445
1742610 444
1742620 443
1742630 443
1742640 439
1742650 433
1742660 428
1742670 428
1742680 428
1742690 427
1742700 427
1742710 426
1742720 425
1742730 425
1742740 424
1742750 423
1742760 423
1742770 422
1742780 421
1742790 421
1742800 421
1742810 421
1742820 420
1742830 421
1742840 420
1742850 420
1742860 420
1742870 420
1742880 420
1742890 420
1742900 419
1742910 418
1742920 418
1742930 415
1742940 412
1742950 412
1742960 409
1742970 407
1742980 407
1742990 407
1743000 407
1743010 407
1743020 404
1743030 403
1743040 403
1743050 402
1743060 400
1743070 400
1743080 399
1743090 397
1743100 397
1743110 396
1743120 394
1743130 392
1743140 392
1743150 390
1743160 389
1743170 389
1743180 387
1743190 385
1743200 385
1743210 384
1743220 383
1743230 383
1743240 382
1743250 380
1743260 380
1743270 379
1743280 378
1743290 378
1743300 378
1743310 377
1743320 377
1743330 377
1743340 375
1743350 375
1743360 374
1743370 374
1743380 374
1743390 374
1743400 373
1743410 373
1743420 373
1743430 373
1743440 373
1743450 373
1743460 373
1743470 373
1743480 373
1743490 373
1743500 373
1743510 373
1743520 373
1743530 373
1743540 373
1743550 373
1743560 373
1743570 373
1743580 373
1743590 373
1743600 373
1743610 373
1743620 373
1743630 373
1743640 373
1743650 373
1743660 373
1743670 373
1743680 372
1743690 372
1743700 372
1743710 372
1743720 372
1743730 372
1743740 372
1743750 372
1743760 372
1743770 372
1743780 372
1743790 372
1743800 372
1743810 372
1743820 372
1743830 372
1743840 372
1743850 371
1743860 371
1743870 371
1743880 371
1743890 371
1743900 372
1743910 372
1743920 372
1743930 372
1743940 372
1743950 372
1743960 371
1743970 372
1743980 372
1743990 372
1744000 372
1744010 372
1744020 372
1744030 372
1744040 372
1744050 371
1744060 371
1744070 371
1744080 371
1744090 371
1744100 371
1744110 371
1744120 371
1744130 371
1744140 371
1744150 371
1744160 369
1744170 369
1744180 372
1744190 371
1744200 371
1744210 371
1744220 371
1744230 371
1744240 371
1744250 371
1744260 371
1744270 371
1744280 371
1744290 371
1744300 371
1744310 371
1744320 371
1744330 371
1744340 371
1744350 371
1744360 371
1744370 372
1744380 372
1744390 372
1744400 372
1744410 372
1744420 372
1744430 371
1744440 372
1744450 372
1744460 372
1744470 373
1744480 373
1744490 373
1744500 373
1744510 373
1744520 373
1744530 374
1744540 374
1744550 374
1744560 375
1744570 375
1744580 375
1744590 375
1744600 375
1744610 375
1744620 375
1744630 375
1744640 375
1744650 375
1744660 375
1744670 375
1744680 375
1744690 375
1744700 375
1744710 375
1744720 376
1744730 376
1744740 377
1744750 377
1744760 377
1744770 377
1744780 377
1744790 377
1744800 377
1744810 377
1744820 378
1744830 378
1744840 378
1744850 378
1744860 378
1744870 378
1744880 378
1744890 378
1744900 378
1744910 379
1744920 379
1744930 379
1744940 380
1744950 380
1744960 380
1744970 380
1744980 380
1744990 380
1745000 380
1745010 381
1745020 381
1745030 381
1745040 381
1745050 381
1745060 381
1745070 381
1745080 381
1745090 382
1745100 382
1745110 382
1745120 382
1745130 382
1745140 382
1745150 382
1745160 382
1745170 382
1745180 383
1745190 384
1745200 384
1745210 384
1745220 384
1745230 384
1745240 384
1745250 385
1745260 385
1745270 385
1745280 386
1745290 387
1745300 387
1745310 388
1745320 388
1745330 388
1745340 389
1745350 390
1745360 390
1745370 390
1745380 390
1745390 390
1745400 391
1745410 393
1745420 393
1745430 394
1745440 395
1745450 396
1745460 396
1745470 397
1745480 398
1745490 398
1745500 399
1745510 400
1745520 400
1745530 400
1745540 401
1745550 401
1745560 402
1745570 403
1745580 403
1745590 403
1745600 403
1745610 403
1745620 403
1745630 397
1745640 397
1745650 391
1745660 388
1745670 386
1745680 386
1745690 385
1745700 385
1745710 385
1745720 385
1745730 384
1745740 384
1745750 385
1745760 387
1745770 387
1745780 388
1745790 389
1745800 389
1745810 389
1745820 390
1745830 390
1745840 390
1745850 391
1745860 391
1745870 392
1745880 394
1745890 394
1745900 395
1745910 397
1745920 399
1745930 399
1745940 401
1745950 403
1745960 403
1745970 404
1745980 405
1745990 405
1746000 407
1746010 408
1746020 408
1746030 410
1746040 411
1746050 411
1746060 413
1746070 415
1746080 415
1746090 416
1746100 417
1746110 417
1746120 416
1746130 416
1746140 418
1746150 418
1746160 422
1746170 424
1746180 424
1746190 425
1746200 427
1746210 427
1746220 428
1746230 429
1746240 429
1746250 430
1746260 431
1746270 431
1746280 432
1746290 433
1746300 433
1746310 434
1746320 435
1746330 435
1746340 435
1746350 436
1746360 437
1746370 437
1746380 437
1746390 437
1746400 437
1746410 438
1746420 439
1746430 439
1746440 440
1746450 441
1746460 441
1746470 441
1746480 441
1746490 441
1746500 441
1746510 441
1746520 441
1746530 441
1746540 441
1746550 441
1746560 440
1746570 440
1746580 440
1746590 439
1746600 438
1746610 436
1746620 436
1746630 434
1746640 433
1746650 433
1746660 431
1746670 428
1746680 428
1746690 425
1746700 421
1746710 421
1746720 416
1746730 415
1746740 415
1746750 414
1746760 413
1746770 413
1746780 411
1746790 409
1746800 409
1746810 409
1746820 409
1746830 408
1746840 408
1746850 407
1746860 407
1746870 407
1746880 408
1746890 409
1746900 409
1746910 409
1746920 409
1746930 409
1746940 409
1746950 408
1746960 408
1746970 407
1746980 405
1746990 405
1747000 404
1747010 403
1747020 403
1747030 401
1747040 399
1747050 398
1747060 398
1747070 398
1747080 396
1747090 396
1747100 394
1747110 393
1747120 393
1747130 391
1747140 389
1747150 389
1747160 388
1747170 388
1747180 388
1747190 388
1747200 388
1747210 388
1747220 388
1747230 389
1747240 389
1747250 389
1747260 389
1747270 389
1747280 389
1747290 389
1747300 387
1747310 387
1747320 384
1747330 385
1747340 385
1747350 387
1747360 387
1747370 387
1747380 387
1747390 388
1747400 388
1747410 389
1747420 392
1747430 392
1747440 396
1747450 397
1747460 397
1747470 399
1747480 405
1747490 405
1747500 409
1747510 413
1747520 416
1747530 416
1747540 417
1747550 417
1747560 417
1747570 418
1747580 419
1747590 419
1747600 421
1747610 422
1747620 422
1747630 423
1747640 424
1747650 424
1747660 426
1747670 427
1747680 427
1747690 428
1747700 429
1747710 429
1747720 430
1747730 430
1747740 430
1747750 431
1747760 432
1747770 433
1747780 433
1747790 434
1747800 434
1747810 434
1747820 435
1747830 436
1747840 436
1747850 437
1747860 439
1747870 439
1747880 441
1747890 444
1747900 444
1747910 447
1747920 449
1747930 449
1747940 451
1747950 454
1747960 454
1747970 457
1747980 459
1747990 460
1748000 460
1748010 461
1748020 462
1748030 462
1748040 464
1748050 465
1748060 465
1748070 467
1748080 469
1748090 469
1748100 471
1748110 473
1748120 473
1748130 476
1748140 480
1748150 480
1748160 483
1748170 483
1748180 483
1748190 482
1748200 482
1748210 481
1748220 481
1748230 480
1748240 480
1748250 480
1748260 479
1748270 479
1748280 479
1748290 478
1748300 478
1748310 478
1748320 477
1748330 476
1748340 476
1748350 475
1748360 474
1748370 474
1748380 472
1748390 469
1748400 469
1748410 470
1748420 468
1748430 468
1748440 467
1748450 465
1748460 463
1748470 463
1748480 461
1748490 460
1748500 460
1748510 459
1748520 455
1748530 455
1748540 452
1748550 449
1748560 449
1748570 446
1748580 444
1748590 444
1748600 443
1748610 442
1748620 442
1748630 440
1748640 438
1748650 438
1748660 436
1748670 435
1748680 433
1748690 433
1748700 431
1748710 429
1748720 429
1748730 425
1748740 423
1748750 423
1748760 421
1748770 418
1748780 418
1748790 417
1748800 415
1748810 415
1748820 413
1748830 411
1748840 411
1748850 410
1748860 409
1748870 409
1748880 408
1748890 407
1748900 407
1748910 407
1748920 407
1748930 404
1748940 404
1748950 404
1748960 403
1748970 403
1748980 402
1748990 401
1749000 401
1749010 401
1749020 400
1749030 400
1749040 400
1749050 399
1749060 399
1749070 398
1749080 395
1749090 395
1749100 396
1749110 397
1749120 397
1749130 398
1749140 399
1749150 400
1749160 400
1749170 400
1749180 401
1749190 401
1749200 402
1749210 403
1749220 403
1749230 404
1749240 408
1749250 408
1749260 412
1749270 417
1749280 417
1749290 420
1749300 424
1749310 424
1749320 426
1749330 431
1749340 431
1749350 434
1749360 434
1749370 434
1749380 434
1749390 436
1749400 436
1749410 436
1749420 436
1749430 433
1749440 433
1749450 429
1749460 426
1749470 426
1749480 423
1749490 421
1749500 421
1749510 419
1749520 416
1749530 416
1749540 412
1749550 408
1749560 408
1749570 406
1749580 405
1749590 401
1749600 401
1749610 400
1749620 399
1749630 399
1749640 398
1749650 398
1749660 398
1749670 396
1749680 397
1749690 397
1749700 398
1749710 399
1749720 399
1749730 400
1749740 401
1749750 401
1749760 402
1749770 404
1749780 404
1749790 405
1749800 405
1749810 405
1749820 406
1749830 408
1749840 410
1749850 410
1749860 411
1749870 413
1749880 413
1749890 415
1749900 416
1749910 416
1749920 417
1749930 418
1749940 418
1749950 420
1749960 423
1749970 423
1749980 426
1749990 432
1750000 432
1750010 435
1750020 436
1750030 436
1750040 438
1750050 439
1750060 440
1750070 440
1750080 440
1750090 441
1750100 441
1750110 443
1750120 443
1750130 443
1750140 442
1750150 441
1750160 441
1750170 439
1750180 437
1750190 437
1750200 433
1750210 430
1750220 430
1750230 429
1750240 428
1750250 428
1750260 428
1750270 428
1750280 428
1750290 429
1750300 429
1750310 431
1750320 431
1750330 432
1750340 432
1750350 432
1750360 433
1750370 435
1750380 435
1750390 440
1750400 443
1750410 443
1750420 451
1750430 454
1750440 454
1750450 457
1750460 459
1750470 459
1750480 461
1750490 461
1750500 461
1750510 463
1750520 465
1750530 467
1750540 467
1750550 469
1750560 470
1750570 470
1750580 470
1750590 469
1750600 469
1750610 469
1750620 468
1750630 468
1750640 465
1750650 463
1750660 463
1750670 463
1750680 462
1750690 462
1750700 461
1750710 460
1750720 460
1750730 459
1750740 459
1750750 458
1750760 458
1750770 458
1750780 457
1750790 457
1750800 457
1750810 457
1750820 457
1750830 456
1750840 455
1750850 455
1750860 452
1750870 450
1750880 450
1750890 447
1750900 445
1750910 445
1750920 438
1750930 435
1750940 435
1750950 429
1750960 425
1750970 425
1750980 424
1750990 422
1751000 420
1751010 420
1751020 418
1751030 416
1751040 416
1751050 415
1751060 415
1751070 415
1751080 415
1751090 415
1751100 415
1751110 415
1751120 415
1751130 415
1751140 414
1751150 413
1751160 413
1751170 412
1751180 410
1751190 410
1751200 410
1751210 409
1751220 408
1751230 408
1751240 407
1751250 406
1751260 406
1751270 405
1751280 404
1751290 404
1751300 402
1751310 401
1751320 401
1751330 399
1751340 398
1751350 398
1751360 396
1751370 395
1751380 395
1751390 394
1751400 392
1751410 392
1751420 392
1751430 391
1751440 391
1751450 391
1751460 391
1751470 391
1751480 391
1751490 392
1751500 392
1751510 392
1751520 392
1751530 392
1751540 392
1751550 392
1751560 392
1751570 392
1751580 392
1751590 391
1751600 391
1751610 391
1751620 390
1751630 390
1751640 390
1751650 390
1751660 390
1751670 390
1751680 389
1751690 389
1751700 389
1751710 389
1751720 389
1751730 389
1751740 388
1751750 387
1751760 387
1751770 386
1751780 385
1751790 385
1751800 385
1751810 386
1751820 386
1751830 386
1751840 386
1751850 386
1751860 386
1751870 386
1751880 386
1751890 386
1751900 386
1751910 385
1751920 385
1751930 385
1751940 385
1751950 385
1751960 385
1751970 384
1751980 384
1751990 384
1752000 384
1752010 384
1752020 384
1752030 383
1752040 383
1752050 382
1752060 381
1752070 381
1752080 380
1752090 378
1752100 378
1752110 377
1752120 375
1752130 374
1752140 374
1752150 373
1752160 372
1752170 372
1752180 372
1752190 372
1752200 372
1752210 373
1752220 374
1752230 374
1752240 375
1752250 375
1752260 375
1752270 375
1752280 375
1752290 375
1752300 375
1752310 375
1752320 375
1752330 375
1752340 376
1752350 376
1752360 377
1752370 378
1752380 379
1752390 379
1752400 380
1752410 381
1752420 381
1752430 382
1752440 383
1752450 383
1752460 385
1752470 386
1752480 386
1752490 388
1752500 389
1752510 389
1752520 390
1752530 392
1752540 392
1752550 393
1752560 393
1752570 393
1752580 394
1752590 394
1752600 395
1752610 395
1752620 396
1752630 397
1752640 397
1752650 396
1752660 397
1752670 397
1752680 397
1752690 397
1752700 397
1752710 398
1752720 399
1752730 399
1752740 401
1752750 404
1752760 404
1752770 404
1752780 405
1752790 405
1752800 405
1752810 406
1752820 406
1752830 406
1752840 406
1752850 406
1752860 406
1752870 405
1752880 406
1752890 406
1752900 409
1752910 412
1752920 412
1752930 416
1752940 417
1752950 417
1752960 411
1752970 412
1752980 412
1752990 417
1753000 416
1753010 416
1753020 415
1753030 412
1753040 412
1753050 410
1753060 408
1753070 407
1753080 407
1753090 402
1753100 401
1753110 401
1753120 399
1753130 398
1753140 398
1753150 397
1753160 395
1753170 395
1753180 395
1753190 394
1753200 394
1753210 394
1753220 393
1753230 393
1753240 392
1753250 390
1753260 390
1753270 389
1753280 388
1753290 388
1753300 388
1753310 388
1753320 387
1753330 387
1753340 386
1753350 386
1753360 386
1753370 385
1753380 384
1753390 384
1753400 383
1753410 383
1753420 383
1753430 383
1753440 382
1753450 382
1753460 381
1753470 380
1753480 380
1753490 379
1753500 378
1753510 378
1753520 378
1753530 377
1753540 376
1753550 376
1753560 375
1753570 375
1753580 375
1753590 373
1753600 376
1753610 376
1753620 377
1753630 378
1753640 378
1753650 378
1753660 379
1753670 379
1753680 380
1753690 382
1753700 382
1753710 385
1753720 388
1753730 388
1753740 389
1753750 390
1753760 391
1753770 391
1753780 392
1753790 393
1753800 393
1753810 395
1753820 396
1753830 396
1753840 397
1753850 397
1753860 397
1753870 399
1753880 400
1753890 400
1753900 402
1753910 406
1753920 406
1753930 407
1753940 408
1753950 408
1753960 409
1753970 408
1753980 408
1753990 408
1754000 407
1754010 407
1754020 407
1754030 407
1754040 406
1754050 406
1754060 406
1754070 406
1754080 406
1754090 406
1754100 405
1754110 405
1754120 405
1754130 405
1754140 405
1754150 405
1754160 404
1754170 404
1754180 405
1754190 407
1754200 407
1754210 407
1754220 408
1754230 408
1754240 408
1754250 407
1754260 408
1754270 408
1754280 406
1754290 406
1754300 406
1754310 406
1754320 405
1754330 405
1754340 404
1754350 403
1754360 403
1754370 403
1754380 402
1754390 402
1754400 402
1754410 402
1754420 402
1754430 401
1754440 401
1754450 401
1754460 401
1754470 401
1754480 402
1754490 402
1754500 402
1754510 402
1754520 402
1754530 403
1754540 404
1754550 404
1754560 405
1754570 407
1754580 407
1754590 407
1754600 407
1754610 407
1754620 408
1754630 408
1754640 408
1754650 408
1754660 409
1754670 409
1754680 409
1754690 409
1754700 408
1754710 408
1754720 408
1754730 406
1754740 406
1754750 406
1754760 406
1754770 406
1754780 407
1754790 407
1754800 407
1754810 407
1754820 408
1754830 408
1754840 407
1754850 408
1754860 408
1754870 408
1754880 407
1754890 407
1754900 407
1754910 406
1754920 405
1754930 405
1754940 403
1754950 402
1754960 402
1754970 400
1754980 399
1754990 399
1755000 398
1755010 397
1755020 397
1755030 395
1755040 394
1755050 394
1755060 394
1755070 394
1755080 394
1755090 394
1755100 393
1755110 393
1755120 392
1755130 391
1755140 390
1755150 390
1755160 389
1755170 389
1755180 389
1755190 388
1755200 387
1755210 387
1755220 386
1755230 385
1755240 385
1755250 385
1755260 383
1755270 383
1755280 382
1755290 381
1755300 381
1755310 380
1755320 379
1755330 379
1755340 378
1755350 377
1755360 377
1755370 377
1755380 376
1755390 374
1755400 374
1755410 373
1755420 372
1755430 372
1755440 370
1755450 369
1755460 369
1755470 368
1755480 367
1755490 367
1755500 366
1755510 365
1755520 365
1755530 365
1755540 365
1755550 365
1755560 364
1755570 363
1755580 363
1755590 362
1755600 361
1755610 361
1755620 361
1755630 358
1755640 357
1755650 357
1755660 356
1755670 355
1755680 356
1755690 355
1755700 354
1755710 354
1755720 353
1755730 352
1755740 352
1755750 351
1755760 350
1755770 350
1755780 349
1755790 349
1755800 349
1755810 348
1755820 348
1755830 347
1755840 347
1755850 346
1755860 346
1755870 346
1755880 345
1755890 345
1755900 345
1755910 345
1755920 344
1755930 344
1755940 344
1755950 341
1755960 341
1755970 339
1755980 340
1755990 340
1756000 342
1756010 343
1756020 343
1756030 341
1756040 339
1756050 339
1756060 339
1756070 341
1756080 343
1756090 343
1756100 342
1756110 341
1756120 341
1756130 340
1756140 340
1756150 340
1756160 339
1756170 339
1756180 339
1756190 339
1756200 338
1756210 338
1756220 338
1756230 338
1756240 338
1756250 337
1756260 337
1756270 337
1756280 337
1756290 337
1756300 337
1756310 337
1756320 337
1756330 337
1756340 337
1756350 336
1756360 336
1756370 336
1756380 336
1756390 336
1756400 336
1756410 336
1756420 336
1756430 336
1756440 335
1756450 335
1756460 335
1756470 335
1756480 334
1756490 334
1756500 334
1756510 334
1756520 334
1756530 334
1756540 333
1756550 333
1756560 333
1756570 333
1756580 333
1756590 333
1756600 332
1756610 331
1756620 331
1756630 331
1756640 331
1756650 331
1756660 331
1756670 331
1756680 331
1756690 331
1756700 331
1756710 331
1756720 331
1756730 331
1756740 331
1756750 331
1756760 330
1756770 330
1756780 330
1756790 331
1756800 331
1756810 331
1756820 331
1756830 331
1756840 331
1756850 331
1756860 331
1756870 331
1756880 330
1756890 330
1756900 330
1756910 330
1756920 330
1756930 330
1756940 330
1756950 330
1756960 330
1756970 330
1756980 330
1756990 330
1757000 330
1757010 330
1757020 330
1757030 330
1757040 330
1757050 330
1757060 330
1757070 331
1757080 331
1757090 331
1757100 331
1757110 331
1757120 331
1757130 331
1757140 331
1757150 331
1757160 331
1757170 331
1757180 331
1757190 332
1757200 332
1757210 332
1757220 332
1757230 332
1757240 332
1757250 332
1757260 332
1757270 332
1757280 332
1757290 332
1757300 332
1757310 332
1757320 332
1757330 332
1757340 332
1757350 332
1757360 333
1757370 333
1757380 333
1757390 334
1757400 334
1757410 334
1757420 335
1757430 335
1757440 336
1757450 337
1757460 339
1757470 339
1757480 342
1757490 344
1757500 344
1757510 346
1757520 349
1757530 349
1757540 352
1757550 353
1757560 353
1757570 355
1757580 359
1757590 359
1757600 360
1757610 362
1757620 362
1757630 363
1757640 365
1757650 365
1757660 365
1757670 363
1757680 362
1757690 362
1757700 360
1757710 359
1757720 359
1757730 358
1757740 356
1757750 356
1757760 357
1757770 356
1757780 356
1757790 355
1757800 353
1757810 353
1757820 352
1757830 350
1757840 350
1757850 349
1757860 347
1757870 347
1757880 347
1757890 347
1757900 347
1757910 345
1757920 346
1757930 346
1757940 346
1757950 345
1757960 345
1757970 345
1757980 344
1757990 344
1758000 344
1758010 343
1758020 343
1758030 343
1758040 343
1758050 343
1758060 343
1758070 342
1758080 346
1758090 346
1758100 348
1758110 350
1758120 350
1758130 352
1758140 354
1758150 355
1758160 355
1758170 357
1758180 358
1758190 358
1758200 360
1758210 363
1758220 363
1758230 369
1758240 373
1758250 373
1758260 375
1758270 375
1758280 375
1758290 375
1758300 376
1758310 376
1758320 377
1758330 379
1758340 379
1758350 380
1758360 382
1758370 383
1758380 383
1758390 385
1758400 386
1758410 386
1758420 386
1758430 387
1758440 387
1758450 387
1758460 387
1758470 387
1758480 386
1758490 386
1758500 386
1758510 385
1758520 384
1758530 384
1758540 384
1758550 383
1758560 383
1758570 383
1758580 382
1758590 382
1758600 381
1758610 381
1758620 378
1758630 378
1758640 377
1758650 375
1758660 375
1758670 374
1758680 372
1758690 372
1758700 370
1758710 369
1758720 369
1758730 367
1758740 365
1758750 365
1758760 364
1758770 364
1758780 364
1758790 364
1758800 365
1758810 365
1758820 366
1758830 367
1758840 367
1758850 367
1758860 369
1758870 370
1758880 370
1758890 372
1758900 374
1758910 374
1758920 376
1758930 377
1758940 377
1758950 379
1758960 381
1758970 381
1758980 383
1758990 385
1759000 385
1759010 387
1759020 388
1759030 388
1759040 389
1759050 390
1759060 390
1759070 390
1759080 390
1759090 388
1759100 388
1759110 388
1759120 387
1759130 387
1759140 386
1759150 385
1759160 385
1759170 384
1759180 383
1759190 383
1759200 382
1759210 381
1759220 381
1759230 380
1759240 380
1759250 380
1759260 380
1759270 380
1759280 380
1759290 381
1759300 381
1759310 381
1759320 381
1759330 382
1759340 384
1759350 384
1759360 386
1759370 387
1759380 387
1759390 388
1759400 389
1759410 389
1759420 390
1759430 390
1759440 390
1759450 391
1759460 393
1759470 393
1759480 395
1759490 396
1759500 396
1759510 397
1759520 400
1759530 400
1759540 400
1759550 401
1759560 402
1759570 402
1759580 403
1759590 404
1759600 404
1759610 405
1759620 407
1759630 407
1759640 407
1759650 408
1759660 408
1759670 408
1759680 410
1759690 410
1759700 410
1759710 411
1759720 411
1759730 411
1759740 412
1759750 411
1759760 411
1759770 410
1759780 410
1759790 410
1759800 409
1759810 408
1759820 408
1759830 407
1759840 407
1759850 407
1759860 406
1759870 405
1759880 405
1759890 404
1759900 403
1759910 403
1759920 402
1759930 400
1759940 400
1759950 398
1759960 395
1759970 395
1759980 393
1759990 392
