1740000 395
1740010 395
1740020 395
1740030 395
1740040 395
1740050 395
1740060 395
1740070 395
1740080 395
1740090 395
1740100 395
1740110 395
1740120 395
1740130 395
1740140 395
1740150 395
1740160 395
1740170 395
1740180 395
1740190 395
1740200 395
1740210 395
1740220 395
1740230 394
1740240 394
1740250 394
1740260 394
1740270 394
1740280 394
1740290 395
1740300 395
1740310 395
1740320 395
1740330 395
1740340 395
1740350 394
1740360 394
1740370 394
1740380 394
1740390 394
1740400 394
1740410 394
1740420 394
1740430 394
1740440 394
1740450 394
1740460 394
1740470 394
1740480 394
1740490 394
1740500 394
1740510 394
1740520 394
1740530 394
1740540 394
1740550 394
1740560 394
1740570 394
1740580 394
1740590 394
1740600 394
1740610 394
1740620 394
1740630 394
1740640 394
1740650 394
1740660 394
1740670 394
1740680 394
1740690 394
1740700 394
1740710 394
1740720 394
1740730 394
1740740 394
1740750 394
1740760 394
1740770 394
1740780 394
1740790 394
1740800 394
1740810 394
1740820 394
1740830 394
1740840 394
1740850 394
1740860 394
1740870 395
1740880 395
1740890 395
1740900 395
1740910 395
1740920 395
1740930 396
1740940 396
1740950 396
1740960 396
1740970 396
1740980 396
1740990 396
1741000 396
1741010 396
1741020 397
1741030 397
1741040 397
1741050 397
1741060 397
1741070 397
1741080 397
1741090 398
1741100 398
1741110 398
1741120 398
1741130 398
1741140 398
1741150 398
1741160 398
1741170 398
1741180 397
1741190 397
1741200 398
1741210 399
1741220 399
1741230 400
1741240 400
1741250 400
1741260 400
1741270 400
1741280 400
1741290 400
1741300 400
1741310 400
1741320 400
1741330 403
1741340 405
1741350 405
1741360 406
1741370 407
1741380 407
1741390 407
1741400 408
1741410 408
1741420 408
1741430 408
1741440 408
1741450 408
1741460 408
1741470 408
1741480 408
1741490 408
1741500 408
1741510 408
1741520 408
1741530 408
1741540 408
1741550 408
1741560 408
1741570 408
1741580 408
1741590 408
1741600 408
1741610 409
1741620 409
1741630 409
1741640 409
1741650 409
1741660 409
1741670 409
1741680 409
1741690 409
1741700 409
1741710 409
1741720 409
1741730 409
1741740 409
1741750 409
1741760 410
1741770 410
1741780 410
1741790 410
1741800 411
1741810 411
1741820 411
1741830 412
1741840 412
1741850 412
1741860 414
1741870 414
1741880 414
1741890 414
1741900 415
1741910 415
1741920 415
1741930 415
1741940 415
1741950 416
1741960 416
1741970 416
1741980 416
1741990 417
1742000 417
1742010 417
1742020 417
1742030 418
1742040 418
1742050 417
1742060 417
1742070 417
1742080 416
1742090 415
1742100 415
1742110 415
1742120 415
1742130 415
1742140 415
1742150 415
1742160 415
1742170 414
1742180 413
1742190 413
1742200 412
1742210 411
1742220 411
1742230 411
1742240 410
1742250 409
1742260 409
1742270 409
1742280 410
1742290 410
1742300 410
1742310 411
1742320 411
1742330 411
1742340 412
1742350 412
1742360 413
1742370 416
1742380 416
1742390 417
1742400 418
1742410 418
1742420 419
1742430 421
1742440 421
1742450 425
1742460 427
1742470 428
1742480 428
1742490 431
1742500 434
1742510 434
1742520 434
1742530 435
1742540 435
1742550 439
1742560 440
1742570 440
1742580 442
1742590 443
1742600 443
1742610 444
1742620 445
1742630 445
1742640 446
1742650 447
1742660 447
1742670 449
1742680 450
1742690 450
1742700 451
1742710 452
1742720 452
1742730 452
1742740 453
1742750 454
1742760 454
1742770 455
1742780 456
1742790 456
1742800 457
1742810 458
1742820 458
1742830 458
1742840 459
1742850 459
1742860 459
1742870 460
1742880 460
1742890 460
1742900 460
1742910 460
1742920 460
1742930 460
1742940 459
1742950 459
1742960 455
1742970 449
1742980 449
1742990 444
1743000 439
1743010 439
1743020 433
1743030 433
1743040 433
1743050 432
1743060 432
1743070 432
1743080 431
1743090 430
1743100 430
1743110 428
1743120 426
1743130 426
1743140 424
1743150 422
1743160 422
1743170 421
1743180 419
1743190 418
1743200 418
1743210 416
1743220 415
1743230 415
1743240 413
1743250 411
1743260 411
1743270 409
1743280 407
1743290 407
1743300 406
1743310 404
1743320 404
1743330 403
1743340 401
1743350 401
1743360 400
1743370 400
1743380 400
1743390 398
1743400 397
1743410 396
1743420 396
1743430 396
1743440 395
1743450 395
1743460 395
1743470 394
1743480 394
1743490 394
1743500 394
1743510 394
1743520 394
1743530 393
1743540 393
1743550 393
1743560 392
1743570 392
1743580 392
1743590 392
1743600 392
1743610 392
1743620 392
1743630 392
1743640 392
1743650 392
1743660 392
1743670 392
1743680 392
1743690 392
1743700 392
1743710 392
1743720 392
1743730 392
1743740 392
1743750 392
1743760 392
1743770 392
1743780 392
1743790 392
1743800 392
1743810 392
1743820 392
1743830 392
1743840 392
1743850 392
1743860 392
1743870 392
1743880 393
1743890 393
1743900 392
1743910 393
1743920 393
1743930 393
1743940 392
1743950 392
1743960 391
1743970 393
1743980 393
1743990 393
1744000 393
1744010 393
1744020 393
1744030 393
1744040 393
1744050 393
1744060 393
1744070 393
1744080 393
1744090 393
1744100 393
1744110 393
1744120 393
1744130 393
1744140 393
1744150 393
1744160 393
1744170 393
1744180 393
1744190 393
1744200 393
1744210 394
1744220 393
1744230 393
1744240 394
1744250 394
1744260 394
1744270 394
1744280 395
1744290 395
1744300 395
1744310 395
1744320 395
1744330 396
1744340 397
1744350 398
1744360 398
1744370 398
1744380 398
1744390 398
1744400 398
1744410 399
1744420 399
1744430 399
1744440 399
1744450 399
1744460 399
1744470 400
1744480 400
1744490 400
1744500 400
1744510 400
1744520 400
1744530 401
1744540 401
1744550 401
1744560 402
1744570 402
1744580 402
1744590 403
1744600 403
1744610 403
1744620 403
1744630 403
1744640 403
1744650 404
1744660 404
1744670 404
1744680 405
1744690 405
1744700 405
1744710 406
1744720 406
1744730 406
1744740 406
1744750 407
1744760 407
1744770 407
1744780 407
1744790 407
1744800 408
1744810 409
1744820 410
1744830 410
1744840 410
1744850 410
1744860 410
1744870 411
1744880 411
1744890 411
1744900 411
1744910 412
1744920 412
1744930 412
1744940 412
1744950 412
1744960 413
1744970 413
1744980 413
1744990 414
1745000 416
1745010 416
1745020 416
1745030 416
1745040 416
1745050 417
1745060 418
1745070 418
1745080 418
1745090 419
1745100 419
1745110 419
1745120 419
1745130 419
1745140 419
1745150 419
1745160 419
1745170 419
1745180 419
1745190 419
1745200 419
1745210 419
1745220 419
1745230 419
1745240 419
1745250 419
1745260 419
1745270 419
1745280 419
1745290 420
1745300 420
1745310 419
1745320 420
1745330 420
1745340 419
1745350 418
1745360 418
1745370 415
1745380 412
1745390 412
1745400 410
1745410 410
1745420 410
1745430 411
1745440 411
1745450 411
1745460 413
1745470 415
1745480 415
1745490 415
1745500 416
1745510 416
1745520 417
1745530 420
1745540 421
1745550 421
1745560 421
1745570 420
1745580 420
1745590 419
1745600 418
1745610 418
1745620 419
1745630 420
1745640 420
1745650 424
1745660 425
1745670 425
1745680 426
1745690 427
1745700 427
1745710 427
1745720 428
1745730 428
1745740 430
1745750 430
1745760 431
1745770 431
1745780 431
1745790 433
1745800 433
1745810 436
1745820 438
1745830 438
1745840 439
1745850 441
1745860 441
1745870 443
1745880 444
1745890 444
1745900 445
1745910 447
1745920 447
1745930 448
1745940 449
1745950 449
1745960 451
1745970 452
1745980 452
1745990 456
1746000 459
1746010 461
1746020 461
1746030 462
1746040 464
1746050 464
1746060 466
1746070 468
1746080 468
1746090 469
1746100 471
1746110 471
1746120 472
1746130 473
1746140 473
1746150 474
1746160 474
1746170 474
1746180 475
1746190 475
1746200 475
1746210 476
1746220 476
1746230 476
1746240 476
1746250 477
1746260 477
1746270 477
1746280 478
1746290 479
1746300 479
1746310 479
1746320 480
1746330 480
1746340 481
1746350 482
1746360 482
1746370 482
1746380 483
1746390 483
1746400 483
1746410 483
1746420 483
1746430 484
1746440 484
1746450 484
1746460 484
1746470 485
1746480 486
1746490 486
1746500 486
1746510 486
1746520 486
1746530 486
1746540 486
1746550 486
1746560 486
1746570 485
1746580 485
1746590 485
1746600 485
1746610 485
1746620 485
1746630 484
1746640 484
1746650 484
1746660 483
1746670 483
1746680 483
1746690 482
1746700 482
1746710 481
1746720 480
1746730 480
1746740 480
1746750 479
1746760 477
1746770 477
1746780 476
1746790 475
1746800 475
1746810 472
1746820 470
1746830 470
1746840 468
1746850 467
1746860 467
1746870 466
1746880 464
1746890 464
1746900 462
1746910 460
1746920 460
1746930 457
1746940 454
1746950 452
1746960 452
1746970 451
1746980 451
1746990 451
1747000 450
1747010 448
1747020 448
1747030 446
1747040 445
1747050 445
1747060 446
1747070 447
1747080 447
1747090 449
1747100 450
1747110 450
1747120 451
1747130 452
1747140 452
1747150 453
1747160 454
1747170 454
1747180 456
1747190 457
1747200 458
1747210 458
1747220 459
1747230 460
1747240 460
1747250 462
1747260 463
1747270 463
1747280 465
1747290 467
1747300 467
1747310 468
1747320 467
1747330 467
1747340 467
1747350 468
1747360 468
1747370 468
1747380 466
1747390 466
1747400 472
1747410 473
1747420 477
1747430 477
1747440 478
1747450 480
1747460 480
1747470 481
1747480 482
1747490 482
1747500 484
1747510 485
1747520 485
1747530 485
1747540 486
1747550 486
1747560 487
1747570 488
1747580 488
1747590 490
1747600 491
1747610 491
1747620 492
1747630 494
1747640 494
1747650 495
1747660 496
1747670 496
1747680 496
1747690 497
1747700 497
1747710 497
1747720 496
1747730 493
1747740 493
1747750 491
1747760 488
1747770 488
1747780 486
1747790 483
1747800 483
1747810 481
1747820 478
1747830 478
1747840 475
1747850 473
1747860 473
1747870 471
1747880 469
1747890 467
1747900 467
1747910 465
1747920 463
1747930 463
1747940 461
1747950 460
1747960 460
1747970 458
1747980 455
1747990 455
1748000 452
1748010 449
1748020 449
1748030 444
1748040 439
1748050 439
1748060 436
1748070 435
1748080 435
1748090 433
1748100 432
1748110 432
1748120 431
1748130 431
1748140 430
1748150 430
1748160 430
1748170 430
1748180 430
1748190 429
1748200 429
1748210 429
1748220 428
1748230 427
1748240 427
1748250 426
1748260 425
1748270 425
1748280 425
1748290 420
1748300 420
1748310 413
1748320 407
1748330 407
1748340 403
1748350 400
1748360 399
1748370 399
1748380 399
1748390 398
1748400 398
1748410 398
1748420 397
1748430 397
1748440 397
1748450 397
1748460 397
1748470 398
1748480 400
1748490 400
1748500 399
1748510 397
1748520 397
1748530 397
1748540 396
1748550 396
1748560 395
1748570 395
1748580 395
1748590 394
1748600 394
1748610 393
1748620 393
1748630 393
1748640 392
1748650 392
1748660 392
1748670 392
1748680 392
1748690 392
1748700 391
1748710 391
1748720 391
1748730 391
1748740 391
1748750 391
1748760 390
1748770 390
1748780 390
1748790 389
1748800 389
1748810 389
1748820 389
1748830 389
1748840 389
1748850 389
1748860 388
1748870 388
1748880 388
1748890 387
1748900 387
1748910 386
1748920 385
1748930 385
1748940 385
1748950 384
1748960 384
1748970 383
1748980 382
1748990 382
1749000 382
1749010 381
1749020 381
1749030 380
1749040 380
1749050 380
1749060 380
1749070 380
1749080 380
1749090 380
1749100 380
1749110 380
1749120 380
1749130 380
1749140 379
1749150 379
1749160 380
1749170 380
1749180 380
1749190 380
1749200 380
1749210 380
1749220 380
1749230 381
1749240 381
1749250 382
1749260 383
1749270 383
1749280 385
1749290 387
1749300 388
1749310 388
1749320 389
1749330 391
1749340 391
1749350 392
1749360 393
1749370 393
1749380 395
1749390 395
1749400 395
1749410 396
1749420 396
1749430 396
1749440 396
1749450 398
1749460 398
1749470 399
1749480 397
1749490 397
1749500 395
1749510 394
1749520 394
1749530 393
1749540 392
1749550 391
1749560 391
1749570 390
1749580 389
1749590 389
1749600 388
1749610 387
1749620 387
1749630 385
1749640 385
1749650 385
1749660 386
1749670 387
1749680 387
1749690 389
1749700 390
1749710 390
1749720 392
1749730 393
1749740 393
1749750 394
1749760 396
1749770 398
1749780 398
1749790 400
1749800 402
1749810 402
1749820 404
1749830 406
1749840 406
1749850 408
1749860 410
1749870 410
1749880 412
1749890 415
1749900 415
1749910 417
1749920 419
1749930 419
1749940 421
1749950 422
1749960 422
1749970 421
1749980 421
1749990 421
1750000 421
1750010 421
1750020 422
1750030 422
1750040 422
1750050 422
1750060 422
1750070 422
1750080 422
1750090 422
1750100 422
1750110 421
1750120 421
1750130 421
1750140 419
1750150 419
1750160 419
1750170 417
1750180 417
1750190 416
1750200 416
1750210 416
1750220 415
1750230 413
1750240 412
1750250 412
1750260 411
1750270 410
1750280 410
1750290 408
1750300 407
1750310 407
1750320 406
1750330 405
1750340 405
1750350 403
1750360 402
1750370 402
1750380 401
1750390 399
1750400 399
1750410 397
1750420 396
1750430 396
1750440 395
1750450 393
1750460 393
1750470 392
1750480 390
1750490 387
1750500 387
1750510 385
1750520 382
1750530 382
1750540 379
1750550 378
1750560 378
1750570 378
1750580 377
1750590 377
1750600 377
1750610 377
1750620 377
1750630 377
1750640 377
1750650 377
1750660 377
1750670 376
1750680 376
1750690 375
1750700 373
1750710 373
1750720 373
1750730 372
1750740 372
1750750 372
1750760 372
1750770 372
1750780 372
1750790 371
1750800 371
1750810 371
1750820 370
1750830 370
1750840 370
1750850 370
1750860 369
1750870 369
1750880 368
1750890 368
1750900 368
1750910 368
1750920 368
1750930 368
1750940 367
1750950 367
1750960 367
1750970 367
1750980 367
1750990 366
1751000 366
1751010 366
1751020 365
1751030 365
1751040 365
1751050 364
1751060 364
1751070 364
1751080 363
1751090 363
1751100 363
1751110 363
1751120 363
1751130 363
1751140 363
1751150 363
1751160 362
1751170 361
1751180 361
1751190 361
1751200 360
1751210 360
1751220 360
1751230 360
1751240 359
1751250 359
1751260 359
1751270 359
1751280 359
1751290 359
1751300 358
1751310 358
1751320 358
1751330 358
1751340 358
1751350 358
1751360 357
1751370 357
1751380 357
1751390 357
1751400 357
1751410 357
1751420 356
1751430 356
1751440 356
1751450 356
1751460 355
1751470 355
1751480 355
1751490 354
1751500 354
1751510 354
1751520 354
1751530 354
1751540 354
1751550 354
1751560 354
1751570 354
1751580 354
1751590 354
1751600 354
1751610 354
1751620 354
1751630 354
1751640 354
1751650 354
1751660 354
1751670 354
1751680 353
1751690 353
1751700 353
1751710 352
1751720 352
1751730 352
1751740 352
1751750 352
1751760 351
1751770 350
1751780 350
1751790 350
1751800 350
1751810 350
1751820 350
1751830 350
1751840 350
1751850 348
1751860 349
1751870 349
1751880 349
1751890 348
1751900 349
1751910 349
1751920 349
1751930 347
1751940 347
1751950 348
1751960 349
1751970 349
1751980 349
1751990 349
1752000 349
1752010 350
1752020 349
1752030 349
1752040 349
1752050 349
1752060 349
1752070 349
1752080 349
1752090 349
1752100 349
1752110 349
1752120 349
1752130 349
1752140 349
1752150 349
1752160 349
1752170 349
1752180 349
1752190 349
1752200 349
1752210 349
1752220 349
1752230 349
1752240 349
1752250 349
1752260 349
1752270 349
1752280 349
1752290 349
1752300 349
1752310 349
1752320 349
1752330 349
1752340 349
1752350 349
1752360 349
1752370 349
1752380 349
1752390 349
1752400 349
1752410 349
1752420 349
1752430 349
1752440 349
1752450 349
1752460 349
1752470 349
1752480 349
1752490 349
1752500 349
1752510 349
1752520 349
1752530 349
1752540 348
1752550 349
1752560 349
1752570 349
1752580 349
1752590 349
1752600 349
1752610 349
1752620 349
1752630 349
1752640 349
1752650 349
1752660 349
1752670 349
1752680 349
1752690 349
1752700 349
1752710 349
1752720 349
1752730 349
1752740 349
1752750 349
1752760 349
1752770 349
1752780 349
1752790 350
1752800 350
1752810 350
1752820 350
1752830 350
1752840 350
1752850 350
1752860 351
1752870 351
1752880 351
1752890 352
1752900 353
1752910 353
1752920 353
1752930 353
1752940 353
1752950 353
1752960 354
1752970 354
1752980 355
1752990 355
1753000 355
1753010 355
1753020 356
1753030 356
1753040 358
1753050 359
1753060 359
1753070 360
1753080 360
1753090 361
1753100 361
1753110 362
1753120 364
1753130 364
1753140 365
1753150 367
1753160 367
1753170 368
1753180 370
1753190 370
1753200 371
1753210 371
1753220 371
1753230 371
1753240 369
1753250 369
1753260 367
1753270 365
1753280 365
1753290 363
1753300 362
1753310 361
1753320 361
1753330 360
1753340 359
1753350 359
1753360 358
1753370 357
1753380 357
1753390 356
1753400 355
1753410 355
1753420 354
1753430 353
1753440 353
1753450 352
1753460 351
1753470 351
1753480 350
1753490 349
1753500 349
1753510 348
1753520 347
1753530 347
1753540 348
1753550 347
1753560 347
1753570 347
1753580 347
1753590 348
1753600 348
1753610 348
1753620 349
1753630 349
1753640 350
1753650 352
1753660 352
1753670 354
1753680 356
1753690 356
1753700 360
1753710 364
1753720 364
1753730 367
1753740 368
1753750 368
1753760 371
1753770 373
1753780 375
1753790 375
1753800 378
1753810 381
1753820 381
1753830 383
1753840 384
1753850 384
1753860 385
1753870 383
1753880 383
1753890 388
1753900 393
1753910 393
1753920 394
1753930 396
1753940 396
1753950 398
1753960 400
1753970 400
1753980 403
1753990 405
1754000 405
1754010 408
1754020 410
1754030 413
1754040 413
1754050 416
1754060 419
1754070 419
1754080 422
1754090 422
1754100 422
1754110 421
1754120 419
1754130 419
1754140 415
1754150 413
1754160 413
1754170 410
1754180 407
1754190 407
1754200 403
1754210 401
1754220 401
1754230 401
1754240 400
1754250 399
1754260 399
1754270 397
1754280 396
1754290 396
1754300 394
1754310 391
1754320 391
1754330 390
1754340 390
1754350 390
1754360 389
1754370 388
1754380 388
1754390 387
1754400 386
1754410 386
1754420 386
1754430 385
1754440 385
1754450 384
1754460 383
1754470 383
1754480 382
1754490 380
1754500 378
1754510 378
1754520 376
1754530 375
1754540 375
1754550 374
1754560 373
1754570 373
1754580 373
1754590 374
1754600 374
1754610 375
1754620 376
1754630 376
1754640 375
1754650 374
1754660 374
1754670 374
1754680 374
1754690 374
1754700 375
1754710 374
1754720 374
1754730 374
1754740 372
1754750 371
1754760 371
1754770 370
1754780 368
1754790 368
1754800 366
1754810 364
1754820 364
1754830 360
1754840 356
1754850 356
1754860 353
1754870 352
1754880 352
1754890 350
1754900 350
1754910 350
1754920 349
1754930 349
1754940 349
1754950 349
1754960 348
1754970 349
1754980 349
1754990 350
1755000 350
1755010 350
1755020 351
1755030 351
1755040 351
1755050 353
1755060 355
1755070 355
1755080 358
1755090 361
1755100 361
1755110 363
1755120 364
1755130 364
1755140 365
1755150 366
1755160 366
1755170 367
1755180 368
1755190 369
1755200 369
1755210 370
1755220 370
1755230 370
1755240 371
1755250 370
1755260 370
1755270 371
1755280 371
1755290 371
1755300 373
1755310 372
1755320 372
1755330 372
1755340 373
1755350 373
1755360 371
1755370 369
1755380 369
1755390 371
1755400 370
1755410 370
1755420 369
1755430 369
1755440 368
1755450 368
1755460 369
1755470 371
1755480 371
1755490 373
1755500 374
1755510 374
1755520 376
1755530 377
1755540 377
1755550 380
1755560 381
1755570 381
1755580 384
1755590 386
1755600 386
1755610 388
1755620 389
1755630 389
1755640 389
1755650 391
1755660 390
1755670 390
1755680 390
1755690 391
1755700 391
1755710 392
1755720 394
1755730 394
1755740 395
1755750 395
1755760 395
1755770 396
1755780 397
1755790 397
1755800 398
1755810 398
1755820 398
1755830 399
1755840 400
1755850 400
1755860 400
1755870 400
1755880 400
1755890 401
1755900 401
1755910 401
1755920 401
1755930 401
1755940 400
1755950 400
1755960 400
1755970 400
1755980 400
1755990 400
1756000 399
1756010 399
1756020 399
1756030 399
1756040 399
1756050 399
1756060 399
1756070 399
1756080 398
1756090 398
1756100 398
1756110 397
1756120 397
1756130 397
1756140 397
1756150 396
1756160 396
1756170 396
1756180 395
1756190 395
1756200 395
1756210 395
1756220 395
1756230 395
1756240 395
1756250 395
1756260 395
1756270 395
1756280 395
1756290 395
1756300 394
1756310 394
1756320 394
1756330 393
1756340 391
1756350 391
1756360 391
1756370 390
1756380 389
1756390 389
1756400 388
1756410 387
1756420 387
1756430 385
1756440 384
1756450 384
1756460 382
1756470 381
1756480 381
1756490 381
1756500 380
1756510 380
1756520 380
1756530 380
1756540 380
1756550 380
1756560 380
1756570 380
1756580 380
1756590 380
1756600 380
1756610 380
1756620 381
1756630 381
1756640 381
1756650 382
1756660 384
1756670 384
1756680 385
1756690 386
1756700 386
1756710 386
1756720 387
1756730 387
1756740 388
1756750 389
1756760 389
1756770 390
1756780 392
1756790 392
1756800 394
1756810 395
1756820 395
1756830 396
1756840 397
1756850 399
1756860 399
1756870 400
1756880 401
1756890 401
1756900 402
1756910 403
1756920 403
1756930 403
1756940 402
1756950 402
1756960 401
1756970 400
1756980 400
1756990 402
1757000 401
1757010 401
1757020 401
1757030 400
1757040 400
1757050 400
1757060 404
1757070 406
1757080 406
1757090 407
1757100 409
1757110 409
1757120 410
1757130 410
1757140 410
1757150 408
1757160 406
1757170 406
1757180 403
1757190 399
1757200 399
1757210 397
1757220 396
1757230 396
1757240 394
1757250 392
1757260 392
1757270 388
1757280 387
1757290 387
1757300 387
1757310 384
1757320 384
1757330 384
1757340 382
1757350 380
1757360 380
1757370 378
1757380 377
1757390 377
1757400 376
1757410 376
1757420 376
1757430 375
1757440 374
1757450 374
1757460 373
1757470 373
1757480 373
1757490 372
1757500 372
1757510 372
1757520 371
1757530 371
1757540 370
1757550 370
1757560 370
1757570 368
1757580 368
1757590 368
1757600 368
1757610 368
1757620 368
1757630 368
1757640 368
1757650 368
1757660 367
1757670 367
1757680 367
1757690 367
1757700 367
1757710 367
1757720 367
1757730 367
1757740 367
1757750 366
1757760 366
1757770 367
1757780 367
1757790 367
1757800 367
1757810 367
1757820 368
1757830 368
1757840 367
1757850 370
1757860 370
1757870 372
1757880 373
1757890 373
1757900 373
1757910 374
1757920 374
1757930 376
1757940 376
1757950 376
1757960 377
1757970 378
1757980 378
1757990 379
1758000 381
1758010 382
1758020 382
1758030 383
1758040 384
1758050 384
1758060 385
1758070 386
1758080 386
1758090 387
1758100 388
1758110 388
1758120 389
1758130 390
1758140 390
1758150 390
1758160 391
1758170 391
1758180 391
1758190 392
1758200 392
1758210 393
1758220 394
1758230 394
1758240 394
1758250 395
1758260 395
1758270 395
1758280 396
1758290 397
1758300 397
1758310 398
1758320 398
1758330 398
1758340 398
1758350 397
1758360 397
1758370 397
1758380 397
1758390 397
1758400 396
1758410 394
1758420 394
1758430 393
1758440 391
1758450 391
1758460 390
1758470 389
1758480 388
1758490 388
1758500 386
1758510 385
1758520 385
1758530 383
1758540 381
1758550 381
1758560 382
1758570 379
1758580 379
1758590 377
1758600 376
1758610 376
1758620 376
1758630 377
1758640 377
1758650 380
1758660 380
1758670 380
1758680 382
1758690 384
1758700 384
1758710 385
1758720 386
1758730 386
1758740 386
1758750 386
1758760 387
1758770 387
1758780 388
1758790 390
1758800 390
1758810 391
1758820 392
1758830 392
1758840 393
1758850 394
1758860 394
1758870 395
1758880 395
1758890 395
1758900 396
1758910 397
1758920 397
1758930 398
1758940 399
1758950 399
1758960 399
1758970 400
1758980 400
1758990 400
1759000 400
1759010 401
1759020 401
1759030 402
1759040 403
1759050 403
1759060 405
1759070 406
1759080 406
1759090 408
1759100 409
1759110 409
1759120 411
1759130 413
1759140 413
1759150 411
1759160 411
1759170 411
1759180 410
1759190 410
1759200 409
1759210 409
1759220 408
1759230 406
1759240 406
1759250 405
1759260 403
1759270 403
1759280 402
1759290 400
1759300 400
1759310 397
1759320 396
1759330 396
1759340 395
1759350 395
1759360 395
1759370 395
1759380 395
1759390 395
1759400 394
1759410 395
1759420 395
1759430 396
1759440 396
1759450 396
1759460 396
1759470 396
1759480 396
1759490 396
1759500 396
1759510 397
1759520 397
1759530 398
1759540 398
1759550 398
1759560 397
1759570 396
1759580 396
1759590 395
1759600 394
1759610 394
1759620 393
1759630 393
1759640 393
1759650 392
1759660 392
1759670 392
1759680 392
1759690 391
1759700 390
1759710 390
1759720 389
1759730 388
1759740 388
1759750 387
1759760 386
1759770 386
1759780 385
1759790 384
1759800 384
1759810 383
1759820 382
1759830 382
1759840 381
1759850 380
1759860 380
1759870 379
1759880 379
1759890 379
1759900 379
1759910 379
1759920 378
1759930 378
1759940 378
1759950 378
1759960 378
1759970 378
1759980 377
1759990 377
