1740000 510
1740010 510
1740020 511
1740030 511
1740040 511
1740050 510
1740060 511
1740070 511
1740080 514
1740090 517
1740100 517
1740110 517
1740120 517
1740130 517
1740140 517
1740150 517
1740160 517
1740170 517
1740180 517
1740190 517
1740200 517
1740210 517
1740220 517
1740230 517
1740240 517
1740250 516
1740260 516
1740270 516
1740280 516
1740290 516
1740300 516
1740310 516
1740320 516
1740330 515
1740340 514
1740350 514
1740360 514
1740370 514
1740380 514
1740390 513
1740400 512
1740410 512
1740420 510
1740430 509
1740440 509
1740450 507
1740460 506
1740470 506
1740480 505
1740490 504
1740500 502
1740510 502
1740520 500
1740530 498
1740540 498
1740550 497
1740560 495
1740570 495
1740580 494
1740590 493
1740600 493
1740610 491
1740620 490
1740630 490
1740640 489
1740650 488
1740660 488
1740670 486
1740680 485
1740690 485
1740700 484
1740710 483
1740720 482
1740730 482
1740740 480
1740750 478
1740760 478
1740770 476
1740780 474
1740790 474
1740800 470
1740810 467
1740820 467
1740830 466
1740840 465
1740850 465
1740860 464
1740870 463
1740880 463
1740890 462
1740900 461
1740910 461
1740920 460
1740930 457
1740940 457
1740950 457
1740960 456
1740970 457
1740980 457
1740990 455
1741000 456
1741010 456
1741020 455
1741030 453
1741040 453
1741050 450
1741060 444
1741070 444
1741080 441
1741090 436
1741100 436
1741110 437
1741120 444
1741130 444
1741140 445
1741150 446
1741160 446
1741170 447
1741180 447
1741190 447
1741200 448
1741210 449
1741220 451
1741230 451
1741240 453
1741250 454
1741260 454
1741270 456
1741280 457
1741290 457
1741300 458
1741310 458
1741320 458
1741330 458
1741340 459
1741350 459
1741360 459
1741370 459
1741380 459
1741390 459
1741400 460
1741410 460
1741420 461
1741430 463
1741440 465
1741450 465
1741460 465
1741470 465
1741480 465
1741490 464
1741500 465
1741510 465
1741520 467
1741530 472
1741540 472
1741550 475
1741560 476
1741570 476
1741580 478
1741590 480
1741600 480
1741610 481
1741620 482
1741630 482
1741640 482
1741650 481
1741660 481
1741670 482
1741680 484
1741690 485
1741700 485
1741710 486
1741720 489
1741730 489
1741740 491
1741750 493
1741760 493
1741770 495
1741780 496
1741790 496
1741800 498
1741810 499
1741820 499
1741830 501
1741840 503
1741850 503
1741860 504
1741870 504
1741880 504
1741890 505
1741900 505
1741910 505
1741920 503
1741930 499
1741940 497
1741950 497
1741960 495
1741970 495
1741980 495
1741990 494
1742000 493
1742010 493
1742020 492
1742030 489
1742040 489
1742050 489
1742060 489
1742070 489
1742080 488
1742090 487
1742100 487
1742110 484
1742120 482
1742130 482
1742140 479
1742150 478
1742160 475
1742170 475
1742180 475
1742190 475
1742200 475
1742210 474
1742220 473
1742230 473
1742240 473
1742250 472
1742260 472
1742270 471
1742280 469
1742290 469
1742300 468
1742310 467
1742320 467
1742330 466
1742340 465
1742350 465
1742360 463
1742370 461
1742380 461
1742390 460
1742400 460
1742410 460
1742420 460
1742430 459
1742440 457
1742450 457
1742460 456
1742470 456
1742480 456
1742490 455
1742500 453
1742510 453
1742520 451
1742530 448
1742540 448
1742550 448
1742560 446
1742570 446
1742580 445
1742590 445
1742600 445
1742610 444
1742620 443
1742630 443
1742640 443
1742650 441
1742660 440
1742670 440
1742680 439
1742690 438
1742700 437
1742710 436
1742720 435
1742730 435
1742740 434
1742750 434
1742760 434
1742770 433
1742780 432
1742790 432
1742800 431
1742810 430
1742820 430
1742830 428
1742840 427
1742850 427
1742860 426
1742870 425
1742880 424
1742890 424
1742900 423
1742910 422
1742920 422
1742930 420
1742940 418
1742950 418
1742960 417
1742970 416
1742980 416
1742990 415
1743000 415
1743010 415
1743020 414
1743030 414
1743040 414
1743050 414
1743060 413
1743070 413
1743080 413
1743090 411
1743100 411
1743110 412
1743120 413
1743130 413
1743140 413
1743150 412
1743160 412
1743170 412
1743180 412
1743190 412
1743200 412
1743210 412
1743220 412
1743230 412
1743240 411
1743250 412
1743260 412
1743270 412
1743280 411
1743290 411
1743300 411
1743310 411
1743320 411
1743330 411
1743340 411
1743350 411
1743360 410
1743370 410
1743380 411
1743390 411
1743400 411
1743410 412
1743420 412
1743430 412
1743440 413
1743450 413
1743460 412
1743470 411
1743480 411
1743490 411
1743500 411
1743510 411
1743520 411
1743530 412
1743540 412
1743550 412
1743560 412
1743570 412
1743580 412
1743590 413
1743600 412
1743610 412
1743620 412
1743630 412
1743640 412
1743650 412
1743660 412
1743670 412
1743680 412
1743690 413
1743700 413
1743710 413
1743720 413
1743730 413
1743740 413
1743750 413
1743760 413
1743770 413
1743780 413
1743790 413
1743800 413
1743810 413
1743820 413
1743830 413
1743840 414
1743850 414
1743860 414
1743870 414
1743880 414
1743890 414
1743900 414
1743910 413
1743920 413
1743930 412
1743940 413
1743950 413
1743960 414
1743970 414
1743980 414
1743990 415
1744000 417
1744010 417
1744020 418
1744030 419
1744040 419
1744050 420
1744060 421
1744070 421
1744080 422
1744090 422
1744100 423
1744110 423
1744120 423
1744130 424
1744140 424
1744150 425
1744160 425
1744170 425
1744180 426
1744190 427
1744200 427
1744210 427
1744220 427
1744230 427
1744240 428
1744250 428
1744260 428
1744270 429
1744280 429
1744290 429
1744300 430
1744310 431
1744320 432
1744330 432
1744340 432
1744350 433
1744360 433
1744370 433
1744380 434
1744390 434
1744400 435
1744410 436
1744420 436
1744430 437
1744440 438
1744450 438
1744460 439
1744470 440
1744480 440
1744490 440
1744500 440
1744510 440
1744520 441
1744530 441
1744540 441
1744550 440
1744560 440
1744570 440
1744580 440
1744590 439
1744600 438
1744610 438
1744620 438
1744630 437
1744640 437
1744650 437
1744660 437
1744670 437
1744680 436
1744690 436
1744700 436
1744710 435
1744720 435
1744730 435
1744740 437
1744750 437
1744760 437
1744770 437
1744780 438
1744790 438
1744800 439
1744810 440
1744820 441
1744830 441
1744840 443
1744850 444
1744860 444
1744870 445
1744880 446
1744890 446
1744900 448
1744910 449
1744920 449
1744930 450
1744940 451
1744950 451
1744960 452
1744970 453
1744980 453
1744990 454
1745000 456
1745010 456
1745020 458
1745030 460
1745040 462
1745050 462
1745060 464
1745070 466
1745080 466
1745090 468
1745100 470
1745110 470
1745120 472
1745130 474
1745140 474
1745150 476
1745160 477
1745170 477
1745180 479
1745190 480
1745200 480
1745210 481
1745220 483
1745230 483
1745240 484
1745250 485
1745260 485
1745270 487
1745280 488
1745290 488
1745300 488
1745310 488
1745320 488
1745330 488
1745340 489
1745350 488
1745360 488
1745370 486
1745380 485
1745390 485
1745400 481
1745410 476
1745420 476
1745430 472
1745440 471
1745450 471
1745460 469
1745470 468
1745480 468
1745490 465
1745500 463
1745510 463
1745520 463
1745530 463
1745540 463
1745550 463
1745560 462
1745570 461
1745580 461
1745590 460
1745600 459
1745610 459
1745620 458
1745630 458
1745640 458
1745650 457
1745660 455
1745670 455
1745680 452
1745690 450
1745700 450
1745710 449
1745720 450
1745730 450
1745740 449
1745750 448
1745760 446
1745770 446
1745780 446
1745790 445
1745800 445
1745810 446
1745820 446
1745830 446
1745840 447
1745850 447
1745860 447
1745870 447
1745880 446
1745890 446
1745900 445
1745910 445
1745920 445
1745930 445
1745940 444
1745950 444
1745960 444
1745970 445
1745980 445
1745990 445
1746000 445
1746010 444
1746020 444
1746030 443
1746040 442
1746050 442
1746060 441
1746070 440
1746080 440
1746090 439
1746100 438
1746110 438
1746120 437
1746130 436
1746140 436
1746150 435
1746160 435
1746170 435
1746180 435
1746190 434
1746200 434
1746210 433
1746220 433
1746230 433
1746240 432
1746250 432
1746260 431
1746270 431
1746280 430
1746290 429
1746300 429
1746310 429
1746320 428
1746330 428
1746340 427
1746350 427
1746360 427
1746370 426
1746380 425
1746390 425
1746400 425
1746410 426
1746420 426
1746430 425
1746440 423
1746450 423
1746460 421
1746470 421
1746480 420
1746490 420
1746500 420
1746510 419
1746520 419
1746530 419
1746540 418
1746550 418
1746560 418
1746570 417
1746580 417
1746590 416
1746600 415
1746610 415
1746620 414
1746630 413
1746640 413
1746650 412
1746660 412
1746670 412
1746680 411
1746690 411
1746700 411
1746710 410
1746720 409
1746730 409
1746740 409
1746750 408
1746760 408
1746770 408
1746780 407
1746790 406
1746800 406
1746810 405
1746820 404
1746830 404
1746840 403
1746850 402
1746860 402
1746870 402
1746880 401
1746890 401
1746900 401
1746910 401
1746920 401
1746930 400
1746940 400
1746950 400
1746960 399
1746970 399
1746980 399
1746990 399
1747000 399
1747010 397
1747020 397
1747030 397
1747040 396
1747050 396
1747060 396
1747070 395
1747080 395
1747090 394
1747100 394
1747110 394
1747120 393
1747130 393
1747140 393
1747150 392
1747160 391
1747170 391
1747180 391
1747190 390
1747200 390
1747210 390
1747220 389
1747230 388
1747240 388
1747250 388
1747260 387
1747270 387
1747280 387
1747290 386
1747300 386
1747310 385
1747320 385
1747330 385
1747340 384
1747350 384
1747360 384
1747370 383
1747380 383
1747390 383
1747400 382
1747410 382
1747420 382
1747430 382
1747440 382
1747450 379
1747460 379
1747470 375
1747480 377
1747490 377
1747500 380
1747510 381
1747520 381
1747530 380
1747540 381
1747550 381
1747560 381
1747570 381
1747580 381
1747590 381
1747600 381
1747610 381
1747620 380
1747630 380
1747640 380
1747650 379
1747660 379
1747670 379
1747680 378
1747690 377
1747700 376
1747710 376
1747720 376
1747730 376
1747740 376
1747750 376
1747760 375
1747770 375
1747780 375
1747790 374
1747800 374
1747810 374
1747820 374
1747830 374
1747840 373
1747850 373
1747860 373
1747870 372
1747880 370
1747890 370
1747900 367
1747910 367
1747920 368
1747930 368
1747940 368
1747950 368
1747960 368
1747970 368
1747980 369
1747990 369
1748000 371
1748010 372
1748020 372
1748030 373
1748040 374
1748050 374
1748060 374
1748070 375
1748080 375
1748090 375
1748100 376
1748110 376
1748120 376
1748130 377
1748140 377
1748150 377
1748160 377
1748170 378
1748180 378
1748190 378
1748200 379
1748210 379
1748220 379
1748230 380
1748240 380
1748250 380
1748260 380
1748270 380
1748280 381
1748290 382
1748300 382
1748310 383
1748320 383
1748330 383
1748340 384
1748350 385
1748360 385
1748370 386
1748380 387
1748390 387
1748400 388
1748410 389
1748420 390
1748430 390
1748440 391
1748450 391
1748460 391
1748470 390
1748480 390
1748490 390
1748500 390
1748510 389
1748520 389
1748530 388
1748540 389
1748550 389
1748560 389
1748570 389
1748580 389
1748590 390
1748600 390
1748610 390
1748620 390
1748630 390
1748640 389
1748650 389
1748660 388
1748670 386
1748680 386
1748690 385
1748700 385
1748710 385
1748720 384
1748730 384
1748740 384
1748750 383
1748760 384
1748770 384
1748780 384
1748790 385
1748800 385
1748810 386
1748820 387
1748830 387
1748840 388
1748850 389
1748860 389
1748870 391
1748880 393
1748890 394
1748900 394
1748910 396
1748920 399
1748930 399
1748940 401
1748950 402
1748960 402
1748970 401
1748980 402
1748990 402
1749000 404
1749010 407
1749020 407
1749030 413
1749040 417
1749050 417
1749060 419
1749070 421
1749080 421
1749090 421
1749100 423
1749110 423
1749120 424
1749130 426
1749140 428
1749150 428
1749160 429
1749170 433
1749180 433
1749190 434
1749200 436
1749210 436
1749220 437
1749230 439
1749240 439
1749250 440
1749260 443
1749270 443
1749280 444
1749290 445
1749300 445
1749310 446
1749320 447
1749330 447
1749340 447
1749350 448
1749360 447
1749370 447
1749380 447
1749390 446
1749400 444
1749410 443
1749420 442
1749430 442
1749440 441
1749450 439
1749460 439
1749470 438
1749480 437
1749490 437
1749500 436
1749510 434
1749520 434
1749530 433
1749540 432
1749550 432
1749560 430
1749570 430
1749580 430
1749590 430
1749600 432
1749610 432
1749620 432
1749630 430
1749640 429
1749650 429
1749660 427
1749670 425
1749680 425
1749690 425
1749700 424
1749710 424
1749720 422
1749730 419
1749740 419
1749750 416
1749760 416
1749770 416
1749780 414
1749790 412
1749800 412
1749810 409
1749820 406
1749830 406
1749840 404
1749850 402
1749860 400
1749870 400
1749880 396
1749890 395
1749900 395
1749910 393
1749920 392
1749930 392
1749940 391
1749950 390
1749960 390
1749970 389
1749980 388
1749990 388
1750000 386
1750010 384
1750020 384
1750030 383
1750040 382
1750050 382
1750060 381
1750070 381
1750080 380
1750090 380
1750100 380
1750110 379
1750120 379
1750130 378
1750140 377
1750150 377
1750160 376
1750170 375
1750180 375
1750190 374
1750200 372
1750210 372
1750220 370
1750230 369
1750240 369
1750250 368
1750260 367
1750270 367
1750280 366
1750290 365
1750300 365
1750310 366
1750320 366
1750330 365
1750340 365
1750350 365
1750360 365
1750370 365
1750380 365
1750390 366
1750400 366
1750410 366
1750420 366
1750430 366
1750440 363
1750450 367
1750460 367
1750470 368
1750480 370
1750490 370
1750500 372
1750510 374
1750520 374
1750530 375
1750540 376
1750550 376
1750560 377
1750570 378
1750580 380
1750590 380
1750600 382
1750610 382
1750620 382
1750630 385
1750640 387
1750650 387
1750660 386
1750670 388
1750680 388
1750690 388
1750700 387
1750710 387
1750720 385
1750730 383
1750740 383
1750750 381
1750760 380
1750770 380
1750780 379
1750790 378
1750800 377
1750810 377
1750820 378
1750830 378
1750840 378
1750850 380
1750860 381
1750870 381
1750880 383
1750890 385
1750900 385
1750910 386
1750920 387
1750930 387
1750940 388
1750950 390
1750960 390
1750970 392
1750980 394
1750990 394
1751000 397
1751010 399
1751020 399
1751030 400
1751040 402
1751050 403
1751060 403
1751070 404
1751080 402
1751090 402
1751100 400
1751110 398
1751120 398
1751130 396
1751140 395
1751150 395
1751160 393
1751170 393
1751180 393
1751190 393
1751200 393
1751210 393
1751220 392
1751230 392
1751240 392
1751250 391
1751260 392
1751270 392
1751280 393
1751290 395
1751300 396
1751310 396
1751320 397
1751330 397
1751340 397
1751350 398
1751360 398
1751370 398
1751380 398
1751390 397
1751400 397
1751410 394
1751420 392
1751430 392
1751440 390
1751450 388
1751460 388
1751470 387
1751480 386
1751490 386
1751500 385
1751510 383
1751520 382
1751530 382
1751540 381
1751550 380
1751560 380
1751570 379
1751580 377
1751590 377
1751600 376
1751610 376
1751620 376
1751630 376
1751640 376
1751650 376
1751660 377
1751670 378
1751680 378
1751690 377
1751700 378
1751710 378
1751720 379
1751730 380
1751740 380
1751750 382
1751760 384
1751770 386
1751780 386
1751790 387
1751800 387
1751810 387
1751820 390
1751830 392
1751840 392
1751850 393
1751860 394
1751870 394
1751880 394
1751890 395
1751900 395
1751910 396
1751920 397
1751930 397
1751940 398
1751950 401
1751960 401
1751970 402
1751980 403
1751990 403
1752000 404
1752010 405
1752020 406
1752030 406
1752040 408
1752050 409
1752060 409
1752070 410
1752080 411
1752090 411
1752100 413
1752110 415
1752120 415
1752130 417
1752140 418
1752150 418
1752160 418
1752170 419
1752180 419
1752190 420
1752200 420
1752210 420
1752220 421
1752230 422
1752240 421
1752250 421
1752260 421
1752270 418
1752280 418
1752290 417
1752300 414
1752310 414
1752320 412
1752330 411
1752340 411
1752350 410
1752360 409
1752370 409
1752380 407
1752390 406
1752400 406
1752410 405
1752420 404
1752430 404
1752440 404
1752450 403
1752460 403
1752470 403
1752480 402
1752490 402
1752500 402
1752510 400
1752520 400
1752530 400
1752540 401
1752550 402
1752560 402
1752570 403
1752580 403
1752590 403
1752600 404
1752610 405
1752620 405
1752630 406
1752640 406
1752650 406
1752660 407
1752670 408
1752680 408
1752690 408
1752700 408
1752710 408
1752720 407
1752730 408
1752740 405
1752750 405
1752760 404
1752770 401
1752780 401
1752790 401
1752800 399
1752810 399
1752820 397
1752830 395
1752840 395
1752850 393
1752860 391
1752870 391
1752880 389
1752890 388
1752900 388
1752910 386
1752920 385
1752930 385
1752940 384
1752950 383
1752960 382
1752970 382
1752980 380
1752990 378
1753000 378
1753010 377
1753020 377
1753030 377
1753040 376
1753050 376
1753060 376
1753070 375
1753080 374
1753090 374
1753100 373
1753110 373
1753120 373
1753130 373
1753140 373
1753150 373
1753160 373
1753170 373
1753180 373
1753190 373
1753200 372
1753210 372
1753220 372
1753230 372
1753240 372
1753250 372
1753260 372
1753270 372
1753280 372
1753290 372
1753300 372
1753310 372
1753320 373
1753330 374
1753340 374
1753350 375
1753360 375
1753370 375
1753380 376
1753390 377
1753400 377
1753410 378
1753420 377
1753430 377
1753440 378
1753450 378
1753460 378
1753470 378
1753480 378
1753490 378
1753500 378
1753510 377
1753520 377
1753530 377
1753540 376
1753550 376
1753560 376
1753570 376
1753580 374
1753590 374
1753600 374
1753610 375
1753620 375
1753630 375
1753640 376
1753650 376
1753660 377
1753670 378
1753680 380
1753690 380
1753700 381
1753710 383
1753720 383
1753730 384
1753740 387
1753750 387
1753760 388
1753770 390
1753780 390
1753790 391
1753800 393
1753810 393
1753820 395
1753830 396
1753840 396
1753850 397
1753860 399
1753870 399
1753880 400
1753890 401
1753900 401
1753910 402
1753920 403
1753930 405
1753940 405
1753950 408
1753960 409
1753970 409
1753980 410
1753990 412
1754000 412
1754010 413
1754020 413
1754030 413
1754040 413
1754050 413
1754060 413
1754070 413
1754080 414
1754090 414
1754100 414
1754110 413
1754120 413
1754130 413
1754140 413
1754150 413
1754160 412
1754170 412
1754180 412
1754190 412
1754200 411
1754210 411
1754220 411
1754230 410
1754240 409
1754250 409
1754260 409
1754270 410
1754280 410
1754290 410
1754300 411
1754310 411
1754320 411
1754330 411
1754340 411
1754350 410
1754360 410
1754370 410
1754380 409
1754390 409
1754400 411
1754410 411
1754420 413
1754430 414
1754440 414
1754450 415
1754460 416
1754470 416
1754480 418
1754490 419
1754500 419
1754510 421
1754520 422
1754530 422
1754540 423
1754550 424
1754560 424
1754570 425
1754580 426
1754590 426
1754600 426
1754610 425
1754620 425
1754630 423
1754640 422
1754650 420
1754660 420
1754670 419
1754680 419
1754690 419
1754700 418
1754710 418
1754720 418
1754730 414
1754740 414
1754750 414
1754760 416
1754770 410
1754780 410
1754790 414
1754800 418
1754810 418
1754820 420
1754830 422
1754840 422
1754850 423
1754860 424
1754870 424
1754880 424
1754890 424
1754900 424
1754910 424
1754920 424
1754930 425
1754940 425
1754950 424
1754960 425
1754970 425
1754980 425
1754990 426
1755000 426
1755010 426
1755020 427
1755030 427
1755040 427
1755050 427
1755060 427
1755070 428
1755080 427
1755090 427
1755100 427
1755110 426
1755120 425
1755130 425
1755140 424
1755150 423
1755160 423
1755170 421
1755180 418
1755190 418
1755200 416
1755210 415
1755220 415
1755230 414
1755240 412
1755250 412
1755260 412
1755270 411
1755280 411
1755290 411
1755300 411
1755310 411
1755320 410
1755330 409
1755340 409
1755350 409
1755360 409
1755370 409
1755380 409
1755390 409
1755400 408
1755410 408
1755420 409
1755430 409
1755440 409
1755450 409
1755460 408
1755470 408
1755480 408
1755490 409
1755500 409
1755510 409
1755520 409
1755530 409
1755540 409
1755550 409
1755560 409
1755570 410
1755580 412
1755590 412
1755600 412
1755610 412
1755620 412
1755630 412
1755640 412
1755650 411
1755660 411
1755670 411
1755680 410
1755690 410
1755700 409
1755710 408
1755720 408
1755730 406
1755740 405
1755750 405
1755760 403
1755770 403
1755780 403
1755790 401
1755800 401
1755810 401
1755820 399
1755830 397
1755840 396
1755850 396
1755860 395
1755870 394
1755880 394
1755890 393
1755900 392
1755910 392
1755920 390
1755930 389
1755940 389
1755950 388
1755960 387
1755970 387
1755980 386
1755990 385
1756000 385
1756010 384
1756020 383
1756030 383
1756040 382
1756050 381
1756060 381
1756070 380
1756080 379
1756090 379
1756100 379
1756110 379
1756120 378
1756130 378
1756140 378
1756150 376
1756160 376
1756170 377
1756180 378
1756190 378
1756200 378
1756210 378
1756220 378
1756230 378
1756240 378
1756250 378
1756260 379
1756270 379
1756280 379
1756290 380
1756300 381
1756310 381
1756320 381
1756330 382
1756340 383
1756350 383
1756360 384
1756370 385
1756380 385
1756390 386
1756400 386
1756410 386
1756420 387
1756430 388
1756440 388
1756450 389
1756460 390
1756470 390
1756480 390
1756490 390
1756500 390
1756510 391
1756520 391
1756530 391
1756540 392
1756550 392
1756560 393
1756570 393
1756580 393
1756590 394
1756600 394
1756610 394
1756620 394
1756630 394
1756640 394
1756650 395
1756660 395
1756670 395
1756680 395
1756690 395
1756700 396
1756710 397
1756720 397
1756730 397
1756740 398
1756750 398
1756760 399
1756770 400
1756780 400
1756790 401
1756800 403
1756810 404
1756820 404
1756830 406
1756840 406
1756850 406
1756860 407
1756870 407
1756880 407
1756890 407
1756900 407
1756910 407
1756920 406
1756930 406
1756940 406
1756950 405
1756960 405
1756970 405
1756980 404
1756990 403
1757000 403
1757010 402
1757020 401
1757030 401
1757040 400
1757050 399
1757060 397
1757070 397
1757080 396
1757090 394
1757100 394
1757110 393
1757120 392
1757130 392
1757140 391
1757150 390
1757160 390
1757170 388
1757180 387
1757190 387
1757200 385
1757210 383
1757220 383
1757230 381
1757240 380
1757250 380
1757260 379
1757270 379
1757280 378
1757290 378
1757300 378
1757310 378
1757320 378
1757330 378
1757340 378
1757350 378
1757360 378
1757370 378
1757380 378
1757390 377
1757400 377
1757410 377
1757420 377
1757430 378
1757440 378
1757450 378
1757460 380
1757470 380
1757480 381
1757490 385
1757500 385
1757510 389
1757520 390
1757530 392
1757540 392
1757550 393
1757560 395
1757570 395
1757580 396
1757590 396
1757600 396
1757610 402
1757620 404
1757630 404
1757640 405
1757650 407
1757660 407
1757670 408
1757680 408
1757690 408
1757700 409
1757710 409
1757720 409
1757730 409
1757740 409
1757750 409
1757760 408
1757770 407
1757780 406
1757790 406
1757800 405
1757810 404
1757820 404
1757830 403
1757840 401
1757850 401
1757860 400
1757870 398
1757880 398
1757890 396
1757900 395
1757910 395
1757920 395
1757930 392
1757940 392
1757950 391
1757960 389
1757970 389
1757980 387
1757990 385
1758000 384
1758010 384
1758020 383
1758030 382
1758040 382
1758050 381
1758060 380
1758070 380
1758080 378
1758090 377
1758100 377
1758110 377
1758120 376
1758130 376
1758140 375
1758150 375
1758160 375
1758170 375
1758180 375
1758190 375
1758200 376
1758210 376
1758220 376
1758230 377
1758240 377
1758250 377
1758260 377
1758270 377
1758280 377
1758290 377
1758300 377
1758310 377
1758320 377
1758330 377
1758340 377
1758350 377
1758360 377
1758370 378
1758380 378
1758390 380
1758400 381
1758410 381
1758420 383
1758430 385
1758440 385
1758450 385
1758460 386
1758470 386
1758480 388
1758490 391
1758500 392
1758510 391
1758520 393
1758530 394
1758540 394
1758550 395
1758560 396
1758570 396
1758580 397
1758590 398
1758600 398
1758610 399
1758620 400
1758630 400
1758640 401
1758650 402
1758660 402
1758670 403
1758680 404
1758690 404
1758700 405
1758710 406
1758720 407
1758730 407
1758740 408
1758750 409
1758760 409
1758770 410
1758780 411
1758790 411
1758800 412
1758810 413
1758820 413
1758830 414
1758840 415
1758850 415
1758860 415
1758870 416
1758880 416
1758890 417
1758900 417
1758910 417
1758920 418
1758930 419
1758940 419
1758950 419
1758960 420
1758970 420
1758980 420
1758990 421
1759000 421
1759010 421
1759020 421
1759030 420
1759040 420
1759050 420
1759060 419
1759070 419
1759080 419
1759090 418
1759100 418
1759110 417
1759120 417
1759130 417
1759140 416
1759150 414
1759160 414
1759170 413
1759180 412
1759190 412
1759200 410
1759210 409
1759220 408
1759230 408
1759240 407
1759250 407
1759260 407
1759270 406
1759280 405
1759290 405
1759300 403
1759310 401
1759320 401
1759330 399
1759340 397
1759350 397
1759360 396
1759370 394
1759380 394
1759390 393
1759400 391
1759410 391
1759420 389
1759430 388
1759440 387
1759450 387
1759460 386
1759470 384
1759480 384
1759490 383
1759500 383
1759510 383
1759520 382
1759530 381
1759540 381
1759550 380
1759560 378
1759570 378
1759580 377
1759590 376
1759600 376
1759610 374
1759620 374
1759630 374
1759640 373
1759650 373
1759660 373
1759670 373
1759680 373
1759690 373
1759700 373
1759710 373
1759720 373
1759730 373
1759740 374
1759750 376
1759760 376
1759770 378
1759780 379
1759790 379
1759800 381
1759810 382
1759820 382
1759830 384
1759840 386
1759850 386
1759860 387
1759870 388
1759880 388
1759890 390
1759900 391
1759910 391
1759920 393
1759930 394
1759940 396
1759950 396
1759960 397
1759970 398
1759980 398
1759990 399
