1740000 497
1740010 497
1740020 498
1740030 498
1740040 499
1740050 500
1740060 500
1740070 502
1740080 503
1740090 503
1740100 504
1740110 505
1740120 505
1740130 506
1740140 507
1740150 507
1740160 508
1740170 508
1740180 509
1740190 509
1740200 510
1740210 511
1740220 511
1740230 511
1740240 512
1740250 512
1740260 512
1740270 513
1740280 513
1740290 514
1740300 515
1740310 515
1740320 515
1740330 515
1740340 515
1740350 514
1740360 514
1740370 514
1740380 514
1740390 512
1740400 509
1740410 509
1740420 506
1740430 505
1740440 505
1740450 503
1740460 502
1740470 502
1740480 496
1740490 492
1740500 492
1740510 489
1740520 487
1740530 487
1740540 485
1740550 482
1740560 482
1740570 481
1740580 478
1740590 478
1740600 476
1740610 477
1740620 478
1740630 478
1740640 478
1740650 475
1740660 475
1740670 471
1740680 466
1740690 466
1740700 463
1740710 463
1740720 463
1740730 464
1740740 463
1740750 463
1740760 461
1740770 459
1740780 459
1740790 457
1740800 457
1740810 457
1740820 456
1740830 453
1740840 453
1740850 453
1740860 452
1740870 452
1740880 452
1740890 451
1740900 451
1740910 451
1740920 452
1740930 453
1740940 453
1740950 453
1740960 453
1740970 453
1740980 454
1740990 455
1741000 455
1741010 457
1741020 460
1741030 460
1741040 461
1741050 462
1741060 462
1741070 461
1741080 460
1741090 460
1741100 459
1741110 459
1741120 458
1741130 458
1741140 455
1741150 454
1741160 454
1741170 452
1741180 454
1741190 454
1741200 453
1741210 453
1741220 453
1741230 456
1741240 459
1741250 459
1741260 460
1741270 460
1741280 460
1741290 460
1741300 461
1741310 461
1741320 462
1741330 464
1741340 466
1741350 466
1741360 468
1741370 470
1741380 470
1741390 471
1741400 473
1741410 473
1741420 475
1741430 476
1741440 476
1741450 478
1741460 480
1741470 480
1741480 482
1741490 485
1741500 485
1741510 488
1741520 490
1741530 490
1741540 493
1741550 495
1741560 495
1741570 498
1741580 499
1741590 501
1741600 501
1741610 502
1741620 504
1741630 504
1741640 505
1741650 506
1741660 506
1741670 505
1741680 506
1741690 506
1741700 506
1741710 504
1741720 504
1741730 501
1741740 499
1741750 499
1741760 496
1741770 495
1741780 495
1741790 494
1741800 493
1741810 493
1741820 494
1741830 493
1741840 492
1741850 492
1741860 488
1741870 488
1741880 488
1741890 488
1741900 486
1741910 486
1741920 483
1741930 481
1741940 481
1741950 479
1741960 476
1741970 476
1741980 473
1741990 472
1742000 472
1742010 470
1742020 467
1742030 467
1742040 466
1742050 464
1742060 462
1742070 462
1742080 461
1742090 460
1742100 460
1742110 460
1742120 459
1742130 459
1742140 458
1742150 456
1742160 456
1742170 453
1742180 455
1742190 455
1742200 454
1742210 453
1742220 453
1742230 452
1742240 453
1742250 453
1742260 451
1742270 450
1742280 450
1742290 449
1742300 448
1742310 448
1742320 448
1742330 447
1742340 446
1742350 446
1742360 446
1742370 446
1742380 446
1742390 445
1742400 443
1742410 443
1742420 442
1742430 441
1742440 441
1742450 439
1742460 438
1742470 438
1742480 438
1742490 436
1742500 436
1742510 435
1742520 436
1742530 436
1742540 435
1742550 434
1742560 433
1742570 433
1742580 432
1742590 431
1742600 431
1742610 431
1742620 431
1742630 431
1742640 430
1742650 429
1742660 429
1742670 428
1742680 427
1742690 427
1742700 426
1742710 424
1742720 424
1742730 424
1742740 423
1742750 423
1742760 422
1742770 421
1742780 421
1742790 420
1742800 419
1742810 417
1742820 417
1742830 416
1742840 418
1742850 418
1742860 418
1742870 418
1742880 418
1742890 418
1742900 418
1742910 418
1742920 418
1742930 418
1742940 418
1742950 417
1742960 417
1742970 417
1742980 418
1742990 417
1743000 417
1743010 416
1743020 416
1743030 417
1743040 417
1743050 416
1743060 416
1743070 416
1743080 416
1743090 416
1743100 416
1743110 416
1743120 416
1743130 416
1743140 416
1743150 415
1743160 415
1743170 415
1743180 415
1743190 415
1743200 415
1743210 415
1743220 415
1743230 415
1743240 415
1743250 415
1743260 415
1743270 415
1743280 415
1743290 415
1743300 415
1743310 415
1743320 415
1743330 415
1743340 415
1743350 415
1743360 416
1743370 415
1743380 415
1743390 416
1743400 415
1743410 415
1743420 415
1743430 416
1743440 416
1743450 416
1743460 418
1743470 418
1743480 418
1743490 419
1743500 419
1743510 420
1743520 420
1743530 419
1743540 419
1743550 419
1743560 418
1743570 418
1743580 417
1743590 417
1743600 417
1743610 416
1743620 416
1743630 416
1743640 416
1743650 416
1743660 416
1743670 416
1743680 416
1743690 416
1743700 416
1743710 416
1743720 416
1743730 415
1743740 416
1743750 416
1743760 416
1743770 416
1743780 416
1743790 416
1743800 416
1743810 417
1743820 417
1743830 417
1743840 418
1743850 418
1743860 418
1743870 419
1743880 419
1743890 419
1743900 420
1743910 420
1743920 421
1743930 422
1743940 422
1743950 423
1743960 424
1743970 424
1743980 424
1743990 425
1744000 426
1744010 426
1744020 426
1744030 429
1744040 429
1744050 430
1744060 431
1744070 431
1744080 431
1744090 432
1744100 432
1744110 432
1744120 433
1744130 433
1744140 434
1744150 431
1744160 431
1744170 432
1744180 435
1744190 435
1744200 436
1744210 437
1744220 437
1744230 438
1744240 438
1744250 437
1744260 437
1744270 439
1744280 442
1744290 442
1744300 443
1744310 444
1744320 444
1744330 445
1744340 442
1744350 442
1744360 441
1744370 444
1744380 444
1744390 448
1744400 450
1744410 450
1744420 449
1744430 451
1744440 451
1744450 453
1744460 454
1744470 455
1744480 455
1744490 456
1744500 457
1744510 457
1744520 458
1744530 458
1744540 458
1744550 460
1744560 461
1744570 461
1744580 462
1744590 463
1744600 463
1744610 463
1744620 465
1744630 465
1744640 465
1744650 466
1744660 466
1744670 467
1744680 468
1744690 468
1744700 469
1744710 470
1744720 471
1744730 471
1744740 472
1744750 472
1744760 472
1744770 473
1744780 472
1744790 472
1744800 472
1744810 472
1744820 472
1744830 471
1744840 470
1744850 470
1744860 469
1744870 469
1744880 469
1744890 468
1744900 467
1744910 467
1744920 466
1744930 465
1744940 465
1744950 464
1744960 463
1744970 462
1744980 462
1744990 461
1745000 460
1745010 460
1745020 459
1745030 458
1745040 458
1745050 457
1745060 458
1745070 458
1745080 458
1745090 460
1745100 460
1745110 462
1745120 463
1745130 463
1745140 464
1745150 465
1745160 465
1745170 467
1745180 468
1745190 470
1745200 470
1745210 471
1745220 471
1745230 471
1745240 472
1745250 473
1745260 473
1745270 474
1745280 475
1745290 475
1745300 475
1745310 475
1745320 475
1745330 475
1745340 472
1745350 472
1745360 471
1745370 470
1745380 470
1745390 469
1745400 466
1745410 466
1745420 464
1745430 462
1745440 460
1745450 460
1745460 456
1745470 452
1745480 452
1745490 446
1745500 442
1745510 442
1745520 441
1745530 439
1745540 439
1745550 437
1745560 437
1745570 437
1745580 436
1745590 431
1745600 431
1745610 426
1745620 420
1745630 420
1745640 422
1745650 423
1745660 423
1745670 424
1745680 424
1745690 424
1745700 424
1745710 423
1745720 422
1745730 422
1745740 421
1745750 421
1745760 421
1745770 421
1745780 420
1745790 420
1745800 421
1745810 421
1745820 421
1745830 421
1745840 422
1745850 422
1745860 422
1745870 422
1745880 422
1745890 422
1745900 422
1745910 421
1745920 421
1745930 421
1745940 420
1745950 420
1745960 420
1745970 419
1745980 419
1745990 419
1746000 417
1746010 417
1746020 416
1746030 414
1746040 414
1746050 412
1746060 412
1746070 412
1746080 413
1746090 415
1746100 415
1746110 416
1746120 416
1746130 416
1746140 416
1746150 417
1746160 418
1746170 418
1746180 419
1746190 420
1746200 420
1746210 422
1746220 423
1746230 423
1746240 423
1746250 423
1746260 423
1746270 423
1746280 423
1746290 423
1746300 424
1746310 425
1746320 425
1746330 427
1746340 430
1746350 430
1746360 430
1746370 431
1746380 431
1746390 433
1746400 436
1746410 440
1746420 440
1746430 441
1746440 442
1746450 442
1746460 442
1746470 442
1746480 442
1746490 443
1746500 443
1746510 443
1746520 443
1746530 442
1746540 442
1746550 442
1746560 442
1746570 442
1746580 442
1746590 442
1746600 442
1746610 441
1746620 441
1746630 440
1746640 440
1746650 439
1746660 438
1746670 438
1746680 438
1746690 437
1746700 437
1746710 436
1746720 435
1746730 435
1746740 434
1746750 433
1746760 433
1746770 432
1746780 431
1746790 431
1746800 429
1746810 429
1746820 429
1746830 428
1746840 427
1746850 427
1746860 426
1746870 425
1746880 424
1746890 424
1746900 423
1746910 422
1746920 422
1746930 421
1746940 420
1746950 420
1746960 419
1746970 418
1746980 418
1746990 417
1747000 416
1747010 416
1747020 415
1747030 414
1747040 414
1747050 413
1747060 411
1747070 411
1747080 410
1747090 408
1747100 408
1747110 407
1747120 405
1747130 405
1747140 405
1747150 404
1747160 403
1747170 403
1747180 402
1747190 401
1747200 401
1747210 400
1747220 399
1747230 399
1747240 398
1747250 397
1747260 397
1747270 395
1747280 394
1747290 394
1747300 393
1747310 391
1747320 391
1747330 389
1747340 388
1747350 386
1747360 386
1747370 385
1747380 384
1747390 384
1747400 383
1747410 382
1747420 382
1747430 381
1747440 380
1747450 380
1747460 378
1747470 377
1747480 377
1747490 376
1747500 376
1747510 376
1747520 375
1747530 375
1747540 375
1747550 375
1747560 375
1747570 375
1747580 375
1747590 375
1747600 374
1747610 374
1747620 373
1747630 374
1747640 374
1747650 371
1747660 369
1747670 369
1747680 368
1747690 368
1747700 368
1747710 367
1747720 369
1747730 369
1747740 369
1747750 369
1747760 369
1747770 369
1747780 369
1747790 369
1747800 370
1747810 370
1747820 370
1747830 371
1747840 372
1747850 373
1747860 373
1747870 375
1747880 377
1747890 377
1747900 379
1747910 380
1747920 380
1747930 380
1747940 381
1747950 381
1747960 381
1747970 383
1747980 383
1747990 383
1748000 384
1748010 384
1748020 386
1748030 387
1748040 387
1748050 388
1748060 388
1748070 388
1748080 389
1748090 391
1748100 392
1748110 392
1748120 393
1748130 394
1748140 394
1748150 395
1748160 396
1748170 396
1748180 398
1748190 398
1748200 398
1748210 398
1748220 399
1748230 399
1748240 400
1748250 401
1748260 401
1748270 403
1748280 404
1748290 404
1748300 405
1748310 407
1748320 408
1748330 408
1748340 408
1748350 409
1748360 409
1748370 409
1748380 410
1748390 410
1748400 410
1748410 410
1748420 410
1748430 413
1748440 414
1748450 414
1748460 415
1748470 415
1748480 415
1748490 416
1748500 416
1748510 416
1748520 418
1748530 420
1748540 420
1748550 421
1748560 422
1748570 420
1748580 420
1748590 419
1748600 419
1748610 419
1748620 419
1748630 418
1748640 418
1748650 417
1748660 416
1748670 416
1748680 416
1748690 416
1748700 416
1748710 418
1748720 420
1748730 420
1748740 421
1748750 420
1748760 420
1748770 417
1748780 414
1748790 414
1748800 412
1748810 409
1748820 407
1748830 407
1748840 406
1748850 405
1748860 405
1748870 403
1748880 403
1748890 403
1748900 403
1748910 405
1748920 405
1748930 407
1748940 408
1748950 408
1748960 409
1748970 410
1748980 410
1748990 411
1749000 413
1749010 413
1749020 414
1749030 415
1749040 416
1749050 416
1749060 418
1749070 420
1749080 420
1749090 422
1749100 424
1749110 424
1749120 426
1749130 428
1749140 428
1749150 431
1749160 435
1749170 435
1749180 438
1749190 441
1749200 441
1749210 444
1749220 445
1749230 445
1749240 447
1749250 447
1749260 447
1749270 447
1749280 446
1749290 442
1749300 442
1749310 438
1749320 434
1749330 434
1749340 430
1749350 424
1749360 424
1749370 419
1749380 416
1749390 416
1749400 414
1749410 412
1749420 412
1749430 410
1749440 409
1749450 409
1749460 408
1749470 407
1749480 407
1749490 406
1749500 404
1749510 404
1749520 403
1749530 402
1749540 401
1749550 401
1749560 400
1749570 399
1749580 399
1749590 398
1749600 397
1749610 397
1749620 396
1749630 396
1749640 396
1749650 394
1749660 394
1749670 394
1749680 393
1749690 392
1749700 392
1749710 390
1749720 389
1749730 389
1749740 388
1749750 388
1749760 387
1749770 387
1749780 387
1749790 385
1749800 385
1749810 383
1749820 382
1749830 382
1749840 380
1749850 379
1749860 379
1749870 377
1749880 376
1749890 376
1749900 376
1749910 374
1749920 374
1749930 372
1749940 371
1749950 371
1749960 370
1749970 369
1749980 369
1749990 369
1750000 368
1750010 368
1750020 368
1750030 368
1750040 368
1750050 368
1750060 367
1750070 365
1750080 365
1750090 368
1750100 369
1750110 369
1750120 370
1750130 372
1750140 372
1750150 373
1750160 375
1750170 375
1750180 376
1750190 378
1750200 378
1750210 380
1750220 381
1750230 381
1750240 382
1750250 383
1750260 385
1750270 385
1750280 385
1750290 384
1750300 384
1750310 383
1750320 383
1750330 383
1750340 381
1750350 380
1750360 380
1750370 378
1750380 376
1750390 376
1750400 375
1750410 374
1750420 374
1750430 373
1750440 372
1750450 372
1750460 372
1750470 370
1750480 369
1750490 369
1750500 369
1750510 368
1750520 368
1750530 368
1750540 369
1750550 369
1750560 370
1750570 371
1750580 371
1750590 373
1750600 374
1750610 374
1750620 375
1750630 375
1750640 375
1750650 377
1750660 377
1750670 377
1750680 378
1750690 379
1750700 379
1750710 380
1750720 382
1750730 383
1750740 383
1750750 384
1750760 385
1750770 385
1750780 387
1750790 388
1750800 388
1750810 389
1750820 390
1750830 390
1750840 391
1750850 393
1750860 393
1750870 394
1750880 396
1750890 396
1750900 396
1750910 397
1750920 397
1750930 399
1750940 400
1750950 400
1750960 401
1750970 402
1750980 403
1750990 403
1751000 404
1751010 404
1751020 404
1751030 406
1751040 408
1751050 408
1751060 409
1751070 411
1751080 411
1751090 411
1751100 413
1751110 413
1751120 413
1751130 414
1751140 414
1751150 414
1751160 415
1751170 415
1751180 416
1751190 416
1751200 416
1751210 416
1751220 414
1751230 413
1751240 413
1751250 410
1751260 407
1751270 407
1751280 405
1751290 404
1751300 404
1751310 402
1751320 401
1751330 401
1751340 400
1751350 398
1751360 398
1751370 396
1751380 394
1751390 394
1751400 393
1751410 391
1751420 391
1751430 390
1751440 389
1751450 387
1751460 387
1751470 385
1751480 384
1751490 384
1751500 381
1751510 383
1751520 383
1751530 384
1751540 386
1751550 386
1751560 387
1751570 389
1751580 389
1751590 390
1751600 392
1751610 392
1751620 394
1751630 396
1751640 396
1751650 396
1751660 396
1751670 396
1751680 397
1751690 399
1751700 400
1751710 400
1751720 403
1751730 408
1751740 408
1751750 410
1751760 410
1751770 410
1751780 408
1751790 404
1751800 404
1751810 402
1751820 402
1751830 402
1751840 404
1751850 405
1751860 405
1751870 406
1751880 408
1751890 409
1751900 411
1751910 411
1751920 409
1751930 409
1751940 406
1751950 404
1751960 404
1751970 403
1751980 403
1751990 403
1752000 402
1752010 402
1752020 402
1752030 399
1752040 401
1752050 401
1752060 402
1752070 403
1752080 403
1752090 404
1752100 405
1752110 405
1752120 406
1752130 407
1752140 407
1752150 408
1752160 410
1752170 411
1752180 411
1752190 412
1752200 414
1752210 414
1752220 415
1752230 415
1752240 415
1752250 416
1752260 415
1752270 415
1752280 414
1752290 413
1752300 413
1752310 412
1752320 411
1752330 411
1752340 410
1752350 409
1752360 409
1752370 407
1752380 407
1752390 407
1752400 406
1752410 406
1752420 405
1752430 405
1752440 405
1752450 404
1752460 404
1752470 403
1752480 402
1752490 402
1752500 398
1752510 397
1752520 397
1752530 398
1752540 398
1752550 398
1752560 402
1752570 402
1752580 402
1752590 400
1752600 401
1752610 401
1752620 400
1752630 397
1752640 397
1752650 396
1752660 398
1752670 396
1752680 396
1752690 394
1752700 389
1752710 389
1752720 387
1752730 385
1752740 385
1752750 383
1752760 382
1752770 382
1752780 381
1752790 381
1752800 381
1752810 380
1752820 380
1752830 380
1752840 379
1752850 379
1752860 379
1752870 379
1752880 378
1752890 378
1752900 378
1752910 377
1752920 376
1752930 376
1752940 377
1752950 377
1752960 377
1752970 377
1752980 378
1752990 378
1753000 378
1753010 378
1753020 378
1753030 378
1753040 379
1753050 379
1753060 379
1753070 380
1753080 380
1753090 380
1753100 381
1753110 381
1753120 381
1753130 382
1753140 383
1753150 383
1753160 384
1753170 384
1753180 384
1753190 385
1753200 386
1753210 386
1753220 387
1753230 389
1753240 389
1753250 390
1753260 391
1753270 391
1753280 392
1753290 394
1753300 394
1753310 395
1753320 397
1753330 397
1753340 399
1753350 401
1753360 401
1753370 402
1753380 403
1753390 404
1753400 404
1753410 404
1753420 405
1753430 405
1753440 406
1753450 405
1753460 405
1753470 404
1753480 405
1753490 405
1753500 405
1753510 404
1753520 404
1753530 404
1753540 404
1753550 404
1753560 403
1753570 402
1753580 402
1753590 401
1753600 401
1753610 400
1753620 400
1753630 399
1753640 398
1753650 398
1753660 397
1753670 396
1753680 396
1753690 396
1753700 395
1753710 395
1753720 395
1753730 394
1753740 394
1753750 392
1753760 391
1753770 391
1753780 391
1753790 389
1753800 389
1753810 390
1753820 391
1753830 391
1753840 391
1753850 391
1753860 392
1753870 392
1753880 392
1753890 392
1753900 392
1753910 392
1753920 393
1753930 393
1753940 394
1753950 394
1753960 394
1753970 397
1753980 399
1753990 399
1754000 402
1754010 403
1754020 403
1754030 405
1754040 407
1754050 407
1754060 408
1754070 408
1754080 408
1754090 414
1754100 416
1754110 419
1754120 419
1754130 421
1754140 423
1754150 423
1754160 425
1754170 427
1754180 427
1754190 428
1754200 431
1754210 431
1754220 432
1754230 433
1754240 433
1754250 434
1754260 433
1754270 433
1754280 434
1754290 435
1754300 435
1754310 436
1754320 437
1754330 437
1754340 437
1754350 438
1754360 439
1754370 439
1754380 441
1754390 443
1754400 443
1754410 444
1754420 445
1754430 445
1754440 446
1754450 448
1754460 448
1754470 450
1754480 452
1754490 452
1754500 454
1754510 456
1754520 456
1754530 458
1754540 460
1754550 460
1754560 461
1754570 463
1754580 465
1754590 465
1754600 466
1754610 467
1754620 467
1754630 468
1754640 469
1754650 469
1754660 470
1754670 471
1754680 471
1754690 472
1754700 472
1754710 472
1754720 472
1754730 471
1754740 471
1754750 470
1754760 469
1754770 469
1754780 467
1754790 465
1754800 465
1754810 465
1754820 466
1754830 468
1754840 468
1754850 468
1754860 468
1754870 468
1754880 467
1754890 467
1754900 467
1754910 467
1754920 467
1754930 467
1754940 467
1754950 470
1754960 470
1754970 470
1754980 470
1754990 470
1755000 471
1755010 471
1755020 471
1755030 472
1755040 472
1755050 472
1755060 472
1755070 472
1755080 470
1755090 470
1755100 469
1755110 469
1755120 469
1755130 467
1755140 467
1755150 467
1755160 466
1755170 465
1755180 465
1755190 464
1755200 464
1755210 464
1755220 461
1755230 462
1755240 462
1755250 462
1755260 462
1755270 462
1755280 461
1755290 459
1755300 458
1755310 458
1755320 457
1755330 457
1755340 457
1755350 456
1755360 455
1755370 455
1755380 453
1755390 452
1755400 452
1755410 449
1755420 448
1755430 448
1755440 446
1755450 444
1755460 444
1755470 443
1755480 441
1755490 441
1755500 439
1755510 437
1755520 437
1755530 434
1755540 432
1755550 429
1755560 429
1755570 426
1755580 423
1755590 423
1755600 419
1755610 416
1755620 416
1755630 413
1755640 411
1755650 411
1755660 408
1755670 406
1755680 406
1755690 405
1755700 404
1755710 404
1755720 402
1755730 401
1755740 401
1755750 400
1755760 399
1755770 398
1755780 398
1755790 397
1755800 395
1755810 395
1755820 393
1755830 392
1755840 392
1755850 391
1755860 390
1755870 390
1755880 389
1755890 388
1755900 388
1755910 386
1755920 385
1755930 385
1755940 384
1755950 384
1755960 384
1755970 384
1755980 384
1755990 384
1756000 384
1756010 384
1756020 384
1756030 384
1756040 384
1756050 385
1756060 385
1756070 385
1756080 385
1756090 385
1756100 385
1756110 385
1756120 385
1756130 386
1756140 386
1756150 386
1756160 386
1756170 387
1756180 387
1756190 388
1756200 389
1756210 389
1756220 389
1756230 390
1756240 390
1756250 391
1756260 391
1756270 392
1756280 392
1756290 393
1756300 394
1756310 394
1756320 395
1756330 396
1756340 396
1756350 397
1756360 398
1756370 398
1756380 399
1756390 400
1756400 400
1756410 400
1756420 401
1756430 401
1756440 402
1756450 402
1756460 402
1756470 403
1756480 402
1756490 400
1756500 400
1756510 398
1756520 397
1756530 397
1756540 396
1756550 397
1756560 397
1756570 399
1756580 401
1756590 401
1756600 401
1756610 402
1756620 402
1756630 403
1756640 404
1756650 404
1756660 405
1756670 407
1756680 407
1756690 406
1756700 407
1756710 407
1756720 407
1756730 408
1756740 407
1756750 407
1756760 406
1756770 405
1756780 405
1756790 404
1756800 404
1756810 404
1756820 403
1756830 403
1756840 403
1756850 402
1756860 402
1756870 402
1756880 401
1756890 401
1756900 401
1756910 400
1756920 400
1756930 400
1756940 399
1756950 399
1756960 399
1756970 398
1756980 397
1756990 397
1757000 397
1757010 396
1757020 395
1757030 395
1757040 394
1757050 393
1757060 393
1757070 392
1757080 391
1757090 391
1757100 390
1757110 389
1757120 389
1757130 388
1757140 387
1757150 387
1757160 387
1757170 385
1757180 385
1757190 384
1757200 382
1757210 382
1757220 382
1757230 381
1757240 381
1757250 381
1757260 381
1757270 380
1757280 380
1757290 380
1757300 380
1757310 380
1757320 380
1757330 380
1757340 380
1757350 381
1757360 381
1757370 381
1757380 381
1757390 381
1757400 381
1757410 382
1757420 383
1757430 383
1757440 384
1757450 386
1757460 388
1757470 388
1757480 389
1757490 391
1757500 391
1757510 393
1757520 394
1757530 394
1757540 396
1757550 398
1757560 398
1757570 399
1757580 401
1757590 401
1757600 402
1757610 403
1757620 403
1757630 404
1757640 404
1757650 404
1757660 405
1757670 405
1757680 405
1757690 405
1757700 405
1757710 405
1757720 405
1757730 404
1757740 404
1757750 404
1757760 404
1757770 403
1757780 403
1757790 403
1757800 402
1757810 402
1757820 401
1757830 400
1757840 400
1757850 398
1757860 397
1757870 397
1757880 396
1757890 395
1757900 395
1757910 394
1757920 393
1757930 393
1757940 391
1757950 390
1757960 388
1757970 388
1757980 387
1757990 386
1758000 386
1758010 384
1758020 384
1758030 384
1758040 384
1758050 383
1758060 383
1758070 382
1758080 382
1758090 382
1758100 382
1758110 382
1758120 382
1758130 382
1758140 383
1758150 383
1758160 384
1758170 385
1758180 386
1758190 386
1758200 387
1758210 387
1758220 387
1758230 387
1758240 388
1758250 388
1758260 388
1758270 388
1758280 388
1758290 388
1758300 388
1758310 388
1758320 388
1758330 389
1758340 389
1758350 389
1758360 389
1758370 389
1758380 388
1758390 388
1758400 388
1758410 387
1758420 386
1758430 386
1758440 386
1758450 386
1758460 387
1758470 387
1758480 387
1758490 387
1758500 387
1758510 388
1758520 388
1758530 388
1758540 391
1758550 393
1758560 393
1758570 394
1758580 395
1758590 395
1758600 397
1758610 397
1758620 397
1758630 398
1758640 400
1758650 400
1758660 400
1758670 402
1758680 403
1758690 403
1758700 404
1758710 406
1758720 406
1758730 407
1758740 409
1758750 409
1758760 410
1758770 412
1758780 412
1758790 413
1758800 414
1758810 414
1758820 416
1758830 417
1758840 417
1758850 418
1758860 419
1758870 419
1758880 420
1758890 421
1758900 421
1758910 421
1758920 421
1758930 422
1758940 422
1758950 422
1758960 422
1758970 422
1758980 422
1758990 422
1759000 422
1759010 422
1759020 422
1759030 422
1759040 422
1759050 422
1759060 422
1759070 421
1759080 420
1759090 420
1759100 419
1759110 419
1759120 419
1759130 418
1759140 417
1759150 415
1759160 415
1759170 414
1759180 413
1759190 413
1759200 412
1759210 411
1759220 411
1759230 409
1759240 408
1759250 408
1759260 407
1759270 405
1759280 405
1759290 403
1759300 402
1759310 402
1759320 400
1759330 398
1759340 398
1759350 396
1759360 394
1759370 394
1759380 393
1759390 392
1759400 391
1759410 391
1759420 390
1759430 389
1759440 389
1759450 388
1759460 387
1759470 387
1759480 385
1759490 384
1759500 384
1759510 382
1759520 381
1759530 381
1759540 380
1759550 379
1759560 379
1759570 377
1759580 376
1759590 376
1759600 375
1759610 375
1759620 375
1759630 375
1759640 376
1759650 376
1759660 376
1759670 377
1759680 377
1759690 377
1759700 378
1759710 379
1759720 379
1759730 380
1759740 381
1759750 381
1759760 382
1759770 383
1759780 383
1759790 384
1759800 386
1759810 386
1759820 387
1759830 388
1759840 388
1759850 390
1759860 391
1759870 393
1759880 393
1759890 395
1759900 396
1759910 396
1759920 397
1759930 397
1759940 397
1759950 399
1759960 400
1759970 400
1759980 400
1759990 401
