1740000 509
1740010 509
1740020 509
1740030 509
1740040 509
1740050 509
1740060 508
1740070 508
1740080 507
1740090 506
1740100 506
1740110 506
1740120 506
1740130 502
1740140 502
1740150 506
1740160 502
1740170 502
1740180 502
1740190 501
1740200 501
1740210 499
1740220 498
1740230 498
1740240 498
1740250 498
1740260 498
1740270 497
1740280 496
1740290 496
1740300 495
1740310 494
1740320 494
1740330 494
1740340 493
1740350 493
1740360 492
1740370 491
1740380 491
1740390 491
1740400 491
1740410 491
1740420 491
1740430 491
1740440 489
1740450 489
1740460 490
1740470 487
1740480 487
1740490 484
1740500 485
1740510 485
1740520 484
1740530 483
1740540 483
1740550 483
1740560 482
1740570 482
1740580 481
1740590 479
1740600 478
1740610 478
1740620 478
1740630 477
1740640 477
1740650 477
1740660 477
1740670 477
1740680 476
1740690 475
1740700 475
1740710 474
1740720 472
1740730 472
1740740 472
1740750 471
1740760 471
1740770 470
1740780 469
1740790 469
1740800 468
1740810 466
1740820 466
1740830 464
1740840 463
1740850 461
1740860 461
1740870 459
1740880 458
1740890 458
1740900 458
1740910 458
1740920 458
1740930 459
1740940 459
1740950 459
1740960 460
1740970 461
1740980 461
1740990 462
1741000 461
1741010 461
1741020 461
1741030 461
1741040 461
1741050 460
1741060 459
1741070 459
1741080 458
1741090 457
1741100 457
1741110 457
1741120 456
1741130 455
1741140 455
1741150 455
1741160 455
1741170 455
1741180 455
1741190 455
1741200 455
1741210 455
1741220 455
1741230 455
1741240 454
1741250 454
1741260 454
1741270 454
1741280 452
1741290 452
1741300 450
1741310 449
1741320 449
1741330 449
1741340 448
1741350 447
1741360 447
1741370 447
1741380 446
1741390 446
1741400 446
1741410 445
1741420 445
1741430 445
1741440 444
1741450 444
1741460 443
1741470 444
1741480 444
1741490 442
1741500 442
1741510 442
1741520 441
1741530 440
1741540 440
1741550 439
1741560 438
1741570 437
1741580 437
1741590 436
1741600 436
1741610 436
1741620 436
1741630 434
1741640 434
1741650 432
1741660 431
1741670 431
1741680 430
1741690 430
1741700 430
1741710 430
1741720 429
1741730 429
1741740 429
1741750 428
1741760 428
1741770 428
1741780 427
1741790 427
1741800 427
1741810 427
1741820 426
1741830 426
1741840 424
1741850 426
1741860 426
1741870 426
1741880 426
1741890 426
1741900 427
1741910 427
1741920 427
1741930 427
1741940 427
1741950 427
1741960 427
1741970 427
1741980 427
1741990 427
1742000 426
1742010 426
1742020 427
1742030 427
1742040 427
1742050 427
1742060 426
1742070 427
1742080 427
1742090 426
1742100 426
1742110 426
1742120 426
1742130 426
1742140 426
1742150 426
1742160 426
1742170 426
1742180 426
1742190 426
1742200 426
1742210 426
1742220 425
1742230 425
1742240 425
1742250 425
1742260 425
1742270 425
1742280 425
1742290 425
1742300 425
1742310 425
1742320 425
1742330 425
1742340 425
1742350 425
1742360 425
1742370 425
1742380 425
1742390 425
1742400 425
1742410 425
1742420 425
1742430 425
1742440 425
1742450 425
1742460 425
1742470 425
1742480 425
1742490 425
1742500 425
1742510 425
1742520 425
1742530 425
1742540 425
1742550 425
1742560 424
1742570 424
1742580 424
1742590 424
1742600 425
1742610 425
1742620 425
1742630 425
1742640 425
1742650 426
1742660 427
1742670 427
1742680 427
1742690 427
1742700 427
1742710 427
1742720 428
1742730 428
1742740 429
1742750 429
1742760 429
1742770 430
1742780 431
1742790 431
1742800 431
1742810 432
1742820 432
1742830 432
1742840 433
1742850 433
1742860 433
1742870 433
1742880 433
1742890 433
1742900 433
1742910 433
1742920 433
1742930 433
1742940 433
1742950 433
1742960 433
1742970 433
1742980 433
1742990 433
1743000 433
1743010 433
1743020 433
1743030 433
1743040 433
1743050 433
1743060 433
1743070 433
1743080 433
1743090 433
1743100 433
1743110 433
1743120 433
1743130 433
1743140 433
1743150 433
1743160 433
1743170 433
1743180 434
1743190 434
1743200 434
1743210 433
1743220 432
1743230 432
1743240 430
1743250 429
1743260 429
1743270 428
1743280 427
1743290 427
1743300 427
1743310 427
1743320 426
1743330 426
1743340 426
1743350 426
1743360 426
1743370 426
1743380 426
1743390 426
1743400 426
1743410 426
1743420 426
1743430 426
1743440 425
1743450 425
1743460 425
1743470 426
1743480 426
1743490 426
1743500 426
1743510 426
1743520 426
1743530 427
1743540 427
1743550 427
1743560 427
1743570 427
1743580 427
1743590 427
1743600 428
1743610 428
1743620 428
1743630 429
1743640 429
1743650 430
1743660 431
1743670 431
1743680 432
1743690 433
1743700 433
1743710 435
1743720 435
1743730 435
1743740 436
1743750 439
1743760 439
1743770 439
1743780 441
1743790 443
1743800 443
1743810 445
1743820 447
1743830 447
1743840 448
1743850 450
1743860 450
1743870 451
1743880 452
1743890 452
1743900 453
1743910 454
1743920 454
1743930 456
1743940 458
1743950 458
1743960 459
1743970 459
1743980 459
1743990 462
1744000 462
1744010 463
1744020 463
1744030 464
1744040 463
1744050 463
1744060 462
1744070 462
1744080 462
1744090 462
1744100 462
1744110 462
1744120 464
1744130 467
1744140 467
1744150 468
1744160 469
1744170 469
1744180 470
1744190 470
1744200 470
1744210 470
1744220 471
1744230 472
1744240 474
1744250 475
1744260 476
1744270 476
1744280 478
1744290 481
1744300 481
1744310 483
1744320 484
1744330 484
1744340 487
1744350 488
1744360 488
1744370 491
1744380 492
1744390 492
1744400 493
1744410 495
1744420 495
1744430 496
1744440 497
1744450 497
1744460 497
1744470 497
1744480 497
1744490 497
1744500 497
1744510 497
1744520 497
1744530 498
1744540 496
1744550 496
1744560 496
1744570 495
1744580 495
1744590 493
1744600 492
1744610 492
1744620 491
1744630 490
1744640 490
1744650 489
1744660 488
1744670 488
1744680 487
1744690 486
1744700 486
1744710 485
1744720 483
1744730 482
1744740 482
1744750 480
1744760 478
1744770 478
1744780 477
1744790 475
1744800 475
1744810 474
1744820 472
1744830 472
1744840 471
1744850 466
1744860 466
1744870 459
1744880 454
1744890 454
1744900 448
1744910 446
1744920 446
1744930 444
1744940 440
1744950 440
1744960 436
1744970 435
1744980 434
1744990 434
1745000 432
1745010 430
1745020 430
1745030 429
1745040 427
1745050 427
1745060 424
1745070 423
1745080 423
1745090 421
1745100 419
1745110 419
1745120 418
1745130 415
1745140 415
1745150 414
1745160 413
1745170 413
1745180 413
1745190 412
1745200 411
1745210 411
1745220 411
1745230 410
1745240 410
1745250 409
1745260 409
1745270 409
1745280 408
1745290 407
1745300 407
1745310 407
1745320 407
1745330 407
1745340 406
1745350 406
1745360 406
1745370 405
1745380 405
1745390 405
1745400 404
1745410 404
1745420 404
1745430 403
1745440 402
1745450 402
1745460 402
1745470 401
1745480 401
1745490 401
1745500 400
1745510 399
1745520 399
1745530 399
1745540 398
1745550 398
1745560 397
1745570 397
1745580 397
1745590 396
1745600 396
1745610 396
1745620 396
1745630 395
1745640 395
1745650 395
1745660 395
1745670 395
1745680 395
1745690 395
1745700 395
1745710 395
1745720 394
1745730 394
1745740 394
1745750 394
1745760 394
1745770 394
1745780 394
1745790 394
1745800 394
1745810 394
1745820 394
1745830 394
1745840 394
1745850 394
1745860 394
1745870 394
1745880 394
1745890 394
1745900 394
1745910 394
1745920 394
1745930 392
1745940 392
1745950 392
1745960 392
1745970 392
1745980 391
1745990 391
1746000 391
1746010 390
1746020 390
1746030 390
1746040 390
1746050 390
1746060 390
1746070 390
1746080 390
1746090 389
1746100 389
1746110 389
1746120 388
1746130 387
1746140 387
1746150 387
1746160 386
1746170 386
1746180 386
1746190 385
1746200 385
1746210 385
1746220 384
1746230 383
1746240 383
1746250 383
1746260 382
1746270 382
1746280 382
1746290 382
1746300 382
1746310 382
1746320 382
1746330 382
1746340 381
1746350 381
1746360 381
1746370 381
1746380 381
1746390 381
1746400 380
1746410 380
1746420 380
1746430 380
1746440 379
1746450 378
1746460 378
1746470 377
1746480 376
1746490 376
1746500 376
1746510 375
1746520 375
1746530 374
1746540 374
1746550 374
1746560 377
1746570 378
1746580 378
1746590 379
1746600 381
1746610 381
1746620 383
1746630 384
1746640 384
1746650 386
1746660 386
1746670 387
1746680 387
1746690 388
1746700 389
1746710 389
1746720 390
1746730 390
1746740 390
1746750 391
1746760 390
1746770 390
1746780 391
1746790 392
1746800 392
1746810 391
1746820 392
1746830 392
1746840 395
1746850 394
1746860 394
1746870 393
1746880 393
1746890 393
1746900 393
1746910 393
1746920 393
1746930 393
1746940 394
1746950 394
1746960 394
1746970 393
1746980 393
1746990 393
1747000 392
1747010 392
1747020 392
1747030 391
1747040 391
1747050 391
1747060 391
1747070 391
1747080 391
1747090 391
1747100 391
1747110 391
1747120 391
1747130 392
1747140 393
1747150 393
1747160 394
1747170 394
1747180 394
1747190 395
1747200 395
1747210 395
1747220 396
1747230 396
1747240 396
1747250 397
1747260 397
1747270 397
1747280 398
1747290 397
1747300 397
1747310 398
1747320 399
1747330 399
1747340 398
1747350 398
1747360 398
1747370 397
1747380 395
1747390 393
1747400 393
1747410 391
1747420 388
1747430 388
1747440 385
1747450 382
1747460 382
1747470 384
1747480 386
1747490 386
1747500 387
1747510 388
1747520 388
1747530 389
1747540 390
1747550 390
1747560 392
1747570 393
1747580 393
1747590 394
1747600 395
1747610 395
1747620 396
1747630 398
1747640 399
1747650 399
1747660 400
1747670 402
1747680 402
1747690 403
1747700 405
1747710 405
1747720 406
1747730 408
1747740 408
1747750 412
1747760 414
1747770 414
1747780 417
1747790 419
1747800 419
1747810 421
1747820 423
1747830 423
1747840 424
1747850 427
1747860 428
1747870 428
1747880 430
1747890 430
1747900 430
1747910 432
1747920 433
1747930 433
1747940 433
1747950 434
1747960 434
1747970 434
1747980 434
1747990 434
1748000 433
1748010 431
1748020 431
1748030 429
1748040 427
1748050 427
1748060 425
1748070 423
1748080 423
1748090 420
1748100 418
1748110 416
1748120 416
1748130 414
1748140 413
1748150 413
1748160 411
1748170 409
1748180 409
1748190 408
1748200 407
1748210 407
1748220 406
1748230 404
1748240 404
1748250 400
1748260 405
1748270 405
1748280 407
1748290 409
1748300 409
1748310 411
1748320 414
1748330 414
1748340 416
1748350 418
1748360 421
1748370 421
1748380 423
1748390 425
1748400 425
1748410 427
1748420 428
1748430 428
1748440 430
1748450 432
1748460 432
1748470 435
1748480 437
1748490 437
1748500 439
1748510 441
1748520 441
1748530 443
1748540 444
1748550 444
1748560 445
1748570 445
1748580 445
1748590 444
1748600 444
1748610 443
1748620 443
1748630 444
1748640 444
1748650 444
1748660 444
1748670 443
1748680 443
1748690 443
1748700 441
1748710 441
1748720 440
1748730 439
1748740 439
1748750 439
1748760 437
1748770 437
1748780 435
1748790 433
1748800 433
1748810 432
1748820 431
1748830 431
1748840 431
1748850 428
1748860 428
1748870 428
1748880 427
1748890 427
1748900 427
1748910 426
1748920 426
1748930 426
1748940 425
1748950 424
1748960 424
1748970 423
1748980 423
1748990 423
1749000 423
1749010 423
1749020 423
1749030 423
1749040 422
1749050 422
1749060 420
1749070 424
1749080 424
1749090 424
1749100 423
1749110 421
1749120 421
1749130 420
1749140 418
1749150 418
1749160 416
1749170 414
1749180 414
1749190 412
1749200 410
1749210 410
1749220 407
1749230 406
1749240 406
1749250 404
1749260 403
1749270 403
1749280 401
1749290 399
1749300 399
1749310 397
1749320 396
1749330 394
1749340 394
1749350 393
1749360 392
1749370 392
1749380 390
1749390 389
1749400 389
1749410 388
1749420 385
1749430 385
1749440 384
1749450 383
1749460 383
1749470 381
1749480 379
1749490 379
1749500 378
1749510 377
1749520 377
1749530 377
1749540 377
1749550 377
1749560 376
1749570 376
1749580 376
1749590 376
1749600 376
1749610 376
1749620 376
1749630 375
1749640 375
1749650 375
1749660 374
1749670 374
1749680 374
1749690 374
1749700 374
1749710 374
1749720 374
1749730 373
1749740 373
1749750 373
1749760 373
1749770 373
1749780 373
1749790 373
1749800 373
1749810 373
1749820 375
1749830 376
1749840 376
1749850 377
1749860 378
1749870 378
1749880 379
1749890 380
1749900 380
1749910 381
1749920 382
1749930 382
1749940 383
1749950 384
1749960 384
1749970 385
1749980 386
1749990 386
1750000 388
1750010 389
1750020 389
1750030 390
1750040 392
1750050 393
1750060 393
1750070 394
1750080 395
1750090 395
1750100 397
1750110 398
1750120 398
1750130 400
1750140 402
1750150 402
1750160 403
1750170 405
1750180 405
1750190 407
1750200 409
1750210 409
1750220 411
1750230 413
1750240 413
1750250 413
1750260 412
1750270 412
1750280 411
1750290 409
1750300 407
1750310 407
1750320 405
1750330 403
1750340 403
1750350 402
1750360 400
1750370 400
1750380 399
1750390 398
1750400 398
1750410 398
1750420 398
1750430 398
1750440 398
1750450 399
1750460 399
1750470 399
1750480 400
1750490 400
1750500 402
1750510 403
1750520 403
1750530 404
1750540 406
1750550 407
1750560 407
1750570 408
1750580 407
1750590 407
1750600 405
1750610 403
1750620 403
1750630 402
1750640 401
1750650 401
1750660 398
1750670 397
1750680 397
1750690 395
1750700 393
1750710 393
1750720 391
1750730 387
1750740 387
1750750 385
1750760 384
1750770 382
1750780 382
1750790 381
1750800 381
1750810 381
1750820 382
1750830 383
1750840 383
1750850 384
1750860 385
1750870 385
1750880 386
1750890 387
1750900 387
1750910 388
1750920 389
1750930 389
1750940 390
1750950 391
1750960 391
1750970 393
1750980 394
1750990 394
1751000 396
1751010 398
1751020 400
1751030 400
1751040 401
1751050 403
1751060 403
1751070 404
1751080 406
1751090 406
1751100 408
1751110 409
1751120 409
1751130 411
1751140 414
1751150 414
1751160 416
1751170 418
1751180 418
1751190 420
1751200 422
1751210 422
1751220 424
1751230 425
1751240 425
1751250 428
1751260 429
1751270 429
1751280 429
1751290 430
1751300 431
1751310 431
1751320 432
1751330 432
1751340 432
1751350 430
1751360 429
1751370 429
1751380 428
1751390 426
1751400 426
1751410 425
1751420 423
1751430 423
1751440 422
1751450 423
1751460 423
1751470 423
1751480 424
1751490 424
1751500 425
1751510 426
1751520 426
1751530 426
1751540 427
1751550 427
1751560 427
1751570 428
1751580 429
1751590 429
1751600 430
1751610 431
1751620 431
1751630 432
1751640 431
1751650 431
1751660 431
1751670 431
1751680 431
1751690 430
1751700 429
1751710 429
1751720 428
1751730 427
1751740 425
1751750 425
1751760 424
1751770 423
1751780 423
1751790 421
1751800 420
1751810 420
1751820 418
1751830 417
1751840 417
1751850 416
1751860 415
1751870 415
1751880 413
1751890 410
1751900 410
1751910 411
1751920 411
1751930 411
1751940 411
1751950 410
1751960 410
1751970 408
1751980 408
1751990 407
1752000 407
1752010 406
1752020 405
1752030 405
1752040 404
1752050 403
1752060 403
1752070 401
1752080 400
1752090 400
1752100 399
1752110 398
1752120 398
1752130 397
1752140 396
1752150 396
1752160 394
1752170 394
1752180 394
1752190 394
1752200 393
1752210 393
1752220 393
1752230 393
1752240 393
1752250 393
1752260 393
1752270 393
1752280 393
1752290 393
1752300 393
1752310 393
1752320 393
1752330 393
1752340 393
1752350 394
1752360 396
1752370 396
1752380 397
1752390 399
1752400 399
1752410 401
1752420 403
1752430 403
1752440 404
1752450 406
1752460 408
1752470 408
1752480 410
1752490 412
1752500 412
1752510 414
1752520 415
1752530 415
1752540 417
1752550 418
1752560 418
1752570 419
1752580 420
1752590 420
1752600 421
1752610 422
1752620 422
1752630 423
1752640 423
1752650 423
1752660 424
1752670 425
1752680 425
1752690 424
1752700 424
1752710 423
1752720 423
1752730 420
1752740 419
1752750 419
1752760 418
1752770 417
1752780 417
1752790 415
1752800 414
1752810 414
1752820 413
1752830 411
1752840 411
1752850 410
1752860 409
1752870 409
1752880 408
1752890 406
1752900 406
1752910 406
1752920 404
1752930 404
1752940 403
1752950 403
1752960 406
1752970 406
1752980 408
1752990 409
1753000 409
1753010 410
1753020 411
1753030 411
1753040 411
1753050 412
1753060 412
1753070 412
1753080 413
1753090 413
1753100 415
1753110 417
1753120 417
1753130 418
1753140 418
1753150 418
1753160 419
1753170 420
1753180 420
1753190 421
1753200 422
1753210 423
1753220 423
1753230 424
1753240 426
1753250 426
1753260 427
1753270 428
1753280 428
1753290 430
1753300 431
1753310 431
1753320 433
1753330 436
1753340 436
1753350 438
1753360 438
1753370 438
1753380 440
1753390 441
1753400 441
1753410 441
1753420 442
1753430 442
1753440 442
1753450 449
1753460 454
1753470 454
1753480 457
1753490 461
1753500 461
1753510 465
1753520 470
1753530 470
1753540 474
1753550 479
1753560 479
1753570 484
1753580 490
1753590 490
1753600 495
1753610 499
1753620 499
1753630 501
1753640 502
1753650 502
1753660 503
1753670 508
1753680 511
1753690 511
1753700 514
1753710 516
1753720 516
1753730 519
1753740 522
1753750 522
1753760 524
1753770 525
1753780 525
1753790 526
1753800 527
1753810 527
1753820 527
1753830 528
1753840 528
1753850 529
1753860 531
1753870 531
1753880 533
1753890 535
1753900 535
1753910 537
1753920 539
1753930 541
1753940 541
1753950 543
1753960 545
1753970 545
1753980 547
1753990 550
1754000 550
1754010 551
1754020 551
1754030 551
1754040 551
1754050 550
1754060 550
1754070 550
1754080 549
1754090 549
1754100 549
1754110 547
1754120 547
1754130 545
1754140 543
1754150 543
1754160 542
1754170 539
1754180 538
1754190 538
1754200 536
1754210 534
1754220 534
1754230 531
1754240 529
1754250 529
1754260 524
1754270 519
1754280 519
1754290 516
1754300 511
1754310 511
1754320 508
1754330 505
1754340 505
1754350 501
1754360 496
1754370 496
1754380 491
1754390 488
1754400 483
1754410 483
1754420 479
1754430 478
1754440 478
1754450 475
1754460 472
1754470 472
1754480 469
1754490 468
1754500 468
1754510 469
1754520 467
1754530 467
1754540 466
1754550 464
1754560 464
1754570 462
1754580 460
1754590 460
1754600 459
1754610 457
1754620 457
1754630 455
1754640 453
1754650 450
1754660 450
1754670 449
1754680 450
1754690 450
1754700 449
1754710 446
1754720 446
1754730 444
1754740 441
1754750 441
1754760 442
1754770 443
1754780 443
1754790 445
1754800 444
1754810 444
1754820 442
1754830 442
1754840 442
1754850 443
1754860 441
1754870 441
1754880 439
1754890 437
1754900 435
1754910 435
1754920 433
1754930 432
1754940 432
1754950 432
1754960 432
1754970 432
1754980 431
1754990 430
1755000 430
1755010 430
1755020 429
1755030 429
1755040 428
1755050 427
1755060 427
1755070 425
1755080 426
1755090 426
1755100 425
1755110 423
1755120 423
1755130 422
1755140 422
1755150 422
1755160 422
1755170 421
1755180 420
1755190 420
1755200 418
1755210 417
1755220 417
1755230 416
1755240 416
1755250 416
1755260 415
1755270 415
1755280 415
1755290 415
1755300 415
1755310 415
1755320 414
1755330 414
1755340 414
1755350 414
1755360 414
1755370 414
1755380 414
1755390 414
1755400 414
1755410 415
1755420 415
1755430 415
1755440 415
1755450 415
1755460 414
1755470 414
1755480 414
1755490 413
1755500 413
1755510 413
1755520 413
1755530 413
1755540 412
1755550 412
1755560 412
1755570 411
1755580 411
1755590 411
1755600 410
1755610 410
1755620 409
1755630 409
1755640 408
1755650 408
1755660 408
1755670 407
1755680 406
1755690 406
1755700 406
1755710 406
1755720 406
1755730 405
1755740 404
1755750 404
1755760 404
1755770 404
1755780 404
1755790 403
1755800 403
1755810 403
1755820 402
1755830 402
1755840 402
1755850 401
1755860 401
1755870 401
1755880 401
1755890 401
1755900 401
1755910 401
1755920 401
1755930 400
1755940 400
1755950 400
1755960 400
1755970 400
1755980 400
1755990 400
1756000 400
1756010 399
1756020 399
1756030 399
1756040 399
1756050 399
1756060 399
1756070 400
1756080 400
1756090 400
1756100 400
1756110 401
1756120 401
1756130 401
1756140 401
1756150 402
1756160 402
1756170 402
1756180 402
1756190 402
1756200 403
1756210 403
1756220 403
1756230 404
1756240 404
1756250 404
1756260 404
1756270 404
1756280 404
1756290 404
1756300 404
1756310 404
1756320 404
1756330 403
1756340 402
1756350 402
1756360 402
1756370 404
1756380 404
1756390 405
1756400 404
1756410 404
1756420 406
1756430 406
1756440 406
1756450 407
1756460 407
1756470 407
1756480 407
1756490 408
1756500 408
1756510 408
1756520 409
1756530 409
1756540 409
1756550 410
1756560 410
1756570 410
1756580 410
1756590 411
1756600 411
1756610 411
1756620 411
1756630 411
1756640 412
1756650 412
1756660 412
1756670 412
1756680 412
1756690 412
1756700 411
1756710 407
1756720 407
1756730 404
1756740 404
1756750 404
1756760 403
1756770 402
1756780 402
1756790 401
1756800 400
1756810 400
1756820 399
1756830 397
1756840 396
1756850 396
1756860 396
1756870 396
1756880 396
1756890 395
1756900 395
1756910 395
1756920 395
1756930 395
1756940 395
1756950 396
1756960 397
1756970 397
1756980 398
1756990 399
1757000 399
1757010 401
1757020 402
1757030 402
1757040 403
1757050 404
1757060 404
1757070 404
1757080 405
1757090 406
1757100 406
1757110 407
1757120 409
1757130 409
1757140 411
1757150 413
1757160 413
1757170 413
1757180 414
1757190 414
1757200 415
1757210 415
1757220 415
1757230 415
1757240 416
1757250 416
1757260 417
1757270 418
1757280 418
1757290 419
1757300 419
1757310 420
1757320 420
1757330 421
1757340 422
1757350 422
1757360 423
1757370 423
1757380 423
1757390 423
1757400 424
1757410 424
1757420 424
1757430 425
1757440 425
1757450 426
1757460 426
1757470 426
1757480 426
1757490 426
1757500 426
1757510 426
1757520 426
1757530 426
1757540 425
1757550 425
1757560 425
1757570 425
1757580 425
1757590 424
1757600 424
1757610 424
1757620 423
1757630 423
1757640 422
1757650 422
1757660 422
1757670 423
1757680 423
1757690 423
1757700 424
1757710 425
1757720 425
1757730 424
1757740 425
1757750 425
1757760 424
1757770 424
1757780 424
1757790 425
1757800 425
1757810 426
1757820 426
1757830 426
1757840 426
1757850 426
1757860 427
1757870 428
1757880 428
1757890 429
1757900 430
1757910 430
1757920 431
1757930 431
1757940 431
1757950 432
1757960 432
1757970 432
1757980 432
1757990 433
1758000 433
1758010 433
1758020 434
1758030 434
1758040 434
1758050 434
1758060 436
1758070 436
1758080 438
1758090 439
1758100 439
1758110 439
1758120 439
1758130 439
1758140 441
1758150 442
1758160 442
1758170 442
1758180 443
1758190 443
1758200 443
1758210 442
1758220 442
1758230 441
1758240 442
1758250 442
1758260 443
1758270 443
1758280 443
1758290 443
1758300 443
1758310 443
1758320 443
1758330 443
1758340 442
1758350 443
1758360 443
1758370 442
1758380 442
1758390 442
1758400 442
1758410 442
1758420 441
1758430 441
1758440 441
1758450 441
1758460 440
1758470 440
1758480 439
1758490 438
1758500 438
1758510 438
1758520 436
1758530 435
1758540 435
1758550 433
1758560 431
1758570 431
1758580 430
1758590 429
1758600 429
1758610 428
1758620 427
1758630 427
1758640 426
1758650 425
1758660 425
1758670 424
1758680 423
1758690 423
1758700 422
1758710 421
1758720 421
1758730 420
1758740 419
1758750 419
1758760 418
1758770 416
1758780 415
1758790 415
1758800 414
1758810 412
1758820 412
1758830 411
1758840 408
1758850 408
1758860 405
1758870 406
1758880 406
1758890 405
1758900 402
1758910 402
1758920 401
1758930 400
1758940 400
1758950 399
1758960 398
1758970 398
1758980 397
1758990 398
1759000 398
1759010 398
1759020 399
1759030 400
1759040 400
1759050 401
1759060 402
1759070 402
1759080 403
1759090 404
1759100 404
1759110 404
1759120 405
1759130 405
1759140 405
1759150 406
1759160 406
1759170 406
1759180 407
1759190 407
1759200 407
1759210 408
1759220 408
1759230 409
1759240 410
1759250 410
1759260 410
1759270 409
1759280 409
1759290 409
1759300 408
1759310 407
1759320 407
1759330 406
1759340 404
1759350 404
1759360 401
1759370 400
1759380 400
1759390 399
1759400 398
1759410 398
1759420 397
1759430 396
1759440 396
1759450 394
1759460 392
1759470 392
1759480 390
1759490 390
1759500 388
1759510 388
1759520 388
1759530 387
1759540 387
1759550 387
1759560 387
1759570 387
1759580 388
1759590 389
1759600 389
1759610 389
1759620 389
1759630 389
1759640 389
1759650 390
1759660 390
1759670 390
1759680 391
1759690 391
1759700 391
1759710 392
1759720 392
1759730 393
1759740 394
1759750 395
1759760 395
1759770 396
1759780 396
1759790 396
1759800 398
1759810 399
1759820 399
1759830 399
1759840 400
1759850 400
1759860 400
1759870 401
1759880 401
1759890 402
1759900 403
1759910 403
1759920 404
1759930 406
1759940 406
1759950 407
1759960 408
1759970 410
1759980 410
1759990 414
