1740000 448
1740010 448
1740020 448
1740030 448
1740040 448
1740050 448
1740060 448
1740070 448
1740080 448
1740090 447
1740100 447
1740110 448
1740120 447
1740130 447
1740140 447
1740150 447
1740160 447
1740170 447
1740180 445
1740190 448
1740200 448
1740210 446
1740220 446
1740230 446
1740240 446
1740250 446
1740260 446
1740270 446
1740280 446
1740290 446
1740300 446
1740310 446
1740320 446
1740330 446
1740340 446
1740350 446
1740360 446
1740370 447
1740380 446
1740390 446
1740400 446
1740410 446
1740420 446
1740430 446
1740440 446
1740450 446
1740460 445
1740470 446
1740480 446
1740490 445
1740500 445
1740510 445
1740520 445
1740530 445
1740540 445
1740550 445
1740560 445
1740570 445
1740580 445
1740590 445
1740600 445
1740610 445
1740620 445
1740630 444
1740640 444
1740650 444
1740660 444
1740670 444
1740680 444
1740690 444
1740700 444
1740710 444
1740720 444
1740730 444
1740740 444
1740750 443
1740760 443
1740770 443
1740780 443
1740790 443
1740800 443
1740810 443
1740820 443
1740830 444
1740840 444
1740850 444
1740860 444
1740870 444
1740880 444
1740890 444
1740900 443
1740910 444
1740920 444
1740930 443
1740940 443
1740950 443
1740960 443
1740970 444
1740980 444
1740990 443
1741000 444
1741010 444
1741020 444
1741030 444
1741040 444
1741050 444
1741060 444
1741070 444
1741080 444
1741090 444
1741100 444
1741110 444
1741120 444
1741130 444
1741140 444
1741150 444
1741160 443
1741170 443
1741180 443
1741190 442
1741200 442
1741210 443
1741220 444
1741230 444
1741240 443
1741250 440
1741260 440
1741270 441
1741280 441
1741290 441
1741300 441
1741310 441
1741320 441
1741330 441
1741340 441
1741350 441
1741360 441
1741370 441
1741380 441
1741390 441
1741400 441
1741410 441
1741420 441
1741430 441
1741440 441
1741450 441
1741460 441
1741470 441
1741480 441
1741490 441
1741500 441
1741510 441
1741520 441
1741530 441
1741540 441
1741550 440
1741560 440
1741570 440
1741580 439
1741590 438
1741600 438
1741610 438
1741620 443
1741630 444
1741640 444
1741650 445
1741660 447
1741670 447
1741680 448
1741690 448
1741700 448
1741710 449
1741720 449
1741730 449
1741740 449
1741750 449
1741760 449
1741770 449
1741780 449
1741790 449
1741800 449
1741810 449
1741820 449
1741830 449
1741840 449
1741850 449
1741860 449
1741870 450
1741880 450
1741890 450
1741900 450
1741910 450
1741920 450
1741930 450
1741940 450
1741950 450
1741960 450
1741970 450
1741980 450
1741990 451
1742000 451
1742010 451
1742020 451
1742030 451
1742040 451
1742050 452
1742060 452
1742070 452
1742080 452
1742090 452
1742100 453
1742110 453
1742120 453
1742130 453
1742140 453
1742150 454
1742160 455
1742170 455
1742180 456
1742190 456
1742200 456
1742210 457
1742220 457
1742230 457
1742240 458
1742250 460
1742260 460
1742270 461
1742280 463
1742290 463
1742300 464
1742310 465
1742320 465
1742330 465
1742340 467
1742350 469
1742360 469
1742370 470
1742380 471
1742390 471
1742400 471
1742410 472
1742420 472
1742430 474
1742440 474
1742450 474
1742460 474
1742470 475
1742480 475
1742490 476
1742500 478
1742510 478
1742520 479
1742530 480
1742540 480
1742550 482
1742560 483
1742570 483
1742580 485
1742590 486
1742600 487
1742610 487
1742620 488
1742630 488
1742640 488
1742650 488
1742660 487
1742670 487
1742680 488
1742690 488
1742700 488
1742710 487
1742720 486
1742730 486
1742740 485
1742750 483
1742760 483
1742770 482
1742780 480
1742790 480
1742800 478
1742810 477
1742820 475
1742830 475
1742840 474
1742850 471
1742860 471
1742870 469
1742880 466
1742890 466
1742900 464
1742910 461
1742920 461
1742930 459
1742940 458
1742950 458
1742960 457
1742970 455
1742980 455
1742990 454
1743000 452
1743010 452
1743020 450
1743030 449
1743040 449
1743050 448
1743060 446
1743070 445
1743080 445
1743090 445
1743100 444
1743110 444
1743120 444
1743130 444
1743140 444
1743150 444
1743160 444
1743170 444
1743180 444
1743190 443
1743200 443
1743210 443
1743220 443
1743230 443
1743240 443
1743250 441
1743260 441
1743270 444
1743280 444
1743290 444
1743300 444
1743310 444
1743320 444
1743330 444
1743340 444
1743350 444
1743360 444
1743370 444
1743380 444
1743390 444
1743400 444
1743410 444
1743420 444
1743430 444
1743440 444
1743450 444
1743460 445
1743470 446
1743480 446
1743490 447
1743500 448
1743510 448
1743520 450
1743530 451
1743540 451
1743550 453
1743560 455
1743570 458
1743580 458
1743590 460
1743600 462
1743610 462
1743620 464
1743630 466
1743640 466
1743650 468
1743660 473
1743670 473
1743680 475
1743690 477
1743700 477
1743710 478
1743720 480
1743730 480
1743740 481
1743750 481
1743760 481
1743770 481
1743780 480
1743790 480
1743800 479
1743810 478
1743820 477
1743830 477
1743840 475
1743850 470
1743860 470
1743870 467
1743880 463
1743890 463
1743900 461
1743910 459
1743920 459
1743930 458
1743940 457
1743950 457
1743960 457
1743970 456
1743980 456
1743990 454
1744000 452
1744010 452
1744020 452
1744030 449
1744040 448
1744050 448
1744060 447
1744070 445
1744080 445
1744090 443
1744100 441
1744110 441
1744120 440
1744130 439
1744140 439
1744150 437
1744160 436
1744170 436
1744180 435
1744190 434
1744200 434
1744210 434
1744220 434
1744230 434
1744240 433
1744250 433
1744260 433
1744270 433
1744280 433
1744290 433
1744300 433
1744310 433
1744320 433
1744330 433
1744340 433
1744350 433
1744360 433
1744370 433
1744380 433
1744390 433
1744400 433
1744410 433
1744420 433
1744430 433
1744440 434
1744450 434
1744460 434
1744470 434
1744480 434
1744490 434
1744500 434
1744510 434
1744520 434
1744530 435
1744540 435
1744550 435
1744560 436
1744570 436
1744580 436
1744590 437
1744600 438
1744610 438
1744620 439
1744630 439
1744640 439
1744650 440
1744660 440
1744670 440
1744680 441
1744690 441
1744700 441
1744710 441
1744720 442
1744730 442
1744740 442
1744750 443
1744760 443
1744770 443
1744780 443
1744790 443
1744800 443
1744810 442
1744820 442
1744830 442
1744840 442
1744850 442
1744860 442
1744870 441
1744880 439
1744890 439
1744900 438
1744910 438
1744920 438
1744930 439
1744940 438
1744950 438
1744960 438
1744970 437
1744980 437
1744990 436
1745000 436
1745010 436
1745020 435
1745030 434
1745040 433
1745050 433
1745060 432
1745070 431
1745080 431
1745090 430
1745100 428
1745110 428
1745120 426
1745130 424
1745140 424
1745150 419
1745160 418
1745170 418
1745180 416
1745190 414
1745200 414
1745210 414
1745220 413
1745230 413
1745240 413
1745250 414
1745260 414
1745270 415
1745280 416
1745290 417
1745300 417
1745310 416
1745320 415
1745330 415
1745340 412
1745350 411
1745360 411
1745370 409
1745380 406
1745390 406
1745400 405
1745410 405
1745420 405
1745430 404
1745440 402
1745450 402
1745460 401
1745470 400
1745480 400
1745490 399
1745500 400
1745510 400
1745520 400
1745530 399
1745540 398
1745550 398
1745560 398
1745570 397
1745580 397
1745590 396
1745600 395
1745610 395
1745620 395
1745630 394
1745640 394
1745650 393
1745660 393
1745670 393
1745680 392
1745690 387
1745700 387
1745710 386
1745720 385
1745730 385
1745740 385
1745750 389
1745760 390
1745770 390
1745780 390
1745790 390
1745800 390
1745810 391
1745820 391
1745830 391
1745840 392
1745850 393
1745860 393
1745870 394
1745880 395
1745890 395
1745900 396
1745910 396
1745920 396
1745930 397
1745940 398
1745950 398
1745960 399
1745970 400
1745980 400
1745990 402
1746000 403
1746010 404
1746020 404
1746030 406
1746040 408
1746050 408
1746060 410
1746070 412
1746080 412
1746090 414
1746100 415
1746110 415
1746120 417
1746130 418
1746140 418
1746150 419
1746160 420
1746170 420
1746180 421
1746190 421
1746200 421
1746210 422
1746220 423
1746230 423
1746240 424
1746250 424
1746260 423
1746270 423
1746280 423
1746290 422
1746300 422
1746310 422
1746320 421
1746330 421
1746340 421
1746350 420
1746360 420
1746370 420
1746380 419
1746390 419
1746400 418
1746410 417
1746420 417
1746430 415
1746440 414
1746450 414
1746460 413
1746470 411
1746480 411
1746490 410
1746500 409
1746510 408
1746520 408
1746530 406
1746540 404
1746550 404
1746560 403
1746570 401
1746580 401
1746590 400
1746600 398
1746610 398
1746620 396
1746630 395
1746640 395
1746650 393
1746660 392
1746670 392
1746680 390
1746690 389
1746700 389
1746710 388
1746720 386
1746730 385
1746740 385
1746750 384
1746760 386
1746770 386
1746780 387
1746790 389
1746800 389
1746810 390
1746820 391
1746830 391
1746840 392
1746850 393
1746860 393
1746870 393
1746880 394
1746890 394
1746900 394
1746910 395
1746920 395
1746930 398
1746940 399
1746950 399
1746960 400
1746970 400
1746980 400
1746990 400
1747000 402
1747010 404
1747020 404
1747030 407
1747040 409
1747050 409
1747060 410
1747070 411
1747080 411
1747090 412
1747100 413
1747110 413
1747120 414
1747130 416
1747140 416
1747150 419
1747160 422
1747170 422
1747180 426
1747190 431
1747200 431
1747210 433
1747220 434
1747230 435
1747240 435
1747250 435
1747260 436
1747270 436
1747280 436
1747290 436
1747300 436
1747310 436
1747320 436
1747330 436
1747340 436
1747350 436
1747360 436
1747370 436
1747380 436
1747390 436
1747400 437
1747410 437
1747420 437
1747430 437
1747440 438
1747450 438
1747460 438
1747470 438
1747480 439
1747490 439
1747500 441
1747510 443
1747520 443
1747530 444
1747540 446
1747550 446
1747560 445
1747570 445
1747580 445
1747590 445
1747600 446
1747610 446
1747620 445
1747630 445
1747640 445
1747650 444
1747660 444
1747670 444
1747680 443
1747690 442
1747700 442
1747710 442
1747720 441
1747730 440
1747740 440
1747750 439
1747760 439
1747770 439
1747780 438
1747790 436
1747800 436
1747810 436
1747820 435
1747830 435
1747840 433
1747850 433
1747860 433
1747870 433
1747880 432
1747890 432
1747900 431
1747910 431
1747920 431
1747930 429
1747940 427
1747950 427
1747960 425
1747970 422
1747980 420
1747990 420
1748000 419
1748010 417
1748020 417
1748030 415
1748040 414
1748050 414
1748060 412
1748070 410
1748080 410
1748090 409
1748100 407
1748110 407
1748120 405
1748130 404
1748140 404
1748150 403
1748160 402
1748170 402
1748180 401
1748190 399
1748200 396
1748210 396
1748220 396
1748230 394
1748240 394
1748250 393
1748260 392
1748270 392
1748280 391
1748290 390
1748300 390
1748310 391
1748320 392
1748330 392
1748340 391
1748350 391
1748360 391
1748370 392
1748380 393
1748390 393
1748400 394
1748410 396
1748420 396
1748430 398
1748440 400
1748450 402
1748460 402
1748470 403
1748480 404
1748490 404
1748500 405
1748510 405
1748520 405
1748530 406
1748540 407
1748550 407
1748560 408
1748570 409
1748580 409
1748590 410
1748600 411
1748610 411
1748620 412
1748630 413
1748640 413
1748650 414
1748660 415
1748670 415
1748680 417
1748690 418
1748700 419
1748710 419
1748720 421
1748730 422
1748740 422
1748750 422
1748760 423
1748770 423
1748780 424
1748790 425
1748800 425
1748810 426
1748820 427
1748830 427
1748840 428
1748850 428
1748860 428
1748870 429
1748880 429
1748890 429
1748900 430
1748910 429
1748920 429
1748930 429
1748940 428
1748950 426
1748960 426
1748970 424
1748980 421
1748990 421
1749000 420
1749010 416
1749020 416
1749030 414
1749040 412
1749050 412
1749060 410
1749070 408
1749080 408
1749090 406
1749100 404
1749110 404
1749120 402
1749130 400
1749140 400
1749150 399
1749160 397
1749170 397
1749180 396
1749190 395
1749200 394
1749210 394
1749220 393
1749230 392
1749240 392
1749250 391
1749260 390
1749270 390
1749280 390
1749290 388
1749300 388
1749310 387
1749320 386
1749330 386
1749340 385
1749350 383
1749360 383
1749370 385
1749380 386
1749390 386
1749400 387
1749410 388
1749420 388
1749430 388
1749440 389
1749450 390
1749460 390
1749470 391
1749480 393
1749490 393
1749500 394
1749510 396
1749520 396
1749530 397
1749540 399
1749550 399
1749560 399
1749570 400
1749580 400
1749590 401
1749600 401
1749610 401
1749620 402
1749630 402
1749640 402
1749650 402
1749660 401
1749670 400
1749680 400
1749690 400
1749700 400
1749710 400
1749720 400
1749730 401
1749740 401
1749750 403
1749760 405
1749770 405
1749780 406
1749790 407
1749800 407
1749810 407
1749820 407
1749830 407
1749840 407
1749850 407
1749860 407
1749870 407
1749880 409
1749890 409
1749900 410
1749910 412
1749920 413
1749930 413
1749940 414
1749950 415
1749960 415
1749970 416
1749980 417
1749990 417
1750000 418
1750010 419
1750020 419
1750030 421
1750040 422
1750050 422
1750060 422
1750070 423
1750080 423
1750090 424
1750100 426
1750110 426
1750120 427
1750130 427
1750140 427
1750150 428
1750160 429
1750170 430
1750180 430
1750190 431
1750200 432
1750210 432
1750220 433
1750230 434
1750240 434
1750250 435
1750260 436
1750270 436
1750280 437
1750290 438
1750300 438
1750310 438
1750320 439
1750330 439
1750340 438
1750350 438
1750360 438
1750370 437
1750380 436
1750390 436
1750400 435
1750410 433
1750420 432
1750430 432
1750440 430
1750450 428
1750460 428
1750470 427
1750480 424
1750490 424
1750500 423
1750510 422
1750520 422
1750530 420
1750540 419
1750550 419
1750560 416
1750570 414
1750580 414
1750590 412
1750600 410
1750610 410
1750620 408
1750630 405
1750640 405
1750650 405
1750660 407
1750670 408
1750680 408
1750690 409
1750700 410
1750710 410
1750720 413
1750730 414
1750740 414
1750750 416
1750760 417
1750770 417
1750780 418
1750790 418
1750800 418
1750810 419
1750820 420
1750830 420
1750840 421
1750850 422
1750860 422
1750870 423
1750880 424
1750890 425
1750900 425
1750910 426
1750920 427
1750930 427
1750940 428
1750950 429
1750960 429
1750970 430
1750980 431
1750990 431
1751000 432
1751010 431
1751020 431
1751030 432
1751040 434
1751050 434
1751060 434
1751070 435
1751080 435
1751090 436
1751100 437
1751110 437
1751120 438
1751130 440
1751140 441
1751150 441
1751160 444
1751170 444
1751180 444
1751190 445
1751200 449
1751210 449
1751220 452
1751230 457
1751240 457
1751250 462
1751260 465
1751270 465
1751280 466
1751290 470
1751300 470
1751310 473
1751320 478
1751330 478
1751340 481
1751350 482
1751360 482
1751370 485
1751380 487
1751390 488
1751400 488
1751410 488
1751420 487
1751430 487
1751440 487
1751450 486
1751460 486
1751470 486
1751480 487
1751490 487
1751500 484
1751510 483
1751520 483
1751530 479
1751540 475
1751550 475
1751560 472
1751570 470
1751580 470
1751590 469
1751600 470
1751610 470
1751620 469
1751630 469
1751640 469
1751650 469
1751660 468
1751670 468
1751680 468
1751690 468
1751700 468
1751710 468
1751720 468
1751730 468
1751740 468
1751750 468
1751760 468
1751770 468
1751780 468
1751790 469
1751800 469
1751810 469
1751820 469
1751830 469
1751840 470
1751850 471
1751860 471
1751870 472
1751880 473
1751890 473
1751900 473
1751910 474
1751920 475
1751930 475
1751940 475
1751950 475
1751960 475
1751970 475
1751980 475
1751990 475
1752000 472
1752010 468
1752020 468
1752030 464
1752040 459
1752050 459
1752060 454
1752070 456
1752080 456
1752090 460
1752100 467
1752110 467
1752120 470
1752130 471
1752140 473
1752150 473
1752160 474
1752170 474
1752180 474
1752190 473
1752200 473
1752210 473
1752220 473
1752230 474
1752240 474
1752250 475
1752260 476
1752270 476
1752280 477
1752290 477
1752300 477
1752310 476
1752320 476
1752330 476
1752340 474
1752350 470
1752360 465
1752370 465
1752380 463
1752390 456
1752400 456
1752410 460
1752420 467
1752430 467
1752440 474
1752450 475
1752460 475
1752470 473
1752480 468
1752490 468
1752500 463
1752510 471
1752520 471
1752530 479
1752540 482
1752550 482
1752560 484
1752570 484
1752580 484
1752590 483
1752600 482
1752610 480
1752620 480
1752630 479
1752640 478
1752650 478
1752660 475
1752670 472
1752680 472
1752690 469
1752700 462
1752710 462
1752720 465
1752730 471
1752740 471
1752750 480
1752760 488
1752770 488
1752780 495
1752790 501
1752800 501
1752810 505
1752820 506
1752830 506
1752840 507
1752850 508
1752860 509
1752870 509
1752880 511
1752890 513
1752900 513
1752910 517
1752920 520
1752930 520
1752940 522
1752950 523
1752960 523
1752970 523
1752980 524
1752990 524
1753000 525
1753010 527
1753020 527
1753030 528
1753040 530
1753050 530
1753060 535
1753070 538
1753080 538
1753090 540
1753100 542
1753110 543
1753120 543
1753130 544
1753140 545
1753150 545
1753160 546
1753170 547
1753180 549
1753190 551
1753200 552
1753210 552
1753220 555
1753230 557
1753240 557
1753250 558
1753260 560
1753270 560
1753280 563
1753290 565
1753300 565
1753310 567
1753320 571
1753330 571
1753340 575
1753350 580
1753360 584
1753370 584
1753380 587
1753390 590
1753400 590
1753410 592
1753420 591
1753430 591
1753440 586
1753450 580
1753460 580
1753470 576
1753480 583
1753490 583
1753500 587
1753510 591
1753520 591
1753530 594
1753540 598
1753550 598
1753560 600
1753570 603
1753580 605
1753590 605
1753600 608
1753610 610
1753620 610
1753630 612
1753640 614
1753650 614
1753660 617
1753670 620
1753680 620
1753690 622
1753700 625
1753710 625
1753720 628
1753730 631
1753740 631
1753750 633
1753760 636
1753770 636
1753780 638
1753790 640
1753800 640
1753810 642
1753820 644
1753830 646
1753840 646
1753850 648
1753860 651
1753870 651
1753880 652
1753890 653
1753900 653
1753910 655
1753920 657
1753930 657
1753940 657
1753950 658
1753960 658
1753970 658
1753980 657
1753990 657
1754000 657
1754010 656
1754020 656
1754030 655
1754040 653
1754050 653
1754060 651
1754070 649
1754080 647
1754090 647
1754100 644
1754110 641
1754120 641
1754130 638
1754140 634
1754150 634
1754160 629
1754170 625
1754180 625
1754190 620
1754200 618
1754210 618
1754220 617
1754230 615
1754240 615
1754250 611
1754260 608
1754270 608
1754280 610
1754290 614
1754300 614
1754310 617
1754320 618
1754330 619
1754340 619
1754350 620
1754360 620
1754370 620
1754380 618
1754390 615
1754400 615
1754410 612
1754420 608
1754430 608
1754440 604
1754450 601
1754460 601
1754470 598
1754480 595
1754490 595
1754500 592
1754510 589
1754520 589
1754530 586
1754540 583
1754550 583
1754560 579
1754570 575
1754580 571
1754590 571
1754600 568
1754610 566
1754620 566
1754630 563
1754640 560
1754650 560
1754660 557
1754670 554
1754680 554
1754690 551
1754700 546
1754710 546
1754720 542
1754730 538
1754740 538
1754750 530
1754760 531
1754770 531
1754780 529
1754790 528
1754800 528
1754810 525
1754820 523
1754830 521
1754840 521
1754850 518
1754860 514
1754870 514
1754880 513
1754890 513
1754900 513
1754910 514
1754920 516
1754930 516
1754940 518
1754950 521
1754960 521
1754970 524
1754980 527
1754990 527
1755000 529
1755010 529
1755020 529
1755030 528
1755040 528
1755050 528
1755060 528
1755070 525
1755080 523
1755090 523
1755100 521
1755110 519
1755120 519
1755130 516
1755140 515
1755150 515
1755160 513
1755170 511
1755180 511
1755190 507
1755200 505
1755210 505
1755220 504
1755230 503
1755240 503
1755250 502
1755260 501
1755270 501
1755280 500
1755290 498
1755300 497
1755310 497
1755320 494
1755330 492
1755340 492
1755350 490
1755360 488
1755370 488
1755380 486
1755390 484
1755400 484
1755410 483
1755420 481
1755430 481
1755440 478
1755450 476
1755460 476
1755470 474
1755480 472
1755490 472
1755500 470
1755510 468
1755520 468
1755530 466
1755540 460
1755550 458
1755560 458
1755570 455
1755580 454
1755590 454
1755600 456
1755610 453
1755620 453
1755630 449
1755640 445
1755650 445
1755660 448
1755670 452
1755680 452
1755690 451
1755700 444
1755710 444
1755720 443
1755730 444
1755740 444
1755750 453
1755760 460
1755770 460
1755780 465
1755790 469
1755800 472
1755810 472
1755820 474
1755830 476
1755840 476
1755850 478
1755860 478
1755870 478
1755880 478
1755890 478
1755900 478
1755910 478
1755920 478
1755930 478
1755940 478
1755950 477
1755960 477
1755970 477
1755980 476
1755990 476
1756000 476
1756010 476
1756020 476
1756030 475
1756040 475
1756050 475
1756060 475
1756070 474
1756080 474
1756090 474
1756100 474
1756110 475
1756120 475
1756130 475
1756140 474
1756150 474
1756160 471
1756170 467
1756180 467
1756190 457
1756200 450
1756210 450
1756220 457
1756230 459
1756240 459
1756250 465
1756260 468
1756270 471
1756280 471
1756290 472
1756300 474
1756310 474
1756320 476
1756330 474
1756340 474
1756350 470
1756360 468
1756370 468
1756380 465
1756390 465
1756400 465
1756410 464
1756420 464
1756430 464
1756440 463
1756450 463
1756460 463
1756470 463
1756480 464
1756490 464
1756500 465
1756510 465
1756520 465
1756530 465
1756540 465
1756550 465
1756560 465
1756570 466
1756580 466
1756590 466
1756600 466
1756610 466
1756620 466
1756630 462
1756640 455
1756650 455
1756660 449
1756670 457
1756680 457
1756690 461
1756700 467
1756710 467
1756720 469
1756730 470
1756740 470
1756750 472
1756760 473
1756770 475
1756780 475
1756790 475
1756800 475
1756810 475
1756820 473
1756830 471
1756840 471
1756850 469
1756860 466
1756870 466
1756880 463
1756890 460
1756900 460
1756910 457
1756920 454
1756930 454
1756940 461
1756950 465
1756960 465
1756970 466
1756980 468
1756990 468
1757000 470
1757010 472
1757020 474
1757030 474
1757040 474
1757050 475
1757060 475
1757070 476
1757080 477
1757090 477
1757100 479
1757110 481
1757120 481
1757130 484
1757140 487
1757150 487
1757160 489
1757170 491
1757180 491
1757190 492
1757200 493
1757210 493
1757220 493
1757230 493
1757240 493
1757250 494
1757260 495
1757270 495
1757280 495
1757290 496
1757300 496
1757310 496
1757320 496
1757330 496
1757340 496
1757350 496
1757360 498
1757370 498
1757380 499
1757390 500
1757400 500
1757410 500
1757420 501
1757430 501
1757440 501
1757450 501
1757460 501
1757470 501
1757480 500
1757490 500
1757500 498
1757510 496
1757520 494
1757530 494
1757540 492
1757550 491
1757560 491
1757570 490
1757580 489
1757590 489
1757600 489
1757610 487
1757620 487
1757630 486
1757640 484
1757650 484
1757660 481
1757670 479
1757680 479
1757690 478
1757700 477
1757710 477
1757720 475
1757730 475
1757740 473
1757750 473
1757760 472
1757770 471
1757780 471
1757790 470
1757800 469
1757810 469
1757820 468
1757830 467
1757840 467
1757850 466
1757860 466
1757870 466
1757880 465
1757890 464
1757900 464
1757910 455
1757920 451
1757930 451
1757940 453
1757950 456
1757960 456
1757970 456
1757980 460
1757990 458
1758000 458
1758010 457
1758020 463
1758030 463
1758040 465
1758050 466
1758060 466
1758070 467
1758080 468
1758090 468
1758100 469
1758110 470
1758120 470
1758130 472
1758140 473
1758150 473
1758160 470
1758170 464
1758180 464
1758190 454
1758200 447
1758210 447
1758220 441
1758230 449
1758240 456
1758250 456
1758260 460
1758270 466
1758280 466
1758290 469
1758300 472
1758310 472
1758320 475
1758330 478
1758340 478
1758350 480
1758360 482
1758370 482
1758380 483
1758390 484
1758400 484
1758410 484
1758420 484
1758430 484
1758440 485
1758450 485
1758460 485
1758470 486
1758480 486
1758490 487
1758500 487
1758510 487
1758520 488
1758530 488
1758540 489
1758550 489
1758560 489
1758570 490
1758580 491
1758590 491
1758600 491
1758610 492
1758620 492
1758630 492
1758640 493
1758650 493
1758660 494
1758670 495
1758680 495
1758690 495
1758700 495
1758710 495
1758720 496
1758730 497
1758740 498
1758750 498
1758760 499
1758770 501
1758780 501
1758790 501
1758800 502
1758810 502
1758820 501
1758830 501
1758840 501
1758850 502
1758860 502
1758870 502
1758880 503
1758890 503
1758900 503
1758910 503
1758920 503
1758930 503
1758940 502
1758950 502
1758960 502
1758970 499
1758980 496
1758990 496
1759000 496
1759010 496
1759020 496
1759030 496
1759040 496
1759050 497
1759060 497
1759070 497
1759080 500
1759090 500
1759100 506
1759110 507
1759120 507
1759130 506
1759140 505
1759150 505
1759160 503
1759170 504
1759180 504
1759190 506
1759200 510
1759210 513
1759220 513
1759230 516
1759240 518
1759250 518
1759260 521
1759270 523
1759280 523
1759290 524
1759300 526
1759310 526
1759320 527
1759330 528
1759340 528
1759350 530
1759360 531
1759370 531
1759380 532
1759390 532
1759400 532
1759410 532
1759420 531
1759430 531
1759440 530
1759450 529
1759460 527
1759470 527
1759480 527
1759490 526
1759500 526
1759510 526
1759520 524
1759530 524
1759540 522
1759550 519
1759560 519
1759570 515
1759580 512
1759590 512
1759600 510
1759610 510
1759620 510
1759630 513
1759640 514
1759650 514
1759660 513
1759670 511
1759680 511
1759690 509
1759700 507
1759710 506
1759720 506
1759730 505
1759740 503
1759750 503
1759760 502
1759770 501
1759780 501
1759790 500
1759800 498
1759810 498
1759820 495
1759830 493
1759840 493
1759850 495
1759860 497
1759870 497
1759880 499
1759890 501
1759900 501
1759910 503
1759920 504
1759930 504
1759940 505
1759950 506
1759960 507
1759970 507
1759980 508
1759990 509
