1740000 457
1740010 457
1740020 457
1740030 457
1740040 458
1740050 458
1740060 457
1740070 457
1740080 457
1740090 457
1740100 457
1740110 457
1740120 457
1740130 457
1740140 457
1740150 456
1740160 456
1740170 456
1740180 456
1740190 456
1740200 456
1740210 456
1740220 456
1740230 456
1740240 456
1740250 456
1740260 456
1740270 456
1740280 456
1740290 456
1740300 456
1740310 456
1740320 456
1740330 456
1740340 456
1740350 456
1740360 456
1740370 456
1740380 455
1740390 455
1740400 455
1740410 455
1740420 455
1740430 455
1740440 455
1740450 455
1740460 455
1740470 455
1740480 455
1740490 455
1740500 455
1740510 455
1740520 455
1740530 455
1740540 455
1740550 455
1740560 455
1740570 455
1740580 455
1740590 455
1740600 455
1740610 455
1740620 455
1740630 456
1740640 456
1740650 456
1740660 456
1740670 456
1740680 456
1740690 456
1740700 455
1740710 455
1740720 455
1740730 455
1740740 455
1740750 456
1740760 457
1740770 457
1740780 459
1740790 460
1740800 460
1740810 461
1740820 461
1740830 461
1740840 462
1740850 462
1740860 462
1740870 463
1740880 463
1740890 463
1740900 463
1740910 463
1740920 463
1740930 463
1740940 463
1740950 463
1740960 463
1740970 461
1740980 460
1740990 460
1741000 460
1741010 460
1741020 460
1741030 461
1741040 461
1741050 461
1741060 461
1741070 462
1741080 462
1741090 463
1741100 463
1741110 463
1741120 463
1741130 463
1741140 464
1741150 464
1741160 464
1741170 464
1741180 464
1741190 465
1741200 465
1741210 465
1741220 465
1741230 466
1741240 466
1741250 466
1741260 468
1741270 468
1741280 468
1741290 468
1741300 468
1741310 469
1741320 470
1741330 470
1741340 470
1741350 471
1741360 471
1741370 471
1741380 472
1741390 473
1741400 473
1741410 473
1741420 474
1741430 474
1741440 475
1741450 476
1741460 476
1741470 476
1741480 477
1741490 477
1741500 477
1741510 477
1741520 477
1741530 476
1741540 476
1741550 476
1741560 476
1741570 475
1741580 475
1741590 474
1741600 473
1741610 473
1741620 472
1741630 471
1741640 470
1741650 470
1741660 469
1741670 469
1741680 469
1741690 469
1741700 468
1741710 468
1741720 468
1741730 467
1741740 467
1741750 465
1741760 465
1741770 465
1741780 464
1741790 464
1741800 464
1741810 463
1741820 463
1741830 463
1741840 463
1741850 462
1741860 462
1741870 462
1741880 462
1741890 462
1741900 462
1741910 462
1741920 461
1741930 461
1741940 461
1741950 461
1741960 461
1741970 461
1741980 461
1741990 461
1742000 460
1742010 460
1742020 460
1742030 460
1742040 460
1742050 460
1742060 460
1742070 459
1742080 459
1742090 459
1742100 459
1742110 459
1742120 460
1742130 460
1742140 460
1742150 460
1742160 460
1742170 460
1742180 460
1742190 460
1742200 460
1742210 460
1742220 460
1742230 460
1742240 460
1742250 460
1742260 460
1742270 460
1742280 460
1742290 460
1742300 460
1742310 460
1742320 459
1742330 459
1742340 459
1742350 459
1742360 459
1742370 459
1742380 459
1742390 459
1742400 459
1742410 459
1742420 459
1742430 459
1742440 461
1742450 461
1742460 461
1742470 460
1742480 459
1742490 459
1742500 459
1742510 459
1742520 459
1742530 459
1742540 459
1742550 459
1742560 458
1742570 458
1742580 458
1742590 458
1742600 458
1742610 458
1742620 458
1742630 458
1742640 458
1742650 458
1742660 458
1742670 458
1742680 458
1742690 458
1742700 458
1742710 458
1742720 458
1742730 457
1742740 457
1742750 457
1742760 457
1742770 457
1742780 457
1742790 457
1742800 457
1742810 457
1742820 457
1742830 457
1742840 457
1742850 457
1742860 457
1742870 457
1742880 458
1742890 458
1742900 458
1742910 458
1742920 457
1742930 457
1742940 457
1742950 457
1742960 457
1742970 457
1742980 458
1742990 458
1743000 458
1743010 458
1743020 458
1743030 458
1743040 458
1743050 458
1743060 459
1743070 459
1743080 459
1743090 459
1743100 460
1743110 460
1743120 460
1743130 461
1743140 462
1743150 462
1743160 462
1743170 463
1743180 463
1743190 464
1743200 466
1743210 466
1743220 466
1743230 465
1743240 465
1743250 463
1743260 461
1743270 461
1743280 460
1743290 460
1743300 460
1743310 459
1743320 458
1743330 458
1743340 457
1743350 457
1743360 456
1743370 456
1743380 455
1743390 453
1743400 453
1743410 449
1743420 449
1743430 449
1743440 448
1743450 448
1743460 448
1743470 446
1743480 445
1743490 445
1743500 444
1743510 443
1743520 443
1743530 442
1743540 441
1743550 441
1743560 441
1743570 441
1743580 441
1743590 439
1743600 440
1743610 439
1743620 439
1743630 439
1743640 440
1743650 440
1743660 440
1743670 439
1743680 439
1743690 437
1743700 437
1743710 437
1743720 436
1743730 435
1743740 435
1743750 433
1743760 433
1743770 433
1743780 432
1743790 433
1743800 433
1743810 432
1743820 431
1743830 431
1743840 431
1743850 430
1743860 429
1743870 429
1743880 430
1743890 428
1743900 428
1743910 428
1743920 428
1743930 428
1743940 425
1743950 427
1743960 427
1743970 427
1743980 426
1743990 426
1744000 425
1744010 425
1744020 425
1744030 424
1744040 423
1744050 423
1744060 423
1744070 421
1744080 421
1744090 419
1744100 416
1744110 416
1744120 416
1744130 415
1744140 414
1744150 414
1744160 414
1744170 414
1744180 414
1744190 417
1744200 419
1744210 419
1744220 419
1744230 419
1744240 419
1744250 418
1744260 417
1744270 417
1744280 416
1744290 416
1744300 416
1744310 417
1744320 415
1744330 415
1744340 413
1744350 414
1744360 414
1744370 414
1744380 414
1744390 414
1744400 414
1744410 414
1744420 413
1744430 413
1744440 412
1744450 411
1744460 411
1744470 411
1744480 413
1744490 413
1744500 413
1744510 412
1744520 412
1744530 411
1744540 410
1744550 410
1744560 410
1744570 410
1744580 410
1744590 411
1744600 411
1744610 411
1744620 411
1744630 410
1744640 409
1744650 409
1744660 408
1744670 407
1744680 407
1744690 407
1744700 407
1744710 407
1744720 406
1744730 405
1744740 405
1744750 405
1744760 405
1744770 405
1744780 404
1744790 403
1744800 403
1744810 403
1744820 403
1744830 402
1744840 402
1744850 402
1744860 401
1744870 401
1744880 400
1744890 400
1744900 400
1744910 399
1744920 400
1744930 400
1744940 399
1744950 397
1744960 397
1744970 399
1744980 399
1744990 399
1745000 398
1745010 398
1745020 398
1745030 398
1745040 398
1745050 398
1745060 398
1745070 398
1745080 398
1745090 398
1745100 398
1745110 398
1745120 398
1745130 398
1745140 398
1745150 398
1745160 398
1745170 398
1745180 398
1745190 398
1745200 397
1745210 397
1745220 397
1745230 398
1745240 398
1745250 398
1745260 398
1745270 398
1745280 398
1745290 396
1745300 396
1745310 396
1745320 398
1745330 398
1745340 398
1745350 399
1745360 399
1745370 399
1745380 398
1745390 400
1745400 400
1745410 401
1745420 402
1745430 402
1745440 403
1745450 404
1745460 404
1745470 405
1745480 405
1745490 405
1745500 406
1745510 407
1745520 407
1745530 408
1745540 410
1745550 410
1745560 412
1745570 413
1745580 415
1745590 415
1745600 416
1745610 417
1745620 417
1745630 418
1745640 420
1745650 420
1745660 419
1745670 420
1745680 420
1745690 420
1745700 422
1745710 422
1745720 424
1745730 427
1745740 427
1745750 429
1745760 430
1745770 430
1745780 432
1745790 434
1745800 434
1745810 436
1745820 438
1745830 439
1745840 439
1745850 441
1745860 441
1745870 441
1745880 442
1745890 443
1745900 443
1745910 444
1745920 446
1745930 446
1745940 447
1745950 448
1745960 448
1745970 449
1745980 450
1745990 450
1746000 451
1746010 451
1746020 451
1746030 451
1746040 452
1746050 452
1746060 452
1746070 452
1746080 451
1746090 451
1746100 451
1746110 450
1746120 450
1746130 450
1746140 449
1746150 449
1746160 448
1746170 447
1746180 447
1746190 445
1746200 444
1746210 444
1746220 443
1746230 441
1746240 441
1746250 438
1746260 435
1746270 435
1746280 432
1746290 429
1746300 429
1746310 429
1746320 428
1746330 428
1746340 428
1746350 428
1746360 426
1746370 426
1746380 425
1746390 424
1746400 424
1746410 423
1746420 422
1746430 422
1746440 419
1746450 417
1746460 417
1746470 416
1746480 415
1746490 415
1746500 415
1746510 415
1746520 415
1746530 412
1746540 410
1746550 410
1746560 409
1746570 408
1746580 408
1746590 408
1746600 403
1746610 401
1746620 401
1746630 399
1746640 398
1746650 398
1746660 394
1746670 394
1746680 394
1746690 394
1746700 393
1746710 393
1746720 395
1746730 395
1746740 395
1746750 397
1746760 398
1746770 398
1746780 398
1746790 398
1746800 398
1746810 398
1746820 399
1746830 399
1746840 399
1746850 400
1746860 401
1746870 401
1746880 402
1746890 404
1746900 404
1746910 405
1746920 406
1746930 406
1746940 408
1746950 409
1746960 409
1746970 410
1746980 411
1746990 411
1747000 413
1747010 414
1747020 414
1747030 415
1747040 416
1747050 418
1747060 418
1747070 419
1747080 420
1747090 420
1747100 422
1747110 424
1747120 424
1747130 425
1747140 426
1747150 426
1747160 428
1747170 429
1747180 429
1747190 430
1747200 431
1747210 431
1747220 432
1747230 433
1747240 433
1747250 434
1747260 435
1747270 435
1747280 436
1747290 437
1747300 437
1747310 437
1747320 437
1747330 437
1747340 437
1747350 437
1747360 437
1747370 437
1747380 435
1747390 434
1747400 434
1747410 433
1747420 432
1747430 432
1747440 430
1747450 428
1747460 428
1747470 426
1747480 424
1747490 424
1747500 422
1747510 420
1747520 420
1747530 419
1747540 417
1747550 417
1747560 417
1747570 416
1747580 416
1747590 416
1747600 417
1747610 417
1747620 417
1747630 417
1747640 417
1747650 417
1747660 418
1747670 419
1747680 419
1747690 419
1747700 420
1747710 420
1747720 421
1747730 422
1747740 422
1747750 422
1747760 423
1747770 423
1747780 424
1747790 425
1747800 427
1747810 427
1747820 428
1747830 429
1747840 429
1747850 430
1747860 430
1747870 430
1747880 430
1747890 429
1747900 429
1747910 429
1747920 429
1747930 429
1747940 428
1747950 428
1747960 428
1747970 427
1747980 426
1747990 426
1748000 426
1748010 425
1748020 425
1748030 424
1748040 422
1748050 421
1748060 421
1748070 420
1748080 419
1748090 419
1748100 419
1748110 419
1748120 419
1748130 419
1748140 419
1748150 419
1748160 419
1748170 419
1748180 419
1748190 419
1748200 419
1748210 419
1748220 420
1748230 422
1748240 422
1748250 424
1748260 426
1748270 426
1748280 427
1748290 426
1748300 426
1748310 426
1748320 426
1748330 426
1748340 426
1748350 424
1748360 428
1748370 428
1748380 429
1748390 432
1748400 432
1748410 434
1748420 436
1748430 436
1748440 438
1748450 440
1748460 440
1748470 441
1748480 442
1748490 442
1748500 443
1748510 444
1748520 444
1748530 446
1748540 446
1748550 447
1748560 447
1748570 447
1748580 447
1748590 447
1748600 447
1748610 447
1748620 447
1748630 446
1748640 446
1748650 446
1748660 445
1748670 445
1748680 445
1748690 445
1748700 444
1748710 444
1748720 443
1748730 443
1748740 443
1748750 442
1748760 441
1748770 441
1748780 441
1748790 440
1748800 439
1748810 439
1748820 439
1748830 439
1748840 439
1748850 438
1748860 438
1748870 438
1748880 437
1748890 436
1748900 436
1748910 435
1748920 434
1748930 434
1748940 433
1748950 433
1748960 433
1748970 432
1748980 431
1748990 431
1749000 430
1749010 429
1749020 427
1749030 427
1749040 425
1749050 424
1749060 424
1749070 422
1749080 420
1749090 420
1749100 419
1749110 418
1749120 418
1749130 417
1749140 416
1749150 416
1749160 415
1749170 414
1749180 414
1749190 413
1749200 413
1749210 413
1749220 412
1749230 412
1749240 412
1749250 412
1749260 411
1749270 411
1749280 411
1749290 411
1749300 411
1749310 411
1749320 410
1749330 410
1749340 410
1749350 410
1749360 410
1749370 410
1749380 409
1749390 409
1749400 409
1749410 408
1749420 407
1749430 407
1749440 407
1749450 406
1749460 406
1749470 404
1749480 404
1749490 404
1749500 403
1749510 401
1749520 400
1749530 400
1749540 399
1749550 398
1749560 398
1749570 398
1749580 398
1749590 398
1749600 398
1749610 397
1749620 397
1749630 397
1749640 397
1749650 397
1749660 397
1749670 397
1749680 397
1749690 397
1749700 397
1749710 397
1749720 396
1749730 396
1749740 396
1749750 396
1749760 396
1749770 396
1749780 396
1749790 396
1749800 396
1749810 396
1749820 393
1749830 393
1749840 393
1749850 395
1749860 396
1749870 396
1749880 397
1749890 397
1749900 397
1749910 397
1749920 399
1749930 399
1749940 401
1749950 402
1749960 402
1749970 404
1749980 401
1749990 401
1750000 405
1750010 406
1750020 407
1750030 407
1750040 406
1750050 406
1750060 406
1750070 404
1750080 405
1750090 405
1750100 407
1750110 407
1750120 407
1750130 408
1750140 413
1750150 413
1750160 414
1750170 415
1750180 415
1750190 417
1750200 418
1750210 418
1750220 419
1750230 421
1750240 421
1750250 423
1750260 420
1750270 419
1750280 419
1750290 420
1750300 423
1750310 423
1750320 425
1750330 427
1750340 427
1750350 427
1750360 429
1750370 429
1750380 430
1750390 431
1750400 431
1750410 432
1750420 431
1750430 431
1750440 433
1750450 432
1750460 432
1750470 430
1750480 429
1750490 429
1750500 428
1750510 428
1750520 430
1750530 430
1750540 432
1750550 435
1750560 435
1750570 439
1750580 441
1750590 441
1750600 442
1750610 443
1750620 443
1750630 444
1750640 444
1750650 444
1750660 445
1750670 447
1750680 447
1750690 448
1750700 449
1750710 449
1750720 450
1750730 451
1750740 451
1750750 452
1750760 453
1750770 453
1750780 453
1750790 454
1750800 453
1750810 453
1750820 453
1750830 453
1750840 453
1750850 452
1750860 451
1750870 451
1750880 450
1750890 448
1750900 448
1750910 447
1750920 445
1750930 445
1750940 446
1750950 449
1750960 449
1750970 452
1750980 455
1750990 457
1751000 457
1751010 458
1751020 461
1751030 461
1751040 462
1751050 464
1751060 464
1751070 465
1751080 466
1751090 466
1751100 467
1751110 468
1751120 468
1751130 470
1751140 471
1751150 471
1751160 472
1751170 473
1751180 473
1751190 475
1751200 476
1751210 476
1751220 478
1751230 479
1751240 481
1751250 481
1751260 482
1751270 483
1751280 483
1751290 485
1751300 486
1751310 486
1751320 488
1751330 490
1751340 490
1751350 492
1751360 494
1751370 494
1751380 496
1751390 497
1751400 497
1751410 498
1751420 500
1751430 500
1751440 496
1751450 499
1751460 499
1751470 503
1751480 504
1751490 504
1751500 504
1751510 505
1751520 506
1751530 506
1751540 506
1751550 506
1751560 506
1751570 506
1751580 507
1751590 507
1751600 511
1751610 514
1751620 514
1751630 516
1751640 518
1751650 518
1751660 520
1751670 522
1751680 522
1751690 523
1751700 524
1751710 524
1751720 526
1751730 528
1751740 531
1751750 531
1751760 534
1751770 535
1751780 535
1751790 537
1751800 539
1751810 539
1751820 541
1751830 543
1751840 543
1751850 546
1751860 548
1751870 548
1751880 550
1751890 553
1751900 553
1751910 554
1751920 555
1751930 555
1751940 558
1751950 562
1751960 562
1751970 565
1751980 566
1751990 569
1752000 569
1752010 572
1752020 574
1752030 574
1752040 577
1752050 580
1752060 580
1752070 582
1752080 585
1752090 585
1752100 588
1752110 591
1752120 591
1752130 593
1752140 595
1752150 595
1752160 596
1752170 597
1752180 597
1752190 598
1752200 599
1752210 599
1752220 602
1752230 605
1752240 607
1752250 607
1752260 609
1752270 612
1752280 612
1752290 614
1752300 617
1752310 617
1752320 618
1752330 619
1752340 619
1752350 619
1752360 619
1752370 619
1752380 618
1752390 617
1752400 617
1752410 617
1752420 617
1752430 617
1752440 618
1752450 618
1752460 618
1752470 618
1752480 619
1752490 619
1752500 619
1752510 619
1752520 620
1752530 620
1752540 620
1752550 620
1752560 620
1752570 619
1752580 619
1752590 619
1752600 618
1752610 617
1752620 617
1752630 615
1752640 612
1752650 612
1752660 610
1752670 608
1752680 608
1752690 605
1752700 602
1752710 602
1752720 599
1752730 596
1752740 594
1752750 594
1752760 592
1752770 587
1752780 587
1752790 588
1752800 587
1752810 587
1752820 585
1752830 591
1752840 591
1752850 593
1752860 594
1752870 594
1752880 596
1752890 599
1752900 599
1752910 603
1752920 609
1752930 609
1752940 611
1752950 612
1752960 612
1752970 613
1752980 613
1752990 614
1753000 614
1753010 610
1753020 613
1753030 613
1753040 617
1753050 621
1753060 621
1753070 625
1753080 629
1753090 629
1753100 633
1753110 637
1753120 637
1753130 640
1753140 643
1753150 643
1753160 646
1753170 650
1753180 650
1753190 653
1753200 656
1753210 659
1753220 659
1753230 661
1753240 663
1753250 663
1753260 665
1753270 668
1753280 668
1753290 670
1753300 672
1753310 672
1753320 674
1753330 675
1753340 675
1753350 674
1753360 675
1753370 675
1753380 676
1753390 678
1753400 678
1753410 679
1753420 682
1753430 682
1753440 682
1753450 684
1753460 689
1753470 689
1753480 691
1753490 693
1753500 693
1753510 695
1753520 696
1753530 696
1753540 698
1753550 699
1753560 699
1753570 699
1753580 700
1753590 700
1753600 702
1753610 702
1753620 702
1753630 703
1753640 704
1753650 704
1753660 704
1753670 704
1753680 704
1753690 704
1753700 704
1753710 704
1753720 704
1753730 704
1753740 704
1753750 704
1753760 703
1753770 702
1753780 702
1753790 700
1753800 699
1753810 699
1753820 697
1753830 694
1753840 694
1753850 692
1753860 690
1753870 690
1753880 688
1753890 686
1753900 686
1753910 686
1753920 686
1753930 686
1753940 685
1753950 685
1753960 683
1753970 683
1753980 683
1753990 680
1754000 680
1754010 677
1754020 674
1754030 674
1754040 673
1754050 674
1754060 674
1754070 674
1754080 674
1754090 674
1754100 674
1754110 674
1754120 674
1754130 672
1754140 671
1754150 671
1754160 670
1754170 669
1754180 669
1754190 667
1754200 665
1754210 666
1754220 666
1754230 663
1754240 663
1754250 663
1754260 661
1754270 659
1754280 659
1754290 657
1754300 654
1754310 654
1754320 651
1754330 646
1754340 646
1754350 641
1754360 637
1754370 637
1754380 632
1754390 635
1754400 635
1754410 636
1754420 636
1754430 636
1754440 635
1754450 634
1754460 633
1754470 633
1754480 631
1754490 630
1754500 630
1754510 630
1754520 627
1754530 627
1754540 625
1754550 623
1754560 623
1754570 622
1754580 619
1754590 619
1754600 619
1754610 616
1754620 616
1754630 617
1754640 617
1754650 617
1754660 617
1754670 617
1754680 617
1754690 617
1754700 616
1754710 615
1754720 615
1754730 615
1754740 613
1754750 613
1754760 607
1754770 600
1754780 600
1754790 590
1754800 594
1754810 594
1754820 599
1754830 603
1754840 603
1754850 607
1754860 609
1754870 609
1754880 612
1754890 614
1754900 614
1754910 615
1754920 616
1754930 616
1754940 617
1754950 617
1754960 617
1754970 617
1754980 618
1754990 619
1755000 619
1755010 620
1755020 620
1755030 620
1755040 621
1755050 621
1755060 621
1755070 621
1755080 621
1755090 621
1755100 621
1755110 622
1755120 622
1755130 621
1755140 621
1755150 621
1755160 621
1755170 620
1755180 620
1755190 620
1755200 619
1755210 619
1755220 619
1755230 618
1755240 617
1755250 617
1755260 616
1755270 615
1755280 615
1755290 614
1755300 613
1755310 613
1755320 612
1755330 612
1755340 612
1755350 611
1755360 610
1755370 610
1755380 609
1755390 608
1755400 608
1755410 607
1755420 606
1755430 605
1755440 605
1755450 603
1755460 600
1755470 600
1755480 598
1755490 594
1755500 594
1755510 591
1755520 587
1755530 587
1755540 582
1755550 575
1755560 575
1755570 581
1755580 586
1755590 586
1755600 589
1755610 591
1755620 591
1755630 592
1755640 593
1755650 593
1755660 593
1755670 594
1755680 594
1755690 594
1755700 593
1755710 593
1755720 593
1755730 592
1755740 591
1755750 591
1755760 591
1755770 590
1755780 590
1755790 588
1755800 587
1755810 587
1755820 585
1755830 582
1755840 582
1755850 579
1755860 575
1755870 575
1755880 571
1755890 566
1755900 566
1755910 560
1755920 566
1755930 568
1755940 568
1755950 569
1755960 570
1755970 570
1755980 570
1755990 570
1756000 570
1756010 574
1756020 573
1756030 573
1756040 572
1756050 571
1756060 571
1756070 567
1756080 562
1756090 562
1756100 557
1756110 553
1756120 553
1756130 548
1756140 550
1756150 550
1756160 555
1756170 557
1756180 559
1756190 559
1756200 561
1756210 562
1756220 562
1756230 562
1756240 563
1756250 563
1756260 563
1756270 563
1756280 563
1756290 563
1756300 562
1756310 562
1756320 562
1756330 562
1756340 562
1756350 562
1756360 562
1756370 562
1756380 562
1756390 562
1756400 562
1756410 562
1756420 562
1756430 562
1756440 562
1756450 562
1756460 562
1756470 562
1756480 563
1756490 562
1756500 562
1756510 561
1756520 561
1756530 561
1756540 559
1756550 558
1756560 558
1756570 555
1756580 552
1756590 552
1756600 550
1756610 545
1756620 545
1756630 543
1756640 544
1756650 544
1756660 548
1756670 551
1756680 553
1756690 553
1756700 557
1756710 559
1756720 559
1756730 561
1756740 563
1756750 563
1756760 565
1756770 566
1756780 566
1756790 566
1756800 569
1756810 569
1756820 570
1756830 571
1756840 571
1756850 572
1756860 575
1756870 575
1756880 577
1756890 578
1756900 578
1756910 580
1756920 581
1756930 583
1756940 583
1756950 584
1756960 586
1756970 586
1756980 588
1756990 591
1757000 591
1757010 594
1757020 596
1757030 596
1757040 599
1757050 602
1757060 602
1757070 605
1757080 608
1757090 608
1757100 611
1757110 614
1757120 614
1757130 616
1757140 619
1757150 622
1757160 622
1757170 625
1757180 628
1757190 628
1757200 632
1757210 634
1757220 634
1757230 637
1757240 640
1757250 640
1757260 641
1757270 643
1757280 643
1757290 645
1757300 647
1757310 647
1757320 648
1757330 650
1757340 650
1757350 652
1757360 653
1757370 653
1757380 655
1757390 656
1757400 656
1757410 656
1757420 656
1757430 656
1757440 656
1757450 657
1757460 657
1757470 657
1757480 660
1757490 660
1757500 660
1757510 660
1757520 661
1757530 661
1757540 661
1757550 660
1757560 660
1757570 659
1757580 658
1757590 658
1757600 656
1757610 654
1757620 654
1757630 652
1757640 650
1757650 648
1757660 648
1757670 646
1757680 644
1757690 644
1757700 642
1757710 641
1757720 641
1757730 641
1757740 639
1757750 639
1757760 639
1757770 640
1757780 640
1757790 640
1757800 641
1757810 641
1757820 642
1757830 644
1757840 644
1757850 645
1757860 646
1757870 646
1757880 647
1757890 648
1757900 649
1757910 649
1757920 651
1757930 651
1757940 651
1757950 651
1757960 651
1757970 651
1757980 651
1757990 652
1758000 652
1758010 653
1758020 654
1758030 654
1758040 655
1758050 657
1758060 657
1758070 658
1758080 659
1758090 659
1758100 660
1758110 661
1758120 661
1758130 662
1758140 662
1758150 663
1758160 663
1758170 663
1758180 661
1758190 661
1758200 659
1758210 657
1758220 657
1758230 654
1758240 651
1758250 651
1758260 649
1758270 646
1758280 646
1758290 644
1758300 642
1758310 642
1758320 641
1758330 641
1758340 641
1758350 640
1758360 640
1758370 640
1758380 639
1758390 639
1758400 639
1758410 639
1758420 637
1758430 629
1758440 629
1758450 621
1758460 611
1758470 611
1758480 604
1758490 601
1758500 601
1758510 606
1758520 614
1758530 614
1758540 609
1758550 595
1758560 595
1758570 584
1758580 570
1758590 570
1758600 561
1758610 552
1758620 552
1758630 543
1758640 536
1758650 531
1758660 531
1758670 526
1758680 534
1758690 534
1758700 538
1758710 538
1758720 538
1758730 526
1758740 519
1758750 519
1758760 519
1758770 516
1758780 516
1758790 509
1758800 498
1758810 498
1758820 494
1758830 495
1758840 495
1758850 498
1758860 496
1758870 496
1758880 493
1758890 492
1758900 494
1758910 494
1758920 481
1758930 475
1758940 475
1758950 473
1758960 469
1758970 469
1758980 466
1758990 466
1759000 466
1759010 468
1759020 473
1759030 473
1759040 477
1759050 478
1759060 478
1759070 478
1759080 478
1759090 478
1759100 480
1759110 481
1759120 481
1759130 482
1759140 481
1759150 478
1759160 478
1759170 478
1759180 482
1759190 482
1759200 485
1759210 489
1759220 489
1759230 496
1759240 501
1759250 501
1759260 504
1759270 507
1759280 507
1759290 507
1759300 509
1759310 509
1759320 512
1759330 514
1759340 514
1759350 514
1759360 513
1759370 513
1759380 513
1759390 515
1759400 516
1759410 516
1759420 515
1759430 511
1759440 511
1759450 506
1759460 500
1759470 500
1759480 494
1759490 489
1759500 489
1759510 482
1759520 476
1759530 476
1759540 469
1759550 463
1759560 463
1759570 456
1759580 450
1759590 450
1759600 445
1759610 439
1759620 434
1759630 434
1759640 430
1759650 426
1759660 426
1759670 416
1759680 406
1759690 406
1759700 401
1759710 396
1759720 396
1759730 392
1759740 387
1759750 387
1759760 384
1759770 381
1759780 381
1759790 379
1759800 377
1759810 377
1759820 376
1759830 375
1759840 375
1759850 375
1759860 375
1759870 374
1759880 374
1759890 374
1759900 375
1759910 375
1759920 374
1759930 371
1759940 371
1759950 371
1759960 371
1759970 371
1759980 371
1759990 370
