1740000 459
1740010 459
1740020 459
1740030 459
1740040 459
1740050 459
1740060 459
1740070 459
1740080 459
1740090 459
1740100 459
1740110 459
1740120 459
1740130 458
1740140 458
1740150 458
1740160 458
1740170 458
1740180 458
1740190 458
1740200 458
1740210 457
1740220 457
1740230 457
1740240 457
1740250 457
1740260 457
1740270 457
1740280 457
1740290 457
1740300 457
1740310 457
1740320 457
1740330 457
1740340 457
1740350 457
1740360 457
1740370 457
1740380 458
1740390 458
1740400 458
1740410 459
1740420 459
1740430 459
1740440 459
1740450 459
1740460 459
1740470 458
1740480 460
1740490 460
1740500 460
1740510 460
1740520 460
1740530 460
1740540 459
1740550 459
1740560 459
1740570 459
1740580 459
1740590 460
1740600 460
1740610 460
1740620 461
1740630 462
1740640 462
1740650 463
1740660 463
1740670 463
1740680 464
1740690 464
1740700 464
1740710 465
1740720 465
1740730 465
1740740 465
1740750 465
1740760 466
1740770 466
1740780 466
1740790 466
1740800 466
1740810 466
1740820 466
1740830 466
1740840 466
1740850 466
1740860 466
1740870 466
1740880 467
1740890 467
1740900 467
1740910 467
1740920 467
1740930 466
1740940 466
1740950 466
1740960 466
1740970 467
1740980 467
1740990 467
1741000 467
1741010 467
1741020 467
1741030 468
1741040 468
1741050 468
1741060 467
1741070 468
1741080 468
1741090 469
1741100 469
1741110 469
1741120 470
1741130 470
1741140 470
1741150 470
1741160 471
1741170 471
1741180 471
1741190 472
1741200 472
1741210 473
1741220 474
1741230 474
1741240 474
1741250 475
1741260 476
1741270 476
1741280 476
1741290 477
1741300 477
1741310 478
1741320 478
1741330 478
1741340 479
1741350 480
1741360 480
1741370 480
1741380 480
1741390 480
1741400 480
1741410 479
1741420 479
1741430 478
1741440 477
1741450 477
1741460 476
1741470 476
1741480 475
1741490 475
1741500 474
1741510 473
1741520 473
1741530 472
1741540 472
1741550 472
1741560 471
1741570 470
1741580 470
1741590 470
1741600 469
1741610 469
1741620 468
1741630 468
1741640 468
1741650 467
1741660 467
1741670 467
1741680 465
1741690 464
1741700 464
1741710 464
1741720 464
1741730 463
1741740 463
1741750 463
1741760 463
1741770 463
1741780 463
1741790 463
1741800 463
1741810 463
1741820 463
1741830 463
1741840 463
1741850 463
1741860 463
1741870 463
1741880 464
1741890 464
1741900 464
1741910 465
1741920 465
1741930 464
1741940 464
1741950 464
1741960 464
1741970 465
1741980 465
1741990 465
1742000 465
1742010 465
1742020 465
1742030 464
1742040 464
1742050 464
1742060 463
1742070 463
1742080 463
1742090 463
1742100 463
1742110 463
1742120 463
1742130 463
1742140 463
1742150 463
1742160 463
1742170 463
1742180 462
1742190 462
1742200 462
1742210 462
1742220 462
1742230 462
1742240 462
1742250 462
1742260 462
1742270 462
1742280 462
1742290 462
1742300 462
1742310 462
1742320 462
1742330 462
1742340 462
1742350 462
1742360 462
1742370 462
1742380 462
1742390 462
1742400 462
1742410 462
1742420 462
1742430 462
1742440 462
1742450 462
1742460 462
1742470 462
1742480 461
1742490 461
1742500 461
1742510 461
1742520 461
1742530 461
1742540 461
1742550 461
1742560 461
1742570 461
1742580 461
1742590 461
1742600 461
1742610 461
1742620 461
1742630 461
1742640 461
1742650 461
1742660 461
1742670 461
1742680 461
1742690 461
1742700 461
1742710 461
1742720 461
1742730 461
1742740 461
1742750 461
1742760 461
1742770 461
1742780 461
1742790 461
1742800 461
1742810 461
1742820 461
1742830 461
1742840 461
1742850 462
1742860 462
1742870 462
1742880 462
1742890 462
1742900 462
1742910 463
1742920 463
1742930 463
1742940 462
1742950 463
1742960 463
1742970 464
1742980 465
1742990 465
1743000 465
1743010 467
1743020 467
1743030 468
1743040 468
1743050 468
1743060 468
1743070 469
1743080 469
1743090 469
1743100 469
1743110 469
1743120 468
1743130 467
1743140 467
1743150 466
1743160 464
1743170 464
1743180 464
1743190 463
1743200 461
1743210 461
1743220 460
1743230 460
1743240 460
1743250 459
1743260 458
1743270 458
1743280 454
1743290 455
1743300 455
1743310 455
1743320 455
1743330 455
1743340 454
1743350 453
1743360 453
1743370 451
1743380 451
1743390 451
1743400 449
1743410 447
1743420 447
1743430 446
1743440 445
1743450 443
1743460 443
1743470 441
1743480 439
1743490 439
1743500 438
1743510 437
1743520 437
1743530 435
1743540 436
1743550 436
1743560 435
1743570 433
1743580 433
1743590 432
1743600 430
1743610 430
1743620 428
1743630 427
1743640 427
1743650 425
1743660 426
1743670 426
1743680 428
1743690 427
1743700 425
1743710 425
1743720 423
1743730 424
1743740 424
1743750 422
1743760 422
1743770 422
1743780 422
1743790 422
1743800 422
1743810 421
1743820 421
1743830 421
1743840 421
1743850 420
1743860 420
1743870 420
1743880 419
1743890 419
1743900 419
1743910 419
1743920 419
1743930 418
1743940 418
1743950 417
1743960 418
1743970 417
1743980 417
1743990 417
1744000 416
1744010 416
1744020 416
1744030 416
1744040 415
1744050 415
1744060 415
1744070 414
1744080 414
1744090 414
1744100 414
1744110 414
1744120 414
1744130 413
1744140 413
1744150 413
1744160 412
1744170 412
1744180 412
1744190 412
1744200 412
1744210 412
1744220 412
1744230 412
1744240 412
1744250 412
1744260 412
1744270 412
1744280 412
1744290 413
1744300 413
1744310 413
1744320 413
1744330 413
1744340 412
1744350 412
1744360 412
1744370 412
1744380 411
1744390 411
1744400 411
1744410 411
1744420 411
1744430 411
1744440 410
1744450 410
1744460 410
1744470 410
1744480 411
1744490 411
1744500 411
1744510 410
1744520 410
1744530 410
1744540 410
1744550 410
1744560 410
1744570 410
1744580 410
1744590 409
1744600 407
1744610 407
1744620 406
1744630 406
1744640 406
1744650 405
1744660 405
1744670 404
1744680 404
1744690 404
1744700 403
1744710 403
1744720 403
1744730 403
1744740 403
1744750 403
1744760 402
1744770 402
1744780 402
1744790 402
1744800 402
1744810 402
1744820 402
1744830 402
1744840 401
1744850 400
1744860 400
1744870 401
1744880 401
1744890 401
1744900 401
1744910 401
1744920 400
1744930 400
1744940 400
1744950 400
1744960 400
1744970 400
1744980 400
1744990 400
1745000 400
1745010 399
1745020 399
1745030 400
1745040 400
1745050 400
1745060 400
1745070 401
1745080 401
1745090 401
1745100 402
1745110 402
1745120 402
1745130 403
1745140 403
1745150 403
1745160 403
1745170 403
1745180 403
1745190 402
1745200 401
1745210 401
1745220 400
1745230 400
1745240 400
1745250 399
1745260 399
1745270 399
1745280 399
1745290 400
1745300 400
1745310 400
1745320 399
1745330 399
1745340 400
1745350 400
1745360 400
1745370 400
1745380 401
1745390 401
1745400 401
1745410 402
1745420 403
1745430 403
1745440 404
1745450 405
1745460 405
1745470 406
1745480 407
1745490 407
1745500 409
1745510 410
1745520 410
1745530 411
1745540 412
1745550 412
1745560 413
1745570 414
1745580 414
1745590 415
1745600 416
1745610 416
1745620 416
1745630 417
1745640 417
1745650 417
1745660 419
1745670 420
1745680 420
1745690 420
1745700 421
1745710 421
1745720 422
1745730 423
1745740 423
1745750 424
1745760 426
1745770 426
1745780 427
1745790 428
1745800 428
1745810 429
1745820 430
1745830 430
1745840 431
1745850 433
1745860 433
1745870 434
1745880 437
1745890 437
1745900 437
1745910 441
1745920 443
1745930 443
1745940 444
1745950 446
1745960 446
1745970 448
1745980 449
1745990 449
1746000 450
1746010 449
1746020 449
1746030 449
1746040 451
1746050 451
1746060 450
1746070 450
1746080 450
1746090 449
1746100 447
1746110 447
1746120 446
1746130 445
1746140 445
1746150 444
1746160 442
1746170 439
1746180 439
1746190 438
1746200 437
1746210 437
1746220 436
1746230 434
1746240 434
1746250 432
1746260 432
1746270 432
1746280 430
1746290 430
1746300 430
1746310 429
1746320 427
1746330 427
1746340 426
1746350 424
1746360 424
1746370 423
1746380 421
1746390 421
1746400 420
1746410 418
1746420 416
1746430 416
1746440 416
1746450 415
1746460 415
1746470 414
1746480 414
1746490 414
1746500 412
1746510 410
1746520 410
1746530 408
1746540 406
1746550 406
1746560 405
1746570 404
1746580 404
1746590 403
1746600 402
1746610 402
1746620 401
1746630 401
1746640 401
1746650 398
1746660 397
1746670 397
1746680 397
1746690 396
1746700 394
1746710 394
1746720 394
1746730 394
1746740 394
1746750 396
1746760 398
1746770 398
1746780 399
1746790 400
1746800 400
1746810 400
1746820 401
1746830 401
1746840 404
1746850 405
1746860 405
1746870 405
1746880 407
1746890 409
1746900 409
1746910 411
1746920 412
1746930 412
1746940 414
1746950 415
1746960 415
1746970 417
1746980 419
1746990 419
1747000 420
1747010 421
1747020 421
1747030 422
1747040 423
1747050 423
1747060 424
1747070 425
1747080 425
1747090 426
1747100 427
1747110 427
1747120 428
1747130 428
1747140 429
1747150 429
1747160 430
1747170 431
1747180 431
1747190 432
1747200 433
1747210 433
1747220 434
1747230 435
1747240 435
1747250 436
1747260 436
1747270 436
1747280 437
1747290 437
1747300 437
1747310 437
1747320 437
1747330 437
1747340 437
1747350 436
1747360 436
1747370 436
1747380 435
1747390 434
1747400 434
1747410 432
1747420 431
1747430 431
1747440 430
1747450 429
1747460 429
1747470 427
1747480 426
1747490 426
1747500 424
1747510 423
1747520 423
1747530 422
1747540 421
1747550 421
1747560 421
1747570 421
1747580 421
1747590 421
1747600 422
1747610 422
1747620 422
1747630 422
1747640 423
1747650 423
1747660 424
1747670 425
1747680 425
1747690 426
1747700 427
1747710 427
1747720 428
1747730 429
1747740 429
1747750 431
1747760 432
1747770 432
1747780 432
1747790 433
1747800 433
1747810 434
1747820 435
1747830 435
1747840 436
1747850 437
1747860 437
1747870 437
1747880 437
1747890 437
1747900 437
1747910 436
1747920 436
1747930 436
1747940 435
1747950 435
1747960 435
1747970 434
1747980 434
1747990 434
1748000 433
1748010 432
1748020 432
1748030 431
1748040 430
1748050 430
1748060 429
1748070 428
1748080 428
1748090 428
1748100 427
1748110 427
1748120 426
1748130 426
1748140 425
1748150 425
1748160 424
1748170 424
1748180 424
1748190 424
1748200 424
1748210 424
1748220 424
1748230 426
1748240 426
1748250 427
1748260 427
1748270 427
1748280 428
1748290 429
1748300 429
1748310 429
1748320 430
1748330 430
1748340 431
1748350 434
1748360 434
1748370 435
1748380 436
1748390 440
1748400 440
1748410 443
1748420 444
1748430 444
1748440 444
1748450 444
1748460 444
1748470 443
1748480 443
1748490 443
1748500 443
1748510 442
1748520 442
1748530 443
1748540 443
1748550 443
1748560 443
1748570 444
1748580 444
1748590 445
1748600 447
1748610 447
1748620 449
1748630 451
1748640 452
1748650 452
1748660 453
1748670 453
1748680 453
1748690 453
1748700 452
1748710 452
1748720 452
1748730 451
1748740 451
1748750 450
1748760 449
1748770 449
1748780 448
1748790 447
1748800 447
1748810 446
1748820 446
1748830 446
1748840 445
1748850 444
1748860 444
1748870 443
1748880 441
1748890 440
1748900 440
1748910 439
1748920 438
1748930 438
1748940 436
1748950 435
1748960 436
1748970 435
1748980 435
1748990 435
1749000 434
1749010 434
1749020 434
1749030 434
1749040 433
1749050 433
1749060 433
1749070 432
1749080 432
1749090 433
1749100 433
1749110 434
1749120 434
1749130 434
1749140 435
1749150 435
1749160 436
1749170 436
1749180 436
1749190 437
1749200 439
1749210 439
1749220 439
1749230 438
1749240 438
1749250 437
1749260 436
1749270 436
1749280 435
1749290 433
1749300 433
1749310 432
1749320 431
1749330 431
1749340 430
1749350 429
1749360 428
1749370 428
1749380 426
1749390 425
1749400 425
1749410 423
1749420 421
1749430 421
1749440 420
1749450 418
1749460 418
1749470 416
1749480 414
1749490 414
1749500 412
1749510 411
1749520 411
1749530 410
1749540 409
1749550 409
1749560 408
1749570 407
1749580 407
1749590 406
1749600 405
1749610 404
1749620 404
1749630 403
1749640 403
1749650 403
1749660 402
1749670 401
1749680 401
1749690 401
1749700 401
1749710 401
1749720 401
1749730 400
1749740 400
1749750 400
1749760 400
1749770 400
1749780 400
1749790 400
1749800 400
1749810 400
1749820 400
1749830 400
1749840 399
1749850 399
1749860 400
1749870 400
1749880 400
1749890 400
1749900 400
1749910 399
1749920 399
1749930 399
1749940 399
1749950 399
1749960 399
1749970 399
1749980 399
1749990 399
1750000 399
1750010 399
1750020 399
1750030 399
1750040 399
1750050 399
1750060 397
1750070 397
1750080 397
1750090 400
1750100 402
1750110 403
1750120 403
1750130 405
1750140 406
1750150 406
1750160 408
1750170 410
1750180 410
1750190 412
1750200 418
1750210 418
1750220 420
1750230 423
1750240 423
1750250 424
1750260 426
1750270 426
1750280 427
1750290 429
1750300 429
1750310 430
1750320 431
1750330 431
1750340 433
1750350 434
1750360 435
1750370 435
1750380 436
1750390 437
1750400 437
1750410 438
1750420 437
1750430 437
1750440 437
1750450 436
1750460 436
1750470 436
1750480 435
1750490 435
1750500 434
1750510 433
1750520 433
1750530 432
1750540 432
1750550 432
1750560 431
1750570 431
1750580 431
1750590 431
1750600 431
1750610 430
1750620 430
1750630 429
1750640 428
1750650 428
1750660 427
1750670 427
1750680 427
1750690 429
1750700 428
1750710 428
1750720 428
1750730 427
1750740 427
1750750 428
1750760 427
1750770 427
1750780 431
1750790 433
1750800 433
1750810 436
1750820 436
1750830 436
1750840 436
1750850 437
1750860 438
1750870 438
1750880 439
1750890 441
1750900 441
1750910 443
1750920 444
1750930 444
1750940 444
1750950 446
1750960 446
1750970 447
1750980 449
1750990 449
1751000 450
1751010 452
1751020 452
1751030 453
1751040 455
1751050 455
1751060 457
1751070 458
1751080 458
1751090 460
1751100 461
1751110 462
1751120 462
1751130 462
1751140 463
1751150 463
1751160 463
1751170 463
1751180 463
1751190 463
1751200 464
1751210 464
1751220 465
1751230 466
1751240 466
1751250 467
1751260 468
1751270 468
1751280 468
1751290 469
1751300 469
1751310 470
1751320 471
1751330 471
1751340 471
1751350 472
1751360 473
1751370 473
1751380 475
1751390 476
1751400 476
1751410 478
1751420 480
1751430 480
1751440 482
1751450 484
1751460 484
1751470 485
1751480 486
1751490 486
1751500 486
1751510 487
1751520 487
1751530 488
1751540 489
1751550 489
1751560 490
1751570 491
1751580 493
1751590 493
1751600 494
1751610 496
1751620 496
1751630 496
1751640 497
1751650 497
1751660 499
1751670 501
1751680 501
1751690 502
1751700 503
1751710 503
1751720 504
1751730 506
1751740 506
1751750 508
1751760 509
1751770 509
1751780 511
1751790 512
1751800 512
1751810 514
1751820 515
1751830 515
1751840 515
1751850 516
1751860 518
1751870 518
1751880 521
1751890 523
1751900 523
1751910 526
1751920 529
1751930 529
1751940 532
1751950 534
1751960 534
1751970 536
1751980 538
1751990 538
1752000 540
1752010 542
1752020 542
1752030 544
1752040 546
1752050 546
1752060 547
1752070 551
1752080 554
1752090 554
1752100 557
1752110 560
1752120 555
1752130 557
1752140 563
1752150 563
1752160 566
1752170 569
1752180 569
1752190 573
1752200 577
1752210 577
1752220 581
1752230 585
1752240 585
1752250 589
1752260 592
1752270 592
1752280 599
1752290 604
1752300 604
1752310 606
1752320 609
1752330 611
1752340 611
1752350 613
1752360 616
1752370 616
1752380 618
1752390 621
1752400 621
1752410 623
1752420 628
1752430 628
1752440 632
1752450 634
1752460 634
1752470 636
1752480 639
1752490 639
1752500 641
1752510 643
1752520 643
1752530 643
1752540 643
1752550 643
1752560 643
1752570 643
1752580 643
1752590 643
1752600 643
1752610 643
1752620 643
1752630 642
1752640 642
1752650 642
1752660 641
1752670 641
1752680 641
1752690 640
1752700 641
1752710 641
1752720 641
1752730 642
1752740 642
1752750 641
1752760 641
1752770 641
1752780 639
1752790 639
1752800 639
1752810 638
1752820 638
1752830 639
1752840 639
1752850 637
1752860 635
1752870 635
1752880 635
1752890 634
1752900 634
1752910 632
1752920 628
1752930 628
1752940 629
1752950 626
1752960 626
1752970 633
1752980 637
1752990 637
1753000 640
1753010 644
1753020 644
1753030 647
1753040 651
1753050 651
1753060 654
1753070 657
1753080 659
1753090 659
1753100 662
1753110 664
1753120 664
1753130 665
1753140 665
1753150 665
1753160 665
1753170 664
1753180 664
1753190 663
1753200 662
1753210 662
1753220 660
1753230 667
1753240 667
1753250 670
1753260 674
1753270 674
1753280 678
1753290 683
1753300 683
1753310 686
1753320 688
1753330 691
1753340 691
1753350 694
1753360 697
1753370 697
1753380 699
1753390 700
1753400 700
1753410 702
1753420 703
1753430 703
1753440 704
1753450 705
1753460 705
1753470 706
1753480 707
1753490 707
1753500 708
1753510 710
1753520 710
1753530 711
1753540 712
1753550 712
1753560 713
1753570 714
1753580 715
1753590 715
1753600 715
1753610 719
1753620 719
1753630 720
1753640 721
1753650 721
1753660 722
1753670 723
1753680 723
1753690 724
1753700 725
1753710 725
1753720 726
1753730 726
1753740 726
1753750 726
1753760 725
1753770 725
1753780 725
1753790 724
1753800 724
1753810 724
1753820 723
1753830 723
1753840 723
1753850 722
1753860 722
1753870 722
1753880 721
1753890 720
1753900 720
1753910 719
1753920 718
1753930 718
1753940 716
1753950 715
1753960 715
1753970 714
1753980 713
1753990 713
1754000 712
1754010 710
1754020 710
1754030 709
1754040 708
1754050 707
1754060 707
1754070 704
1754080 703
1754090 703
1754100 702
1754110 701
1754120 701
1754130 700
1754140 699
1754150 699
1754160 698
1754170 697
1754180 697
1754190 696
1754200 694
1754210 694
1754220 693
1754230 691
1754240 691
1754250 689
1754260 685
1754270 685
1754280 681
1754290 677
1754300 676
1754310 676
1754320 678
1754330 678
1754340 678
1754350 678
1754360 677
1754370 677
1754380 677
1754390 676
1754400 676
1754410 674
1754420 672
1754430 672
1754440 671
1754450 670
1754460 670
1754470 668
1754480 666
1754490 666
1754500 663
1754510 660
1754520 660
1754530 658
1754540 655
1754550 656
1754560 656
1754570 655
1754580 655
1754590 655
1754600 654
1754610 653
1754620 653
1754630 652
1754640 650
1754650 650
1754660 649
1754670 646
1754680 646
1754690 643
1754700 638
1754710 638
1754720 631
1754730 625
1754740 625
1754750 631
1754760 635
1754770 635
1754780 639
1754790 642
1754800 645
1754810 645
1754820 647
1754830 648
1754840 648
1754850 649
1754860 650
1754870 650
1754880 651
1754890 651
1754900 651
1754910 651
1754920 651
1754930 651
1754940 651
1754950 650
1754960 650
1754970 650
1754980 649
1754990 649
1755000 649
1755010 649
1755020 649
1755030 648
1755040 647
1755050 646
1755060 646
1755070 646
1755080 644
1755090 644
1755100 643
1755110 641
1755120 641
1755130 639
1755140 637
1755150 637
1755160 635
1755170 632
1755180 632
1755190 630
1755200 628
1755210 628
1755220 626
1755230 623
1755240 623
1755250 621
1755260 618
1755270 618
1755280 616
1755290 615
1755300 611
1755310 611
1755320 609
1755330 607
1755340 607
1755350 606
1755360 605
1755370 605
1755380 603
1755390 602
1755400 602
1755410 603
1755420 603
1755430 603
1755440 602
1755450 605
1755460 605
1755470 607
1755480 609
1755490 609
1755500 612
1755510 615
1755520 615
1755530 617
1755540 619
1755550 620
1755560 620
1755570 621
1755580 622
1755590 622
1755600 623
1755610 623
1755620 623
1755630 622
1755640 622
1755650 622
1755660 622
1755670 622
1755680 622
1755690 619
1755700 617
1755710 617
1755720 613
1755730 609
1755740 609
1755750 605
1755760 601
1755770 601
1755780 597
1755790 592
1755800 592
1755810 592
1755820 595
1755830 597
1755840 597
1755850 597
1755860 599
1755870 599
1755880 598
1755890 599
1755900 599
1755910 599
1755920 600
1755930 600
1755940 600
1755950 599
1755960 599
1755970 600
1755980 599
1755990 599
1756000 600
1756010 601
1756020 600
1756030 600
1756040 601
1756050 601
1756060 601
1756070 600
1756080 600
1756090 600
1756100 599
1756110 597
1756120 597
1756130 593
1756140 588
1756150 588
1756160 584
1756170 584
1756180 584
1756190 584
1756200 584
1756210 584
1756220 583
1756230 583
1756240 583
1756250 582
1756260 581
1756270 580
1756280 580
1756290 579
1756300 577
1756310 577
1756320 577
1756330 575
1756340 575
1756350 573
1756360 572
1756370 572
1756380 571
1756390 569
1756400 569
1756410 567
1756420 565
1756430 565
1756440 563
1756450 563
1756460 563
1756470 564
1756480 564
1756490 564
1756500 565
1756510 566
1756520 567
1756530 567
1756540 566
1756550 567
1756560 567
1756570 567
1756580 566
1756590 566
1756600 567
1756610 568
1756620 568
1756630 569
1756640 571
1756650 571
1756660 573
1756670 575
1756680 575
1756690 577
1756700 578
1756710 578
1756720 580
1756730 582
1756740 582
1756750 583
1756760 585
1756770 586
1756780 586
1756790 587
1756800 589
1756810 589
1756820 590
1756830 591
1756840 591
1756850 593
1756860 594
1756870 594
1756880 596
1756890 598
1756900 598
1756910 601
1756920 603
1756930 603
1756940 605
1756950 606
1756960 606
1756970 608
1756980 609
1756990 609
1757000 611
1757010 613
1757020 615
1757030 615
1757040 617
1757050 619
1757060 619
1757070 621
1757080 624
1757090 624
1757100 626
1757110 629
1757120 629
1757130 632
1757140 634
1757150 634
1757160 637
1757170 639
1757180 639
1757190 641
1757200 643
1757210 643
1757220 645
1757230 648
1757240 648
1757250 650
1757260 652
1757270 654
1757280 654
1757290 655
1757300 657
1757310 657
1757320 658
1757330 658
1757340 658
1757350 659
1757360 659
1757370 659
1757380 659
1757390 658
1757400 658
1757410 657
1757420 656
1757430 656
1757440 654
1757450 652
1757460 652
1757470 651
1757480 650
1757490 650
1757500 649
1757510 647
1757520 646
1757530 646
1757540 645
1757550 642
1757560 642
1757570 640
1757580 638
1757590 638
1757600 636
1757610 635
1757620 635
1757630 634
1757640 633
1757650 633
1757660 631
1757670 630
1757680 630
1757690 630
1757700 629
1757710 629
1757720 628
1757730 626
1757740 626
1757750 625
1757760 626
1757770 626
1757780 626
1757790 627
1757800 629
1757810 629
1757820 630
1757830 630
1757840 630
1757850 630
1757860 630
1757870 630
1757880 630
1757890 630
1757900 630
1757910 630
1757920 629
1757930 629
1757940 630
1757950 631
1757960 631
1757970 631
1757980 632
1757990 632
1758000 633
1758010 634
1758020 636
1758030 636
1758040 637
1758050 637
1758060 637
1758070 637
1758080 637
1758090 637
1758100 637
1758110 634
1758120 634
1758130 635
1758140 635
1758150 635
1758160 635
1758170 634
1758180 634
1758190 632
1758200 631
1758210 631
1758220 629
1758230 627
1758240 625
1758250 625
1758260 622
1758270 621
1758280 621
1758290 619
1758300 615
1758310 615
1758320 608
1758330 602
1758340 602
1758350 594
1758360 586
1758370 586
1758380 583
1758390 577
1758400 577
1758410 571
1758420 576
1758430 576
1758440 574
1758450 570
1758460 570
1758470 566
1758480 553
1758490 541
1758500 541
1758510 529
1758520 519
1758530 519
1758540 508
1758550 496
1758560 496
1758570 488
1758580 481
1758590 481
1758600 472
1758610 465
1758620 465
1758630 460
1758640 457
1758650 457
1758660 457
1758670 451
1758680 451
1758690 441
1758700 433
1758710 433
1758720 427
1758730 422
1758740 416
1758750 416
1758760 410
1758770 405
1758780 405
1758790 403
1758800 398
1758810 398
1758820 393
1758830 387
1758840 387
1758850 381
1758860 379
1758870 379
1758880 378
1758890 375
1758900 375
1758910 373
1758920 373
1758930 373
1758940 373
1758950 373
1758960 373
1758970 373
1758980 373
1758990 373
1759000 373
1759010 373
1759020 372
1759030 372
1759040 372
1759050 372
1759060 372
1759070 372
1759080 372
1759090 372
1759100 378
1759110 383
1759120 383
1759130 382
1759140 384
1759150 384
1759160 384
1759170 387
1759180 387
1759190 390
1759200 392
1759210 392
1759220 394
1759230 396
1759240 398
1759250 398
1759260 400
1759270 402
1759280 402
1759290 404
1759300 406
1759310 406
1759320 409
1759330 415
1759340 415
1759350 419
1759360 414
1759370 414
1759380 417
1759390 425
1759400 425
1759410 431
1759420 433
1759430 433
1759440 433
1759450 429
1759460 429
1759470 425
1759480 422
1759490 416
1759500 416
1759510 413
1759520 412
1759530 412
1759540 412
1759550 404
1759560 404
1759570 403
1759580 402
1759590 402
1759600 402
1759610 401
1759620 401
1759630 400
1759640 399
1759650 399
1759660 398
1759670 397
1759680 397
1759690 395
1759700 393
1759710 393
1759720 391
1759730 388
1759740 386
1759750 386
1759760 383
1759770 380
1759780 380
1759790 377
1759800 374
1759810 374
1759820 372
1759830 372
1759840 372
1759850 372
1759860 371
1759870 371
1759880 370
1759890 370
1759900 370
1759910 370
1759920 370
1759930 370
1759940 373
1759950 376
1759960 376
1759970 382
1759980 388
1759990 396
