1740000 484
1740010 485
1740020 485
1740030 485
1740040 485
1740050 486
1740060 486
1740070 487
1740080 486
1740090 486
1740100 485
1740110 484
1740120 484
1740130 484
1740140 483
1740150 486
1740160 486
1740170 489
1740180 496
1740190 496
1740200 501
1740210 506
1740220 506
1740230 509
1740240 512
1740250 512
1740260 513
1740270 517
1740280 517
1740290 519
1740300 520
1740310 520
1740320 522
1740330 524
1740340 524
1740350 526
1740360 527
1740370 527
1740380 528
1740390 529
1740400 530
1740410 530
1740420 530
1740430 530
1740440 530
1740450 530
1740460 528
1740470 528
1740480 528
1740490 526
1740500 526
1740510 525
1740520 525
1740530 525
1740540 524
1740550 524
1740560 524
1740570 523
1740580 521
1740590 521
1740600 519
1740610 518
1740620 518
1740630 518
1740640 517
1740650 516
1740660 516
1740670 516
1740680 515
1740690 515
1740700 515
1740710 514
1740720 514
1740730 511
1740740 510
1740750 510
1740760 511
1740770 511
1740780 511
1740790 511
1740800 510
1740810 510
1740820 510
1740830 511
1740840 511
1740850 510
1740860 511
1740870 511
1740880 510
1740890 507
1740900 502
1740910 502
1740920 500
1740930 497
1740940 497
1740950 493
1740960 491
1740970 491
1740980 489
1740990 487
1741000 487
1741010 485
1741020 484
1741030 484
1741040 482
1741050 481
1741060 481
1741070 481
1741080 481
1741090 481
1741100 479
1741110 480
1741120 480
1741130 479
1741140 479
1741150 479
1741160 479
1741170 479
1741180 480
1741190 480
1741200 479
1741210 479
1741220 479
1741230 478
1741240 478
1741250 478
1741260 478
1741270 478
1741280 478
1741290 478
1741300 478
1741310 478
1741320 478
1741330 478
1741340 478
1741350 478
1741360 478
1741370 478
1741380 478
1741390 478
1741400 478
1741410 478
1741420 479
1741430 479
1741440 479
1741450 479
1741460 479
1741470 479
1741480 479
1741490 479
1741500 479
1741510 479
1741520 480
1741530 480
1741540 480
1741550 480
1741560 480
1741570 479
1741580 479
1741590 479
1741600 478
1741610 479
1741620 479
1741630 479
1741640 478
1741650 479
1741660 479
1741670 478
1741680 477
1741690 477
1741700 477
1741710 477
1741720 477
1741730 477
1741740 477
1741750 477
1741760 477
1741770 477
1741780 477
1741790 477
1741800 477
1741810 477
1741820 477
1741830 477
1741840 477
1741850 477
1741860 477
1741870 477
1741880 477
1741890 477
1741900 476
1741910 476
1741920 476
1741930 476
1741940 476
1741950 477
1741960 477
1741970 477
1741980 477
1741990 476
1742000 476
1742010 477
1742020 477
1742030 477
1742040 476
1742050 476
1742060 476
1742070 476
1742080 476
1742090 476
1742100 477
1742110 477
1742120 477
1742130 477
1742140 477
1742150 477
1742160 477
1742170 477
1742180 477
1742190 477
1742200 477
1742210 479
1742220 479
1742230 479
1742240 479
1742250 479
1742260 479
1742270 480
1742280 480
1742290 480
1742300 480
1742310 480
1742320 480
1742330 480
1742340 480
1742350 481
1742360 481
1742370 481
1742380 481
1742390 481
1742400 483
1742410 483
1742420 483
1742430 484
1742440 484
1742450 485
1742460 485
1742470 485
1742480 486
1742490 488
1742500 488
1742510 488
1742520 489
1742530 489
1742540 489
1742550 490
1742560 491
1742570 491
1742580 492
1742590 492
1742600 493
1742610 493
1742620 493
1742630 494
1742640 495
1742650 495
1742660 495
1742670 496
1742680 497
1742690 497
1742700 497
1742710 498
1742720 498
1742730 499
1742740 500
1742750 500
1742760 501
1742770 501
1742780 501
1742790 501
1742800 502
1742810 502
1742820 504
1742830 504
1742840 504
1742850 503
1742860 503
1742870 503
1742880 503
1742890 503
1742900 502
1742910 502
1742920 501
1742930 499
1742940 499
1742950 497
1742960 495
1742970 495
1742980 493
1742990 491
1743000 491
1743010 488
1743020 484
1743030 484
1743040 482
1743050 480
1743060 480
1743070 478
1743080 478
1743090 478
1743100 474
1743110 474
1743120 472
1743130 472
1743140 470
1743150 469
1743160 469
1743170 467
1743180 465
1743190 465
1743200 464
1743210 462
1743220 462
1743230 460
1743240 459
1743250 459
1743260 457
1743270 456
1743280 456
1743290 456
1743300 455
1743310 455
1743320 454
1743330 454
1743340 454
1743350 454
1743360 453
1743370 452
1743380 452
1743390 451
1743400 448
1743410 448
1743420 446
1743430 445
1743440 445
1743450 445
1743460 442
1743470 442
1743480 442
1743490 443
1743500 443
1743510 442
1743520 442
1743530 442
1743540 442
1743550 442
1743560 442
1743570 442
1743580 443
1743590 443
1743600 443
1743610 443
1743620 443
1743630 443
1743640 443
1743650 443
1743660 443
1743670 443
1743680 442
1743690 442
1743700 443
1743710 443
1743720 443
1743730 443
1743740 443
1743750 443
1743760 444
1743770 444
1743780 444
1743790 443
1743800 443
1743810 443
1743820 442
1743830 441
1743840 441
1743850 441
1743860 440
1743870 439
1743880 439
1743890 438
1743900 437
1743910 437
1743920 436
1743930 436
1743940 436
1743950 435
1743960 434
1743970 434
1743980 433
1743990 432
1744000 432
1744010 431
1744020 430
1744030 430
1744040 429
1744050 428
1744060 428
1744070 427
1744080 427
1744090 427
1744100 426
1744110 425
1744120 424
1744130 424
1744140 424
1744150 423
1744160 423
1744170 423
1744180 423
1744190 423
1744200 422
1744210 422
1744220 422
1744230 422
1744240 422
1744250 422
1744260 422
1744270 421
1744280 421
1744290 420
1744300 420
1744310 420
1744320 420
1744330 420
1744340 420
1744350 420
1744360 420
1744370 419
1744380 419
1744390 419
1744400 419
1744410 419
1744420 419
1744430 419
1744440 419
1744450 419
1744460 419
1744470 419
1744480 418
1744490 418
1744500 418
1744510 419
1744520 419
1744530 419
1744540 419
1744550 420
1744560 420
1744570 419
1744580 420
1744590 420
1744600 420
1744610 420
1744620 421
1744630 421
1744640 421
1744650 422
1744660 422
1744670 423
1744680 424
1744690 424
1744700 426
1744710 428
1744720 428
1744730 430
1744740 432
1744750 432
1744760 435
1744770 433
1744780 433
1744790 437
1744800 438
1744810 438
1744820 440
1744830 441
1744840 441
1744850 442
1744860 443
1744870 444
1744880 444
1744890 444
1744900 443
1744910 443
1744920 443
1744930 442
1744940 442
1744950 441
1744960 440
1744970 440
1744980 440
1744990 438
1745000 438
1745010 437
1745020 436
1745030 436
1745040 434
1745050 432
1745060 432
1745070 430
1745080 428
1745090 428
1745100 426
1745110 425
1745120 423
1745130 423
1745140 422
1745150 421
1745160 421
1745170 419
1745180 418
1745190 418
1745200 417
1745210 416
1745220 416
1745230 416
1745240 415
1745250 415
1745260 415
1745270 415
1745280 415
1745290 415
1745300 415
1745310 415
1745320 415
1745330 415
1745340 415
1745350 415
1745360 416
1745370 417
1745380 417
1745390 417
1745400 419
1745410 419
1745420 420
1745430 421
1745440 421
1745450 422
1745460 423
1745470 423
1745480 425
1745490 426
1745500 426
1745510 428
1745520 430
1745530 430
1745540 432
1745550 434
1745560 434
1745570 436
1745580 438
1745590 438
1745600 440
1745610 443
1745620 444
1745630 444
1745640 446
1745650 447
1745660 447
1745670 447
1745680 448
1745690 448
1745700 448
1745710 447
1745720 447
1745730 447
1745740 446
1745750 446
1745760 444
1745770 442
1745780 442
1745790 440
1745800 438
1745810 438
1745820 436
1745830 435
1745840 435
1745850 434
1745860 432
1745870 430
1745880 430
1745890 427
1745900 425
1745910 425
1745920 422
1745930 421
1745940 421
1745950 419
1745960 418
1745970 418
1745980 416
1745990 414
1746000 414
1746010 413
1746020 412
1746030 412
1746040 410
1746050 409
1746060 409
1746070 410
1746080 411
1746090 411
1746100 410
1746110 411
1746120 411
1746130 411
1746140 411
1746150 412
1746160 412
1746170 413
1746180 414
1746190 414
1746200 415
1746210 417
1746220 417
1746230 418
1746240 419
1746250 419
1746260 421
1746270 423
1746280 423
1746290 424
1746300 425
1746310 425
1746320 426
1746330 427
1746340 427
1746350 427
1746360 427
1746370 426
1746380 426
1746390 428
1746400 428
1746410 428
1746420 428
1746430 427
1746440 427
1746450 426
1746460 426
1746470 426
1746480 425
1746490 424
1746500 424
1746510 422
1746520 421
1746530 421
1746540 420
1746550 418
1746560 418
1746570 417
1746580 415
1746590 415
1746600 414
1746610 413
1746620 412
1746630 412
1746640 411
1746650 409
1746660 409
1746670 408
1746680 407
1746690 407
1746700 406
1746710 405
1746720 405
1746730 405
1746740 403
1746750 403
1746760 401
1746770 401
1746780 401
1746790 401
1746800 400
1746810 400
1746820 400
1746830 403
1746840 403
1746850 403
1746860 405
1746870 406
1746880 406
1746890 408
1746900 410
1746910 410
1746920 410
1746930 412
1746940 412
1746950 413
1746960 415
1746970 415
1746980 416
1746990 417
1747000 417
1747010 417
1747020 418
1747030 418
1747040 420
1747050 422
1747060 422
1747070 423
1747080 423
1747090 425
1747100 425
1747110 426
1747120 426
1747130 426
1747140 428
1747150 429
1747160 429
1747170 431
1747180 432
1747190 432
1747200 433
1747210 435
1747220 435
1747230 438
1747240 441
1747250 441
1747260 442
1747270 442
1747280 442
1747290 445
1747300 448
1747310 448
1747320 450
1747330 452
1747340 453
1747350 453
1747360 454
1747370 456
1747380 456
1747390 457
1747400 458
1747410 458
1747420 459
1747430 460
1747440 460
1747450 461
1747460 462
1747470 462
1747480 463
1747490 463
1747500 463
1747510 464
1747520 464
1747530 464
1747540 465
1747550 465
1747560 465
1747570 465
1747580 465
1747590 464
1747600 464
1747610 463
1747620 462
1747630 462
1747640 460
1747650 458
1747660 458
1747670 455
1747680 456
1747690 456
1747700 456
1747710 455
1747720 455
1747730 454
1747740 454
1747750 454
1747760 453
1747770 451
1747780 451
1747790 450
1747800 450
1747810 450
1747820 451
1747830 452
1747840 452
1747850 452
1747860 453
1747870 454
1747880 454
1747890 455
1747900 456
1747910 456
1747920 456
1747930 457
1747940 457
1747950 458
1747960 459
1747970 459
1747980 460
1747990 461
1748000 461
1748010 462
1748020 463
1748030 463
1748040 464
1748050 465
1748060 465
1748070 467
1748080 468
1748090 470
1748100 470
1748110 471
1748120 473
1748130 473
1748140 474
1748150 476
1748160 476
1748170 477
1748180 479
1748190 479
1748200 481
1748210 483
1748220 483
1748230 484
1748240 486
1748250 486
1748260 487
1748270 488
1748280 488
1748290 489
1748300 490
1748310 490
1748320 491
1748330 492
1748340 494
1748350 494
1748360 494
1748370 494
1748380 494
1748390 495
1748400 495
1748410 495
1748420 495
1748430 494
1748440 494
1748450 492
1748460 490
1748470 490
1748480 489
1748490 489
1748500 489
1748510 489
1748520 490
1748530 490
1748540 490
1748550 491
1748560 491
1748570 492
1748580 493
1748590 494
1748600 494
1748610 495
1748620 496
1748630 496
1748640 498
1748650 499
1748660 499
1748670 500
1748680 501
1748690 501
1748700 501
1748710 501
1748720 501
1748730 500
1748740 498
1748750 498
1748760 496
1748770 494
1748780 494
1748790 491
1748800 489
1748810 489
1748820 487
1748830 485
1748840 483
1748850 483
1748860 481
1748870 476
1748880 476
1748890 474
1748900 472
1748910 472
1748920 469
1748930 467
1748940 467
1748950 463
1748960 461
1748970 461
1748980 456
1748990 452
1749000 452
1749010 449
1749020 446
1749030 446
1749040 445
1749050 444
1749060 444
1749070 442
1749080 440
1749090 438
1749100 438
1749110 437
1749120 435
1749130 435
1749140 434
1749150 433
1749160 433
1749170 431
1749180 430
1749190 430
1749200 429
1749210 428
1749220 428
1749230 427
1749240 426
1749250 426
1749260 425
1749270 425
1749280 424
1749290 424
1749300 423
1749310 423
1749320 423
1749330 422
1749340 420
1749350 420
1749360 419
1749370 418
1749380 418
1749390 417
1749400 416
1749410 416
1749420 415
1749430 415
1749440 415
1749450 414
1749460 414
1749470 414
1749480 413
1749490 413
1749500 413
1749510 413
1749520 412
1749530 412
1749540 412
1749550 412
1749560 412
1749570 411
1749580 411
1749590 410
1749600 410
1749610 409
1749620 409
1749630 409
1749640 409
1749650 409
1749660 409
1749670 407
1749680 411
1749690 411
1749700 419
1749710 415
1749720 415
1749730 412
1749740 414
1749750 414
1749760 420
1749770 423
1749780 423
1749790 422
1749800 423
1749810 423
1749820 422
1749830 420
1749840 417
1749850 417
1749860 418
1749870 417
1749880 417
1749890 416
1749900 416
1749910 416
1749920 415
1749930 415
1749940 415
1749950 414
1749960 414
1749970 414
1749980 413
1749990 413
1750000 413
1750010 413
1750020 412
1750030 412
1750040 411
1750050 411
1750060 411
1750070 411
1750080 411
1750090 410
1750100 410
1750110 410
1750120 410
1750130 410
1750140 410
1750150 411
1750160 411
1750170 413
1750180 414
1750190 414
1750200 417
1750210 419
1750220 419
1750230 421
1750240 423
1750250 423
1750260 425
1750270 426
1750280 426
1750290 427
1750300 428
1750310 428
1750320 427
1750330 426
1750340 424
1750350 424
1750360 422
1750370 420
1750380 420
1750390 419
1750400 418
1750410 418
1750420 418
1750430 418
1750440 418
1750450 417
1750460 417
1750470 417
1750480 418
1750490 418
1750500 418
1750510 418
1750520 417
1750530 417
1750540 419
1750550 420
1750560 420
1750570 422
1750580 424
1750590 425
1750600 425
1750610 426
1750620 426
1750630 426
1750640 427
1750650 428
1750660 428
1750670 429
1750680 430
1750690 430
1750700 432
1750710 433
1750720 433
1750730 435
1750740 436
1750750 436
1750760 438
1750770 439
1750780 439
1750790 440
1750800 442
1750810 442
1750820 443
1750830 445
1750840 446
1750850 446
1750860 447
1750870 447
1750880 447
1750890 448
1750900 449
1750910 449
1750920 448
1750930 450
1750940 450
1750950 451
1750960 452
1750970 452
1750980 454
1750990 456
1751000 456
1751010 457
1751020 459
1751030 459
1751040 458
1751050 459
1751060 460
1751070 460
1751080 461
1751090 463
1751100 463
1751110 464
1751120 465
1751130 465
1751140 466
1751150 468
1751160 468
1751170 469
1751180 470
1751190 470
1751200 470
1751210 470
1751220 470
1751230 471
1751240 472
1751250 472
1751260 472
1751270 473
1751280 473
1751290 475
1751300 476
1751310 477
1751320 477
1751330 478
1751340 480
1751350 480
1751360 481
1751370 482
1751380 482
1751390 484
1751400 485
1751410 485
1751420 486
1751430 487
1751440 487
1751450 488
1751460 489
1751470 489
1751480 491
1751490 492
1751500 492
1751510 493
1751520 494
1751530 494
1751540 497
1751550 497
1751560 498
1751570 498
1751580 500
1751590 501
1751600 501
1751610 503
1751620 505
1751630 505
1751640 507
1751650 508
1751660 508
1751670 508
1751680 509
1751690 509
1751700 510
1751710 510
1751720 510
1751730 511
1751740 511
1751750 511
1751760 512
1751770 512
1751780 512
1751790 515
1751800 517
1751810 518
1751820 518
1751830 520
1751840 521
1751850 521
1751860 523
1751870 525
1751880 525
1751890 526
1751900 527
1751910 527
1751920 528
1751930 530
1751940 530
1751950 531
1751960 531
1751970 531
1751980 531
1751990 532
1752000 532
1752010 533
1752020 535
1752030 535
1752040 537
1752050 538
1752060 540
1752070 540
1752080 543
1752090 545
1752100 545
1752110 547
1752120 550
1752130 550
1752140 552
1752150 555
1752160 555
1752170 557
1752180 559
1752190 559
1752200 562
1752210 564
1752220 564
1752230 566
1752240 568
1752250 568
1752260 571
1752270 571
1752280 571
1752290 571
1752300 572
1752310 572
1752320 572
1752330 572
1752340 572
1752350 572
1752360 573
1752370 574
1752380 574
1752390 575
1752400 576
1752410 576
1752420 577
1752430 578
1752440 578
1752450 579
1752460 580
1752470 580
1752480 581
1752490 583
1752500 583
1752510 585
1752520 587
1752530 587
1752540 591
1752550 594
1752560 599
1752570 599
1752580 604
1752590 608
1752600 608
1752610 613
1752620 617
1752630 617
1752640 622
1752650 625
1752660 625
1752670 628
1752680 631
1752690 631
1752700 633
1752710 635
1752720 635
1752730 636
1752740 639
1752750 639
1752760 642
1752770 646
1752780 646
1752790 649
1752800 652
1752810 656
1752820 656
1752830 660
1752840 663
1752850 663
1752860 666
1752870 670
1752880 670
1752890 673
1752900 677
1752910 677
1752920 680
1752930 683
1752940 683
1752950 685
1752960 687
1752970 687
1752980 690
1752990 693
1753000 693
1753010 696
1753020 699
1753030 699
1753040 701
1753050 704
1753060 707
1753070 707
1753080 710
1753090 713
1753100 713
1753110 717
1753120 719
1753130 719
1753140 723
1753150 726
1753160 726
1753170 730
1753180 733
1753190 733
1753200 737
1753210 740
1753220 740
1753230 744
1753240 748
1753250 748
1753260 751
1753270 755
1753280 755
1753290 759
1753300 763
1753310 768
1753320 768
1753330 771
1753340 775
1753350 775
1753360 780
1753370 784
1753380 784
1753390 788
1753400 792
1753410 792
1753420 796
1753430 801
1753440 801
1753450 805
1753460 810
1753470 810
1753480 815
1753490 820
1753500 820
1753510 824
1753520 829
1753530 829
1753540 834
1753550 838
1753560 843
1753570 843
1753580 849
1753590 853
1753600 853
1753610 857
1753620 862
1753630 862
1753640 867
1753650 872
1753660 872
1753670 876
1753680 881
1753690 881
1753700 885
1753710 890
1753720 890
1753730 894
1753740 898
1753750 898
1753760 903
1753770 906
1753780 906
1753790 910
1753800 914
1753810 918
1753820 918
1753830 923
1753840 927
1753850 927
1753860 932
1753870 936
1753880 936
1753890 940
1753900 943
1753910 943
1753920 943
1753930 941
1753940 941
1753950 940
1753960 938
1753970 938
1753980 936
1753990 931
1754000 931
1754010 927
1754020 922
1754030 922
1754040 918
1754050 913
1754060 908
1754070 908
1754080 903
1754090 900
1754100 900
1754110 898
1754120 895
1754130 895
1754140 893
1754150 890
1754160 890
1754170 887
1754180 884
1754190 884
1754200 883
1754210 883
1754220 883
1754230 882
1754240 882
1754250 882
1754260 881
1754270 881
1754280 881
1754290 882
1754300 883
1754310 884
1754320 884
1754330 885
1754340 886
1754350 886
1754360 887
1754370 887
1754380 887
1754390 888
1754400 888
1754410 888
1754420 888
1754430 887
1754440 887
1754450 886
1754460 885
1754470 885
1754480 885
1754490 884
1754500 884
1754510 883
1754520 883
1754530 883
1754540 882
1754550 883
1754560 883
1754570 883
1754580 882
1754590 879
1754600 879
1754610 877
1754620 873
1754630 873
1754640 870
1754650 866
1754660 866
1754670 862
1754680 858
1754690 858
1754700 854
1754710 849
1754720 849
1754730 845
1754740 842
1754750 842
1754760 837
1754770 834
1754780 834
1754790 829
1754800 824
1754810 821
1754820 821
1754830 817
1754840 813
1754850 813
1754860 809
1754870 806
1754880 806
1754890 801
1754900 797
1754910 797
1754920 794
1754930 792
1754940 792
1754950 789
1754960 787
1754970 787
1754980 783
1754990 780
1755000 780
1755010 777
1755020 775
1755030 771
1755040 771
1755050 769
1755060 767
1755070 767
1755080 764
1755090 761
1755100 761
1755110 759
1755120 757
1755130 757
1755140 754
1755150 752
1755160 752
1755170 750
1755180 748
1755190 748
1755200 745
1755210 742
1755220 742
1755230 738
1755240 735
1755250 735
1755260 732
1755270 729
1755280 726
1755290 726
1755300 724
1755310 722
1755320 722
1755330 720
1755340 718
1755350 718
1755360 715
1755370 712
1755380 712
1755390 708
1755400 705
1755410 705
1755420 702
1755430 700
1755440 700
1755450 698
1755460 695
1755470 695
1755480 693
1755490 690
1755500 690
1755510 688
1755520 686
1755530 684
1755540 684
1755550 682
1755560 679
1755570 679
1755580 676
1755590 674
1755600 674
1755610 672
1755620 670
1755630 670
1755640 667
1755650 666
1755660 666
1755670 664
1755680 662
1755690 662
1755700 661
1755710 660
1755720 660
1755730 658
1755740 656
1755750 656
1755760 655
1755770 654
1755780 653
1755790 653
1755800 652
1755810 651
1755820 651
1755830 651
1755840 651
1755850 651
1755860 650
1755870 650
1755880 650
1755890 649
1755900 650
1755910 650
1755920 650
1755930 650
1755940 650
1755950 650
1755960 651
1755970 651
1755980 651
1755990 652
1756000 652
1756010 652
1756020 652
1756030 653
1756040 653
1756050 653
1756060 653
1756070 653
1756080 651
1756090 649
1756100 649
1756110 646
1756120 643
1756130 643
1756140 639
1756150 635
1756160 635
1756170 632
1756180 630
1756190 630
1756200 627
1756210 624
1756220 624
1756230 619
1756240 615
1756250 615
1756260 612
1756270 609
1756280 607
1756290 607
1756300 605
1756310 603
1756320 603
1756330 602
1756340 599
1756350 599
1756360 597
1756370 597
1756380 597
1756390 595
1756400 594
1756410 594
1756420 593
1756430 592
1756440 592
1756450 591
1756460 590
1756470 590
1756480 589
1756490 588
1756500 588
1756510 587
1756520 586
1756530 585
1756540 585
1756550 584
1756560 584
1756570 584
1756580 584
1756590 583
1756600 583
1756610 582
1756620 581
1756630 581
1756640 580
1756650 579
1756660 579
1756670 578
1756680 577
1756690 577
1756700 576
1756710 574
1756720 574
1756730 572
1756740 571
1756750 571
1756760 569
1756770 568
1756780 567
1756790 567
1756800 566
1756810 565
1756820 565
1756830 562
1756840 559
1756850 559
1756860 556
1756870 554
1756880 554
1756890 550
1756900 547
1756910 547
1756920 544
1756930 541
1756940 542
1756950 539
1756960 536
1756970 536
1756980 534
1756990 531
1757000 531
1757010 529
1757020 526
1757030 522
1757040 522
1757050 519
1757060 516
1757070 516
1757080 512
1757090 508
1757100 508
1757110 508
1757120 507
1757130 507
1757140 505
1757150 502
1757160 502
1757170 497
1757180 492
1757190 492
1757200 489
1757210 494
1757220 494
1757230 496
1757240 495
1757250 495
1757260 498
1757270 501
1757280 502
1757290 502
1757300 502
1757310 503
1757320 503
1757330 504
1757340 506
1757350 506
1757360 508
1757370 510
1757380 510
1757390 510
1757400 510
1757410 510
1757420 510
1757430 509
1757440 509
1757450 509
1757460 509
1757470 509
1757480 509
1757490 509
1757500 509
1757510 509
1757520 509
1757530 510
1757540 510
1757550 511
1757560 511
1757570 511
1757580 511
1757590 510
1757600 510
1757610 509
1757620 509
1757630 509
1757640 508
1757650 508
1757660 508
1757670 508
1757680 507
1757690 507
1757700 505
1757710 502
1757720 502
1757730 500
1757740 499
1757750 499
1757760 497
1757770 495
1757780 492
1757790 492
1757800 491
1757810 489
1757820 489
1757830 487
1757840 485
1757850 485
1757860 483
1757870 480
1757880 480
1757890 478
1757900 474
1757910 474
1757920 471
1757930 467
1757940 467
1757950 461
1757960 456
1757970 456
1757980 451
1757990 456
1758000 456
1758010 459
1758020 462
1758030 463
1758040 463
1758050 464
1758060 466
1758070 466
1758080 467
1758090 468
1758100 468
1758110 470
1758120 469
1758130 469
1758140 469
1758150 469
1758160 469
1758170 468
1758180 467
1758190 467
1758200 466
1758210 464
1758220 464
1758230 463
1758240 461
1758250 461
1758260 460
1758270 458
1758280 455
1758290 455
1758300 454
1758310 451
1758320 451
1758330 446
1758340 441
1758350 441
1758360 439
1758370 431
1758380 431
1758390 422
1758400 411
1758410 411
1758420 404
1758430 396
1758440 396
1758450 389
1758460 384
1758470 384
1758480 384
1758490 384
1758500 384
1758510 384
1758520 385
1758530 385
1758540 385
1758550 386
1758560 392
1758570 392
1758580 401
1758590 409
1758600 409
1758610 416
1758620 425
1758630 425
1758640 433
1758650 440
1758660 440
1758670 447
1758680 452
1758690 452
1758700 457
1758710 462
1758720 462
1758730 468
1758740 472
1758750 472
1758760 477
1758770 482
1758780 487
1758790 487
1758800 491
1758810 494
1758820 494
1758830 496
1758840 497
1758850 497
1758860 497
1758870 497
1758880 497
1758890 495
1758900 494
1758910 494
1758920 494
1758930 493
1758940 493
1758950 493
1758960 493
1758970 493
1758980 491
1758990 489
1759000 486
1759010 486
1759020 482
1759030 479
1759040 479
1759050 474
1759060 469
1759070 469
1759080 466
1759090 464
1759100 464
1759110 462
1759120 460
1759130 460
1759140 458
1759150 457
1759160 457
1759170 457
1759180 456
1759190 456
1759200 455
1759210 455
1759220 455
1759230 454
1759240 454
1759250 453
1759260 453
1759270 453
1759280 452
1759290 452
1759300 452
1759310 451
1759320 451
1759330 451
1759340 450
1759350 450
1759360 449
1759370 449
1759380 449
1759390 448
1759400 448
1759410 448
1759420 447
1759430 448
1759440 448
1759450 447
1759460 446
1759470 446
1759480 446
1759490 446
1759500 446
1759510 446
1759520 444
1759530 442
1759540 442
1759550 441
1759560 439
1759570 439
1759580 437
1759590 436
1759600 436
1759610 435
1759620 434
1759630 434
1759640 434
1759650 433
1759660 433
1759670 432
1759680 431
1759690 431
1759700 430
1759710 430
1759720 430
1759730 430
1759740 430
1759750 429
1759760 429
1759770 427
1759780 426
1759790 426
1759800 425
1759810 426
1759820 426
1759830 424
1759840 424
1759850 424
1759860 424
1759870 424
1759880 424
1759890 424
1759900 424
1759910 424
1759920 424
1759930 424
1759940 424
1759950 424
1759960 423
1759970 423
1759980 424
1759990 424
