1740000 621
1740010 621
1740020 620
1740030 620
1740040 620
1740050 620
1740060 620
1740070 620
1740080 620
1740090 620
1740100 620
1740110 620
1740120 620
1740130 620
1740140 621
1740150 621
1740160 621
1740170 621
1740180 621
1740190 621
1740200 621
1740210 621
1740220 622
1740230 622
1740240 622
1740250 622
1740260 622
1740270 622
1740280 622
1740290 622
1740300 622
1740310 622
1740320 622
1740330 622
1740340 622
1740350 622
1740360 622
1740370 622
1740380 622
1740390 622
1740400 622
1740410 622
1740420 621
1740430 621
1740440 620
1740450 617
1740460 617
1740470 613
1740480 611
1740490 608
1740500 608
1740510 604
1740520 602
1740530 602
1740540 600
1740550 597
1740560 597
1740570 593
1740580 588
1740590 588
1740600 581
1740610 574
1740620 574
1740630 568
1740640 561
1740650 561
1740660 555
1740670 549
1740680 549
1740690 544
1740700 542
1740710 542
1740720 540
1740730 539
1740740 537
1740750 537
1740760 536
1740770 534
1740780 534
1740790 533
1740800 532
1740810 532
1740820 531
1740830 530
1740840 530
1740850 529
1740860 527
1740870 527
1740880 526
1740890 524
1740900 524
1740910 522
1740920 520
1740930 520
1740940 518
1740950 517
1740960 517
1740970 515
1740980 513
1740990 511
1741000 511
1741010 508
1741020 506
1741030 506
1741040 504
1741050 504
1741060 504
1741070 505
1741080 505
1741090 505
1741100 506
1741110 506
1741120 506
1741130 506
1741140 506
1741150 506
1741160 507
1741170 507
1741180 507
1741190 508
1741200 509
1741210 509
1741220 510
1741230 510
1741240 511
1741250 511
1741260 512
1741270 513
1741280 513
1741290 513
1741300 513
1741310 513
1741320 514
1741330 513
1741340 513
1741350 513
1741360 513
1741370 513
1741380 513
1741390 512
1741400 512
1741410 512
1741420 512
1741430 512
1741440 512
1741450 512
1741460 512
1741470 513
1741480 513
1741490 513
1741500 513
1741510 513
1741520 513
1741530 513
1741540 513
1741550 514
1741560 514
1741570 514
1741580 514
1741590 514
1741600 515
1741610 515
1741620 515
1741630 516
1741640 519
1741650 519
1741660 523
1741670 528
1741680 528
1741690 532
1741700 533
1741710 533
1741720 538
1741730 540
1741740 542
1741750 542
1741760 542
1741770 544
1741780 544
1741790 546
1741800 549
1741810 549
1741820 553
1741830 554
1741840 554
1741850 558
1741860 561
1741870 561
1741880 563
1741890 564
1741900 564
1741910 566
1741920 569
1741930 569
1741940 572
1741950 575
1741960 575
1741970 578
1741980 581
1741990 584
1742000 584
1742010 587
1742020 590
1742030 590
1742040 592
1742050 595
1742060 595
1742070 597
1742080 599
1742090 599
1742100 603
1742110 605
1742120 605
1742130 608
1742140 610
1742150 610
1742160 612
1742170 615
1742180 615
1742190 616
1742200 618
1742210 618
1742220 619
1742230 621
1742240 623
1742250 623
1742260 625
1742270 626
1742280 626
1742290 628
1742300 629
1742310 629
1742320 630
1742330 631
1742340 631
1742350 632
1742360 633
1742370 633
1742380 633
1742390 634
1742400 634
1742410 634
1742420 634
1742430 634
1742440 633
1742450 633
1742460 633
1742470 632
1742480 631
1742490 630
1742500 630
1742510 629
1742520 629
1742530 629
1742540 629
1742550 629
1742560 629
1742570 629
1742580 629
1742590 629
1742600 630
1742610 631
1742620 631
1742630 632
1742640 633
1742650 633
1742660 633
1742670 634
1742680 634
1742690 634
1742700 634
1742710 634
1742720 634
1742730 633
1742740 633
1742750 633
1742760 633
1742770 634
1742780 634
1742790 634
1742800 634
1742810 634
1742820 635
1742830 635
1742840 635
1742850 635
1742860 635
1742870 635
1742880 635
1742890 635
1742900 635
1742910 635
1742920 634
1742930 634
1742940 634
1742950 633
1742960 633
1742970 632
1742980 632
1742990 630
1743000 630
1743010 629
1743020 627
1743030 627
1743040 626
1743050 625
1743060 625
1743070 624
1743080 624
1743090 624
1743100 623
1743110 623
1743120 623
1743130 622
1743140 622
1743150 622
1743160 622
1743170 622
1743180 622
1743190 622
1743200 623
1743210 623
1743220 625
1743230 626
1743240 627
1743250 627
1743260 628
1743270 629
1743280 629
1743290 630
1743300 629
1743310 629
1743320 629
1743330 629
1743340 629
1743350 630
1743360 630
1743370 630
1743380 630
1743390 630
1743400 630
1743410 630
1743420 630
1743430 630
1743440 630
1743450 629
1743460 629
1743470 629
1743480 628
1743490 627
1743500 627
1743510 624
1743520 623
1743530 623
1743540 623
1743550 624
1743560 624
1743570 621
1743580 618
1743590 618
1743600 618
1743610 618
1743620 618
1743630 619
1743640 620
1743650 620
1743660 621
1743670 622
1743680 622
1743690 625
1743700 627
1743710 627
1743720 627
1743730 628
1743740 628
1743750 628
1743760 627
1743770 626
1743780 626
1743790 624
1743800 623
1743810 623
1743820 622
1743830 622
1743840 622
1743850 623
1743860 621
1743870 621
1743880 620
1743890 616
1743900 616
1743910 613
1743920 612
1743930 612
1743940 614
1743950 615
1743960 615
1743970 616
1743980 618
1743990 617
1744000 617
1744010 614
1744020 610
1744030 610
1744040 606
1744050 603
1744060 603
1744070 602
1744080 603
1744090 603
1744100 604
1744110 604
1744120 604
1744130 606
1744140 607
1744150 607
1744160 608
1744170 610
1744180 610
1744190 611
1744200 612
1744210 612
1744220 612
1744230 612
1744240 612
1744250 612
1744260 609
1744270 608
1744280 608
1744290 607
1744300 608
1744310 608
1744320 605
1744330 603
1744340 603
1744350 601
1744360 598
1744370 598
1744380 597
1744390 597
1744400 597
1744410 597
1744420 598
1744430 598
1744440 598
1744450 599
1744460 599
1744470 600
1744480 601
1744490 601
1744500 601
1744510 599
1744520 595
1744530 595
1744540 592
1744550 592
1744560 592
1744570 590
1744580 589
1744590 589
1744600 586
1744610 581
1744620 581
1744630 578
1744640 573
1744650 573
1744660 569
1744670 563
1744680 563
1744690 557
1744700 553
1744710 553
1744720 549
1744730 546
1744740 545
1744750 545
1744760 541
1744770 538
1744780 538
1744790 536
1744800 534
1744810 534
1744820 531
1744830 529
1744840 529
1744850 528
1744860 529
1744870 529
1744880 530
1744890 535
1744900 535
1744910 539
1744920 541
1744930 541
1744940 542
1744950 543
1744960 543
1744970 543
1744980 543
1744990 543
1745000 543
1745010 543
1745020 543
1745030 543
1745040 543
1745050 542
1745060 542
1745070 541
1745080 539
1745090 539
1745100 538
1745110 536
1745120 536
1745130 535
1745140 533
1745150 533
1745160 531
1745170 530
1745180 530
1745190 529
1745200 528
1745210 528
1745220 525
1745230 522
1745240 522
1745250 520
1745260 520
1745270 519
1745280 519
1745290 519
1745300 518
1745310 518
1745320 514
1745330 514
1745340 514
1745350 511
1745360 507
1745370 507
1745380 504
1745390 502
1745400 502
1745410 499
1745420 497
1745430 497
1745440 494
1745450 492
1745460 492
1745470 491
1745480 489
1745490 489
1745500 488
1745510 487
1745520 486
1745530 486
1745540 485
1745550 485
1745560 485
1745570 483
1745580 483
1745590 483
1745600 482
1745610 480
1745620 480
1745630 476
1745640 476
1745650 476
1745660 475
1745670 474
1745680 474
1745690 472
1745700 471
1745710 471
1745720 470
1745730 469
1745740 469
1745750 468
1745760 467
1745770 466
1745780 466
1745790 465
1745800 464
1745810 464
1745820 462
1745830 460
1745840 460
1745850 459
1745860 458
1745870 458
1745880 454
1745890 452
1745900 452
1745910 451
1745920 451
1745930 451
1745940 451
1745950 451
1745960 451
1745970 450
1745980 449
1745990 449
1746000 448
1746010 447
1746020 446
1746030 446
1746040 445
1746050 444
1746060 444
1746070 443
1746080 442
1746090 442
1746100 441
1746110 440
1746120 440
1746130 439
1746140 438
1746150 438
1746160 438
1746170 438
1746180 438
1746190 438
1746200 437
1746210 437
1746220 437
1746230 437
1746240 437
1746250 437
1746260 437
1746270 437
1746280 437
1746290 437
1746300 436
1746310 436
1746320 436
1746330 437
1746340 437
1746350 437
1746360 438
1746370 438
1746380 438
1746390 439
1746400 439
1746410 440
1746420 440
1746430 440
1746440 441
1746450 442
1746460 442
1746470 442
1746480 443
1746490 443
1746500 444
1746510 444
1746520 444
1746530 444
1746540 444
1746550 445
1746560 445
1746570 444
1746580 444
1746590 444
1746600 442
1746610 440
1746620 440
1746630 438
1746640 436
1746650 436
1746660 435
1746670 433
1746680 433
1746690 431
1746700 430
1746710 430
1746720 428
1746730 427
1746740 427
1746750 427
1746760 427
1746770 427
1746780 427
1746790 428
1746800 426
1746810 426
1746820 426
1746830 427
1746840 427
1746850 427
1746860 427
1746870 427
1746880 427
1746890 427
1746900 427
1746910 428
1746920 428
1746930 428
1746940 429
1746950 429
1746960 429
1746970 431
1746980 431
1746990 431
1747000 432
1747010 433
1747020 434
1747030 434
1747040 434
1747050 435
1747060 435
1747070 435
1747080 436
1747090 436
1747100 437
1747110 437
1747120 437
1747130 438
1747140 438
1747150 438
1747160 439
1747170 440
1747180 440
1747190 441
1747200 442
1747210 442
1747220 443
1747230 444
1747240 444
1747250 446
1747260 448
1747270 447
1747280 447
1747290 448
1747300 450
1747310 450
1747320 451
1747330 452
1747340 452
1747350 454
1747360 455
1747370 455
1747380 457
1747390 458
1747400 458
1747410 459
1747420 461
1747430 461
1747440 463
1747450 463
1747460 463
1747470 463
1747480 463
1747490 463
1747500 463
1747510 466
1747520 470
1747530 470
1747540 472
1747550 474
1747560 474
1747570 476
1747580 477
1747590 477
1747600 479
1747610 481
1747620 481
1747630 482
1747640 483
1747650 483
1747660 485
1747670 487
1747680 487
1747690 488
1747700 489
1747710 489
1747720 490
1747730 492
1747740 492
1747750 492
1747760 494
1747770 496
1747780 496
1747790 497
1747800 499
1747810 499
1747820 501
1747830 502
1747840 502
1747850 503
1747860 505
1747870 505
1747880 505
1747890 503
1747900 503
1747910 501
1747920 496
1747930 496
1747940 498
1747950 498
1747960 498
1747970 497
1747980 495
1747990 495
1748000 494
1748010 492
1748020 491
1748030 491
1748040 489
1748050 488
1748060 488
1748070 487
1748080 485
1748090 485
1748100 484
1748110 482
1748120 482
1748130 480
1748140 476
1748150 476
1748160 473
1748170 471
1748180 471
1748190 467
1748200 463
1748210 463
1748220 459
1748230 458
1748240 458
1748250 461
1748260 464
1748270 468
1748280 468
1748290 469
1748300 473
1748310 473
1748320 475
1748330 478
1748340 478
1748350 480
1748360 482
1748370 482
1748380 484
1748390 485
1748400 485
1748410 487
1748420 489
1748430 489
1748440 491
1748450 492
1748460 492
1748470 494
1748480 496
1748490 496
1748500 498
1748510 499
1748520 501
1748530 501
1748540 501
1748550 503
1748560 503
1748570 503
1748580 503
1748590 503
1748600 502
1748610 500
1748620 500
1748630 499
1748640 497
1748650 497
1748660 495
1748670 493
1748680 493
1748690 490
1748700 488
1748710 488
1748720 486
1748730 485
1748740 485
1748750 483
1748760 482
1748770 480
1748780 480
1748790 479
1748800 477
1748810 477
1748820 475
1748830 474
1748840 474
1748850 472
1748860 471
1748870 471
1748880 469
1748890 467
1748900 467
1748910 466
1748920 464
1748930 464
1748940 463
1748950 461
1748960 461
1748970 460
1748980 459
1748990 459
1749000 457
1749010 455
1749020 453
1749030 453
1749040 449
1749050 449
1749060 449
1749070 448
1749080 447
1749090 447
1749100 445
1749110 443
1749120 443
1749130 443
1749140 441
1749150 441
1749160 446
1749170 448
1749180 448
1749190 447
1749200 447
1749210 447
1749220 448
1749230 449
1749240 449
1749250 451
1749260 452
1749270 453
1749280 453
1749290 455
1749300 456
1749310 456
1749320 458
1749330 460
1749340 460
1749350 461
1749360 463
1749370 463
1749380 465
1749390 466
1749400 466
1749410 468
1749420 469
1749430 469
1749440 471
1749450 470
1749460 470
1749470 470
1749480 471
1749490 471
1749500 474
1749510 476
1749520 478
1749530 478
1749540 481
1749550 483
1749560 483
1749570 487
1749580 489
1749590 489
1749600 492
1749610 493
1749620 493
1749630 495
1749640 496
1749650 496
1749660 498
1749670 500
1749680 500
1749690 501
1749700 501
1749710 501
1749720 503
1749730 504
1749740 504
1749750 504
1749760 505
1749770 505
1749780 505
1749790 505
1749800 505
1749810 505
1749820 505
1749830 505
1749840 505
1749850 504
1749860 498
1749870 498
1749880 497
1749890 492
1749900 492
1749910 487
1749920 485
1749930 485
1749940 486
1749950 491
1749960 491
1749970 494
1749980 493
1749990 493
1750000 492
1750010 492
1750020 490
1750030 490
1750040 490
1750050 490
1750060 490
1750070 491
1750080 492
1750090 492
1750100 493
1750110 494
1750120 494
1750130 496
1750140 497
1750150 497
1750160 498
1750170 500
1750180 500
1750190 500
1750200 502
1750210 502
1750220 503
1750230 503
1750240 503
1750250 504
1750260 505
1750270 505
1750280 505
1750290 505
1750300 505
1750310 505
1750320 505
1750330 505
1750340 505
1750350 505
1750360 505
1750370 505
1750380 504
1750390 502
1750400 502
1750410 501
1750420 500
1750430 500
1750440 499
1750450 497
1750460 497
1750470 496
1750480 495
1750490 495
1750500 495
1750510 494
1750520 493
1750530 493
1750540 492
1750550 491
1750560 491
1750570 490
1750580 490
1750590 490
1750600 490
1750610 489
1750620 489
1750630 489
1750640 490
1750650 490
1750660 490
1750670 490
1750680 490
1750690 490
1750700 491
1750710 491
1750720 491
1750730 492
1750740 492
1750750 492
1750760 492
1750770 492
1750780 492
1750790 492
1750800 492
1750810 492
1750820 492
1750830 492
1750840 492
1750850 492
1750860 493
1750870 493
1750880 493
1750890 493
1750900 493
1750910 492
1750920 491
1750930 491
1750940 494
1750950 493
1750960 493
1750970 493
1750980 493
1750990 493
1751000 493
1751010 493
1751020 493
1751030 493
1751040 492
1751050 492
1751060 492
1751070 492
1751080 492
1751090 492
1751100 492
1751110 492
1751120 492
1751130 493
1751140 493
1751150 493
1751160 493
1751170 493
1751180 493
1751190 492
1751200 491
1751210 491
1751220 490
1751230 489
1751240 489
1751250 487
1751260 486
1751270 485
1751280 485
1751290 483
1751300 481
1751310 481
1751320 480
1751330 478
1751340 478
1751350 476
1751360 475
1751370 475
1751380 474
1751390 474
1751400 474
1751410 474
1751420 473
1751430 473
1751440 473
1751450 473
1751460 473
1751470 472
1751480 472
1751490 472
1751500 471
1751510 465
1751520 462
1751530 462
1751540 461
1751550 460
1751560 460
1751570 458
1751580 457
1751590 457
1751600 456
1751610 456
1751620 456
1751630 455
1751640 453
1751650 453
1751660 453
1751670 452
1751680 452
1751690 452
1751700 453
1751710 453
1751720 452
1751730 452
1751740 452
1751750 452
1751760 452
1751770 452
1751780 452
1751790 450
1751800 447
1751810 447
1751820 449
1751830 450
1751840 450
1751850 451
1751860 452
1751870 452
1751880 454
1751890 455
1751900 455
1751910 456
1751920 456
1751930 456
1751940 457
1751950 457
1751960 457
1751970 457
1751980 456
1751990 456
1752000 457
1752010 458
1752020 457
1752030 457
1752040 458
1752050 460
1752060 460
1752070 460
1752080 461
1752090 461
1752100 461
1752110 461
1752120 461
1752130 462
1752140 462
1752150 462
1752160 462
1752170 461
1752180 461
1752190 459
1752200 460
1752210 460
1752220 461
1752230 461
1752240 461
1752250 461
1752260 461
1752270 461
1752280 462
1752290 464
1752300 465
1752310 465
1752320 467
1752330 467
1752340 467
1752350 468
1752360 469
1752370 469
1752380 470
1752390 471
1752400 471
1752410 472
1752420 472
1752430 472
1752440 473
1752450 474
1752460 474
1752470 475
1752480 476
1752490 476
1752500 476
1752510 474
1752520 474
1752530 468
1752540 469
1752550 468
1752560 468
1752570 472
1752580 476
1752590 476
1752600 480
1752610 482
1752620 482
1752630 485
1752640 489
1752650 489
1752660 493
1752670 493
1752680 493
1752690 497
1752700 498
1752710 498
1752720 499
1752730 500
1752740 500
1752750 502
1752760 503
1752770 503
1752780 504
1752790 505
1752800 507
1752810 507
1752820 508
1752830 509
1752840 509
1752850 509
1752860 510
1752870 510
1752880 511
1752890 512
1752900 512
1752910 512
1752920 513
1752930 513
1752940 514
1752950 515
1752960 515
1752970 516
1752980 517
1752990 517
1753000 518
1753010 519
1753020 519
1753030 520
1753040 521
1753050 522
1753060 522
1753070 524
1753080 525
1753090 525
1753100 527
1753110 528
1753120 528
1753130 529
1753140 531
1753150 531
1753160 533
1753170 535
1753180 535
1753190 537
1753200 539
1753210 539
1753220 541
1753230 542
1753240 542
1753250 544
1753260 545
1753270 545
1753280 547
1753290 547
1753300 548
1753310 548
1753320 548
1753330 548
1753340 548
1753350 547
1753360 547
1753370 547
1753380 546
1753390 546
1753400 546
1753410 545
1753420 545
1753430 545
1753440 544
1753450 540
1753460 540
1753470 534
1753480 539
1753490 539
1753500 540
1753510 540
1753520 540
1753530 541
1753540 543
1753550 544
1753560 542
1753570 544
1753580 545
1753590 545
1753600 546
1753610 547
1753620 547
1753630 548
1753640 548
1753650 548
1753660 549
1753670 549
1753680 549
1753690 549
1753700 544
1753710 544
1753720 543
1753730 549
1753740 549
1753750 553
1753760 555
1753770 555
1753780 554
1753790 558
1753800 560
1753810 560
1753820 561
1753830 562
1753840 562
1753850 565
1753860 567
1753870 567
1753880 570
1753890 572
1753900 572
1753910 573
1753920 575
1753930 575
1753940 576
1753950 578
1753960 578
1753970 579
1753980 582
1753990 582
1754000 584
1754010 586
1754020 586
1754030 588
1754040 592
1754050 597
1754060 597
1754070 601
1754080 604
1754090 604
1754100 608
1754110 610
1754120 610
1754130 613
1754140 615
1754150 615
1754160 619
1754170 622
1754180 622
1754190 624
1754200 626
1754210 626
1754220 629
1754230 631
1754240 631
1754250 634
1754260 637
1754270 637
1754280 639
1754290 642
1754300 644
1754310 644
1754320 647
1754330 649
1754340 649
1754350 652
1754360 655
1754370 655
1754380 658
1754390 660
1754400 660
1754410 662
1754420 665
1754430 665
1754440 666
1754450 669
1754460 669
1754470 671
1754480 674
1754490 674
1754500 677
1754510 680
1754520 680
1754530 683
1754540 686
1754550 688
1754560 688
1754570 690
1754580 693
1754590 693
1754600 695
1754610 697
1754620 697
1754630 700
1754640 703
1754650 703
1754660 705
1754670 708
1754680 708
1754690 710
1754700 712
1754710 712
1754720 715
1754730 717
1754740 717
1754750 719
1754760 721
1754770 721
1754780 724
1754790 727
1754800 729
1754810 729
1754820 732
1754830 735
1754840 735
1754850 738
1754860 741
1754870 741
1754880 745
1754890 749
1754900 749
1754910 753
1754920 757
1754930 757
1754940 760
1754950 764
1754960 764
1754970 767
1754980 770
1754990 770
1755000 774
1755010 778
1755020 778
1755030 783
1755040 788
1755050 792
1755060 792
1755070 794
1755080 797
1755090 797
1755100 801
1755110 805
1755120 805
1755130 810
1755140 814
1755150 814
1755160 819
1755170 825
1755180 825
1755190 831
1755200 836
1755210 836
1755220 842
1755230 848
1755240 848
1755250 855
1755260 858
1755270 858
1755280 858
1755290 861
1755300 864
1755310 864
1755320 867
1755330 869
1755340 869
1755350 870
1755360 871
1755370 871
1755380 868
1755390 866
1755400 866
1755410 862
1755420 857
1755430 857
1755440 853
1755450 850
1755460 850
1755470 846
1755480 842
1755490 842
1755500 839
1755510 836
1755520 836
1755530 834
1755540 831
1755550 829
1755560 829
1755570 826
1755580 824
1755590 824
1755600 822
1755610 819
1755620 819
1755630 817
1755640 815
1755650 815
1755660 813
1755670 811
1755680 811
1755690 808
1755700 806
1755710 806
1755720 804
1755730 803
1755740 803
1755750 802
1755760 800
1755770 800
1755780 799
1755790 798
1755800 797
1755810 797
1755820 795
1755830 794
1755840 794
1755850 793
1755860 791
1755870 791
1755880 790
1755890 788
1755900 788
1755910 786
1755920 785
1755930 785
1755940 783
1755950 781
1755960 781
1755970 779
1755980 776
1755990 776
1756000 773
1756010 769
1756020 769
1756030 767
1756040 764
1756050 761
1756060 761
1756070 758
1756080 754
1756090 754
1756100 751
1756110 748
1756120 748
1756130 745
1756140 742
1756150 742
1756160 741
1756170 739
1756180 739
1756190 738
1756200 736
1756210 736
1756220 735
1756230 734
1756240 734
1756250 733
1756260 731
1756270 731
1756280 730
1756290 728
1756300 725
1756310 725
1756320 722
1756330 720
1756340 720
1756350 718
1756360 716
1756370 716
1756380 714
1756390 711
1756400 711
1756410 708
1756420 705
1756430 705
1756440 701
1756450 698
1756460 698
1756470 696
1756480 693
1756490 693
1756500 691
1756510 689
1756520 689
1756530 686
1756540 684
1756550 680
1756560 679
1756570 677
1756580 673
1756590 673
1756600 670
1756610 668
1756620 668
1756630 665
1756640 662
1756650 662
1756660 659
1756670 656
1756680 656
1756690 653
1756700 649
1756710 649
1756720 647
1756730 644
1756740 644
1756750 642
1756760 640
1756770 640
1756780 638
1756790 636
1756800 634
1756810 634
1756820 632
1756830 631
1756840 631
1756850 627
1756860 626
1756870 626
1756880 624
1756890 622
1756900 622
1756910 619
1756920 616
1756930 616
1756940 614
1756950 612
1756960 612
1756970 609
1756980 606
1756990 606
1757000 603
1757010 600
1757020 600
1757030 596
1757040 592
1757050 588
1757060 588
1757070 584
1757080 582
1757090 582
1757100 579
1757110 577
1757120 577
1757130 574
1757140 571
1757150 571
1757160 568
1757170 564
1757180 564
1757190 561
1757200 558
1757210 558
1757220 555
1757230 551
1757240 551
1757250 548
1757260 545
1757270 545
1757280 541
1757290 538
1757300 535
1757310 535
1757320 532
1757330 530
1757340 530
1757350 527
1757360 524
1757370 524
1757380 522
1757390 520
1757400 520
1757410 519
1757420 515
1757430 515
1757440 513
1757450 510
1757460 510
1757470 507
1757480 506
1757490 506
1757500 503
1757510 499
1757520 499
1757530 496
1757540 493
1757550 490
1757560 490
1757570 488
1757580 486
1757590 486
1757600 484
1757610 482
1757620 482
1757630 479
1757640 477
1757650 477
1757660 475
1757670 473
1757680 473
1757690 471
1757700 468
1757710 468
1757720 465
1757730 461
1757740 461
1757750 458
1757760 454
1757770 454
1757780 452
1757790 450
1757800 448
1757810 448
1757820 447
1757830 446
1757840 446
1757850 446
1757860 445
1757870 445
1757880 443
1757890 441
1757900 441
1757910 440
1757920 438
1757930 438
1757940 436
1757950 434
1757960 434
1757970 433
1757980 431
1757990 431
1758000 429
1758010 428
1758020 427
1758030 426
1758040 424
1758050 423
1758060 423
1758070 422
1758080 420
1758090 420
1758100 419
1758110 418
1758120 418
1758130 417
1758140 415
1758150 415
1758160 414
1758170 413
1758180 413
1758190 413
1758200 412
1758210 412
1758220 411
1758230 409
1758240 409
1758250 408
1758260 406
1758270 406
1758280 404
1758290 402
1758300 401
1758310 401
1758320 399
1758330 399
1758340 399
1758350 398
1758360 396
1758370 396
1758380 393
1758390 391
1758400 391
1758410 389
1758420 388
1758430 388
1758440 388
1758450 388
1758460 388
1758470 386
1758480 385
1758490 385
1758500 385
1758510 388
1758520 388
1758530 387
1758540 387
1758550 387
1758560 387
1758570 387
1758580 387
1758590 387
1758600 387
1758610 387
1758620 387
1758630 387
1758640 387
1758650 387
1758660 387
1758670 387
1758680 387
1758690 387
1758700 387
1758710 387
1758720 386
1758730 387
1758740 387
1758750 386
1758760 386
1758770 386
1758780 386
1758790 386
1758800 386
1758810 386
1758820 386
1758830 387
1758840 387
1758850 386
1758860 385
1758870 385
1758880 386
1758890 387
1758900 387
1758910 387
1758920 387
1758930 387
1758940 387
1758950 387
1758960 387
1758970 386
1758980 387
1758990 387
1759000 387
1759010 387
1759020 387
1759030 387
1759040 387
1759050 387
1759060 387
1759070 388
1759080 388
1759090 388
1759100 387
1759110 389
1759120 389
1759130 389
1759140 389
1759150 389
1759160 389
1759170 388
1759180 388
1759190 388
1759200 388
1759210 388
1759220 388
1759230 388
1759240 388
1759250 388
1759260 388
1759270 388
1759280 388
1759290 388
1759300 389
1759310 389
1759320 389
1759330 389
1759340 389
1759350 389
1759360 389
1759370 389
1759380 389
1759390 390
1759400 390
1759410 390
1759420 390
1759430 390
1759440 391
1759450 392
1759460 392
1759470 393
1759480 394
1759490 394
1759500 395
1759510 395
1759520 395
1759530 396
1759540 397
1759550 397
1759560 398
1759570 398
1759580 399
1759590 399
1759600 400
1759610 401
1759620 401
1759630 401
1759640 402
1759650 402
1759660 403
1759670 403
1759680 403
1759690 404
1759700 404
1759710 404
1759720 405
1759730 406
1759740 406
1759750 407
1759760 407
1759770 407
1759780 408
1759790 409
1759800 409
1759810 409
1759820 410
1759830 411
1759840 411
1759850 413
1759860 414
1759870 414
1759880 415
1759890 416
1759900 416
1759910 417
1759920 418
1759930 418
1759940 419
1759950 420
1759960 420
1759970 421
1759980 422
1759990 422
