1740000 625
1740010 629
1740020 629
1740030 633
1740040 635
1740050 635
1740060 635
1740070 635
1740080 635
1740090 635
1740100 635
1740110 635
1740120 635
1740130 635
1740140 635
1740150 635
1740160 636
1740170 636
1740180 636
1740190 636
1740200 637
1740210 637
1740220 637
1740230 637
1740240 637
1740250 637
1740260 637
1740270 637
1740280 638
1740290 639
1740300 639
1740310 639
1740320 639
1740330 639
1740340 639
1740350 639
1740360 639
1740370 638
1740380 636
1740390 633
1740400 633
1740410 630
1740420 627
1740430 627
1740440 625
1740450 623
1740460 623
1740470 620
1740480 617
1740490 617
1740500 615
1740510 612
1740520 612
1740530 609
1740540 606
1740550 606
1740560 602
1740570 599
1740580 599
1740590 596
1740600 594
1740610 594
1740620 591
1740630 589
1740640 586
1740650 586
1740660 586
1740670 585
1740680 585
1740690 579
1740700 578
1740710 578
1740720 580
1740730 579
1740740 579
1740750 579
1740760 579
1740770 579
1740780 579
1740790 578
1740800 578
1740810 577
1740820 577
1740830 577
1740840 577
1740850 577
1740860 577
1740870 577
1740880 577
1740890 577
1740900 577
1740910 576
1740920 576
1740930 576
1740940 576
1740950 575
1740960 575
1740970 575
1740980 574
1740990 574
1741000 574
1741010 573
1741020 573
1741030 573
1741040 572
1741050 572
1741060 571
1741070 570
1741080 570
1741090 569
1741100 567
1741110 567
1741120 566
1741130 564
1741140 562
1741150 562
1741160 561
1741170 557
1741180 557
1741190 554
1741200 554
1741210 554
1741220 554
1741230 560
1741240 560
1741250 566
1741260 569
1741270 569
1741280 573
1741290 577
1741300 577
1741310 581
1741320 586
1741330 586
1741340 593
1741350 596
1741360 596
1741370 601
1741380 604
1741390 606
1741400 606
1741410 608
1741420 611
1741430 611
1741440 614
1741450 617
1741460 617
1741470 622
1741480 626
1741490 626
1741500 629
1741510 631
1741520 631
1741530 632
1741540 634
1741550 634
1741560 635
1741570 634
1741580 634
1741590 628
1741600 623
1741610 623
1741620 618
1741630 611
1741640 611
1741650 604
1741660 596
1741670 589
1741680 589
1741690 582
1741700 572
1741710 572
1741720 566
1741730 565
1741740 565
1741750 563
1741760 565
1741770 565
1741780 572
1741790 578
1741800 578
1741810 584
1741820 590
1741830 590
1741840 597
1741850 605
1741860 605
1741870 612
1741880 620
1741890 620
1741900 627
1741910 634
1741920 640
1741930 640
1741940 647
1741950 655
1741960 655
1741970 659
1741980 667
1741990 667
1742000 674
1742010 680
1742020 680
1742030 685
1742040 690
1742050 690
1742060 695
1742070 700
1742080 700
1742090 705
1742100 709
1742110 709
1742120 714
1742130 719
1742140 719
1742150 723
1742160 725
1742170 731
1742180 731
1742190 734
1742200 737
1742210 737
1742220 741
1742230 744
1742240 744
1742250 748
1742260 752
1742270 752
1742280 757
1742290 762
1742300 762
1742310 768
1742320 772
1742330 772
1742340 777
1742350 782
1742360 782
1742370 787
1742380 791
1742390 791
1742400 796
1742410 800
1742420 805
1742430 805
1742440 809
1742450 813
1742460 813
1742470 817
1742480 822
1742490 822
1742500 826
1742510 830
1742520 830
1742530 834
1742540 836
1742550 836
1742560 840
1742570 845
1742580 845
1742590 849
1742600 854
1742610 854
1742620 858
1742630 863
1742640 863
1742650 867
1742660 871
1742670 876
1742680 876
1742690 880
1742700 885
1742710 885
1742720 890
1742730 891
1742740 891
1742750 898
1742760 903
1742770 903
1742780 907
1742790 912
1742800 912
1742810 916
1742820 920
1742830 920
1742840 925
1742850 928
1742860 928
1742870 932
1742880 936
1742890 936
1742900 940
1742910 943
1742920 947
1742930 947
1742940 950
1742950 954
1742960 954
1742970 957
1742980 960
1742990 960
1743000 962
1743010 965
1743020 965
1743030 967
1743040 969
1743050 969
1743060 971
1743070 973
1743080 973
1743090 974
1743100 975
1743110 975
1743120 976
1743130 976
1743140 976
1743150 976
1743160 976
1743170 975
1743180 975
1743190 974
1743200 974
1743210 974
1743220 973
1743230 973
1743240 973
1743250 972
1743260 972
1743270 972
1743280 971
1743290 971
1743300 971
1743310 970
1743320 969
1743330 969
1743340 967
1743350 965
1743360 965
1743370 962
1743380 959
1743390 959
1743400 956
1743410 954
1743420 954
1743430 952
1743440 951
1743450 949
1743460 949
1743470 946
1743480 943
1743490 943
1743500 942
1743510 940
1743520 940
1743530 938
1743540 934
1743550 934
1743560 931
1743570 929
1743580 929
1743590 926
1743600 923
1743610 923
1743620 920
1743630 917
1743640 917
1743650 913
1743660 910
1743670 910
1743680 907
1743690 903
1743700 900
1743710 900
1743720 895
1743730 890
1743740 890
1743750 886
1743760 881
1743770 881
1743780 877
1743790 873
1743800 873
1743810 869
1743820 863
1743830 863
1743840 859
1743850 852
1743860 852
1743870 847
1743880 841
1743890 841
1743900 836
1743910 830
1743920 830
1743930 824
1743940 819
1743950 814
1743960 814
1743970 808
1743980 802
1743990 802
1744000 796
1744010 791
1744020 791
1744030 786
1744040 782
1744050 782
1744060 778
1744070 775
1744080 775
1744090 773
1744100 770
1744110 770
1744120 767
1744130 763
1744140 763
1744150 760
1744160 757
1744170 757
1744180 754
1744190 751
1744200 749
1744210 749
1744220 747
1744230 744
1744240 744
1744250 741
1744260 739
1744270 739
1744280 736
1744290 733
1744300 733
1744310 727
1744320 723
1744330 723
1744340 719
1744350 717
1744360 717
1744370 714
1744380 713
1744390 713
1744400 711
1744410 709
1744420 709
1744430 708
1744440 707
1744450 706
1744460 706
1744470 705
1744480 703
1744490 703
1744500 700
1744510 695
1744520 695
1744530 690
1744540 686
1744550 686
1744560 684
1744570 682
1744580 682
1744590 682
1744600 681
1744610 681
1744620 680
1744630 678
1744640 678
1744650 675
1744660 672
1744670 672
1744680 669
1744690 666
1744700 663
1744710 663
1744720 660
1744730 657
1744740 657
1744750 654
1744760 652
1744770 652
1744780 650
1744790 648
1744800 648
1744810 646
1744820 642
1744830 642
1744840 637
1744850 633
1744860 633
1744870 630
1744880 628
1744890 628
1744900 626
1744910 623
1744920 623
1744930 621
1744940 619
1744950 616
1744960 616
1744970 615
1744980 613
1744990 613
1745000 612
1745010 611
1745020 611
1745030 610
1745040 609
1745050 609
1745060 608
1745070 604
1745080 604
1745090 603
1745100 605
1745110 605
1745120 605
1745130 605
1745140 605
1745150 605
1745160 604
1745170 604
1745180 608
1745190 610
1745200 610
1745210 610
1745220 609
1745230 607
1745240 607
1745250 606
1745260 604
1745270 604
1745280 603
1745290 601
1745300 601
1745310 598
1745320 596
1745330 596
1745340 592
1745350 586
1745360 586
1745370 581
1745380 582
1745390 582
1745400 579
1745410 577
1745420 577
1745430 574
1745440 571
1745450 571
1745460 569
1745470 564
1745480 563
1745490 563
1745500 566
1745510 570
1745520 570
1745530 575
1745540 579
1745550 579
1745560 581
1745570 583
1745580 583
1745590 586
1745600 588
1745610 588
1745620 591
1745630 593
1745640 593
1745650 595
1745660 598
1745670 598
1745680 599
1745690 599
1745700 599
1745710 596
1745720 594
1745730 591
1745740 591
1745750 589
1745760 589
1745770 589
1745780 584
1745790 580
1745800 580
1745810 577
1745820 573
1745830 573
1745840 570
1745850 566
1745860 566
1745870 563
1745880 560
1745890 560
1745900 556
1745910 553
1745920 553
1745930 551
1745940 547
1745950 547
1745960 544
1745970 535
1745980 539
1745990 539
1746000 540
1746010 541
1746020 541
1746030 543
1746040 543
1746050 543
1746060 543
1746070 540
1746080 540
1746090 537
1746100 532
1746110 532
1746120 527
1746130 525
1746140 525
1746150 523
1746160 522
1746170 522
1746180 521
1746190 520
1746200 520
1746210 518
1746220 517
1746230 516
1746240 516
1746250 516
1746260 517
1746270 517
1746280 516
1746290 515
1746300 515
1746310 512
1746320 509
1746330 509
1746340 507
1746350 506
1746360 506
1746370 503
1746380 501
1746390 501
1746400 499
1746410 498
1746420 498
1746430 492
1746440 490
1746450 490
1746460 489
1746470 483
1746480 480
1746490 480
1746500 476
1746510 474
1746520 474
1746530 473
1746540 474
1746550 474
1746560 476
1746570 478
1746580 478
1746590 480
1746600 482
1746610 482
1746620 483
1746630 484
1746640 484
1746650 486
1746660 489
1746670 489
1746680 487
1746690 493
1746700 493
1746710 493
1746720 494
1746730 495
1746740 495
1746750 498
1746760 499
1746770 499
1746780 500
1746790 501
1746800 501
1746810 504
1746820 508
1746830 508
1746840 510
1746850 512
1746860 512
1746870 512
1746880 512
1746890 512
1746900 511
1746910 516
1746920 516
1746930 519
1746940 520
1746950 520
1746960 521
1746970 523
1746980 523
1746990 523
1747000 524
1747010 524
1747020 524
1747030 523
1747040 521
1747050 521
1747060 520
1747070 518
1747080 518
1747090 517
1747100 515
1747110 515
1747120 510
1747130 507
1747140 507
1747150 507
1747160 504
1747170 504
1747180 504
1747190 501
1747200 501
1747210 500
1747220 497
1747230 497
1747240 491
1747250 488
1747260 490
1747270 490
1747280 493
1747290 498
1747300 498
1747310 501
1747320 507
1747330 507
1747340 509
1747350 510
1747360 510
1747370 511
1747380 513
1747390 513
1747400 514
1747410 516
1747420 516
1747430 517
1747440 519
1747450 519
1747460 521
1747470 525
1747480 525
1747490 526
1747500 526
1747510 526
1747520 526
1747530 527
1747540 527
1747550 527
1747560 527
1747570 527
1747580 527
1747590 527
1747600 527
1747610 527
1747620 527
1747630 528
1747640 528
1747650 528
1747660 529
1747670 529
1747680 529
1747690 529
1747700 529
1747710 529
1747720 529
1747730 529
1747740 529
1747750 529
1747760 528
1747770 528
1747780 528
1747790 528
1747800 528
1747810 528
1747820 527
1747830 527
1747840 528
1747850 528
1747860 528
1747870 528
1747880 528
1747890 528
1747900 528
1747910 527
1747920 527
1747930 529
1747940 529
1747950 529
1747960 528
1747970 522
1747980 522
1747990 520
1748000 519
1748010 518
1748020 518
1748030 517
1748040 516
1748050 516
1748060 515
1748070 515
1748080 515
1748090 514
1748100 513
1748110 513
1748120 512
1748130 511
1748140 511
1748150 510
1748160 509
1748170 509
1748180 508
1748190 508
1748200 508
1748210 507
1748220 506
1748230 506
1748240 505
1748250 504
1748260 504
1748270 504
1748280 502
1748290 500
1748300 500
1748310 499
1748320 500
1748330 500
1748340 501
1748350 500
1748360 500
1748370 498
1748380 497
1748390 497
1748400 497
1748410 497
1748420 497
1748430 499
1748440 500
1748450 500
1748460 500
1748470 500
1748480 500
1748490 500
1748500 501
1748510 501
1748520 501
1748530 503
1748540 503
1748550 503
1748560 505
1748570 506
1748580 506
1748590 507
1748600 508
1748610 508
1748620 509
1748630 510
1748640 510
1748650 511
1748660 512
1748670 512
1748680 512
1748690 513
1748700 513
1748710 514
1748720 516
1748730 516
1748740 517
1748750 517
1748760 517
1748770 519
1748780 519
1748790 520
1748800 520
1748810 521
1748820 521
1748830 521
1748840 521
1748850 522
1748860 522
1748870 523
1748880 524
1748890 524
1748900 524
1748910 524
1748920 524
1748930 525
1748940 525
1748950 525
1748960 526
1748970 526
1748980 526
1748990 526
1749000 526
1749010 526
1749020 526
1749030 526
1749040 526
1749050 526
1749060 527
1749070 527
1749080 527
1749090 527
1749100 527
1749110 527
1749120 526
1749130 526
1749140 526
1749150 526
1749160 526
1749170 526
1749180 526
1749190 526
1749200 526
1749210 526
1749220 525
1749230 525
1749240 525
1749250 524
1749260 525
1749270 524
1749280 524
1749290 523
1749300 523
1749310 522
1749320 521
1749330 521
1749340 520
1749350 519
1749360 519
1749370 518
1749380 518
1749390 518
1749400 517
1749410 517
1749420 517
1749430 517
1749440 516
1749450 516
1749460 515
1749470 514
1749480 514
1749490 513
1749500 511
1749510 511
1749520 509
1749530 508
1749540 506
1749550 506
1749560 504
1749570 503
1749580 503
1749590 502
1749600 502
1749610 502
1749620 501
1749630 500
1749640 500
1749650 499
1749660 498
1749670 498
1749680 497
1749690 495
1749700 495
1749710 494
1749720 493
1749730 493
1749740 492
1749750 487
1749760 487
1749770 486
1749780 484
1749790 482
1749800 482
1749810 481
1749820 479
1749830 479
1749840 477
1749850 476
1749860 476
1749870 474
1749880 472
1749890 472
1749900 471
1749910 469
1749920 469
1749930 468
1749940 467
1749950 467
1749960 466
1749970 465
1749980 465
1749990 463
1750000 462
1750010 462
1750020 461
1750030 460
1750040 459
1750050 459
1750060 458
1750070 457
1750080 457
1750090 456
1750100 455
1750110 455
1750120 454
1750130 453
1750140 453
1750150 452
1750160 451
1750170 451
1750180 450
1750190 450
1750200 450
1750210 449
1750220 448
1750230 448
1750240 448
1750250 447
1750260 447
1750270 447
1750280 446
1750290 446
1750300 446
1750310 445
1750320 444
1750330 444
1750340 443
1750350 442
1750360 442
1750370 442
1750380 442
1750390 442
1750400 442
1750410 443
1750420 443
1750430 442
1750440 440
1750450 440
1750460 442
1750470 442
1750480 442
1750490 442
1750500 442
1750510 442
1750520 442
1750530 442
1750540 442
1750550 442
1750560 442
1750570 442
1750580 442
1750590 442
1750600 442
1750610 442
1750620 443
1750630 442
1750640 442
1750650 442
1750660 442
1750670 442
1750680 442
1750690 442
1750700 442
1750710 441
1750720 441
1750730 441
1750740 441
1750750 441
1750760 441
1750770 441
1750780 441
1750790 441
1750800 441
1750810 442
1750820 442
1750830 442
1750840 442
1750850 443
1750860 443
1750870 443
1750880 444
1750890 444
1750900 444
1750910 444
1750920 444
1750930 444
1750940 445
1750950 445
1750960 445
1750970 446
1750980 446
1750990 446
1751000 446
1751010 446
1751020 446
1751030 447
1751040 447
1751050 447
1751060 447
1751070 447
1751080 447
1751090 447
1751100 447
1751110 447
1751120 448
1751130 448
1751140 448
1751150 448
1751160 448
1751170 448
1751180 449
1751190 449
1751200 449
1751210 450
1751220 449
1751230 449
1751240 449
1751250 449
1751260 449
1751270 449
1751280 450
1751290 450
1751300 450
1751310 451
1751320 451
1751330 451
1751340 451
1751350 451
1751360 451
1751370 451
1751380 452
1751390 452
1751400 452
1751410 452
1751420 452
1751430 453
1751440 454
1751450 454
1751460 455
1751470 455
1751480 455
1751490 455
1751500 457
1751510 457
1751520 456
1751530 457
1751540 457
1751550 457
1751560 458
1751570 459
1751580 459
1751590 459
1751600 459
1751610 459
1751620 459
1751630 461
1751640 461
1751650 460
1751660 460
1751670 460
1751680 460
1751690 459
1751700 459
1751710 459
1751720 459
1751730 459
1751740 459
1751750 458
1751760 458
1751770 458
1751780 458
1751790 458
1751800 459
1751810 458
1751820 459
1751830 459
1751840 459
1751850 460
1751860 460
1751870 462
1751880 463
1751890 463
1751900 465
1751910 468
1751920 468
1751930 471
1751940 475
1751950 475
1751960 479
1751970 481
1751980 481
1751990 484
1752000 486
1752010 486
1752020 489
1752030 493
1752040 493
1752050 495
1752060 499
1752070 501
1752080 501
1752090 504
1752100 508
1752110 508
1752120 511
1752130 513
1752140 513
1752150 514
1752160 514
1752170 514
1752180 513
1752190 513
1752200 513
1752210 513
1752220 512
1752230 512
1752240 513
1752250 513
1752260 513
1752270 513
1752280 514
1752290 514
1752300 516
1752310 517
1752320 517
1752330 518
1752340 519
1752350 520
1752360 520
1752370 522
1752380 522
1752390 522
1752400 522
1752410 527
1752420 527
1752430 528
1752440 528
1752450 528
1752460 528
1752470 529
1752480 529
1752490 530
1752500 531
1752510 531
1752520 531
1752530 532
1752540 532
1752550 533
1752560 534
1752570 534
1752580 535
1752590 536
1752600 537
1752610 537
1752620 538
1752630 539
1752640 539
1752650 540
1752660 540
1752670 540
1752680 542
1752690 542
1752700 542
1752710 543
1752720 544
1752730 544
1752740 545
1752750 546
1752760 546
1752770 547
1752780 548
1752790 548
1752800 549
1752810 550
1752820 550
1752830 551
1752840 553
1752850 554
1752860 554
1752870 556
1752880 558
1752890 558
1752900 560
1752910 562
1752920 562
1752930 565
1752940 567
1752950 567
1752960 568
1752970 569
1752980 569
1752990 569
1753000 569
1753010 569
1753020 570
1753030 572
1753040 572
1753050 573
1753060 576
1753070 576
1753080 577
1753090 578
1753100 579
1753110 579
1753120 580
1753130 580
1753140 580
1753150 580
1753160 580
1753170 580
1753180 580
1753190 581
1753200 581
1753210 581
1753220 581
1753230 581
1753240 581
1753250 581
1753260 581
1753270 579
1753280 579
1753290 579
1753300 577
1753310 577
1753320 577
1753330 575
1753340 575
1753350 574
1753360 574
1753370 573
1753380 573
1753390 573
1753400 574
1753410 575
1753420 575
1753430 576
1753440 576
1753450 576
1753460 576
1753470 576
1753480 576
1753490 574
1753500 570
1753510 570
1753520 565
1753530 561
1753540 561
1753550 563
1753560 565
1753570 565
1753580 569
1753590 573
1753600 577
1753610 577
1753620 580
1753630 582
1753640 582
1753650 583
1753660 585
1753670 585
1753680 587
1753690 588
1753700 588
1753710 589
1753720 590
1753730 590
1753740 591
1753750 592
1753760 592
1753770 593
1753780 594
1753790 594
1753800 596
1753810 597
1753820 597
1753830 599
1753840 600
1753850 601
1753860 601
1753870 601
1753880 602
1753890 602
1753900 601
1753910 598
1753920 598
1753930 594
1753940 590
1753950 590
1753960 587
1753970 588
1753980 588
1753990 591
1754000 594
1754010 594
1754020 598
1754030 602
1754040 602
1754050 604
1754060 605
1754070 605
1754080 607
1754090 609
1754100 609
1754110 611
1754120 612
1754130 613
1754140 613
1754150 613
1754160 613
1754170 613
1754180 613
1754190 612
1754200 612
1754210 610
1754220 607
1754230 607
1754240 603
1754250 599
1754260 599
1754270 595
1754280 591
1754290 591
1754300 595
1754310 599
1754320 599
1754330 603
1754340 605
1754350 605
1754360 607
1754370 609
1754380 611
1754390 611
1754400 612
1754410 614
1754420 614
1754430 615
1754440 617
1754450 617
1754460 618
1754470 620
1754480 620
1754490 619
1754500 620
1754510 620
1754520 620
1754530 620
1754540 620
1754550 619
1754560 619
1754570 619
1754580 619
1754590 618
1754600 618
1754610 617
1754620 617
1754630 617
1754640 617
1754650 617
1754660 616
1754670 616
1754680 615
1754690 614
1754700 614
1754710 612
1754720 611
1754730 611
1754740 610
1754750 610
1754760 610
1754770 610
1754780 610
1754790 610
1754800 609
1754810 609
1754820 609
1754830 608
1754840 607
1754850 607
1754860 606
1754870 606
1754880 605
1754890 605
1754900 604
1754910 601
1754920 601
1754930 596
1754940 594
1754950 594
1754960 594
1754970 596
1754980 596
1754990 601
1755000 602
1755010 602
1755020 602
1755030 603
1755040 603
1755050 603
1755060 604
1755070 604
1755080 605
1755090 605
1755100 605
1755110 605
1755120 605
1755130 606
1755140 606
1755150 607
1755160 607
1755170 607
1755180 608
1755190 608
1755200 608
1755210 609
1755220 611
1755230 611
1755240 610
1755250 610
1755260 610
1755270 610
1755280 608
1755290 608
1755300 605
1755310 600
1755320 600
1755330 595
1755340 591
1755350 591
1755360 588
1755370 588
1755380 587
1755390 587
1755400 587
1755410 585
1755420 585
1755430 586
1755440 586
1755450 586
1755460 589
1755470 590
1755480 590
1755490 590
1755500 590
1755510 590
1755520 590
1755530 590
1755540 590
1755550 590
1755560 590
1755570 590
1755580 591
1755590 592
1755600 592
1755610 593
1755620 595
1755630 596
1755640 596
1755650 598
1755660 599
1755670 599
1755680 601
1755690 601
1755700 601
1755710 601
1755720 601
1755730 601
1755740 600
1755750 599
1755760 599
1755770 598
1755780 597
1755790 597
1755800 596
1755810 594
1755820 594
1755830 593
1755840 591
1755850 591
1755860 591
1755870 590
1755880 590
1755890 590
1755900 589
1755910 589
1755920 589
1755930 590
1755940 591
1755950 591
1755960 593
1755970 596
1755980 596
1755990 599
1756000 602
1756010 602
1756020 605
1756030 607
1756040 607
1756050 609
1756060 612
1756070 612
1756080 614
1756090 616
1756100 616
1756110 618
1756120 619
1756130 619
1756140 621
1756150 623
1756160 624
1756170 624
1756180 625
1756190 625
1756200 625
1756210 625
1756220 626
1756230 626
1756240 626
1756250 626
1756260 626
1756270 626
1756280 625
1756290 625
1756300 625
1756310 624
1756320 624
1756330 623
1756340 622
1756350 622
1756360 620
1756370 618
1756380 618
1756390 615
1756400 609
1756410 602
1756420 602
1756430 595
1756440 588
1756450 588
1756460 583
1756470 578
1756480 578
1756490 574
1756500 563
1756510 563
1756520 556
1756530 550
1756540 550
1756550 547
1756560 537
1756570 537
1756580 524
1756590 520
1756600 520
1756610 516
1756620 510
1756630 510
1756640 517
1756650 526
1756660 532
1756670 532
1756680 538
1756690 543
1756700 543
1756710 547
1756720 551
1756730 551
1756740 553
1756750 556
1756760 556
1756770 557
1756780 558
1756790 558
1756800 559
1756810 560
1756820 560
1756830 560
1756840 560
1756850 560
1756860 561
1756870 563
1756880 563
1756890 565
1756900 568
1756910 571
1756920 571
1756930 573
1756940 572
1756950 572
1756960 570
1756970 568
1756980 568
1756990 566
1757000 563
1757010 563
1757020 561
1757030 560
1757040 560
1757050 558
1757060 557
1757070 557
1757080 555
1757090 554
1757100 554
1757110 552
1757120 551
1757130 551
1757140 549
1757150 547
1757160 546
1757170 546
1757180 544
1757190 542
1757200 542
1757210 541
1757220 540
1757230 540
1757240 539
1757250 536
1757260 536
1757270 534
1757280 533
1757290 533
1757300 533
1757310 533
1757320 533
1757330 532
1757340 528
1757350 528
1757360 526
1757370 524
1757380 524
1757390 523
1757400 522
1757410 521
1757420 521
1757430 520
1757440 518
1757450 518
1757460 517
1757470 516
1757480 516
1757490 515
1757500 513
1757510 513
1757520 512
1757530 510
1757540 510
1757550 508
1757560 507
1757570 507
1757580 505
1757590 504
1757600 504
1757610 503
1757620 502
1757630 502
1757640 502
1757650 501
1757660 501
1757670 499
1757680 498
1757690 496
1757700 496
1757710 495
1757720 493
1757730 493
1757740 492
1757750 491
1757760 491
1757770 489
1757780 488
1757790 488
1757800 487
1757810 485
1757820 485
1757830 484
1757840 483
1757850 483
1757860 482
1757870 480
1757880 480
1757890 478
1757900 477
1757910 477
1757920 476
1757930 474
1757940 472
1757950 472
1757960 471
1757970 469
1757980 469
1757990 468
1758000 466
1758010 466
1758020 464
1758030 463
1758040 463
1758050 461
1758060 460
1758070 460
1758080 458
1758090 457
1758100 457
1758110 456
1758120 454
1758130 454
1758140 452
1758150 451
1758160 451
1758170 451
1758180 451
1758190 452
1758200 452
1758210 453
1758220 452
1758230 452
1758240 451
1758250 451
1758260 451
1758270 445
1758280 441
1758290 441
1758300 439
1758310 438
1758320 438
1758330 434
1758340 433
1758350 433
1758360 432
1758370 432
1758380 431
1758390 431
1758400 430
1758410 430
1758420 430
1758430 431
1758440 431
1758450 431
1758460 435
1758470 438
1758480 438
1758490 440
1758500 441
1758510 441
1758520 442
1758530 443
1758540 443
1758550 444
1758560 445
1758570 445
1758580 445
1758590 444
1758600 444
1758610 446
1758620 445
1758630 445
1758640 446
1758650 446
1758660 446
1758670 447
1758680 448
1758690 449
1758700 449
1758710 449
1758720 450
1758730 450
1758740 451
1758750 452
1758760 452
1758770 453
1758780 455
1758790 455
1758800 456
1758810 456
1758820 456
1758830 456
1758840 457
1758850 457
1758860 458
1758870 459
1758880 459
1758890 460
1758900 461
1758910 461
1758920 461
1758930 460
1758940 458
1758950 458
1758960 455
1758970 454
1758980 454
1758990 452
1759000 451
1759010 451
1759020 449
1759030 443
1759040 443
1759050 445
1759060 446
1759070 446
1759080 448
1759090 452
1759100 452
1759110 453
1759120 455
1759130 455
1759140 458
1759150 459
1759160 459
1759170 458
1759180 459
1759190 460
1759200 460
1759210 461
1759220 462
1759230 462
1759240 465
1759250 466
1759260 466
1759270 468
1759280 470
1759290 470
1759300 472
1759310 477
1759320 477
1759330 480
1759340 482
1759350 482
1759360 485
1759370 488
1759380 488
1759390 489
1759400 492
1759410 492
1759420 495
1759430 497
1759440 497
1759450 499
1759460 500
1759470 501
1759480 501
1759490 503
1759500 505
1759510 505
1759520 507
1759530 510
1759540 510
1759550 513
1759560 515
1759570 515
1759580 517
1759590 519
1759600 519
1759610 521
1759620 522
1759630 522
1759640 522
1759650 519
1759660 519
1759670 520
1759680 525
1759690 525
1759700 528
1759710 529
1759720 530
1759730 530
1759740 532
1759750 532
1759760 532
1759770 534
1759780 536
1759790 536
1759800 537
1759810 540
1759820 540
1759830 541
1759840 545
1759850 545
1759860 547
1759870 549
1759880 549
1759890 552
1759900 554
1759910 554
1759920 555
1759930 556
1759940 556
1759950 557
1759960 557
1759970 554
1759980 554
1759990 550
