1740000 657
1740010 657
1740020 656
1740030 655
1740040 655
1740050 654
1740060 653
1740070 653
1740080 652
1740090 652
1740100 652
1740110 651
1740120 650
1740130 650
1740140 650
1740150 649
1740160 649
1740170 649
1740180 648
1740190 648
1740200 648
1740210 648
1740220 646
1740230 646
1740240 641
1740250 636
1740260 636
1740270 633
1740280 630
1740290 630
1740300 627
1740310 624
1740320 624
1740330 621
1740340 618
1740350 618
1740360 615
1740370 613
1740380 610
1740390 610
1740400 607
1740410 605
1740420 605
1740430 603
1740440 600
1740450 600
1740460 597
1740470 592
1740480 592
1740490 588
1740500 586
1740510 586
1740520 585
1740530 583
1740540 583
1740550 582
1740560 581
1740570 581
1740580 581
1740590 580
1740600 580
1740610 579
1740620 578
1740630 578
1740640 577
1740650 576
1740660 576
1740670 576
1740680 575
1740690 575
1740700 575
1740710 575
1740720 575
1740730 575
1740740 576
1740750 577
1740760 577
1740770 578
1740780 578
1740790 578
1740800 578
1740810 578
1740820 578
1740830 578
1740840 578
1740850 578
1740860 578
1740870 578
1740880 578
1740890 579
1740900 579
1740910 580
1740920 580
1740930 582
1740940 582
1740950 582
1740960 582
1740970 585
1740980 585
1740990 587
1741000 589
1741010 589
1741020 591
1741030 592
1741040 592
1741050 592
1741060 593
1741070 593
1741080 594
1741090 595
1741100 595
1741110 596
1741120 597
1741130 597
1741140 598
1741150 599
1741160 598
1741170 598
1741180 599
1741190 603
1741200 603
1741210 605
1741220 606
1741230 606
1741240 608
1741250 609
1741260 609
1741270 611
1741280 611
1741290 611
1741300 613
1741310 614
1741320 614
1741330 615
1741340 617
1741350 617
1741360 619
1741370 621
1741380 621
1741390 623
1741400 625
1741410 627
1741420 627
1741430 631
1741440 634
1741450 634
1741460 636
1741470 638
1741480 638
1741490 640
1741500 640
1741510 640
1741520 639
1741530 638
1741540 638
1741550 637
1741560 634
1741570 634
1741580 628
1741590 627
1741600 627
1741610 622
1741620 619
1741630 619
1741640 616
1741650 614
1741660 611
1741670 611
1741680 609
1741690 608
1741700 608
1741710 609
1741720 608
1741730 608
1741740 603
1741750 596
1741760 596
1741770 588
1741780 581
1741790 581
1741800 578
1741810 579
1741820 579
1741830 579
1741840 582
1741850 582
1741860 589
1741870 598
1741880 598
1741890 607
1741900 611
1741910 616
1741920 616
1741930 623
1741940 629
1741950 629
1741960 636
1741970 643
1741980 643
1741990 649
1742000 655
1742010 655
1742020 660
1742030 667
1742040 667
1742050 672
1742060 678
1742070 678
1742080 685
1742090 690
1742100 690
1742110 695
1742120 700
1742130 700
1742140 704
1742150 708
1742160 708
1742170 714
1742180 720
1742190 725
1742200 725
1742210 730
1742220 734
1742230 734
1742240 739
1742250 746
1742260 746
1742270 752
1742280 757
1742290 757
1742300 761
1742310 766
1742320 766
1742330 771
1742340 776
1742350 776
1742360 781
1742370 786
1742380 786
1742390 789
1742400 792
1742410 792
1742420 793
1742430 795
1742440 798
1742450 798
1742460 801
1742470 805
1742480 805
1742490 810
1742500 815
1742510 815
1742520 821
1742530 825
1742540 825
1742550 829
1742560 833
1742570 833
1742580 838
1742590 843
1742600 843
1742610 848
1742620 853
1742630 853
1742640 857
1742650 860
1742660 860
1742670 864
1742680 867
1742690 871
1742700 871
1742710 876
1742720 880
1742730 880
1742740 884
1742750 888
1742760 888
1742770 891
1742780 893
1742790 893
1742800 895
1742810 898
1742820 898
1742830 900
1742840 903
1742850 903
1742860 907
1742870 909
1742880 909
1742890 912
1742900 913
1742910 913
1742920 916
1742930 919
1742940 922
1742950 922
1742960 923
1742970 927
1742980 927
1742990 929
1743000 930
1743010 930
1743020 932
1743030 933
1743040 933
1743050 934
1743060 934
1743070 934
1743080 934
1743090 934
1743100 934
1743110 934
1743120 934
1743130 934
1743140 933
1743150 933
1743160 933
1743170 932
1743180 931
1743190 932
1743200 932
1743210 931
1743220 931
1743230 931
1743240 930
1743250 929
1743260 929
1743270 929
1743280 929
1743290 929
1743300 929
1743310 930
1743320 930
1743330 930
1743340 930
1743350 930
1743360 930
1743370 931
1743380 931
1743390 931
1743400 930
1743410 930
1743420 929
1743430 926
1743440 924
1743450 924
1743460 922
1743470 919
1743480 919
1743490 916
1743500 913
1743510 913
1743520 910
1743530 907
1743540 907
1743550 904
1743560 900
1743570 900
1743580 897
1743590 893
1743600 893
1743610 890
1743620 886
1743630 886
1743640 882
1743650 878
1743660 878
1743670 875
1743680 872
1743690 872
1743700 869
1743710 865
1743720 862
1743730 862
1743740 859
1743750 856
1743760 856
1743770 852
1743780 849
1743790 849
1743800 845
1743810 842
1743820 842
1743830 839
1743840 835
1743850 835
1743860 833
1743870 830
1743880 830
1743890 828
1743900 824
1743910 824
1743920 822
1743930 818
1743940 818
1743950 815
1743960 814
1743970 811
1743980 811
1743990 810
1744000 808
1744010 808
1744020 805
1744030 802
1744040 802
1744050 799
1744060 797
1744070 797
1744080 794
1744090 792
1744100 792
1744110 789
1744120 786
1744130 786
1744140 781
1744150 777
1744160 777
1744170 773
1744180 768
1744190 768
1744200 765
1744210 761
1744220 758
1744230 758
1744240 755
1744250 751
1744260 751
1744270 748
1744280 745
1744290 745
1744300 742
1744310 739
1744320 739
1744330 737
1744340 734
1744350 734
1744360 732
1744370 731
1744380 731
1744390 729
1744400 727
1744410 727
1744420 725
1744430 723
1744440 723
1744450 721
1744460 718
1744470 716
1744480 716
1744490 713
1744500 710
1744510 710
1744520 707
1744530 702
1744540 702
1744550 700
1744560 698
1744570 698
1744580 697
1744590 694
1744600 694
1744610 692
1744620 690
1744630 690
1744640 688
1744650 686
1744660 686
1744670 685
1744680 683
1744690 683
1744700 682
1744710 681
1744720 679
1744730 679
1744740 676
1744750 672
1744760 672
1744770 670
1744780 668
1744790 668
1744800 667
1744810 665
1744820 665
1744830 665
1744840 660
1744850 660
1744860 652
1744870 649
1744880 649
1744890 645
1744900 638
1744910 638
1744920 637
1744930 638
1744940 638
1744950 643
1744960 646
1744970 646
1744980 648
1744990 650
1745000 642
1745010 642
1745020 636
1745030 632
1745040 632
1745050 628
1745060 621
1745070 621
1745080 613
1745090 610
1745100 610
1745110 609
1745120 617
1745130 617
1745140 621
1745150 625
1745160 625
1745170 626
1745180 631
1745190 631
1745200 633
1745210 634
1745220 634
1745230 635
1745240 637
1745250 640
1745260 640
1745270 640
1745280 645
1745290 645
1745300 647
1745310 648
1745320 648
1745330 649
1745340 651
1745350 651
1745360 649
1745370 648
1745380 648
1745390 648
1745400 648
1745410 648
1745420 650
1745430 651
1745440 651
1745450 651
1745460 650
1745470 650
1745480 649
1745490 647
1745500 646
1745510 646
1745520 645
1745530 643
1745540 643
1745550 642
1745560 641
1745570 641
1745580 640
1745590 638
1745600 638
1745610 636
1745620 633
1745630 633
1745640 631
1745650 629
1745660 629
1745670 626
1745680 624
1745690 624
1745700 622
1745710 620
1745720 620
1745730 618
1745740 615
1745750 612
1745760 612
1745770 609
1745780 607
1745790 607
1745800 604
1745810 600
1745820 600
1745830 596
1745840 593
1745850 593
1745860 590
1745870 588
1745880 588
1745890 585
1745900 581
1745910 581
1745920 577
1745930 575
1745940 575
1745950 570
1745960 568
1745970 568
1745980 565
1745990 562
1746000 558
1746010 558
1746020 555
1746030 550
1746040 550
1746050 547
1746060 543
1746070 543
1746080 539
1746090 534
1746100 534
1746110 531
1746120 529
1746130 529
1746140 527
1746150 525
1746160 525
1746170 523
1746180 519
1746190 519
1746200 518
1746210 517
1746220 517
1746230 516
1746240 509
1746250 504
1746260 504
1746270 503
1746280 508
1746290 508
1746300 513
1746310 514
1746320 514
1746330 514
1746340 514
1746350 514
1746360 515
1746370 515
1746380 515
1746390 515
1746400 516
1746410 516
1746420 516
1746430 515
1746440 515
1746450 514
1746460 512
1746470 512
1746480 511
1746490 511
1746500 511
1746510 511
1746520 511
1746530 509
1746540 509
1746550 513
1746560 515
1746570 515
1746580 510
1746590 510
1746600 510
1746610 511
1746620 513
1746630 513
1746640 517
1746650 520
1746660 520
1746670 522
1746680 524
1746690 524
1746700 526
1746710 527
1746720 527
1746730 528
1746740 529
1746750 529
1746760 531
1746770 532
1746780 534
1746790 534
1746800 535
1746810 537
1746820 537
1746830 538
1746840 540
1746850 540
1746860 541
1746870 542
1746880 542
1746890 543
1746900 543
1746910 543
1746920 544
1746930 545
1746940 545
1746950 545
1746960 546
1746970 546
1746980 546
1746990 546
1747000 546
1747010 546
1747020 547
1747030 547
1747040 547
1747050 547
1747060 547
1747070 547
1747080 548
1747090 548
1747100 548
1747110 549
1747120 550
1747130 550
1747140 550
1747150 550
1747160 550
1747170 549
1747180 549
1747190 549
1747200 547
1747210 546
1747220 546
1747230 545
1747240 543
1747250 543
1747260 542
1747270 540
1747280 539
1747290 539
1747300 538
1747310 537
1747320 537
1747330 536
1747340 536
1747350 536
1747360 534
1747370 532
1747380 532
1747390 530
1747400 526
1747410 526
1747420 525
1747430 522
1747440 522
1747450 521
1747460 520
1747470 520
1747480 519
1747490 518
1747500 518
1747510 516
1747520 513
1747530 510
1747540 510
1747550 510
1747560 513
1747570 513
1747580 515
1747590 518
1747600 518
1747610 519
1747620 521
1747630 521
1747640 525
1747650 528
1747660 528
1747670 530
1747680 531
1747690 531
1747700 533
1747710 534
1747720 534
1747730 536
1747740 538
1747750 538
1747760 540
1747770 542
1747780 544
1747790 544
1747800 545
1747810 547
1747820 547
1747830 549
1747840 550
1747850 550
1747860 551
1747870 552
1747880 552
1747890 553
1747900 553
1747910 553
1747920 553
1747930 553
1747940 553
1747950 553
1747960 552
1747970 552
1747980 552
1747990 551
1748000 551
1748010 550
1748020 550
1748030 550
1748040 549
1748050 548
1748060 547
1748070 547
1748080 546
1748090 545
1748100 545
1748110 544
1748120 543
1748130 543
1748140 542
1748150 541
1748160 541
1748170 541
1748180 540
1748190 540
1748200 539
1748210 539
1748220 539
1748230 538
1748240 537
1748250 537
1748260 536
1748270 536
1748280 536
1748290 535
1748300 534
1748310 533
1748320 533
1748330 532
1748340 532
1748350 532
1748360 531
1748370 530
1748380 530
1748390 529
1748400 529
1748410 529
1748420 528
1748430 527
1748440 527
1748450 527
1748460 526
1748470 526
1748480 526
1748490 526
1748500 526
1748510 526
1748520 525
1748530 525
1748540 525
1748550 524
1748560 524
1748570 524
1748580 523
1748590 522
1748600 522
1748610 522
1748620 522
1748630 522
1748640 521
1748650 520
1748660 520
1748670 520
1748680 519
1748690 519
1748700 518
1748710 517
1748720 517
1748730 516
1748740 514
1748750 514
1748760 513
1748770 511
1748780 511
1748790 510
1748800 509
1748810 507
1748820 507
1748830 507
1748840 506
1748850 506
1748860 505
1748870 504
1748880 504
1748890 502
1748900 501
1748910 501
1748920 499
1748930 498
1748940 498
1748950 497
1748960 493
1748970 493
1748980 489
1748990 489
1749000 489
1749010 489
1749020 488
1749030 488
1749040 485
1749050 483
1749060 480
1749070 480
1749080 479
1749090 477
1749100 477
1749110 476
1749120 474
1749130 474
1749140 474
1749150 471
1749160 471
1749170 467
1749180 466
1749190 466
1749200 465
1749210 466
1749220 466
1749230 466
1749240 466
1749250 466
1749260 467
1749270 467
1749280 467
1749290 468
1749300 470
1749310 470
1749320 472
1749330 474
1749340 472
1749350 472
1749360 472
1749370 475
1749380 475
1749390 480
1749400 482
1749410 482
1749420 484
1749430 487
1749440 487
1749450 489
1749460 490
1749470 490
1749480 492
1749490 495
1749500 495
1749510 497
1749520 499
1749530 499
1749540 501
1749550 504
1749560 504
1749570 506
1749580 507
1749590 509
1749600 509
1749610 511
1749620 513
1749630 513
1749640 515
1749650 516
1749660 516
1749670 518
1749680 520
1749690 520
1749700 520
1749710 520
1749720 520
1749730 525
1749740 526
1749750 526
1749760 527
1749770 528
1749780 528
1749790 528
1749800 528
1749810 528
1749820 529
1749830 528
1749840 527
1749850 527
1749860 526
1749870 524
1749880 524
1749890 523
1749900 520
1749910 520
1749920 517
1749930 514
1749940 514
1749950 511
1749960 509
1749970 509
1749980 505
1749990 503
1750000 503
1750010 500
1750020 499
1750030 499
1750040 496
1750050 493
1750060 493
1750070 491
1750080 491
1750090 492
1750100 492
1750110 492
1750120 491
1750130 491
1750140 490
1750150 488
1750160 488
1750170 486
1750180 484
1750190 484
1750200 482
1750210 480
1750220 480
1750230 478
1750240 476
1750250 476
1750260 472
1750270 467
1750280 467
1750290 461
1750300 457
1750310 457
1750320 452
1750330 447
1750340 445
1750350 445
1750360 444
1750370 444
1750380 444
1750390 444
1750400 444
1750410 444
1750420 444
1750430 444
1750440 444
1750450 444
1750460 443
1750470 443
1750480 444
1750490 444
1750500 444
1750510 444
1750520 444
1750530 444
1750540 444
1750550 445
1750560 445
1750570 448
1750580 454
1750590 457
1750600 457
1750610 460
1750620 464
1750630 464
1750640 469
1750650 473
1750660 473
1750670 479
1750680 480
1750690 480
1750700 481
1750710 488
1750720 488
1750730 492
1750740 494
1750750 494
1750760 495
1750770 497
1750780 497
1750790 498
1750800 500
1750810 500
1750820 502
1750830 506
1750840 506
1750850 507
1750860 508
1750870 508
1750880 508
1750890 508
1750900 510
1750910 510
1750920 512
1750930 515
1750940 515
1750950 518
1750960 519
1750970 519
1750980 519
1750990 518
1751000 518
1751010 515
1751020 511
1751030 511
1751040 507
1751050 503
1751060 503
1751070 500
1751080 499
1751090 499
1751100 498
1751110 497
1751120 496
1751130 496
1751140 496
1751150 495
1751160 495
1751170 495
1751180 496
1751190 496
1751200 496
1751210 495
1751220 495
1751230 494
1751240 493
1751250 493
1751260 491
1751270 490
1751280 490
1751290 490
1751300 497
1751310 497
1751320 499
1751330 495
1751340 495
1751350 496
1751360 490
1751370 484
1751380 484
1751390 488
1751400 493
1751410 493
1751420 494
1751430 492
1751440 492
1751450 491
1751460 489
1751470 489
1751480 481
1751490 477
1751500 477
1751510 475
1751520 474
1751530 474
1751540 474
1751550 472
1751560 472
1751570 474
1751580 476
1751590 476
1751600 479
1751610 481
1751620 483
1751630 483
1751640 484
1751650 485
1751660 485
1751670 486
1751680 488
1751690 488
1751700 489
1751710 491
1751720 491
1751730 493
1751740 495
1751750 495
1751760 497
1751770 498
1751780 498
1751790 500
1751800 502
1751810 502
1751820 503
1751830 504
1751840 504
1751850 505
1751860 505
1751870 505
1751880 505
1751890 505
1751900 505
1751910 505
1751920 506
1751930 507
1751940 507
1751950 508
1751960 509
1751970 509
1751980 509
1751990 509
1752000 509
1752010 508
1752020 508
1752030 508
1752040 508
1752050 507
1752060 507
1752070 507
1752080 505
1752090 505
1752100 502
1752110 499
1752120 492
1752130 492
1752140 494
1752150 495
1752160 495
1752170 496
1752180 497
1752190 497
1752200 498
1752210 498
1752220 498
1752230 497
1752240 496
1752250 496
1752260 495
1752270 494
1752280 494
1752290 489
1752300 491
1752310 491
1752320 492
1752330 494
1752340 494
1752350 497
1752360 499
1752370 499
1752380 503
1752390 498
1752400 502
1752410 502
1752420 506
1752430 507
1752440 507
1752450 509
1752460 512
1752470 512
1752480 515
1752490 517
1752500 517
1752510 519
1752520 521
1752530 521
1752540 522
1752550 525
1752560 525
1752570 527
1752580 529
1752590 529
1752600 531
1752610 533
1752620 533
1752630 536
1752640 540
1752650 544
1752660 544
1752670 547
1752680 550
1752690 550
1752700 554
1752710 557
1752720 557
1752730 559
1752740 561
1752750 561
1752760 564
1752770 567
1752780 567
1752790 571
1752800 574
1752810 574
1752820 576
1752830 579
1752840 579
1752850 581
1752860 585
1752870 585
1752880 588
1752890 590
1752900 592
1752910 592
1752920 593
1752930 594
1752940 594
1752950 595
1752960 595
1752970 595
1752980 596
1752990 598
1753000 598
1753010 599
1753020 600
1753030 600
1753040 601
1753050 603
1753060 603
1753070 604
1753080 606
1753090 606
1753100 608
1753110 609
1753120 609
1753130 611
1753140 613
1753150 614
1753160 614
1753170 616
1753180 618
1753190 618
1753200 620
1753210 622
1753220 622
1753230 623
1753240 625
1753250 625
1753260 627
1753270 629
1753280 629
1753290 631
1753300 633
1753310 633
1753320 636
1753330 639
1753340 639
1753350 641
1753360 642
1753370 642
1753380 645
1753390 647
1753400 648
1753410 648
1753420 649
1753430 651
1753440 651
1753450 652
1753460 654
1753470 654
1753480 655
1753490 656
1753500 656
1753510 656
1753520 655
1753530 655
1753540 655
1753550 654
1753560 654
1753570 654
1753580 653
1753590 653
1753600 653
1753610 652
1753620 652
1753630 652
1753640 652
1753650 651
1753660 651
1753670 654
1753680 654
1753690 654
1753700 654
1753710 653
1753720 653
1753730 652
1753740 649
1753750 649
1753760 648
1753770 647
1753780 647
1753790 648
1753800 648
1753810 648
1753820 649
1753830 651
1753840 651
1753850 652
1753860 653
1753870 653
1753880 653
1753890 654
1753900 654
1753910 655
1753920 657
1753930 657
1753940 657
1753950 657
1753960 659
1753970 659
1753980 662
1753990 665
1754000 665
1754010 667
1754020 669
1754030 669
1754040 671
1754050 672
1754060 672
1754070 674
1754080 676
1754090 676
1754100 677
1754110 678
1754120 678
1754130 679
1754140 681
1754150 681
1754160 681
1754170 682
1754180 683
1754190 683
1754200 684
1754210 685
1754220 685
1754230 687
1754240 688
1754250 688
1754260 689
1754270 690
1754280 690
1754290 691
1754300 692
1754310 692
1754320 693
1754330 693
1754340 693
1754350 694
1754360 694
1754370 694
1754380 694
1754390 693
1754400 693
1754410 693
1754420 692
1754430 691
1754440 691
1754450 690
1754460 689
1754470 689
1754480 687
1754490 682
1754500 682
1754510 679
1754520 678
1754530 678
1754540 680
1754550 681
1754560 681
1754570 683
1754580 684
1754590 684
1754600 686
1754610 687
1754620 687
1754630 689
1754640 689
1754650 689
1754660 690
1754670 691
1754680 692
1754690 692
1754700 693
1754710 694
1754720 694
1754730 695
1754740 696
1754750 696
1754760 696
1754770 696
1754780 696
1754790 697
1754800 697
1754810 697
1754820 698
1754830 698
1754840 698
1754850 699
1754860 699
1754870 699
1754880 699
1754890 700
1754900 700
1754910 700
1754920 700
1754930 701
1754940 701
1754950 700
1754960 700
1754970 700
1754980 701
1754990 701
1755000 701
1755010 702
1755020 703
1755030 703
1755040 703
1755050 704
1755060 704
1755070 704
1755080 706
1755090 706
1755100 708
1755110 709
1755120 709
1755130 710
1755140 711
1755150 711
1755160 711
1755170 712
1755180 712
1755190 713
1755200 713
1755210 713
1755220 713
1755230 713
1755240 713
1755250 713
1755260 713
1755270 712
1755280 712
1755290 711
1755300 710
1755310 710
1755320 709
1755330 706
1755340 706
1755350 701
1755360 699
1755370 699
1755380 695
1755390 696
1755400 696
1755410 696
1755420 696
1755430 702
1755440 703
1755450 704
1755460 706
1755470 706
1755480 706
1755490 707
1755500 707
1755510 707
1755520 708
1755530 708
1755540 708
1755550 709
1755560 709
1755570 710
1755580 712
1755590 712
1755600 712
1755610 714
1755620 714
1755630 715
1755640 716
1755650 716
1755660 717
1755670 716
1755680 716
1755690 713
1755700 709
1755710 705
1755720 705
1755730 701
1755740 697
1755750 697
1755760 694
1755770 692
1755780 692
1755790 689
1755800 686
1755810 686
1755820 683
1755830 680
1755840 680
1755850 678
1755860 675
1755870 675
1755880 672
1755890 670
1755900 670
1755910 667
1755920 664
1755930 664
1755940 662
1755950 659
1755960 656
1755970 656
1755980 653
1755990 651
1756000 651
1756010 648
1756020 645
1756030 645
1756040 643
1756050 641
1756060 641
1756070 639
1756080 637
1756090 637
1756100 635
1756110 633
1756120 633
1756130 631
1756140 629
1756150 629
1756160 628
1756170 626
1756180 626
1756190 624
1756200 621
1756210 619
1756220 619
1756230 616
1756240 614
1756250 614
1756260 612
1756270 610
1756280 610
1756290 608
1756300 604
1756310 604
1756320 602
1756330 599
1756340 599
1756350 596
1756360 591
1756370 591
1756380 587
1756390 583
1756400 583
1756410 580
1756420 576
1756430 576
1756440 573
1756450 569
1756460 566
1756470 566
1756480 564
1756490 562
1756500 562
1756510 560
1756520 558
1756530 558
1756540 555
1756550 551
1756560 551
1756570 548
1756580 548
1756590 548
1756600 548
1756610 549
1756620 549
1756630 544
1756640 544
1756650 544
1756660 543
1756670 548
1756680 548
1756690 554
1756700 557
1756710 557
1756720 560
1756730 562
1756740 562
1756750 562
1756760 561
1756770 559
1756780 559
1756790 554
1756800 553
1756810 553
1756820 551
1756830 549
1756840 549
1756850 546
1756860 545
1756870 545
1756880 544
1756890 542
1756900 542
1756910 542
1756920 541
1756930 541
1756940 540
1756950 539
1756960 539
1756970 538
1756980 537
1756990 536
1757000 536
1757010 534
1757020 533
1757030 533
1757040 531
1757050 531
1757060 531
1757070 530
1757080 529
1757090 529
1757100 527
1757110 525
1757120 525
1757130 524
1757140 522
1757150 522
1757160 520
1757170 519
1757180 519
1757190 518
1757200 517
1757210 517
1757220 516
1757230 516
1757240 515
1757250 515
1757260 515
1757270 515
1757280 515
1757290 514
1757300 514
1757310 514
1757320 514
1757330 513
1757340 513
1757350 512
1757360 512
1757370 512
1757380 511
1757390 510
1757400 510
1757410 509
1757420 507
1757430 507
1757440 506
1757450 505
1757460 505
1757470 504
1757480 502
1757490 500
1757500 500
1757510 497
1757520 494
1757530 494
1757540 491
1757550 487
1757560 487
1757570 483
1757580 479
1757590 479
1757600 476
1757610 474
1757620 474
1757630 472
1757640 470
1757650 470
1757660 469
1757670 469
1757680 469
1757690 474
1757700 478
1757710 478
1757720 479
1757730 479
1757740 480
1757750 480
1757760 480
1757770 481
1757780 481
1757790 482
1757800 483
1757810 483
1757820 483
1757830 484
1757840 484
1757850 484
1757860 486
1757870 486
1757880 486
1757890 487
1757900 487
1757910 487
1757920 487
1757930 487
1757940 487
1757950 487
1757960 487
1757970 487
1757980 488
1757990 488
1758000 488
1758010 488
1758020 487
1758030 487
1758040 487
1758050 487
1758060 487
1758070 486
1758080 484
1758090 484
1758100 483
1758110 481
1758120 481
1758130 479
1758140 477
1758150 477
1758160 474
1758170 472
1758180 472
1758190 469
1758200 466
1758210 466
1758220 462
1758230 460
1758240 460
1758250 460
1758260 466
1758270 471
1758280 471
1758290 473
1758300 476
1758310 476
1758320 479
1758330 482
1758340 482
1758350 486
1758360 490
1758370 490
1758380 492
1758390 493
1758400 493
1758410 494
1758420 496
1758430 496
1758440 496
1758450 496
1758460 496
1758470 496
1758480 496
1758490 496
1758500 496
1758510 496
1758520 496
1758530 496
1758540 497
1758550 497
1758560 497
1758570 498
1758580 499
1758590 499
1758600 501
1758610 502
1758620 502
1758630 502
1758640 502
1758650 502
1758660 503
1758670 503
1758680 503
1758690 503
1758700 503
1758710 503
1758720 503
1758730 502
1758740 502
1758750 501
1758760 500
1758770 500
1758780 500
1758790 499
1758800 498
1758810 498
1758820 497
1758830 496
1758840 496
1758850 494
1758860 493
1758870 493
1758880 491
1758890 490
1758900 490
1758910 487
1758920 484
1758930 484
1758940 487
1758950 491
1758960 491
1758970 493
1758980 496
1758990 496
1759000 500
1759010 502
1759020 505
1759030 505
1759040 509
1759050 512
1759060 512
1759070 516
1759080 518
1759090 518
1759100 521
1759110 523
1759120 523
1759130 525
1759140 527
1759150 527
1759160 529
1759170 532
1759180 532
1759190 534
1759200 536
1759210 536
1759220 539
1759230 541
1759240 541
1759250 543
1759260 545
1759270 547
1759280 547
1759290 548
1759300 550
1759310 550
1759320 551
1759330 553
1759340 553
1759350 556
1759360 559
1759370 559
1759380 562
1759390 565
1759400 565
1759410 568
1759420 570
1759430 570
1759440 571
1759450 573
1759460 573
1759470 574
1759480 576
1759490 576
1759500 577
1759510 579
1759520 579
1759530 580
1759540 582
1759550 583
1759560 583
1759570 584
1759580 585
1759590 585
1759600 588
1759610 590
1759620 590
1759630 590
1759640 592
1759650 592
1759660 593
1759670 594
1759680 594
1759690 596
1759700 597
1759710 597
1759720 597
1759730 597
1759740 597
1759750 598
1759760 601
1759770 601
1759780 601
1759790 603
1759800 604
1759810 604
1759820 605
1759830 606
1759840 606
1759850 607
1759860 608
1759870 608
1759880 609
1759890 609
1759900 609
1759910 610
1759920 609
1759930 609
1759940 606
1759950 604
1759960 604
1759970 604
1759980 605
1759990 605
