1740000 656
1740010 656
1740020 656
1740030 655
1740040 655
1740050 655
1740060 654
1740070 654
1740080 654
1740090 653
1740100 653
1740110 653
1740120 653
1740130 652
1740140 652
1740150 652
1740160 652
1740170 652
1740180 652
1740190 652
1740200 652
1740210 651
1740220 650
1740230 650
1740240 646
1740250 642
1740260 642
1740270 639
1740280 635
1740290 635
1740300 633
1740310 630
1740320 630
1740330 626
1740340 623
1740350 623
1740360 620
1740370 617
1740380 614
1740390 614
1740400 610
1740410 608
1740420 608
1740430 605
1740440 604
1740450 604
1740460 601
1740470 597
1740480 597
1740490 592
1740500 588
1740510 588
1740520 586
1740530 585
1740540 585
1740550 584
1740560 582
1740570 582
1740580 582
1740590 581
1740600 581
1740610 580
1740620 579
1740630 579
1740640 579
1740650 577
1740660 575
1740670 575
1740680 575
1740690 575
1740700 575
1740710 574
1740720 574
1740730 574
1740740 573
1740750 573
1740760 573
1740770 574
1740780 575
1740790 575
1740800 575
1740810 575
1740820 575
1740830 575
1740840 575
1740850 575
1740860 575
1740870 575
1740880 575
1740890 575
1740900 577
1740910 578
1740920 578
1740930 579
1740940 579
1740950 579
1740960 581
1740970 583
1740980 583
1740990 584
1741000 585
1741010 585
1741020 586
1741030 587
1741040 587
1741050 589
1741060 590
1741070 590
1741080 591
1741090 590
1741100 590
1741110 589
1741120 590
1741130 594
1741140 594
1741150 597
1741160 599
1741170 599
1741180 600
1741190 601
1741200 601
1741210 602
1741220 604
1741230 604
1741240 605
1741250 606
1741260 606
1741270 604
1741280 609
1741290 609
1741300 611
1741310 612
1741320 612
1741330 614
1741340 616
1741350 616
1741360 618
1741370 620
1741380 620
1741390 622
1741400 626
1741410 629
1741420 629
1741430 632
1741440 635
1741450 635
1741460 637
1741470 639
1741480 639
1741490 642
1741500 644
1741510 644
1741520 646
1741530 649
1741540 649
1741550 652
1741560 646
1741570 646
1741580 642
1741590 639
1741600 639
1741610 636
1741620 633
1741630 633
1741640 629
1741650 629
1741660 629
1741670 629
1741680 630
1741690 625
1741700 625
1741710 614
1741720 606
1741730 606
1741740 599
1741750 592
1741760 592
1741770 585
1741780 580
1741790 580
1741800 578
1741810 578
1741820 578
1741830 580
1741840 589
1741850 589
1741860 596
1741870 602
1741880 602
1741890 609
1741900 615
1741910 621
1741920 621
1741930 627
1741940 634
1741950 634
1741960 639
1741970 645
1741980 645
1741990 651
1742000 656
1742010 656
1742020 661
1742030 666
1742040 666
1742050 672
1742060 678
1742070 678
1742080 684
1742090 690
1742100 690
1742110 694
1742120 699
1742130 699
1742140 704
1742150 708
1742160 713
1742170 713
1742180 718
1742190 723
1742200 723
1742210 727
1742220 731
1742230 731
1742240 735
1742250 741
1742260 741
1742270 746
1742280 752
1742290 752
1742300 756
1742310 761
1742320 761
1742330 766
1742340 771
1742350 771
1742360 776
1742370 778
1742380 778
1742390 780
1742400 782
1742410 784
1742420 784
1742430 788
1742440 792
1742450 792
1742460 796
1742470 799
1742480 799
1742490 804
1742500 809
1742510 809
1742520 815
1742530 818
1742540 818
1742550 823
1742560 828
1742570 828
1742580 832
1742590 836
1742600 836
1742610 840
1742620 844
1742630 844
1742640 848
1742650 852
1742660 856
1742670 856
1742680 860
1742690 863
1742700 863
1742710 867
1742720 870
1742730 870
1742740 874
1742750 877
1742760 877
1742770 881
1742780 884
1742790 884
1742800 887
1742810 891
1742820 891
1742830 895
1742840 899
1742850 899
1742860 902
1742870 907
1742880 907
1742890 911
1742900 915
1742910 915
1742920 922
1742930 926
1742940 932
1742950 932
1742960 937
1742970 942
1742980 942
1742990 946
1743000 949
1743010 949
1743020 950
1743030 951
1743040 951
1743050 951
1743060 951
1743070 951
1743080 951
1743090 951
1743100 951
1743110 950
1743120 949
1743130 949
1743140 947
1743150 946
1743160 946
1743170 946
1743180 945
1743190 944
1743200 944
1743210 943
1743220 942
1743230 942
1743240 941
1743250 941
1743260 941
1743270 940
1743280 940
1743290 940
1743300 940
1743310 940
1743320 940
1743330 941
1743340 941
1743350 941
1743360 942
1743370 942
1743380 942
1743390 942
1743400 941
1743410 941
1743420 941
1743430 939
1743440 937
1743450 937
1743460 934
1743470 933
1743480 933
1743490 930
1743500 927
1743510 927
1743520 924
1743530 921
1743540 921
1743550 918
1743560 914
1743570 914
1743580 911
1743590 907
1743600 907
1743610 903
1743620 899
1743630 899
1743640 895
1743650 892
1743660 892
1743670 888
1743680 885
1743690 882
1743700 882
1743710 878
1743720 874
1743730 874
1743740 870
1743750 867
1743760 863
1743770 859
1743780 855
1743790 855
1743800 853
1743810 848
1743820 848
1743830 845
1743840 842
1743850 842
1743860 838
1743870 836
1743880 836
1743890 832
1743900 831
1743910 831
1743920 828
1743930 825
1743940 822
1743950 822
1743960 819
1743970 816
1743980 816
1743990 813
1744000 809
1744010 809
1744020 807
1744030 804
1744040 804
1744050 801
1744060 799
1744070 799
1744080 797
1744090 795
1744100 795
1744110 792
1744120 789
1744130 789
1744140 786
1744150 781
1744160 781
1744170 776
1744180 771
1744190 766
1744200 766
1744210 762
1744220 759
1744230 759
1744240 756
1744250 752
1744260 752
1744270 749
1744280 746
1744290 746
1744300 743
1744310 740
1744320 740
1744330 738
1744340 736
1744350 736
1744360 733
1744370 731
1744380 731
1744390 728
1744400 726
1744410 726
1744420 723
1744430 722
1744440 722
1744450 718
1744460 715
1744470 713
1744480 713
1744490 710
1744500 706
1744510 706
1744520 703
1744530 701
1744540 701
1744550 699
1744560 697
1744570 697
1744580 696
1744590 693
1744600 693
1744610 691
1744620 689
1744630 689
1744640 687
1744650 685
1744660 685
1744670 684
1744680 683
1744690 683
1744700 681
1744710 680
1744720 678
1744730 678
1744740 677
1744750 675
1744760 675
1744770 674
1744780 672
1744790 672
1744800 670
1744810 669
1744820 669
1744830 666
1744840 662
1744850 662
1744860 656
1744870 649
1744880 649
1744890 646
1744900 645
1744910 645
1744920 641
1744930 634
1744940 634
1744950 632
1744960 637
1744970 638
1744980 638
1744990 640
1745000 641
1745010 641
1745020 639
1745030 637
1745040 637
1745050 633
1745060 629
1745070 629
1745080 623
1745090 616
1745100 616
1745110 603
1745120 603
1745130 603
1745140 604
1745150 608
1745160 608
1745170 616
1745180 620
1745190 620
1745200 623
1745210 624
1745220 624
1745230 624
1745240 625
1745250 628
1745260 628
1745270 632
1745280 633
1745290 633
1745300 634
1745310 635
1745320 635
1745330 638
1745340 638
1745350 638
1745360 637
1745370 633
1745380 633
1745390 633
1745400 635
1745410 635
1745420 637
1745430 639
1745440 639
1745450 642
1745460 645
1745470 645
1745480 645
1745490 644
1745500 643
1745510 643
1745520 641
1745530 640
1745540 640
1745550 639
1745560 638
1745570 638
1745580 638
1745590 636
1745600 636
1745610 634
1745620 632
1745630 632
1745640 630
1745650 628
1745660 628
1745670 626
1745680 624
1745690 624
1745700 622
1745710 620
1745720 618
1745730 618
1745740 616
1745750 614
1745760 614
1745770 613
1745780 610
1745790 610
1745800 608
1745810 604
1745820 604
1745830 601
1745840 598
1745850 598
1745860 596
1745870 593
1745880 593
1745890 591
1745900 587
1745910 587
1745920 582
1745930 579
1745940 579
1745950 575
1745960 572
1745970 572
1745980 569
1745990 565
1746000 562
1746010 562
1746020 558
1746030 554
1746040 554
1746050 550
1746060 546
1746070 546
1746080 542
1746090 537
1746100 537
1746110 533
1746120 530
1746130 530
1746140 527
1746150 525
1746160 525
1746170 523
1746180 521
1746190 521
1746200 517
1746210 516
1746220 516
1746230 515
1746240 514
1746250 502
1746260 502
1746270 502
1746280 504
1746290 504
1746300 506
1746310 508
1746320 508
1746330 508
1746340 506
1746350 506
1746360 506
1746370 508
1746380 508
1746390 511
1746400 512
1746410 512
1746420 512
1746430 511
1746440 511
1746450 511
1746460 510
1746470 510
1746480 509
1746490 509
1746500 509
1746510 509
1746520 509
1746530 504
1746540 504
1746550 510
1746560 510
1746570 510
1746580 510
1746590 510
1746600 510
1746610 510
1746620 512
1746630 512
1746640 514
1746650 516
1746660 516
1746670 519
1746680 521
1746690 521
1746700 523
1746710 524
1746720 524
1746730 525
1746740 527
1746750 528
1746760 528
1746770 530
1746780 531
1746790 531
1746800 533
1746810 534
1746820 534
1746830 536
1746840 537
1746850 537
1746860 538
1746870 539
1746880 539
1746890 540
1746900 540
1746910 540
1746920 541
1746930 542
1746940 542
1746950 543
1746960 543
1746970 543
1746980 543
1746990 543
1747000 543
1747010 543
1747020 544
1747030 544
1747040 544
1747050 545
1747060 546
1747070 546
1747080 546
1747090 546
1747100 546
1747110 547
1747120 548
1747130 548
1747140 548
1747150 549
1747160 549
1747170 549
1747180 549
1747190 549
1747200 549
1747210 548
1747220 548
1747230 547
1747240 546
1747250 544
1747260 544
1747270 543
1747280 542
1747290 542
1747300 542
1747310 541
1747320 541
1747330 539
1747340 538
1747350 538
1747360 536
1747370 534
1747380 534
1747390 532
1747400 528
1747410 528
1747420 525
1747430 523
1747440 523
1747450 522
1747460 522
1747470 522
1747480 522
1747490 523
1747500 523
1747510 521
1747520 519
1747530 514
1747540 514
1747550 513
1747560 515
1747570 515
1747580 518
1747590 520
1747600 520
1747610 521
1747620 523
1747630 523
1747640 526
1747650 529
1747660 529
1747670 531
1747680 533
1747690 533
1747700 534
1747710 536
1747720 536
1747730 537
1747740 539
1747750 539
1747760 541
1747770 543
1747780 544
1747790 544
1747800 546
1747810 548
1747820 548
1747830 549
1747840 550
1747850 550
1747860 551
1747870 552
1747880 552
1747890 553
1747900 554
1747910 554
1747920 554
1747930 555
1747940 555
1747950 555
1747960 555
1747970 555
1747980 555
1747990 554
1748000 554
1748010 553
1748020 552
1748030 551
1748040 551
1748050 550
1748060 549
1748070 549
1748080 549
1748090 548
1748100 548
1748110 547
1748120 546
1748130 546
1748140 545
1748150 544
1748160 544
1748170 543
1748180 542
1748190 542
1748200 541
1748210 540
1748220 540
1748230 539
1748240 538
1748250 538
1748260 537
1748270 536
1748280 536
1748290 536
1748300 535
1748310 534
1748320 534
1748330 533
1748340 532
1748350 532
1748360 531
1748370 530
1748380 530
1748390 529
1748400 528
1748410 528
1748420 527
1748430 527
1748440 527
1748450 526
1748460 526
1748470 526
1748480 525
1748490 525
1748500 525
1748510 525
1748520 524
1748530 524
1748540 524
1748550 523
1748560 523
1748570 523
1748580 522
1748590 521
1748600 521
1748610 521
1748620 520
1748630 520
1748640 520
1748650 519
1748660 519
1748670 519
1748680 518
1748690 518
1748700 517
1748710 516
1748720 516
1748730 515
1748740 513
1748750 513
1748760 512
1748770 511
1748780 511
1748790 510
1748800 509
1748810 508
1748820 508
1748830 506
1748840 506
1748850 506
1748860 504
1748870 503
1748880 503
1748890 501
1748900 500
1748910 500
1748920 496
1748930 492
1748940 492
1748950 490
1748960 490
1748970 490
1748980 490
1748990 489
1749000 489
1749010 486
1749020 484
1749030 484
1749040 482
1749050 480
1749060 478
1749070 478
1749080 477
1749090 475
1749100 475
1749110 474
1749120 473
1749130 473
1749140 471
1749150 469
1749160 469
1749170 468
1749180 467
1749190 467
1749200 469
1749210 469
1749220 469
1749230 468
1749240 468
1749250 468
1749260 470
1749270 472
1749280 472
1749290 474
1749300 476
1749310 477
1749320 477
1749330 479
1749340 480
1749350 480
1749360 481
1749370 482
1749380 482
1749390 483
1749400 483
1749410 483
1749420 481
1749430 481
1749440 481
1749450 484
1749460 487
1749470 487
1749480 491
1749490 494
1749500 494
1749510 495
1749520 498
1749530 498
1749540 500
1749550 502
1749560 504
1749570 504
1749580 506
1749590 508
1749600 508
1749610 509
1749620 510
1749630 510
1749640 512
1749650 513
1749660 513
1749670 514
1749680 515
1749690 515
1749700 516
1749710 517
1749720 517
1749730 519
1749740 519
1749750 519
1749760 520
1749770 520
1749780 520
1749790 521
1749800 521
1749810 521
1749820 521
1749830 520
1749840 519
1749850 519
1749860 517
1749870 514
1749880 514
1749890 512
1749900 509
1749910 509
1749920 507
1749930 505
1749940 505
1749950 503
1749960 499
1749970 499
1749980 495
1749990 491
1750000 491
1750010 489
1750020 487
1750030 487
1750040 485
1750050 484
1750060 483
1750070 483
1750080 482
1750090 481
1750100 481
1750110 481
1750120 480
1750130 480
1750140 479
1750150 478
1750160 478
1750170 476
1750180 475
1750190 475
1750200 474
1750210 472
1750220 472
1750230 471
1750240 469
1750250 469
1750260 468
1750270 465
1750280 465
1750290 460
1750300 456
1750310 456
1750320 451
1750330 447
1750340 444
1750350 444
1750360 444
1750370 444
1750380 444
1750390 444
1750400 444
1750410 444
1750420 444
1750430 444
1750440 444
1750450 444
1750460 444
1750470 444
1750480 443
1750490 444
1750500 444
1750510 444
1750520 444
1750530 444
1750540 444
1750550 445
1750560 445
1750570 446
1750580 450
1750590 454
1750600 454
1750610 458
1750620 461
1750630 461
1750640 464
1750650 467
1750660 467
1750670 472
1750680 477
1750690 477
1750700 478
1750710 481
1750720 481
1750730 483
1750740 489
1750750 489
1750760 494
1750770 495
1750780 495
1750790 496
1750800 498
1750810 498
1750820 500
1750830 503
1750840 505
1750850 505
1750860 505
1750870 503
1750880 503
1750890 502
1750900 500
1750910 500
1750920 506
1750930 507
1750940 507
1750950 508
1750960 509
1750970 509
1750980 509
1750990 511
1751000 511
1751010 508
1751020 504
1751030 504
1751040 499
1751050 495
1751060 495
1751070 492
1751080 491
1751090 490
1751100 490
1751110 489
1751120 489
1751130 489
1751140 489
1751150 489
1751160 489
1751170 490
1751180 490
1751190 490
1751200 490
1751210 489
1751220 489
1751230 488
1751240 486
1751250 486
1751260 485
1751270 484
1751280 484
1751290 486
1751300 493
1751310 493
1751320 492
1751330 489
1751340 486
1751350 486
1751360 481
1751370 484
1751380 484
1751390 490
1751400 491
1751410 491
1751420 490
1751430 490
1751440 490
1751450 488
1751460 487
1751470 487
1751480 485
1751490 483
1751500 483
1751510 482
1751520 480
1751530 480
1751540 472
1751550 471
1751560 471
1751570 472
1751580 474
1751590 477
1751600 477
1751610 479
1751620 480
1751630 480
1751640 483
1751650 484
1751660 484
1751670 485
1751680 486
1751690 486
1751700 487
1751710 489
1751720 489
1751730 491
1751740 493
1751750 493
1751760 494
1751770 496
1751780 496
1751790 497
1751800 499
1751810 499
1751820 500
1751830 502
1751840 502
1751850 502
1751860 502
1751870 502
1751880 502
1751890 502
1751900 503
1751910 503
1751920 504
1751930 505
1751940 506
1751950 506
1751960 506
1751970 506
1751980 506
1751990 505
1752000 505
1752010 504
1752020 504
1752030 504
1752040 503
1752050 502
1752060 502
1752070 502
1752080 500
1752090 500
1752100 498
1752110 494
1752120 490
1752130 490
1752140 490
1752150 492
1752160 492
1752170 491
1752180 492
1752190 492
1752200 490
1752210 488
1752220 488
1752230 489
1752240 489
1752250 489
1752260 488
1752270 488
1752280 488
1752290 492
1752300 497
1752310 497
1752320 500
1752330 502
1752340 502
1752350 504
1752360 509
1752370 512
1752380 512
1752390 512
1752400 513
1752410 513
1752420 515
1752430 516
1752440 516
1752450 517
1752460 519
1752470 519
1752480 521
1752490 523
1752500 523
1752510 525
1752520 528
1752530 528
1752540 531
1752550 534
1752560 534
1752570 535
1752580 537
1752590 537
1752600 540
1752610 542
1752620 545
1752630 545
1752640 548
1752650 552
1752660 552
1752670 555
1752680 558
1752690 558
1752700 561
1752710 564
1752720 564
1752730 567
1752740 570
1752750 570
1752760 573
1752770 576
1752780 576
1752790 579
1752800 581
1752810 581
1752820 582
1752830 585
1752840 585
1752850 588
1752860 591
1752870 594
1752880 594
1752890 596
1752900 598
1752910 598
1752920 600
1752930 601
1752940 601
1752950 601
1752960 602
1752970 602
1752980 602
1752990 602
1753000 602
1753010 603
1753020 603
1753030 603
1753040 604
1753050 605
1753060 605
1753070 607
1753080 608
1753090 608
1753100 610
1753110 612
1753120 613
1753130 613
1753140 615
1753150 616
1753160 616
1753170 617
1753180 618
1753190 618
1753200 621
1753210 622
1753220 622
1753230 623
1753240 625
1753250 625
1753260 626
1753270 628
1753280 628
1753290 630
1753300 631
1753310 631
1753320 633
1753330 635
1753340 635
1753350 636
1753360 638
1753370 638
1753380 640
1753390 643
1753400 645
1753410 645
1753420 646
1753430 648
1753440 648
1753450 649
1753460 651
1753470 651
1753480 655
1753490 656
1753500 656
1753510 655
1753520 654
1753530 654
1753540 653
1753550 653
1753560 653
1753570 652
1753580 651
1753590 651
1753600 650
1753610 649
1753620 649
1753630 649
1753640 649
1753650 647
1753660 647
1753670 646
1753680 647
1753690 647
1753700 648
1753710 645
1753720 645
1753730 643
1753740 641
1753750 641
1753760 640
1753770 641
1753780 641
1753790 643
1753800 644
1753810 644
1753820 645
1753830 647
1753840 647
1753850 648
1753860 649
1753870 649
1753880 650
1753890 653
1753900 652
1753910 652
1753920 652
1753930 653
1753940 653
1753950 655
1753960 655
1753970 655
1753980 657
1753990 659
1754000 659
1754010 662
1754020 664
1754030 664
1754040 666
1754050 668
1754060 668
1754070 669
1754080 671
1754090 671
1754100 672
1754110 674
1754120 674
1754130 675
1754140 677
1754150 678
1754160 678
1754170 680
1754180 681
1754190 681
1754200 682
1754210 683
1754220 683
1754230 683
1754240 684
1754250 684
1754260 685
1754270 686
1754280 686
1754290 686
1754300 687
1754310 687
1754320 688
1754330 687
1754340 687
1754350 687
1754360 687
1754370 687
1754380 687
1754390 687
1754400 686
1754410 686
1754420 686
1754430 685
1754440 685
1754450 684
1754460 682
1754470 682
1754480 678
1754490 674
1754500 674
1754510 672
1754520 673
1754530 673
1754540 674
1754550 675
1754560 675
1754570 676
1754580 678
1754590 678
1754600 680
1754610 681
1754620 681
1754630 682
1754640 683
1754650 683
1754660 685
1754670 686
1754680 687
1754690 687
1754700 689
1754710 689
1754720 689
1754730 690
1754740 691
1754750 691
1754760 691
1754770 691
1754780 691
1754790 691
1754800 691
1754810 691
1754820 691
1754830 692
1754840 692
1754850 692
1754860 692
1754870 692
1754880 692
1754890 693
1754900 693
1754910 693
1754920 693
1754930 693
1754940 693
1754950 693
1754960 693
1754970 693
1754980 694
1754990 697
1755000 697
1755010 697
1755020 697
1755030 697
1755040 698
1755050 700
1755060 700
1755070 701
1755080 702
1755090 702
1755100 703
1755110 704
1755120 704
1755130 705
1755140 706
1755150 706
1755160 707
1755170 708
1755180 708
1755190 708
1755200 709
1755210 709
1755220 709
1755230 710
1755240 710
1755250 710
1755260 710
1755270 709
1755280 709
1755290 708
1755300 706
1755310 706
1755320 702
1755330 697
1755340 697
1755350 697
1755360 693
1755370 693
1755380 687
1755390 686
1755400 686
1755410 687
1755420 688
1755430 689
1755440 689
1755450 689
1755460 690
1755470 690
1755480 691
1755490 693
1755500 693
1755510 693
1755520 694
1755530 694
1755540 695
1755550 696
1755560 696
1755570 697
1755580 698
1755590 698
1755600 699
1755610 699
1755620 699
1755630 701
1755640 702
1755650 702
1755660 704
1755670 706
1755680 708
1755690 708
1755700 710
1755710 710
1755720 710
1755730 707
1755740 704
1755750 704
1755760 702
1755770 700
1755780 700
1755790 697
1755800 695
1755810 695
1755820 692
1755830 689
1755840 689
1755850 686
1755860 683
1755870 683
1755880 680
1755890 677
1755900 677
1755910 674
1755920 670
1755930 668
1755940 668
1755950 665
1755960 662
1755970 662
1755980 659
1755990 656
1756000 656
1756010 653
1756020 651
1756030 651
1756040 648
1756050 645
1756060 645
1756070 643
1756080 641
1756090 641
1756100 639
1756110 637
1756120 637
1756130 635
1756140 633
1756150 633
1756160 631
1756170 629
1756180 629
1756190 628
1756200 625
1756210 623
1756220 623
1756230 621
1756240 619
1756250 619
1756260 617
1756270 614
1756280 614
1756290 612
1756300 610
1756310 610
1756320 607
1756330 604
1756340 604
1756350 601
1756360 597
1756370 597
1756380 593
1756390 589
1756400 589
1756410 586
1756420 582
1756430 582
1756440 579
1756450 575
1756460 572
1756470 572
1756480 568
1756490 565
1756500 565
1756510 562
1756520 560
1756530 560
1756540 558
1756550 556
1756560 556
1756570 554
1756580 553
1756590 553
1756600 552
1756610 550
1756620 550
1756630 547
1756640 543
1756650 543
1756660 542
1756670 546
1756680 546
1756690 550
1756700 553
1756710 556
1756720 556
1756730 559
1756740 561
1756750 561
1756760 561
1756770 560
1756780 560
1756790 556
1756800 555
1756810 555
1756820 551
1756830 549
1756840 549
1756850 548
1756860 545
1756870 545
1756880 543
1756890 542
1756900 542
1756910 541
1756920 540
1756930 540
1756940 539
1756950 538
1756960 537
1756970 537
1756980 536
1756990 535
1757000 535
1757010 534
1757020 533
1757030 533
1757040 532
1757050 532
1757060 532
1757070 531
1757080 529
1757090 529
1757100 528
1757110 527
1757120 527
1757130 525
1757140 522
1757150 522
1757160 520
1757170 519
1757180 519
1757190 518
1757200 517
1757210 515
1757220 515
1757230 510
1757240 506
1757250 506
1757260 506
1757270 508
1757280 508
1757290 504
1757300 506
1757310 506
1757320 505
1757330 506
1757340 506
1757350 508
1757360 508
1757370 508
1757380 508
1757390 507
1757400 507
1757410 506
1757420 505
1757430 505
1757440 504
1757450 503
1757460 503
1757470 503
1757480 502
1757490 502
1757500 502
1757510 500
1757520 498
1757530 498
1757540 496
1757550 493
1757560 493
1757570 489
1757580 485
1757590 485
1757600 482
1757610 479
1757620 479
1757630 475
1757640 471
1757650 471
1757660 468
1757670 467
1757680 467
1757690 468
1757700 468
1757710 468
1757720 468
1757730 470
1757740 472
1757750 472
1757760 473
1757770 474
1757780 474
1757790 474
1757800 474
1757810 474
1757820 475
1757830 476
1757840 476
1757850 476
1757860 477
1757870 477
1757880 477
1757890 478
1757900 478
1757910 479
1757920 480
1757930 480
1757940 483
1757950 483
1757960 483
1757970 484
1757980 484
1757990 484
1758000 484
1758010 484
1758020 484
1758030 484
1758040 484
1758050 484
1758060 484
1758070 483
1758080 482
1758090 482
1758100 480
1758110 479
1758120 479
1758130 477
1758140 475
1758150 475
1758160 473
1758170 470
1758180 470
1758190 467
1758200 464
1758210 464
1758220 462
1758230 460
1758240 459
1758250 459
1758260 460
1758270 463
1758280 463
1758290 467
1758300 471
1758310 471
1758320 475
1758330 478
1758340 478
1758350 481
1758360 484
1758370 484
1758380 486
1758390 487
1758400 487
1758410 488
1758420 489
1758430 489
1758440 490
1758450 491
1758460 491
1758470 491
1758480 491
1758490 491
1758500 491
1758510 491
1758520 492
1758530 492
1758540 491
1758550 492
1758560 492
1758570 493
1758580 494
1758590 494
1758600 495
1758610 496
1758620 496
1758630 495
1758640 496
1758650 496
1758660 496
1758670 497
1758680 497
1758690 497
1758700 497
1758710 497
1758720 498
1758730 498
1758740 498
1758750 498
1758760 497
1758770 497
1758780 497
1758790 497
1758800 497
1758810 497
1758820 496
1758830 496
1758840 496
1758850 495
1758860 494
1758870 494
1758880 492
1758890 490
1758900 490
1758910 487
1758920 483
1758930 483
1758940 483
1758950 485
1758960 485
1758970 489
1758980 492
1758990 495
1759000 495
1759010 500
1759020 504
1759030 504
1759040 508
1759050 511
1759060 511
1759070 514
1759080 518
1759090 518
1759100 520
1759110 522
1759120 522
1759130 525
1759140 527
1759150 527
1759160 529
1759170 532
1759180 532
1759190 534
1759200 536
1759210 536
1759220 539
1759230 541
1759240 541
1759250 543
1759260 546
1759270 548
1759280 548
1759290 550
1759300 552
1759310 552
1759320 554
1759330 556
1759340 556
1759350 558
1759360 560
1759370 560
1759380 562
1759390 565
1759400 565
1759410 569
1759420 571
1759430 571
1759440 571
1759450 572
1759460 572
1759470 573
1759480 574
1759490 574
1759500 575
1759510 577
1759520 578
1759530 578
1759540 579
1759550 582
1759560 582
1759570 583
1759580 585
1759590 585
1759600 586
1759610 589
1759620 589
1759630 590
1759640 591
1759650 591
1759660 591
1759670 591
1759680 591
1759690 593
1759700 595
1759710 595
1759720 595
1759730 597
1759740 597
1759750 597
1759760 598
1759770 599
1759780 599
1759790 599
1759800 600
1759810 600
1759820 601
1759830 602
1759840 602
1759850 603
1759860 603
1759870 603
1759880 604
1759890 605
1759900 605
1759910 605
1759920 602
1759930 602
1759940 599
1759950 600
1759960 600
1759970 601
1759980 602
1759990 602
