1740000 631
1740010 631
1740020 631
1740030 631
1740040 634
1740050 639
1740060 639
1740070 646
1740080 651
1740090 651
1740100 650
1740110 650
1740120 650
1740130 650
1740140 650
1740150 650
1740160 650
1740170 650
1740180 652
1740190 652
1740200 658
1740210 659
1740220 659
1740230 651
1740240 640
1740250 640
1740260 639
1740270 639
1740280 639
1740290 639
1740300 638
1740310 638
1740320 637
1740330 637
1740340 637
1740350 637
1740360 636
1740370 636
1740380 636
1740390 637
1740400 637
1740410 637
1740420 638
1740430 638
1740440 638
1740450 638
1740460 638
1740470 638
1740480 638
1740490 639
1740500 639
1740510 641
1740520 642
1740530 642
1740540 645
1740550 649
1740560 649
1740570 653
1740580 658
1740590 658
1740600 662
1740610 667
1740620 667
1740630 670
1740640 673
1740650 676
1740660 676
1740670 674
1740680 671
1740690 671
1740700 666
1740710 664
1740720 664
1740730 658
1740740 659
1740750 659
1740760 662
1740770 667
1740780 667
1740790 674
1740800 678
1740810 680
1740820 681
1740830 683
1740840 683
1740850 685
1740860 689
1740870 689
1740880 687
1740890 683
1740900 678
1740910 678
1740920 679
1740930 683
1740940 683
1740950 689
1740960 694
1740970 694
1740980 700
1740990 705
1741000 705
1741010 710
1741020 715
1741030 715
1741040 720
1741050 722
1741060 722
1741070 725
1741080 726
1741090 726
1741100 727
1741110 728
1741120 728
1741130 730
1741140 731
1741150 731
1741160 733
1741170 736
1741180 739
1741190 739
1741200 743
1741210 747
1741220 747
1741230 752
1741240 757
1741250 757
1741260 761
1741270 766
1741280 766
1741290 772
1741300 776
1741310 776
1741320 781
1741330 784
1741340 784
1741350 785
1741360 785
1741370 785
1741380 785
1741390 786
1741400 786
1741410 787
1741420 788
1741430 789
1741440 789
1741450 791
1741460 793
1741470 793
1741480 796
1741490 798
1741500 798
1741510 801
1741520 803
1741530 803
1741540 806
1741550 808
1741560 808
1741570 811
1741580 813
1741590 813
1741600 814
1741610 814
1741620 814
1741630 816
1741640 816
1741650 816
1741660 817
1741670 818
1741680 818
1741690 818
1741700 819
1741710 821
1741720 821
1741730 822
1741740 823
1741750 823
1741760 824
1741770 825
1741780 825
1741790 825
1741800 826
1741810 826
1741820 826
1741830 826
1741840 826
1741850 826
1741860 826
1741870 826
1741880 826
1741890 825
1741900 825
1741910 823
1741920 820
1741930 820
1741940 816
1741950 809
1741960 806
1741970 806
1741980 802
1741990 797
1742000 797
1742010 795
1742020 793
1742030 793
1742040 792
1742050 791
1742060 791
1742070 791
1742080 790
1742090 790
1742100 789
1742110 789
1742120 789
1742130 788
1742140 787
1742150 787
1742160 786
1742170 785
1742180 785
1742190 784
1742200 782
1742210 780
1742220 780
1742230 777
1742240 773
1742250 773
1742260 767
1742270 760
1742280 760
1742290 749
1742300 755
1742310 755
1742320 760
1742330 762
1742340 762
1742350 765
1742360 768
1742370 768
1742380 771
1742390 774
1742400 774
1742410 777
1742420 778
1742430 778
1742440 781
1742450 783
1742460 784
1742470 784
1742480 785
1742490 786
1742500 786
1742510 787
1742520 787
1742530 787
1742540 783
1742550 777
1742560 777
1742570 775
1742580 776
1742590 776
1742600 776
1742610 776
1742620 776
1742630 775
1742640 775
1742650 775
1742660 780
1742670 782
1742680 782
1742690 783
1742700 784
1742710 785
1742720 785
1742730 787
1742740 787
1742750 787
1742760 789
1742770 791
1742780 791
1742790 795
1742800 799
1742810 799
1742820 803
1742830 807
1742840 807
1742850 809
1742860 814
1742870 814
1742880 817
1742890 818
1742900 818
1742910 820
1742920 823
1742930 823
1742940 825
1742950 826
1742960 826
1742970 828
1742980 829
1742990 830
1743000 830
1743010 831
1743020 830
1743030 830
1743040 829
1743050 830
1743060 830
1743070 829
1743080 828
1743090 828
1743100 826
1743110 824
1743120 824
1743130 822
1743140 820
1743150 820
1743160 818
1743170 815
1743180 815
1743190 813
1743200 811
1743210 811
1743220 810
1743230 809
1743240 808
1743250 808
1743260 806
1743270 805
1743280 805
1743290 804
1743300 803
1743310 803
1743320 801
1743330 800
1743340 800
1743350 798
1743360 797
1743370 797
1743380 797
1743390 796
1743400 796
1743410 795
1743420 794
1743430 794
1743440 793
1743450 792
1743460 792
1743470 792
1743480 791
1743490 790
1743500 790
1743510 789
1743520 789
1743530 789
1743540 789
1743550 789
1743560 789
1743570 788
1743580 788
1743590 788
1743600 788
1743610 788
1743620 788
1743630 788
1743640 787
1743650 787
1743660 787
1743670 786
1743680 786
1743690 785
1743700 784
1743710 784
1743720 783
1743730 781
1743740 781
1743750 781
1743760 779
1743770 779
1743780 779
1743790 778
1743800 776
1743810 776
1743820 775
1743830 776
1743840 776
1743850 775
1743860 776
1743870 776
1743880 775
1743890 775
1743900 775
1743910 775
1743920 773
1743930 773
1743940 772
1743950 771
1743960 771
1743970 771
1743980 770
1743990 770
1744000 767
1744010 766
1744020 764
1744030 764
1744040 761
1744050 759
1744060 759
1744070 755
1744080 751
1744090 751
1744100 745
1744110 740
1744120 740
1744130 734
1744140 730
1744150 730
1744160 728
1744170 726
1744180 726
1744190 724
1744200 720
1744210 720
1744220 722
1744230 723
1744240 723
1744250 720
1744260 723
1744270 724
1744280 724
1744290 724
1744300 726
1744310 726
1744320 722
1744330 724
1744340 724
1744350 726
1744360 727
1744370 727
1744380 728
1744390 731
1744400 731
1744410 733
1744420 736
1744430 736
1744440 738
1744450 739
1744460 739
1744470 740
1744480 740
1744490 740
1744500 741
1744510 741
1744520 741
1744530 740
1744540 739
1744550 736
1744560 736
1744570 734
1744580 732
1744590 732
1744600 730
1744610 726
1744620 726
1744630 723
1744640 719
1744650 719
1744660 714
1744670 707
1744680 707
1744690 700
1744700 694
1744710 694
1744720 686
1744730 685
1744740 685
1744750 684
1744760 683
1744770 683
1744780 682
1744790 683
1744800 684
1744810 684
1744820 685
1744830 686
1744840 686
1744850 687
1744860 687
1744870 687
1744880 686
1744890 686
1744900 686
1744910 686
1744920 685
1744930 685
1744940 684
1744950 684
1744960 684
1744970 684
1744980 683
1744990 683
1745000 681
1745010 679
1745020 679
1745030 678
1745040 677
1745050 675
1745060 675
1745070 673
1745080 672
1745090 672
1745100 671
1745110 670
1745120 670
1745130 669
1745140 669
1745150 669
1745160 669
1745170 669
1745180 669
1745190 672
1745200 673
1745210 673
1745220 674
1745230 676
1745240 676
1745250 677
1745260 679
1745270 679
1745280 680
1745290 680
1745300 679
1745310 679
1745320 677
1745330 671
1745340 671
1745350 669
1745360 664
1745370 664
1745380 661
1745390 659
1745400 659
1745410 658
1745420 657
1745430 657
1745440 657
1745450 653
1745460 653
1745470 649
1745480 643
1745490 643
1745500 641
1745510 639
1745520 639
1745530 636
1745540 637
1745550 637
1745560 637
1745570 632
1745580 637
1745590 637
1745600 645
1745610 651
1745620 651
1745630 656
1745640 661
1745650 661
1745660 665
1745670 670
1745680 670
1745690 675
1745700 680
1745710 680
1745720 684
1745730 683
1745740 683
1745750 682
1745760 680
1745770 680
1745780 678
1745790 675
1745800 675
1745810 672
1745820 670
1745830 670
1745840 670
1745850 669
1745860 669
1745870 669
1745880 668
1745890 668
1745900 668
1745910 668
1745920 667
1745930 667
1745940 665
1745950 663
1745960 663
1745970 663
1745980 662
1745990 662
1746000 660
1746010 658
1746020 658
1746030 660
1746040 660
1746050 660
1746060 661
1746070 661
1746080 661
1746090 661
1746100 662
1746110 662
1746120 662
1746130 662
1746140 662
1746150 662
1746160 661
1746170 661
1746180 661
1746190 660
1746200 659
1746210 659
1746220 658
1746230 657
1746240 657
1746250 655
1746260 653
1746270 653
1746280 651
1746290 649
1746300 649
1746310 647
1746320 644
1746330 644
1746340 642
1746350 640
1746360 637
1746370 637
1746380 635
1746390 633
1746400 633
1746410 630
1746420 628
1746430 628
1746440 625
1746450 621
1746460 621
1746470 619
1746480 614
1746490 614
1746500 610
1746510 606
1746520 606
1746530 602
1746540 597
1746550 597
1746560 593
1746570 589
1746580 589
1746590 586
1746600 583
1746610 581
1746620 581
1746630 577
1746640 574
1746650 574
1746660 570
1746670 565
1746680 565
1746690 561
1746700 556
1746710 556
1746720 551
1746730 546
1746740 546
1746750 541
1746760 535
1746770 535
1746780 534
1746790 527
1746800 527
1746810 522
1746820 520
1746830 520
1746840 516
1746850 512
1746860 507
1746870 507
1746880 502
1746890 495
1746900 495
1746910 490
1746920 490
1746930 490
1746940 491
1746950 491
1746960 491
1746970 490
1746980 489
1746990 489
1747000 487
1747010 487
1747020 487
1747030 486
1747040 486
1747050 486
1747060 486
1747070 484
1747080 484
1747090 482
1747100 480
1747110 480
1747120 479
1747130 477
1747140 474
1747150 474
1747160 473
1747170 473
1747180 473
1747190 470
1747200 469
1747210 469
1747220 467
1747230 467
1747240 467
1747250 466
1747260 465
1747270 465
1747280 463
1747290 463
1747300 463
1747310 462
1747320 460
1747330 460
1747340 459
1747350 459
1747360 459
1747370 459
1747380 459
1747390 459
1747400 459
1747410 459
1747420 459
1747430 459
1747440 459
1747450 459
1747460 459
1747470 459
1747480 459
1747490 459
1747500 459
1747510 459
1747520 459
1747530 459
1747540 458
1747550 458
1747560 459
1747570 458
1747580 458
1747590 458
1747600 458
1747610 458
1747620 458
1747630 458
1747640 458
1747650 458
1747660 458
1747670 458
1747680 458
1747690 458
1747700 458
1747710 458
1747720 458
1747730 458
1747740 458
1747750 457
1747760 457
1747770 457
1747780 457
1747790 457
1747800 457
1747810 457
1747820 457
1747830 457
1747840 457
1747850 455
1747860 455
1747870 454
1747880 457
1747890 457
1747900 457
1747910 457
1747920 457
1747930 457
1747940 457
1747950 458
1747960 458
1747970 457
1747980 457
1747990 457
1748000 457
1748010 456
1748020 456
1748030 456
1748040 456
1748050 456
1748060 457
1748070 458
1748080 458
1748090 458
1748100 458
1748110 458
1748120 458
1748130 458
1748140 458
1748150 456
1748160 456
1748170 456
1748180 456
1748190 456
1748200 456
1748210 456
1748220 456
1748230 456
1748240 456
1748250 456
1748260 455
1748270 455
1748280 455
1748290 456
1748300 456
1748310 456
1748320 456
1748330 456
1748340 456
1748350 457
1748360 457
1748370 458
1748380 460
1748390 460
1748400 461
1748410 466
1748420 471
1748430 471
1748440 474
1748450 474
1748460 474
1748470 475
1748480 475
1748490 475
1748500 476
1748510 479
1748520 479
1748530 483
1748540 483
1748550 483
1748560 483
1748570 485
1748580 485
1748590 484
1748600 479
1748610 479
1748620 475
1748630 472
1748640 472
1748650 468
1748660 477
1748670 481
1748680 481
1748690 484
1748700 486
1748710 486
1748720 490
1748730 493
1748740 493
1748750 496
1748760 500
1748770 500
1748780 503
1748790 506
1748800 506
1748810 510
1748820 513
1748830 513
1748840 515
1748850 517
1748860 517
1748870 521
1748880 524
1748890 524
1748900 526
1748910 528
1748920 528
1748930 533
1748940 538
1748950 541
1748960 541
1748970 545
1748980 549
1748990 549
1749000 553
1749010 557
1749020 557
1749030 560
1749040 563
1749050 563
1749060 566
1749070 571
1749080 571
1749090 573
1749100 576
1749110 576
1749120 579
1749130 582
1749140 582
1749150 585
1749160 587
1749170 587
1749180 588
1749190 589
1749200 590
1749210 590
1749220 589
1749230 589
1749240 589
1749250 588
1749260 588
1749270 588
1749280 588
1749290 590
1749300 592
1749310 593
1749320 595
1749330 595
1749340 595
1749350 596
1749360 596
1749370 597
1749380 598
1749390 598
1749400 599
1749410 601
1749420 601
1749430 603
1749440 605
1749450 608
1749460 608
1749470 610
1749480 613
1749490 613
1749500 614
1749510 615
1749520 615
1749530 616
1749540 617
1749550 617
1749560 618
1749570 619
1749580 619
1749590 620
1749600 621
1749610 621
1749620 622
1749630 623
1749640 623
1749650 624
1749660 626
1749670 626
1749680 628
1749690 630
1749700 630
1749710 633
1749720 635
1749730 637
1749740 637
1749750 638
1749760 638
1749770 638
1749780 639
1749790 638
1749800 638
1749810 636
1749820 634
1749830 634
1749840 632
1749850 630
1749860 630
1749870 629
1749880 629
1749890 629
1749900 627
1749910 626
1749920 626
1749930 626
1749940 629
1749950 629
1749960 630
1749970 631
1749980 633
1749990 633
1750000 634
1750010 637
1750020 637
1750030 639
1750040 642
1750050 642
1750060 645
1750070 647
1750080 647
1750090 648
1750100 649
1750110 649
1750120 650
1750130 655
1750140 655
1750150 659
1750160 661
1750170 661
1750180 664
1750190 666
1750200 666
1750210 668
1750220 669
1750230 675
1750240 675
1750250 680
1750260 682
1750270 682
1750280 685
1750290 692
1750300 692
1750310 694
1750320 699
1750330 699
1750340 701
1750350 704
1750360 704
1750370 708
1750380 712
1750390 712
1750400 716
1750410 720
1750420 720
1750430 722
1750440 724
1750450 724
1750460 726
1750470 728
1750480 730
1750490 730
1750500 732
1750510 734
1750520 734
1750530 737
1750540 740
1750550 740
1750560 742
1750570 744
1750580 744
1750590 747
1750600 747
1750610 747
1750620 750
1750630 750
1750640 750
1750650 755
1750660 760
1750670 760
1750680 763
1750690 765
1750700 765
1750710 768
1750720 770
1750730 770
1750740 773
1750750 775
1750760 777
1750770 777
1750780 780
1750790 782
1750800 782
1750810 784
1750820 787
1750830 787
1750840 789
1750850 790
1750860 790
1750870 790
1750880 791
1750890 792
1750900 793
1750910 793
1750920 793
1750930 793
1750940 792
1750950 792
1750960 790
1750970 787
1750980 787
1750990 785
1751000 783
1751010 781
1751020 781
1751030 780
1751040 779
1751050 779
1751060 778
1751070 776
1751080 776
1751090 775
1751100 773
1751110 773
1751120 772
1751130 771
1751140 771
1751150 770
1751160 767
1751170 767
1751180 765
1751190 761
1751200 761
1751210 760
1751220 759
1751230 759
1751240 758
1751250 756
1751260 755
1751270 755
1751280 753
1751290 752
1751300 752
1751310 751
1751320 750
1751330 750
1751340 749
1751350 749
1751360 749
1751370 749
1751380 750
1751390 750
1751400 751
1751410 752
1751420 752
1751430 753
1751440 753
1751450 753
1751460 755
1751470 754
1751480 754
1751490 754
1751500 753
1751510 753
1751520 755
1751530 753
1751540 751
1751550 751
1751560 748
1751570 746
1751580 746
1751590 743
1751600 739
1751610 739
1751620 736
1751630 732
1751640 732
1751650 729
1751660 725
1751670 725
1751680 721
1751690 719
1751700 719
1751710 714
1751720 711
1751730 711
1751740 709
1751750 707
1751760 707
1751770 703
1751780 700
1751790 702
1751800 702
1751810 703
1751820 705
1751830 705
1751840 707
1751850 708
1751860 708
1751870 710
1751880 713
1751890 713
1751900 716
1751910 719
1751920 719
1751930 721
1751940 722
1751950 722
1751960 723
1751970 724
1751980 724
1751990 724
1752000 725
1752010 725
1752020 725
1752030 724
1752040 723
1752050 723
1752060 722
1752070 721
1752080 721
1752090 718
1752100 716
1752110 716
1752120 712
1752130 712
1752140 712
1752150 711
1752160 708
1752170 708
1752180 703
1752190 700
1752200 700
1752210 697
1752220 692
1752230 692
1752240 689
1752250 692
1752260 692
1752270 696
1752280 701
1752290 701
1752300 705
1752310 710
1752320 714
1752330 714
1752340 716
1752350 717
1752360 717
1752370 718
1752380 719
1752390 719
1752400 720
1752410 721
1752420 721
1752430 722
1752440 724
1752450 725
1752460 726
1752470 728
1752480 728
1752490 729
1752500 730
1752510 730
1752520 731
1752530 732
1752540 732
1752550 733
1752560 733
1752570 734
1752580 734
1752590 735
1752600 737
1752610 737
1752620 737
1752630 738
1752640 738
1752650 738
1752660 738
1752670 738
1752680 738
1752690 738
1752700 738
1752710 739
1752720 739
1752730 739
1752740 740
1752750 741
1752760 741
1752770 741
1752780 741
1752790 741
1752800 741
1752810 741
1752820 741
1752830 741
1752840 739
1752850 738
1752860 738
1752870 737
1752880 735
1752890 735
1752900 733
1752910 730
1752920 730
1752930 726
1752940 720
1752950 720
1752960 717
1752970 720
1752980 720
1752990 724
1753000 725
1753010 725
1753020 727
1753030 728
1753040 728
1753050 730
1753060 730
1753070 731
1753080 731
1753090 732
1753100 733
1753110 733
1753120 734
1753130 734
1753140 734
1753150 736
1753160 737
1753170 737
1753180 738
1753190 739
1753200 739
1753210 742
1753220 745
1753230 745
1753240 748
1753250 752
1753260 752
1753270 757
1753280 761
1753290 761
1753300 765
1753310 769
1753320 769
1753330 774
1753340 778
1753350 783
1753360 783
1753370 786
1753380 789
1753390 789
1753400 792
1753410 796
1753420 796
1753430 798
1753440 799
1753450 799
1753460 801
1753470 804
1753480 804
1753490 803
1753500 805
1753510 805
1753520 806
1753530 805
1753540 805
1753550 805
1753560 804
1753570 804
1753580 803
1753590 803
1753600 802
1753610 802
1753620 801
1753630 798
1753640 798
1753650 795
1753660 794
1753670 794
1753680 795
1753690 795
1753700 795
1753710 797
1753720 797
1753730 797
1753740 797
1753750 798
1753760 798
1753770 799
1753780 799
1753790 799
1753800 800
1753810 801
1753820 801
1753830 802
1753840 803
1753850 803
1753860 803
1753870 806
1753880 806
1753890 806
1753900 807
1753910 807
1753920 807
1753930 809
1753940 811
1753950 811
1753960 808
1753970 808
1753980 815
1753990 814
1754000 814
1754010 814
1754020 819
1754030 821
1754040 821
1754050 823
1754060 825
1754070 825
1754080 827
1754090 829
1754100 829
1754110 831
1754120 833
1754130 834
1754140 834
1754150 834
1754160 836
1754170 836
1754180 836
1754190 836
1754200 836
1754210 835
1754220 833
1754230 833
1754240 832
1754250 830
1754260 830
1754270 829
1754280 827
1754290 827
1754300 825
1754310 826
1754320 826
1754330 824
1754340 823
1754350 823
1754360 823
1754370 822
1754380 821
1754390 821
1754400 820
1754410 820
1754420 820
1754430 819
1754440 818
1754450 818
1754460 816
1754470 815
1754480 815
1754490 813
1754500 811
1754510 811
1754520 809
1754530 807
1754540 807
1754550 805
1754560 803
1754570 803
1754580 801
1754590 799
1754600 799
1754610 797
1754620 795
1754630 792
1754640 792
1754650 789
1754660 787
1754670 787
1754680 789
1754690 791
1754700 791
1754710 791
1754720 794
1754730 794
1754740 795
1754750 796
1754760 796
1754770 797
1754780 798
1754790 798
1754800 799
1754810 801
1754820 801
1754830 801
1754840 802
1754850 802
1754860 802
1754870 803
1754880 803
1754890 805
1754900 805
1754910 806
1754920 806
1754930 806
1754940 808
1754950 808
1754960 808
1754970 809
1754980 809
1754990 810
1755000 810
1755010 810
1755020 810
1755030 810
1755040 810
1755050 809
1755060 807
1755070 807
1755080 806
1755090 804
1755100 804
1755110 803
1755120 803
1755130 803
1755140 801
1755150 799
1755160 797
1755170 797
1755180 795
1755190 794
1755200 794
1755210 792
1755220 790
1755230 790
1755240 787
1755250 785
1755260 785
1755270 781
1755280 777
1755290 777
1755300 773
1755310 768
1755320 768
1755330 762
1755340 757
1755350 757
1755360 752
1755370 748
1755380 748
1755390 744
1755400 740
1755410 736
1755420 736
1755430 734
1755440 731
1755450 731
1755460 728
1755470 726
1755480 726
1755490 723
1755500 722
1755510 722
1755520 720
1755530 718
1755540 718
1755550 716
1755560 714
1755570 714
1755580 713
1755590 711
1755600 711
1755610 709
1755620 707
1755630 707
1755640 702
1755650 703
1755660 704
1755670 704
1755680 705
1755690 706
1755700 706
1755710 706
1755720 707
1755730 707
1755740 707
1755750 708
1755760 708
1755770 707
1755780 705
1755790 705
1755800 704
1755810 702
1755820 702
1755830 700
1755840 698
1755850 698
1755860 697
1755870 697
1755880 697
1755890 697
1755900 696
1755910 696
1755920 695
1755930 694
1755940 692
1755950 692
1755960 690
1755970 689
1755980 689
1755990 687
1756000 687
1756010 687
1756020 686
1756030 685
1756040 685
1756050 684
1756060 683
1756070 683
1756080 682
1756090 681
1756100 681
1756110 680
1756120 678
1756130 678
1756140 676
1756150 674
1756160 674
1756170 672
1756180 670
1756190 669
1756200 669
1756210 666
1756220 663
1756230 663
1756240 661
1756250 659
1756260 659
1756270 658
1756280 656
1756290 656
1756300 652
1756310 649
1756320 649
1756330 647
1756340 644
1756350 644
1756360 642
1756370 643
1756380 643
1756390 643
1756400 644
1756410 644
1756420 644
1756430 643
1756440 643
1756450 643
1756460 645
1756470 646
1756480 646
1756490 648
1756500 650
1756510 650
1756520 651
1756530 651
1756540 651
1756550 652
1756560 656
1756570 656
1756580 661
1756590 663
1756600 663
1756610 665
1756620 667
1756630 667
1756640 669
1756650 671
1756660 671
1756670 673
1756680 674
1756690 674
1756700 676
1756710 677
1756720 678
1756730 678
1756740 678
1756750 679
1756760 679
1756770 680
1756780 680
1756790 680
1756800 681
1756810 681
1756820 681
1756830 682
1756840 683
1756850 683
1756860 684
1756870 685
1756880 685
1756890 687
1756900 689
1756910 689
1756920 690
1756930 692
1756940 692
1756950 693
1756960 696
1756970 697
1756980 697
1756990 698
1757000 699
1757010 699
1757020 699
1757030 700
1757040 700
1757050 700
1757060 701
1757070 701
1757080 702
1757090 703
1757100 703
1757110 704
1757120 706
1757130 706
1757140 706
1757150 707
1757160 707
1757170 708
1757180 709
1757190 709
1757200 710
1757210 711
1757220 710
1757230 710
1757240 710
1757250 709
1757260 709
1757270 706
1757280 703
1757290 703
1757300 700
1757310 697
1757320 697
1757330 694
1757340 692
1757350 692
1757360 689
1757370 687
1757380 687
1757390 684
1757400 682
1757410 682
1757420 680
1757430 678
1757440 678
1757450 676
1757460 674
1757470 674
1757480 673
1757490 670
1757500 667
1757510 667
1757520 664
1757530 661
1757540 661
1757550 656
1757560 652
1757570 652
1757580 652
1757590 655
1757600 655
1757610 655
1757620 657
1757630 657
1757640 659
1757650 662
1757660 662
1757670 664
1757680 667
1757690 667
1757700 670
1757710 672
1757720 672
1757730 674
1757740 676
1757750 678
1757760 678
1757770 680
1757780 681
1757790 681
1757800 683
1757810 684
1757820 684
1757830 686
1757840 687
1757850 687
1757860 687
1757870 688
1757880 688
1757890 689
1757900 690
1757910 690
1757920 690
1757930 690
1757940 690
1757950 690
1757960 690
1757970 690
1757980 690
1757990 690
1758000 689
1758010 689
1758020 689
1758030 687
1758040 687
1758050 684
1758060 687
1758070 687
1758080 688
1758090 688
1758100 688
1758110 688
1758120 687
1758130 687
1758140 687
1758150 687
1758160 687
1758170 687
1758180 687
1758190 687
1758200 687
1758210 687
1758220 687
1758230 687
1758240 687
1758250 689
1758260 689
1758270 690
1758280 692
1758290 692
1758300 694
1758310 696
1758320 696
1758330 697
1758340 697
1758350 697
1758360 696
1758370 696
1758380 696
1758390 696
1758400 695
1758410 695
1758420 696
1758430 694
1758440 694
1758450 691
1758460 694
1758470 694
1758480 695
1758490 696
1758500 696
1758510 697
1758520 700
1758530 701
1758540 701
1758550 701
1758560 704
1758570 704
1758580 705
1758590 706
1758600 706
1758610 707
1758620 709
1758630 709
1758640 710
1758650 710
1758660 710
1758670 711
1758680 712
1758690 712
1758700 713
1758710 714
1758720 714
1758730 715
1758740 714
1758750 714
1758760 714
1758770 714
1758780 715
1758790 715
1758800 716
1758810 717
1758820 717
1758830 718
1758840 720
1758850 720
1758860 721
1758870 723
1758880 723
1758890 725
1758900 727
1758910 727
1758920 728
1758930 731
1758940 731
1758950 732
1758960 734
1758970 734
1758980 736
1758990 738
1759000 738
1759010 739
1759020 741
1759030 743
1759040 743
1759050 744
1759060 747
1759070 747
1759080 748
1759090 750
1759100 750
1759110 752
1759120 754
1759130 754
1759140 755
1759150 757
1759160 757
1759170 759
1759180 761
1759190 761
1759200 764
1759210 766
1759220 766
1759230 768
1759240 770
1759250 770
1759260 773
1759270 775
1759280 775
1759290 778
1759300 781
1759310 783
1759320 783
1759330 786
1759340 789
1759350 789
1759360 791
1759370 794
1759380 794
1759390 796
1759400 799
1759410 799
1759420 802
1759430 805
1759440 805
1759450 808
1759460 811
1759470 811
1759480 814
1759490 817
1759500 817
1759510 819
1759520 822
1759530 822
1759540 824
1759550 827
1759560 829
1759570 829
1759580 831
1759590 833
1759600 833
1759610 835
1759620 837
1759630 837
1759640 839
1759650 840
1759660 840
1759670 842
1759680 843
1759690 843
1759700 844
1759710 844
1759720 844
1759730 843
1759740 841
1759750 841
1759760 838
1759770 837
1759780 837
1759790 835
1759800 832
1759810 829
1759820 829
1759830 827
1759840 824
1759850 824
1759860 821
1759870 818
1759880 818
1759890 815
1759900 812
1759910 812
1759920 808
1759930 806
1759940 806
1759950 803
1759960 799
1759970 799
1759980 796
1759990 792
