1740000 690
1740010 690
1740020 692
1740030 697
1740040 697
1740050 697
1740060 699
1740070 699
1740080 700
1740090 702
1740100 702
1740110 704
1740120 706
1740130 706
1740140 709
1740150 713
1740160 713
1740170 717
1740180 721
1740190 726
1740200 726
1740210 729
1740220 733
1740230 733
1740240 736
1740250 740
1740260 740
1740270 742
1740280 745
1740290 745
1740300 746
1740310 750
1740320 750
1740330 752
1740340 756
1740350 756
1740360 759
1740370 762
1740380 762
1740390 767
1740400 771
1740410 771
1740420 776
1740430 780
1740440 784
1740450 784
1740460 789
1740470 795
1740480 795
1740490 801
1740500 806
1740510 806
1740520 811
1740530 817
1740540 817
1740550 823
1740560 829
1740570 829
1740580 833
1740590 839
1740600 839
1740610 845
1740620 849
1740630 849
1740640 855
1740650 860
1740660 860
1740670 864
1740680 869
1740690 872
1740700 872
1740710 875
1740720 878
1740730 878
1740740 881
1740750 884
1740760 884
1740770 886
1740780 889
1740790 889
1740800 891
1740810 894
1740820 894
1740830 896
1740840 898
1740850 898
1740860 901
1740870 903
1740880 903
1740890 905
1740900 905
1740910 905
1740920 901
1740930 891
1740940 891
1740950 889
1740960 886
1740970 882
1740980 882
1740990 879
1741000 877
1741010 877
1741020 874
1741030 873
1741040 873
1741050 871
1741060 870
1741070 870
1741080 870
1741090 870
1741100 870
1741110 869
1741120 870
1741130 870
1741140 878
1741150 883
1741160 883
1741170 890
1741180 898
1741190 898
1741200 905
1741210 912
1741220 919
1741230 919
1741240 926
1741250 933
1741260 933
1741270 939
1741280 945
1741290 945
1741300 951
1741310 956
1741320 956
1741330 963
1741340 967
1741350 967
1741360 974
1741370 980
1741380 980
1741390 986
1741400 991
1741410 991
1741420 997
1741430 1002
1741440 1002
1741450 1007
1741460 1012
1741470 1012
1741480 1017
1741490 1022
1741500 1026
1741510 1026
1741520 1029
1741530 1032
1741540 1032
1741550 1034
1741560 1035
1741570 1035
1741580 1036
1741590 1036
1741600 1036
1741610 1035
1741620 1034
1741630 1034
1741640 1033
1741650 1032
1741660 1032
1741670 1031
1741680 1031
1741690 1031
1741700 1030
1741710 1029
1741720 1029
1741730 1028
1741740 1026
1741750 1025
1741760 1025
1741770 1024
1741780 1023
1741790 1023
1741800 1022
1741810 1022
1741820 1022
1741830 1022
1741840 1022
1741850 1022
1741860 1021
1741870 1019
1741880 1019
1741890 1018
1741900 1016
1741910 1016
1741920 1014
1741930 1012
1741940 1012
1741950 1009
1741960 1006
1741970 1006
1741980 1002
1741990 998
1742000 994
1742010 994
1742020 990
1742030 985
1742040 985
1742050 980
1742060 975
1742070 975
1742080 970
1742090 965
1742100 965
1742110 962
1742120 957
1742130 957
1742140 953
1742150 954
1742160 954
1742170 959
1742180 963
1742190 963
1742200 968
1742210 973
1742220 973
1742230 978
1742240 982
1742250 982
1742260 987
1742270 992
1742280 995
1742290 995
1742300 1000
1742310 1004
1742320 1004
1742330 1008
1742340 1011
1742350 1011
1742360 1014
1742370 1018
1742380 1018
1742390 1021
1742400 1024
1742410 1024
1742420 1029
1742430 1032
1742440 1032
1742450 1033
1742460 1031
1742470 1031
1742480 1028
1742490 1025
1742500 1025
1742510 1021
1742520 1018
1742530 1014
1742540 1014
1742550 1010
1742560 1006
1742570 1006
1742580 1002
1742590 999
1742600 999
1742610 995
1742620 992
1742630 992
1742640 988
1742650 984
1742660 984
1742670 981
1742680 977
1742690 977
1742700 974
1742710 970
1742720 970
1742730 967
1742740 963
1742750 963
1742760 960
1742770 957
1742780 954
1742790 954
1742800 951
1742810 948
1742820 948
1742830 945
1742840 942
1742850 942
1742860 941
1742870 939
1742880 939
1742890 938
1742900 937
1742910 937
1742920 935
1742930 933
1742940 933
1742950 931
1742960 928
1742970 928
1742980 924
1742990 922
1743000 922
1743010 920
1743020 920
1743030 920
1743040 919
1743050 918
1743060 917
1743070 917
1743080 916
1743090 916
1743100 916
1743110 915
1743120 914
1743130 914
1743140 913
1743150 912
1743160 912
1743170 911
1743180 911
1743190 911
1743200 909
1743210 908
1743220 908
1743230 905
1743240 904
1743250 904
1743260 903
1743270 901
1743280 901
1743290 899
1743300 897
1743310 895
1743320 895
1743330 893
1743340 891
1743350 891
1743360 889
1743370 887
1743380 887
1743390 885
1743400 883
1743410 883
1743420 881
1743430 877
1743440 877
1743450 874
1743460 870
1743470 870
1743480 865
1743490 860
1743500 860
1743510 857
1743520 852
1743530 852
1743540 847
1743550 841
1743560 841
1743570 836
1743580 830
1743590 825
1743600 825
1743610 820
1743620 815
1743630 815
1743640 810
1743650 804
1743660 804
1743670 799
1743680 794
1743690 794
1743700 790
1743710 785
1743720 785
1743730 781
1743740 776
1743750 776
1743760 771
1743770 766
1743780 766
1743790 760
1743800 754
1743810 754
1743820 749
1743830 742
1743840 735
1743850 735
1743860 728
1743870 723
1743880 723
1743890 724
1743900 726
1743910 726
1743920 730
1743930 734
1743940 734
1743950 738
1743960 741
1743970 741
1743980 744
1743990 747
1744000 747
1744010 751
1744020 755
1744030 755
1744040 760
1744050 764
1744060 764
1744070 767
1744080 769
1744090 771
1744100 771
1744110 772
1744120 774
1744130 774
1744140 775
1744150 775
1744160 781
1744170 781
1744180 779
1744190 779
1744200 777
1744210 775
1744220 775
1744230 775
1744240 775
1744250 775
1744260 775
1744270 772
1744280 772
1744290 769
1744300 767
1744310 767
1744320 764
1744330 761
1744340 761
1744350 757
1744360 753
1744370 749
1744380 749
1744390 745
1744400 741
1744410 741
1744420 735
1744430 731
1744440 731
1744450 731
1744460 731
1744470 731
1744480 731
1744490 732
1744500 732
1744510 733
1744520 734
1744530 734
1744540 737
1744550 739
1744560 739
1744570 741
1744580 742
1744590 742
1744600 742
1744610 742
1744620 740
1744630 740
1744640 738
1744650 735
1744660 735
1744670 732
1744680 728
1744690 728
1744700 724
1744710 719
1744720 719
1744730 714
1744740 708
1744750 708
1744760 702
1744770 696
1744780 696
1744790 690
1744800 684
1744810 684
1744820 677
1744830 670
1744840 670
1744850 664
1744860 658
1744870 654
1744880 654
1744890 648
1744900 643
1744910 643
1744920 637
1744930 631
1744940 631
1744950 627
1744960 620
1744970 620
1744980 612
1744990 606
1745000 606
1745010 612
1745020 615
1745030 615
1745040 618
1745050 621
1745060 621
1745070 626
1745080 631
1745090 631
1745100 636
1745110 641
1745120 641
1745130 646
1745140 652
1745150 657
1745160 657
1745170 662
1745180 667
1745190 667
1745200 673
1745210 679
1745220 679
1745230 685
1745240 691
1745250 691
1745260 697
1745270 701
1745280 701
1745290 704
1745300 705
1745310 705
1745320 705
1745330 705
1745340 705
1745350 701
1745360 700
1745370 700
1745380 698
1745390 698
1745400 698
1745410 698
1745420 699
1745430 701
1745440 701
1745450 702
1745460 703
1745470 703
1745480 704
1745490 704
1745500 704
1745510 703
1745520 702
1745530 702
1745540 701
1745550 699
1745560 699
1745570 697
1745580 694
1745590 694
1745600 691
1745610 687
1745620 687
1745630 682
1745640 677
1745650 674
1745660 674
1745670 668
1745680 662
1745690 662
1745700 656
1745710 649
1745720 649
1745730 650
1745740 651
1745750 651
1745760 649
1745770 647
1745780 647
1745790 643
1745800 644
1745810 644
1745820 643
1745830 642
1745840 642
1745850 643
1745860 646
1745870 646
1745880 645
1745890 642
1745900 642
1745910 640
1745920 637
1745930 633
1745940 633
1745950 627
1745960 625
1745970 625
1745980 618
1745990 613
1746000 613
1746010 612
1746020 610
1746030 610
1746040 610
1746050 608
1746060 608
1746070 608
1746080 608
1746090 608
1746100 607
1746110 605
1746120 605
1746130 603
1746140 601
1746150 601
1746160 598
1746170 594
1746180 589
1746190 589
1746200 584
1746210 578
1746220 578
1746230 574
1746240 569
1746250 569
1746260 564
1746270 559
1746280 559
1746290 553
1746300 549
1746310 549
1746320 544
1746330 538
1746340 538
1746350 533
1746360 527
1746370 527
1746380 521
1746390 515
1746400 515
1746410 509
1746420 503
1746430 503
1746440 498
1746450 493
1746460 489
1746470 489
1746480 481
1746490 478
1746500 478
1746510 477
1746520 471
1746530 471
1746540 469
1746550 469
1746560 469
1746570 469
1746580 469
1746590 469
1746600 469
1746610 469
1746620 469
1746630 469
1746640 469
1746650 469
1746660 469
1746670 469
1746680 469
1746690 469
1746700 469
1746710 469
1746720 469
1746730 469
1746740 469
1746750 469
1746760 469
1746770 469
1746780 469
1746790 470
1746800 470
1746810 470
1746820 469
1746830 468
1746840 468
1746850 468
1746860 468
1746870 468
1746880 468
1746890 468
1746900 468
1746910 468
1746920 466
1746930 466
1746940 466
1746950 467
1746960 468
1746970 468
1746980 468
1746990 468
1747000 468
1747010 468
1747020 468
1747030 468
1747040 469
1747050 470
1747060 470
1747070 468
1747080 468
1747090 468
1747100 468
1747110 468
1747120 468
1747130 467
1747140 467
1747150 467
1747160 467
1747170 467
1747180 467
1747190 467
1747200 467
1747210 467
1747220 467
1747230 466
1747240 464
1747250 464
1747260 465
1747270 465
1747280 465
1747290 465
1747300 466
1747310 466
1747320 469
1747330 467
1747340 467
1747350 467
1747360 473
1747370 473
1747380 475
1747390 477
1747400 477
1747410 480
1747420 481
1747430 481
1747440 483
1747450 484
1747460 484
1747470 485
1747480 486
1747490 487
1747500 487
1747510 488
1747520 489
1747530 489
1747540 490
1747550 491
1747560 491
1747570 491
1747580 492
1747590 492
1747600 493
1747610 494
1747620 494
1747630 494
1747640 495
1747650 495
1747660 496
1747670 496
1747680 496
1747690 497
1747700 497
1747710 497
1747720 498
1747730 498
1747740 498
1747750 498
1747760 499
1747770 499
1747780 499
1747790 499
1747800 499
1747810 499
1747820 498
1747830 496
1747840 496
1747850 496
1747860 495
1747870 495
1747880 494
1747890 494
1747900 494
1747910 494
1747920 494
1747930 494
1747940 494
1747950 495
1747960 495
1747970 494
1747980 494
1747990 494
1748000 492
1748010 493
1748020 493
1748030 493
1748040 494
1748050 494
1748060 494
1748070 495
1748080 496
1748090 496
1748100 496
1748110 498
1748120 498
1748130 500
1748140 502
1748150 502
1748160 503
1748170 504
1748180 504
1748190 504
1748200 505
1748210 505
1748220 506
1748230 507
1748240 507
1748250 507
1748260 508
1748270 509
1748280 509
1748290 510
1748300 510
1748310 510
1748320 511
1748330 511
1748340 511
1748350 512
1748360 513
1748370 513
1748380 513
1748390 514
1748400 514
1748410 515
1748420 516
1748430 516
1748440 517
1748450 517
1748460 517
1748470 519
1748480 518
1748490 518
1748500 519
1748510 519
1748520 519
1748530 521
1748540 521
1748550 523
1748560 523
1748570 523
1748580 523
1748590 523
1748600 524
1748610 524
1748620 524
1748630 525
1748640 526
1748650 526
1748660 526
1748670 526
1748680 526
1748690 526
1748700 528
1748710 528
1748720 529
1748730 530
1748740 530
1748750 531
1748760 531
1748770 531
1748780 532
1748790 533
1748800 533
1748810 533
1748820 534
1748830 535
1748840 535
1748850 535
1748860 536
1748870 536
1748880 537
1748890 538
1748900 538
1748910 539
1748920 540
1748930 540
1748940 540
1748950 541
1748960 541
1748970 542
1748980 542
1748990 542
1749000 543
1749010 543
1749020 543
1749030 544
1749040 545
1749050 546
1749060 546
1749070 543
1749080 543
1749090 543
1749100 545
1749110 545
1749120 545
1749130 547
1749140 548
1749150 548
1749160 549
1749170 550
1749180 550
1749190 551
1749200 553
1749210 553
1749220 551
1749230 552
1749240 552
1749250 552
1749260 554
1749270 554
1749280 556
1749290 558
1749300 558
1749310 559
1749320 557
1749330 559
1749340 559
1749350 562
1749360 563
1749370 563
1749380 566
1749390 567
1749400 567
1749410 569
1749420 570
1749430 570
1749440 570
1749450 573
1749460 573
1749470 574
1749480 576
1749490 576
1749500 578
1749510 579
1749520 579
1749530 581
1749540 583
1749550 583
1749560 585
1749570 586
1749580 588
1749590 588
1749600 589
1749610 591
1749620 591
1749630 593
1749640 595
1749650 595
1749660 597
1749670 598
1749680 598
1749690 600
1749700 602
1749710 602
1749720 603
1749730 605
1749740 605
1749750 606
1749760 608
1749770 608
1749780 609
1749790 611
1749800 611
1749810 613
1749820 615
1749830 617
1749840 617
1749850 619
1749860 620
1749870 620
1749880 622
1749890 624
1749900 624
1749910 625
1749920 627
1749930 627
1749940 627
1749950 628
1749960 628
1749970 630
1749980 632
1749990 632
1750000 633
1750010 635
1750020 635
1750030 637
1750040 638
1750050 638
1750060 639
1750070 640
1750080 640
1750090 642
1750100 643
1750110 645
1750120 645
1750130 646
1750140 648
1750150 648
1750160 650
1750170 651
1750180 651
1750190 652
1750200 653
1750210 653
1750220 655
1750230 657
1750240 657
1750250 658
1750260 659
1750270 659
1750280 660
1750290 662
1750300 662
1750310 663
1750320 665
1750330 665
1750340 666
1750350 667
1750360 669
1750370 669
1750380 669
1750390 671
1750400 671
1750410 673
1750420 674
1750430 674
1750440 674
1750450 675
1750460 675
1750470 679
1750480 680
1750490 680
1750500 681
1750510 683
1750520 683
1750530 685
1750540 687
1750550 687
1750560 688
1750570 690
1750580 690
1750590 691
1750600 693
1750610 693
1750620 694
1750630 696
1750640 698
1750650 698
1750660 699
1750670 700
1750680 700
1750690 701
1750700 703
1750710 703
1750720 704
1750730 706
1750740 704
1750750 706
1750760 707
1750770 707
1750780 708
1750790 709
1750800 709
1750810 711
1750820 712
1750830 712
1750840 713
1750850 714
1750860 714
1750870 716
1750880 717
1750890 719
1750900 719
1750910 720
1750920 721
1750930 721
1750940 722
1750950 723
1750960 723
1750970 724
1750980 725
1750990 725
1751000 726
1751010 728
1751020 728
1751030 730
1751040 731
1751050 731
1751060 731
1751070 733
1751080 733
1751090 735
1751100 737
1751110 737
1751120 738
1751130 740
1751140 742
1751150 742
1751160 743
1751170 744
1751180 744
1751190 746
1751200 747
1751210 747
1751220 749
1751230 751
1751240 751
1751250 753
1751260 755
1751270 755
1751280 757
1751290 759
1751300 759
1751310 762
1751320 764
1751330 764
1751340 767
1751350 770
1751360 770
1751370 772
1751380 775
1751390 775
1751400 777
1751410 779
1751420 782
1751430 782
1751440 784
1751450 785
1751460 785
1751470 787
1751480 789
1751490 789
1751500 792
1751510 795
1751520 795
1751530 798
1751540 802
1751550 802
1751560 805
1751570 809
1751580 809
1751590 812
1751600 815
1751610 815
1751620 818
1751630 822
1751640 822
1751650 824
1751660 827
1751670 830
1751680 830
1751690 832
1751700 834
1751710 834
1751720 835
1751730 836
1751740 836
1751750 837
1751760 838
1751770 838
1751780 840
1751790 843
1751800 843
1751810 845
1751820 846
1751830 846
1751840 848
1751850 850
1751860 850
1751870 852
1751880 855
1751890 855
1751900 856
1751910 857
1751920 858
1751930 858
1751940 858
1751950 857
1751960 857
1751970 856
1751980 856
1751990 856
1752000 856
1752010 856
1752020 856
1752030 853
1752040 849
1752050 849
1752060 845
1752070 841
1752080 841
1752090 838
1752100 836
1752110 836
1752120 834
1752130 833
1752140 833
1752150 833
1752160 832
1752170 832
1752180 831
1752190 831
1752200 830
1752210 830
1752220 830
1752230 830
1752240 830
1752250 829
1752260 829
1752270 829
1752280 829
1752290 829
1752300 829
1752310 830
1752320 830
1752330 830
1752340 830
1752350 830
1752360 830
1752370 830
1752380 830
1752390 830
1752400 831
1752410 831
1752420 831
1752430 831
1752440 831
1752450 831
1752460 831
1752470 831
1752480 831
1752490 831
1752500 831
1752510 830
1752520 830
1752530 830
1752540 830
1752550 830
1752560 831
1752570 831
1752580 831
1752590 831
1752600 832
1752610 832
1752620 832
1752630 832
1752640 832
1752650 832
1752660 832
1752670 832
1752680 833
1752690 834
1752700 835
1752710 835
1752720 836
1752730 837
1752740 837
1752750 838
1752760 839
1752770 839
1752780 841
1752790 843
1752800 843
1752810 845
1752820 847
1752830 847
1752840 847
1752850 851
1752860 851
1752870 853
1752880 854
1752890 854
1752900 855
1752910 855
1752920 855
1752930 856
1752940 852
1752950 852
1752960 854
1752970 856
1752980 858
1752990 858
1753000 860
1753010 861
1753020 861
1753030 862
1753040 863
1753050 863
1753060 865
1753070 865
1753080 865
1753090 865
1753100 865
1753110 865
1753120 865
1753130 865
1753140 865
1753150 864
1753160 865
1753170 865
1753180 866
1753190 866
1753200 866
1753210 866
1753220 866
1753230 866
1753240 866
1753250 865
1753260 866
1753270 866
1753280 866
1753290 867
1753300 867
1753310 868
1753320 869
1753330 869
1753340 871
1753350 873
1753360 873
1753370 876
1753380 880
1753390 880
1753400 883
1753410 886
1753420 886
1753430 888
1753440 891
1753450 891
1753460 893
1753470 897
1753480 897
1753490 898
1753500 900
1753510 902
1753520 902
1753530 904
1753540 906
1753550 906
1753560 909
1753570 911
1753580 911
1753590 912
1753600 914
1753610 914
1753620 917
1753630 918
1753640 918
1753650 919
1753660 921
1753670 921
1753680 922
1753690 923
1753700 923
1753710 924
1753720 926
1753730 926
1753740 927
1753750 929
1753760 931
1753770 931
1753780 933
1753790 935
1753800 935
1753810 936
1753820 938
1753830 938
1753840 941
1753850 943
1753860 943
1753870 944
1753880 946
1753890 946
1753900 948
1753910 950
1753920 950
1753930 950
1753940 951
1753950 951
1753960 953
1753970 953
1753980 953
1753990 954
1754000 955
1754010 957
1754020 957
1754030 958
1754040 960
1754050 960
1754060 962
1754070 964
1754080 964
1754090 967
1754100 967
1754110 967
1754120 968
1754130 968
1754140 968
1754150 970
1754160 971
1754170 971
1754180 973
1754190 974
1754200 974
1754210 973
1754220 970
1754230 970
1754240 968
1754250 968
1754260 968
1754270 967
1754280 965
1754290 963
1754300 963
1754310 961
1754320 959
1754330 959
1754340 957
1754350 955
1754360 955
1754370 953
1754380 949
1754390 949
1754400 947
1754410 944
1754420 944
1754430 942
1754440 938
1754450 938
1754460 935
1754470 932
1754480 932
1754490 930
1754500 927
1754510 927
1754520 924
1754530 922
1754540 919
1754550 919
1754560 917
1754570 915
1754580 915
1754590 912
1754600 911
1754610 911
1754620 910
1754630 909
1754640 909
1754650 908
1754660 906
1754670 906
1754680 905
1754690 904
1754700 904
1754710 904
1754720 903
1754730 903
1754740 902
1754750 901
1754760 901
1754770 900
1754780 899
1754790 898
1754800 898
1754810 897
1754820 895
1754830 895
1754840 894
1754850 893
1754860 893
1754870 891
1754880 889
1754890 889
1754900 888
1754910 886
1754920 886
1754930 884
1754940 882
1754950 882
1754960 880
1754970 878
1754980 878
1754990 877
1755000 875
1755010 875
1755020 873
1755030 872
1755040 872
1755050 872
1755060 873
1755070 869
1755080 869
1755090 872
1755100 872
1755110 872
1755120 873
1755130 874
1755140 874
1755150 874
1755160 875
1755170 875
1755180 876
1755190 877
1755200 877
1755210 877
1755220 877
1755230 877
1755240 874
1755250 870
1755260 870
1755270 867
1755280 865
1755290 865
1755300 861
1755310 858
1755320 855
1755330 855
1755340 851
1755350 850
1755360 850
1755370 849
1755380 851
1755390 851
1755400 851
1755410 851
1755420 851
1755430 851
1755440 850
1755450 850
1755460 850
1755470 849
1755480 849
1755490 848
1755500 847
1755510 847
1755520 846
1755530 845
1755540 845
1755550 844
1755560 842
1755570 842
1755580 842
1755590 842
1755600 842
1755610 842
1755620 841
1755630 841
1755640 841
1755650 840
1755660 840
1755670 840
1755680 839
1755690 838
1755700 838
1755710 838
1755720 838
1755730 838
1755740 839
1755750 838
1755760 838
1755770 838
1755780 838
1755790 838
1755800 839
1755810 839
1755820 839
1755830 840
1755840 840
1755850 840
1755860 840
1755870 841
1755880 841
1755890 841
1755900 840
1755910 839
1755920 839
1755930 839
1755940 839
1755950 839
1755960 840
1755970 840
1755980 840
1755990 840
1756000 840
1756010 840
1756020 840
1756030 840
1756040 840
1756050 840
1756060 841
1756070 841
1756080 842
1756090 842
1756100 843
1756110 843
1756120 844
1756130 847
1756140 847
1756150 848
1756160 849
1756170 849
1756180 850
1756190 851
1756200 851
1756210 852
1756220 853
1756230 853
1756240 854
1756250 856
1756260 856
1756270 858
1756280 860
1756290 860
1756300 861
1756310 861
1756320 861
1756330 861
1756340 862
1756350 862
1756360 863
1756370 863
1756380 863
1756390 863
1756400 863
1756410 864
1756420 864
1756430 864
1756440 865
1756450 865
1756460 867
1756470 868
1756480 868
1756490 870
1756500 872
1756510 872
1756520 874
1756530 875
1756540 875
1756550 877
1756560 877
1756570 877
1756580 876
1756590 877
1756600 877
1756610 877
1756620 876
1756630 875
1756640 875
1756650 874
1756660 874
1756670 874
1756680 874
1756690 874
1756700 874
1756710 872
1756720 872
1756730 872
1756740 871
1756750 870
1756760 870
1756770 867
1756780 864
1756790 864
1756800 862
1756810 857
1756820 857
1756830 854
1756840 849
1756850 849
1756860 846
1756870 844
1756880 841
1756890 841
1756900 839
1756910 837
1756920 837
1756930 836
1756940 834
1756950 834
1756960 832
1756970 830
1756980 830
1756990 827
1757000 825
1757010 825
1757020 823
1757030 821
1757040 821
1757050 820
1757060 818
1757070 818
1757080 817
1757090 815
1757100 815
1757110 814
1757120 812
1757130 812
1757140 811
1757150 809
1757160 808
1757170 808
1757180 807
1757190 805
1757200 805
1757210 804
1757220 802
1757230 802
1757240 800
1757250 798
1757260 798
1757270 797
1757280 796
1757290 796
1757300 796
1757310 796
1757320 796
1757330 797
1757340 799
1757350 799
1757360 799
1757370 799
1757380 799
1757390 799
1757400 799
1757410 800
1757420 800
1757430 802
1757440 803
1757450 803
1757460 804
1757470 804
1757480 804
1757490 805
1757500 807
1757510 807
1757520 808
1757530 808
1757540 808
1757550 810
1757560 811
1757570 811
1757580 813
1757590 815
1757600 815
1757610 816
1757620 817
1757630 817
1757640 819
1757650 820
1757660 820
1757670 820
1757680 822
1757690 823
1757700 823
1757710 824
1757720 826
1757730 826
1757740 827
1757750 828
1757760 828
1757770 830
1757780 831
1757790 831
1757800 832
1757810 833
1757820 833
1757830 834
1757840 835
1757850 835
1757860 836
1757870 838
1757880 838
1757890 839
1757900 840
1757910 840
1757920 841
1757930 843
1757940 844
1757950 844
1757960 846
1757970 848
1757980 848
1757990 850
1758000 851
1758010 851
1758020 852
1758030 853
1758040 853
1758050 854
1758060 855
1758070 855
1758080 857
1758090 858
1758100 858
1758110 858
1758120 859
1758130 859
1758140 860
1758150 860
1758160 860
1758170 860
1758180 858
1758190 857
1758200 857
1758210 855
1758220 853
1758230 853
1758240 852
1758250 850
1758260 850
1758270 849
1758280 845
1758290 845
1758300 844
1758310 842
1758320 842
1758330 841
1758340 840
1758350 840
1758360 839
1758370 838
1758380 838
1758390 837
1758400 836
1758410 836
1758420 836
1758430 835
1758440 835
1758450 834
1758460 832
1758470 830
1758480 830
1758490 829
1758500 827
1758510 827
1758520 825
1758530 823
1758540 823
1758550 821
1758560 820
1758570 820
1758580 818
1758590 814
1758600 814
1758610 810
1758620 805
1758630 805
1758640 802
1758650 800
1758660 800
1758670 798
1758680 797
1758690 797
1758700 796
1758710 794
1758720 793
1758730 793
1758740 792
1758750 792
1758760 792
1758770 790
1758780 790
1758790 790
1758800 789
1758810 789
1758820 789
1758830 789
1758840 789
1758850 789
1758860 788
1758870 788
1758880 788
1758890 788
1758900 788
1758910 788
1758920 789
1758930 789
1758940 789
1758950 790
1758960 790
1758970 789
1758980 789
1758990 789
1759000 789
1759010 789
1759020 790
1759030 790
1759040 790
1759050 790
1759060 791
1759070 791
1759080 791
1759090 790
1759100 790
1759110 787
1759120 785
1759130 785
1759140 782
1759150 780
1759160 780
1759170 778
1759180 775
1759190 775
1759200 774
1759210 772
1759220 772
1759230 772
1759240 772
1759250 772
1759260 772
1759270 771
1759280 771
1759290 771
1759300 770
1759310 769
1759320 769
1759330 768
1759340 768
1759350 768
1759360 767
1759370 767
1759380 767
1759390 766
1759400 765
1759410 765
1759420 765
1759430 765
1759440 765
1759450 765
1759460 765
1759470 765
1759480 765
1759490 765
1759500 765
1759510 765
1759520 764
1759530 763
1759540 763
1759550 762
1759560 760
1759570 760
1759580 758
1759590 756
1759600 756
1759610 755
1759620 754
1759630 754
1759640 753
1759650 753
1759660 753
1759670 752
1759680 751
1759690 751
1759700 750
1759710 750
1759720 745
1759730 743
1759740 739
1759750 737
1759760 737
1759770 734
1759780 730
1759790 730
1759800 726
1759810 722
1759820 722
1759830 718
1759840 717
1759850 717
1759860 715
1759870 714
1759880 714
1759890 712
1759900 710
1759910 710
1759920 709
1759930 707
1759940 707
1759950 706
1759960 704
1759970 704
1759980 702
1759990 701
