1740000 967
1740010 972
1740020 976
1740030 976
1740040 981
1740050 986
1740060 990
1740070 990
1740080 995
1740090 999
1740100 999
1740110 1004
1740120 1008
1740130 1008
1740140 1013
1740150 1017
1740160 1017
1740170 1022
1740180 1026
1740190 1026
1740200 1031
1740210 1035
1740220 1035
1740230 1040
1740240 1043
1740250 1043
1740260 1047
1740270 1051
1740280 1051
1740290 1055
1740300 1058
1740310 1058
1740320 1063
1740330 1066
1740340 1070
1740350 1070
1740360 1074
1740370 1077
1740380 1077
1740390 1081
1740400 1085
1740410 1085
1740420 1089
1740430 1092
1740440 1092
1740450 1096
1740460 1099
1740470 1099
1740480 1102
1740490 1106
1740500 1106
1740510 1109
1740520 1113
1740530 1113
1740540 1116
1740550 1120
1740560 1120
1740570 1124
1740580 1127
1740590 1131
1740600 1131
1740610 1133
1740620 1137
1740630 1137
1740640 1140
1740650 1143
1740660 1143
1740670 1147
1740680 1150
1740690 1150
1740700 1152
1740710 1157
1740720 1157
1740730 1159
1740740 1161
1740750 1161
1740760 1161
1740770 1159
1740780 1159
1740790 1158
1740800 1158
1740810 1158
1740820 1159
1740830 1159
1740840 1159
1740850 1160
1740860 1161
1740870 1162
1740880 1162
1740890 1162
1740900 1160
1740910 1160
1740920 1158
1740930 1156
1740940 1156
1740950 1154
1740960 1151
1740970 1151
1740980 1147
1740990 1143
1741000 1143
1741010 1140
1741020 1137
1741030 1137
1741040 1137
1741050 1138
1741060 1138
1741070 1139
1741080 1141
1741090 1141
1741100 1143
1741110 1144
1741120 1145
1741130 1145
1741140 1146
1741150 1146
1741160 1146
1741170 1146
1741180 1145
1741190 1145
1741200 1145
1741210 1145
1741220 1145
1741230 1145
1741240 1146
1741250 1146
1741260 1148
1741270 1150
1741280 1150
1741290 1153
1741300 1156
1741310 1156
1741320 1159
1741330 1163
1741340 1163
1741350 1166
1741360 1170
1741370 1170
1741380 1173
1741390 1176
1741400 1179
1741410 1179
1741420 1181
1741430 1183
1741440 1183
1741450 1185
1741460 1186
1741470 1186
1741480 1187
1741490 1187
1741500 1187
1741510 1185
1741520 1184
1741530 1184
1741540 1185
1741550 1185
1741560 1185
1741570 1186
1741580 1188
1741590 1188
1741600 1189
1741610 1191
1741620 1191
1741630 1193
1741640 1196
1741650 1198
1741660 1198
1741670 1200
1741680 1203
1741690 1203
1741700 1206
1741710 1209
1741720 1209
1741730 1213
1741740 1216
1741750 1216
1741760 1220
1741770 1222
1741780 1222
1741790 1219
1741800 1215
1741810 1215
1741820 1213
1741830 1208
1741840 1208
1741850 1205
1741860 1201
1741870 1201
1741880 1198
1741890 1194
1741900 1194
1741910 1191
1741920 1187
1741930 1185
1741940 1185
1741950 1183
1741960 1179
1741970 1179
1741980 1176
1741990 1173
1742000 1173
1742010 1168
1742020 1165
1742030 1165
1742040 1162
1742050 1161
1742060 1161
1742070 1161
1742080 1162
1742090 1162
1742100 1161
1742110 1162
1742120 1162
1742130 1162
1742140 1160
1742150 1160
1742160 1156
1742170 1154
1742180 1151
1742190 1151
1742200 1148
1742210 1148
1742220 1148
1742230 1142
1742240 1131
1742250 1131
1742260 1129
1742270 1128
1742280 1128
1742290 1125
1742300 1119
1742310 1119
1742320 1109
1742330 1102
1742340 1102
1742350 1094
1742360 1087
1742370 1087
1742380 1079
1742390 1072
1742400 1072
1742410 1065
1742420 1057
1742430 1057
1742440 1052
1742450 1045
1742460 1039
1742470 1039
1742480 1033
1742490 1024
1742500 1024
1742510 1014
1742520 1006
1742530 1006
1742540 997
1742550 992
1742560 992
1742570 986
1742580 980
1742590 980
1742600 975
1742610 971
1742620 971
1742630 967
1742640 962
1742650 962
1742660 957
1742670 952
1742680 952
1742690 946
1742700 939
1742710 936
1742720 936
1742730 928
1742740 923
1742750 923
1742760 917
1742770 913
1742780 913
1742790 904
1742800 898
1742810 898
1742820 893
1742830 886
1742840 886
1742850 881
1742860 878
1742870 878
1742880 876
1742890 874
1742900 874
1742910 867
1742920 861
1742930 861
1742940 855
1742950 853
1742960 853
1742970 854
1742980 852
1742990 848
1743000 848
1743010 848
1743020 849
1743030 849
1743040 850
1743050 848
1743060 848
1743070 855
1743080 862
1743090 862
1743100 870
1743110 877
1743120 877
1743130 884
1743140 887
1743150 887
1743160 888
1743170 889
1743180 889
1743190 888
1743200 888
1743210 888
1743220 887
1743230 888
1743240 889
1743250 889
1743260 891
1743270 892
1743280 892
1743290 893
1743300 893
1743310 893
1743320 892
1743330 892
1743340 892
1743350 892
1743360 893
1743370 893
1743380 893
1743390 893
1743400 893
1743410 891
1743420 891
1743430 891
1743440 892
1743450 892
1743460 892
1743470 891
1743480 891
1743490 891
1743500 891
1743510 890
1743520 890
1743530 890
1743540 889
1743550 887
1743560 887
1743570 885
1743580 882
1743590 882
1743600 879
1743610 877
1743620 877
1743630 876
1743640 873
1743650 873
1743660 870
1743670 869
1743680 869
1743690 867
1743700 865
1743710 865
1743720 864
1743730 862
1743740 862
1743750 860
1743760 859
1743770 858
1743780 858
1743790 857
1743800 857
1743810 857
1743820 856
1743830 856
1743840 856
1743850 857
1743860 858
1743870 858
1743880 860
1743890 860
1743900 860
1743910 859
1743920 859
1743930 859
1743940 858
1743950 856
1743960 856
1743970 852
1743980 846
1743990 846
1744000 840
1744010 834
1744020 834
1744030 829
1744040 824
1744050 819
1744060 819
1744070 814
1744080 809
1744090 809
1744100 804
1744110 799
1744120 799
1744130 793
1744140 789
1744150 789
1744160 782
1744170 774
1744180 774
1744190 767
1744200 760
1744210 760
1744220 757
1744230 750
1744240 750
1744250 743
1744260 739
1744270 739
1744280 733
1744290 727
1744300 721
1744310 721
1744320 715
1744330 707
1744340 707
1744350 701
1744360 698
1744370 698
1744380 697
1744390 693
1744400 693
1744410 692
1744420 692
1744430 692
1744440 691
1744450 690
1744460 690
1744470 689
1744480 689
1744490 689
1744500 689
1744510 690
1744520 690
1744530 692
1744540 695
1744550 695
1744560 697
1744570 700
1744580 703
1744590 703
1744600 706
1744610 709
1744620 709
1744630 710
1744640 710
1744650 710
1744660 710
1744670 709
1744680 709
1744690 710
1744700 711
1744710 711
1744720 711
1744730 712
1744740 712
1744750 713
1744760 712
1744770 712
1744780 714
1744790 716
1744800 716
1744810 718
1744820 721
1744830 723
1744840 723
1744850 725
1744860 727
1744870 727
1744880 728
1744890 729
1744900 729
1744910 730
1744920 729
1744930 729
1744940 728
1744950 727
1744960 727
1744970 726
1744980 723
1744990 723
1745000 721
1745010 719
1745020 719
1745030 717
1745040 716
1745050 716
1745060 716
1745070 715
1745080 715
1745090 715
1745100 712
1745110 709
1745120 709
1745130 706
1745140 703
1745150 703
1745160 701
1745170 700
1745180 700
1745190 698
1745200 695
1745210 695
1745220 692
1745230 689
1745240 689
1745250 686
1745260 683
1745270 683
1745280 681
1745290 677
1745300 677
1745310 672
1745320 669
1745330 669
1745340 666
1745350 662
1745360 657
1745370 657
1745380 649
1745390 647
1745400 647
1745410 639
1745420 633
1745430 633
1745440 628
1745450 625
1745460 625
1745470 619
1745480 613
1745490 613
1745500 609
1745510 604
1745520 604
1745530 600
1745540 595
1745550 595
1745560 590
1745570 585
1745580 585
1745590 580
1745600 575
1745610 575
1745620 570
1745630 564
1745640 560
1745650 560
1745660 554
1745670 550
1745680 550
1745690 541
1745700 532
1745710 532
1745720 526
1745730 519
1745740 519
1745750 512
1745760 509
1745770 509
1745780 511
1745790 510
1745800 510
1745810 508
1745820 507
1745830 507
1745840 505
1745850 497
1745860 497
1745870 486
1745880 477
1745890 476
1745900 476
1745910 478
1745920 478
1745930 478
1745940 478
1745950 478
1745960 478
1745970 479
1745980 479
1745990 479
1746000 479
1746010 477
1746020 477
1746030 477
1746040 477
1746050 477
1746060 477
1746070 477
1746080 477
1746090 479
1746100 480
1746110 480
1746120 480
1746130 480
1746140 480
1746150 479
1746160 479
1746170 479
1746180 479
1746190 479
1746200 479
1746210 479
1746220 478
1746230 479
1746240 479
1746250 479
1746260 482
1746270 482
1746280 485
1746290 486
1746300 486
1746310 488
1746320 490
1746330 490
1746340 493
1746350 496
1746360 496
1746370 500
1746380 501
1746390 501
1746400 505
1746410 508
1746420 510
1746430 510
1746440 513
1746450 515
1746460 515
1746470 517
1746480 519
1746490 519
1746500 521
1746510 523
1746520 523
1746530 525
1746540 527
1746550 527
1746560 529
1746570 531
1746580 531
1746590 534
1746600 536
1746610 536
1746620 537
1746630 538
1746640 538
1746650 540
1746660 543
1746670 546
1746680 546
1746690 547
1746700 551
1746710 551
1746720 553
1746730 554
1746740 554
1746750 556
1746760 557
1746770 557
1746780 559
1746790 560
1746800 560
1746810 562
1746820 564
1746830 564
1746840 566
1746850 568
1746860 568
1746870 570
1746880 571
1746890 571
1746900 572
1746910 573
1746920 573
1746930 575
1746940 577
1746950 579
1746960 579
1746970 580
1746980 582
1746990 582
1747000 584
1747010 586
1747020 586
1747030 587
1747040 589
1747050 589
1747060 591
1747070 592
1747080 592
1747090 592
1747100 592
1747110 592
1747120 592
1747130 592
1747140 592
1747150 593
1747160 595
1747170 595
1747180 596
1747190 599
1747200 601
1747210 601
1747220 603
1747230 605
1747240 605
1747250 607
1747260 609
1747270 609
1747280 611
1747290 614
1747300 614
1747310 616
1747320 618
1747330 618
1747340 619
1747350 621
1747360 621
1747370 623
1747380 624
1747390 624
1747400 626
1747410 628
1747420 628
1747430 629
1747440 631
1747450 631
1747460 632
1747470 634
1747480 634
1747490 634
1747500 635
1747510 636
1747520 636
1747530 637
1747540 638
1747550 638
1747560 639
1747570 639
1747580 640
1747590 640
1747600 641
1747610 641
1747620 641
1747630 642
1747640 642
1747650 641
1747660 640
1747670 640
1747680 640
1747690 641
1747700 641
1747710 641
1747720 641
1747730 641
1747740 641
1747750 641
1747760 641
1747770 641
1747780 641
1747790 642
1747800 642
1747810 644
1747820 642
1747830 642
1747840 643
1747850 644
1747860 644
1747870 644
1747880 645
1747890 645
1747900 645
1747910 646
1747920 646
1747930 646
1747940 646
1747950 646
1747960 646
1747970 647
1747980 647
1747990 647
1748000 648
1748010 649
1748020 649
1748030 648
1748040 649
1748050 649
1748060 649
1748070 650
1748080 650
1748090 650
1748100 650
1748110 650
1748120 650
1748130 651
1748140 651
1748150 650
1748160 650
1748170 650
1748180 649
1748190 649
1748200 649
1748210 648
1748220 647
1748230 647
1748240 646
1748250 644
1748260 643
1748270 643
1748280 642
1748290 642
1748300 642
1748310 642
1748320 644
1748330 644
1748340 645
1748350 643
1748360 643
1748370 640
1748380 638
1748390 638
1748400 635
1748410 638
1748420 638
1748430 640
1748440 642
1748450 642
1748460 643
1748470 645
1748480 645
1748490 647
1748500 649
1748510 649
1748520 651
1748530 653
1748540 655
1748550 655
1748560 657
1748570 658
1748580 658
1748590 660
1748600 662
1748610 662
1748620 664
1748630 666
1748640 666
1748650 669
1748660 670
1748670 670
1748680 671
1748690 673
1748700 673
1748710 675
1748720 677
1748730 677
1748740 679
1748750 680
1748760 680
1748770 681
1748780 683
1748790 685
1748800 685
1748810 687
1748820 688
1748830 688
1748840 690
1748850 692
1748860 692
1748870 694
1748880 696
1748890 696
1748900 697
1748910 699
1748920 699
1748930 701
1748940 703
1748950 703
1748960 704
1748970 705
1748980 705
1748990 707
1749000 709
1749010 709
1749020 711
1749030 713
1749040 713
1749050 715
1749060 718
1749070 720
1749080 720
1749090 721
1749100 722
1749110 722
1749120 723
1749130 727
1749140 727
1749150 729
1749160 731
1749170 731
1749180 732
1749190 734
1749200 734
1749210 738
1749220 740
1749230 740
1749240 743
1749250 745
1749260 745
1749270 748
1749280 750
1749290 750
1749300 752
1749310 753
1749320 754
1749330 754
1749340 755
1749350 757
1749360 757
1749370 758
1749380 759
1749390 759
1749400 760
1749410 762
1749420 762
1749430 764
1749440 765
1749450 765
1749460 767
1749470 770
1749480 770
1749490 773
1749500 776
1749510 776
1749520 778
1749530 780
1749540 780
1749550 783
1749560 786
1749570 786
1749580 789
1749590 791
1749600 793
1749610 793
1749620 796
1749630 800
1749640 800
1749650 803
1749660 805
1749670 805
1749680 803
1749690 808
1749700 808
1749710 810
1749720 812
1749730 812
1749740 814
1749750 815
1749760 815
1749770 817
1749780 819
1749790 819
1749800 821
1749810 823
1749820 823
1749830 825
1749840 828
1749850 829
1749860 829
1749870 829
1749880 831
1749890 831
1749900 832
1749910 833
1749920 833
1749930 833
1749940 833
1749950 833
1749960 832
1749970 830
1749980 830
1749990 827
1750000 826
1750010 826
1750020 824
1750030 823
1750040 823
1750050 822
1750060 822
1750070 822
1750080 821
1750090 818
1750100 818
1750110 814
1750120 811
1750130 810
1750140 810
1750150 809
1750160 809
1750170 809
1750180 808
1750190 808
1750200 808
1750210 807
1750220 806
1750230 806
1750240 805
1750250 806
1750260 806
1750270 807
1750280 809
1750290 809
1750300 810
1750310 811
1750320 811
1750330 812
1750340 813
1750350 813
1750360 814
1750370 815
1750380 816
1750390 816
1750400 816
1750410 816
1750420 816
1750430 816
1750440 816
1750450 816
1750460 817
1750470 817
1750480 817
1750490 817
1750500 816
1750510 816
1750520 815
1750530 816
1750540 816
1750550 817
1750560 818
1750570 818
1750580 817
1750590 816
1750600 816
1750610 815
1750620 814
1750630 814
1750640 813
1750650 811
1750660 810
1750670 810
1750680 811
1750690 812
1750700 812
1750710 814
1750720 816
1750730 816
1750740 817
1750750 818
1750760 818
1750770 819
1750780 821
1750790 821
1750800 825
1750810 827
1750820 827
1750830 828
1750840 830
1750850 830
1750860 832
1750870 834
1750880 834
1750890 836
1750900 837
1750910 838
1750920 838
1750930 839
1750940 841
1750950 841
1750960 842
1750970 844
1750980 844
1750990 845
1751000 845
1751010 845
1751020 845
1751030 845
1751040 845
1751050 843
1751060 840
1751070 840
1751080 840
1751090 841
1751100 841
1751110 842
1751120 843
1751130 843
1751140 844
1751150 845
1751160 845
1751170 848
1751180 849
1751190 849
1751200 849
1751210 850
1751220 850
1751230 850
1751240 849
1751250 849
1751260 849
1751270 849
1751280 849
1751290 849
1751300 849
1751310 849
1751320 849
1751330 849
1751340 849
1751350 849
1751360 849
1751370 848
1751380 848
1751390 847
1751400 847
1751410 847
1751420 847
1751430 848
1751440 846
1751450 846
1751460 840
1751470 832
1751480 832
1751490 830
1751500 824
1751510 824
1751520 820
1751530 817
1751540 817
1751550 815
1751560 814
1751570 814
1751580 813
1751590 811
1751600 811
1751610 811
1751620 808
1751630 808
1751640 807
1751650 812
1751660 812
1751670 819
1751680 823
1751690 823
1751700 826
1751710 830
1751720 833
1751730 833
1751740 836
1751750 841
1751760 841
1751770 844
1751780 848
1751790 848
1751800 851
1751810 859
1751820 859
1751830 861
1751840 864
1751850 864
1751860 868
1751870 871
1751880 871
1751890 875
1751900 878
1751910 878
1751920 881
1751930 883
1751940 883
1751950 885
1751960 888
1751970 890
1751980 890
1751990 893
1752000 896
1752010 896
1752020 900
1752030 903
1752040 903
1752050 906
1752060 909
1752070 909
1752080 913
1752090 917
1752100 917
1752110 919
1752120 922
1752130 922
1752140 925
1752150 929
1752160 929
1752170 933
1752180 937
1752190 937
1752200 941
1752210 945
1752220 945
1752230 948
1752240 951
1752250 953
1752260 953
1752270 955
1752280 957
1752290 957
1752300 958
1752310 961
1752320 961
1752330 963
1752340 965
1752350 965
1752360 968
1752370 971
1752380 971
1752390 973
1752400 975
1752410 975
1752420 977
1752430 980
1752440 980
1752450 983
1752460 987
1752470 987
1752480 989
1752490 992
1752500 995
1752510 995
1752520 996
1752530 997
1752540 997
1752550 998
1752560 999
1752570 999
1752580 1000
1752590 1000
1752600 1000
1752610 999
1752620 1000
1752630 1000
1752640 1000
1752650 1001
1752660 1001
1752670 1002
1752680 1002
1752690 1002
1752700 1002
1752710 1002
1752720 1002
1752730 1003
1752740 1005
1752750 1005
1752760 1005
1752770 1006
1752780 1007
1752790 1007
1752800 1008
1752810 1009
1752820 1009
1752830 1009
1752840 1011
1752850 1011
1752860 1011
1752870 1011
1752880 1011
1752890 1011
1752900 1012
1752910 1012
1752920 1012
1752930 1013
1752940 1013
1752950 1014
1752960 1014
1752970 1014
1752980 1015
1752990 1018
1753000 1018
1753010 1021
1753020 1023
1753030 1024
1753040 1024
1753050 1026
1753060 1029
1753070 1029
1753080 1032
1753090 1033
1753100 1033
1753110 1034
1753120 1035
1753130 1035
1753140 1036
1753150 1037
1753160 1037
1753170 1037
1753180 1037
1753190 1037
1753200 1036
1753210 1034
1753220 1034
1753230 1034
1753240 1033
1753250 1033
1753260 1033
1753270 1032
1753280 1032
1753290 1034
1753300 1038
1753310 1041
1753320 1041
1753330 1044
1753340 1048
1753350 1048
1753360 1051
1753370 1054
1753380 1054
1753390 1057
1753400 1060
1753410 1060
1753420 1062
1753430 1064
1753440 1064
1753450 1066
1753460 1068
1753470 1068
1753480 1070
1753490 1071
1753500 1071
1753510 1073
1753520 1075
1753530 1075
1753540 1077
1753550 1078
1753560 1080
1753570 1080
1753580 1082
1753590 1084
1753600 1084
1753610 1086
1753620 1088
1753630 1088
1753640 1091
1753650 1092
1753660 1092
1753670 1094
1753680 1096
1753690 1096
1753700 1097
1753710 1099
1753720 1099
1753730 1101
1753740 1101
1753750 1101
1753760 1101
1753770 1102
1753780 1102
1753790 1106
1753800 1109
1753810 1109
1753820 1113
1753830 1111
1753840 1118
1753850 1118
1753860 1125
1753870 1129
1753880 1129
1753890 1136
1753900 1140
1753910 1140
1753920 1146
1753930 1150
1753940 1150
1753950 1153
1753960 1159
1753970 1159
1753980 1159
1753990 1162
1754000 1162
1754010 1160
1754020 1159
1754030 1159
1754040 1158
1754050 1157
1754060 1157
1754070 1156
1754080 1155
1754090 1155
1754100 1155
1754110 1155
1754120 1155
1754130 1155
1754140 1156
1754150 1156
1754160 1156
1754170 1155
1754180 1154
1754190 1154
1754200 1153
1754210 1152
1754220 1152
1754230 1152
1754240 1151
1754250 1151
1754260 1150
1754270 1150
1754280 1150
1754290 1150
1754300 1151
1754310 1151
1754320 1151
1754330 1151
1754340 1151
1754350 1151
1754360 1151
1754370 1151
1754380 1151
1754390 1151
1754400 1152
1754410 1152
1754420 1153
1754430 1154
1754440 1154
1754450 1155
1754460 1157
1754470 1157
1754480 1154
1754490 1151
1754500 1151
1754510 1146
1754520 1143
1754530 1143
1754540 1138
1754550 1135
1754560 1135
1754570 1131
1754580 1128
1754590 1128
1754600 1125
1754610 1119
1754620 1115
1754630 1115
1754640 1111
1754650 1108
1754660 1108
1754670 1107
1754680 1105
1754690 1105
1754700 1101
1754710 1098
1754720 1098
1754730 1095
1754740 1091
1754750 1091
1754760 1087
1754770 1084
1754780 1084
1754790 1081
1754800 1079
1754810 1079
1754820 1077
1754830 1072
1754840 1072
1754850 1069
1754860 1065
1754870 1065
1754880 1061
1754890 1059
1754900 1056
1754910 1056
1754920 1053
1754930 1052
1754940 1052
1754950 1050
1754960 1048
1754970 1048
1754980 1045
1754990 1043
1755000 1043
1755010 1041
1755020 1040
1755030 1040
1755040 1038
1755050 1036
1755060 1036
1755070 1033
1755080 1031
1755090 1031
1755100 1028
1755110 1026
1755120 1026
1755130 1024
1755140 1022
1755150 1020
1755160 1020
1755170 1018
1755180 1016
1755190 1016
1755200 1014
1755210 1012
1755220 1012
1755230 1010
1755240 1009
1755250 1009
1755260 1006
1755270 1003
1755280 1003
1755290 1001
1755300 999
1755310 999
1755320 996
1755330 992
1755340 992
1755350 990
1755360 987
1755370 987
1755380 984
1755390 981
1755400 980
1755410 976
1755420 974
1755430 972
1755440 972
1755450 970
1755460 968
1755470 968
1755480 966
1755490 964
1755500 964
1755510 963
1755520 962
1755530 962
1755540 959
1755550 956
1755560 956
1755570 953
1755580 950
1755590 950
1755600 948
1755610 946
1755620 946
1755630 944
1755640 941
1755650 941
1755660 939
1755670 937
1755680 935
1755690 935
1755700 933
1755710 931
1755720 931
1755730 928
1755740 926
1755750 926
1755760 923
1755770 922
1755780 922
1755790 920
1755800 918
1755810 918
1755820 916
1755830 914
1755840 914
1755850 912
1755860 911
1755870 911
1755880 910
1755890 908
1755900 908
1755910 905
1755920 902
1755930 902
1755940 900
1755950 898
1755960 897
1755970 897
1755980 894
1755990 892
1756000 892
1756010 890
1756020 888
1756030 888
1756040 886
1756050 883
1756060 883
1756070 881
1756080 879
1756090 879
1756100 877
1756110 874
1756120 874
1756130 873
1756140 871
1756150 871
1756160 869
1756170 867
1756180 867
1756190 866
1756200 864
1756210 862
1756220 862
1756230 860
1756240 858
1756250 858
1756260 857
1756270 855
1756280 855
1756290 853
1756300 851
1756310 851
1756320 849
1756330 846
1756340 846
1756350 844
1756360 841
1756370 841
1756380 839
1756390 837
1756400 837
1756410 836
1756420 834
1756430 834
1756440 832
1756450 830
1756460 830
1756470 828
1756480 826
1756490 824
1756500 824
1756510 821
1756520 818
1756530 818
1756540 815
1756550 812
1756560 812
1756570 809
1756580 806
1756590 806
1756600 803
1756610 800
1756620 800
1756630 797
1756640 794
1756650 794
1756660 792
1756670 789
1756680 789
1756690 787
1756700 785
1756710 785
1756720 783
1756730 783
1756740 780
1756750 780
1756760 778
1756770 778
1756780 778
1756790 778
1756800 777
1756810 777
1756820 775
1756830 772
1756840 772
1756850 771
1756860 771
1756870 771
1756880 769
1756890 768
1756900 768
1756910 767
1756920 765
1756930 765
1756940 764
1756950 762
1756960 762
1756970 760
1756980 759
1756990 757
1757000 757
1757010 756
1757020 755
1757030 755
1757040 754
1757050 752
1757060 752
1757070 750
1757080 748
1757090 748
1757100 748
1757110 746
1757120 746
1757130 745
1757140 744
1757150 744
1757160 742
1757170 741
1757180 741
1757190 739
1757200 738
1757210 738
1757220 736
1757230 735
1757240 735
1757250 734
1757260 732
1757270 731
1757280 731
1757290 729
1757300 728
1757310 728
1757320 726
1757330 724
1757340 724
1757350 723
1757360 721
1757370 721
1757380 721
1757390 720
1757400 720
1757410 720
1757420 719
1757430 719
1757440 719
1757450 718
1757460 718
1757470 715
1757480 710
1757490 710
1757500 706
1757510 702
1757520 699
1757530 699
1757540 697
1757550 695
1757560 695
1757570 695
1757580 694
1757590 694
1757600 692
1757610 690
1757620 690
1757630 688
1757640 687
1757650 687
1757660 686
1757670 685
1757680 685
1757690 683
1757700 681
1757710 681
1757720 679
1757730 676
1757740 676
1757750 674
1757760 672
1757770 672
1757780 671
1757790 669
1757800 668
1757810 668
1757820 667
1757830 666
1757840 666
1757850 665
1757860 664
1757870 664
1757880 663
1757890 662
1757900 662
1757910 661
1757920 660
1757930 660
1757940 660
1757950 658
1757960 658
1757970 655
1757980 652
1757990 652
1758000 649
1758010 647
1758020 647
1758030 645
1758040 642
1758050 639
1758060 639
1758070 636
1758080 633
1758090 633
1758100 631
1758110 629
1758120 629
1758130 629
1758140 627
1758150 627
1758160 626
1758170 625
1758180 625
1758190 624
1758200 623
1758210 623
1758220 622
1758230 621
1758240 621
1758250 620
1758260 619
1758270 619
1758280 618
1758290 617
1758300 617
1758310 616
1758320 615
1758330 614
1758340 613
1758350 612
1758360 612
1758370 612
1758380 611
1758390 610
1758400 610
1758410 609
1758420 609
1758430 609
1758440 608
1758450 608
1758460 608
1758470 607
1758480 607
1758490 607
1758500 606
1758510 605
1758520 605
1758530 605
1758540 604
1758550 604
1758560 603
1758570 601
1758580 600
1758590 600
1758600 598
1758610 597
1758620 597
1758630 596
1758640 595
1758650 595
1758660 593
1758670 592
1758680 592
1758690 590
1758700 589
1758710 589
1758720 587
1758730 586
1758740 586
1758750 584
1758760 583
1758770 583
1758780 581
1758790 580
1758800 580
1758810 579
1758820 578
1758830 578
1758840 577
1758850 576
1758860 574
1758870 574
1758880 573
1758890 572
1758900 572
1758910 570
1758920 569
1758930 569
1758940 568
1758950 568
1758960 568
1758970 567
1758980 565
1758990 565
1759000 564
1759010 562
1759020 562
1759030 561
1759040 559
1759050 559
1759060 558
1759070 556
1759080 556
1759090 555
1759100 554
1759110 553
1759120 553
1759130 552
1759140 550
1759150 550
1759160 549
1759170 548
1759180 548
1759190 547
1759200 546
1759210 546
1759220 545
1759230 544
1759240 544
1759250 543
1759260 542
1759270 542
1759280 541
1759290 540
1759300 540
1759310 539
1759320 538
1759330 538
1759340 537
1759350 536
1759360 536
1759370 535
1759380 531
1759390 525
1759400 525
1759410 525
1759420 523
1759430 523
1759440 522
1759450 522
1759460 522
1759470 525
1759480 528
1759490 528
1759500 527
1759510 526
1759520 526
1759530 525
1759540 525
1759550 525
1759560 524
1759570 523
1759580 523
1759590 522
1759600 521
1759610 521
1759620 520
1759630 515
1759640 513
1759650 513
1759660 512
1759670 512
1759680 512
1759690 509
1759700 511
1759710 511
1759720 511
1759730 510
1759740 510
1759750 509
1759760 509
1759770 509
1759780 509
1759790 508
1759800 508
1759810 508
1759820 507
1759830 507
1759840 507
1759850 507
1759860 507
1759870 506
1759880 506
1759890 506
1759900 504
1759910 505
1759920 505
1759930 505
1759940 505
1759950 505
1759960 505
1759970 504
1759980 503
1759990 503
