1740000 1166
1740010 1163
1740020 1163
1740030 1160
1740040 1158
1740050 1158
1740060 1156
1740070 1155
1740080 1155
1740090 1155
1740100 1156
1740110 1156
1740120 1157
1740130 1159
1740140 1159
1740150 1162
1740160 1164
1740170 1164
1740180 1166
1740190 1167
1740200 1167
1740210 1168
1740220 1167
1740230 1167
1740240 1163
1740250 1161
1740260 1160
1740270 1160
1740280 1160
1740290 1160
1740300 1160
1740310 1161
1740320 1163
1740330 1163
1740340 1164
1740350 1166
1740360 1166
1740370 1169
1740380 1173
1740390 1173
1740400 1177
1740410 1181
1740420 1181
1740430 1186
1740440 1191
1740450 1191
1740460 1196
1740470 1201
1740480 1201
1740490 1205
1740500 1210
1740510 1214
1740520 1214
1740530 1218
1740540 1223
1740550 1223
1740560 1227
1740570 1231
1740580 1231
1740590 1237
1740600 1239
1740610 1239
1740620 1243
1740630 1245
1740640 1245
1740650 1246
1740660 1244
1740670 1244
1740680 1241
1740690 1236
1740700 1236
1740710 1230
1740720 1224
1740730 1224
1740740 1221
1740750 1214
1740760 1214
1740770 1208
1740780 1202
1740790 1196
1740800 1196
1740810 1191
1740820 1185
1740830 1185
1740840 1180
1740850 1175
1740860 1175
1740870 1169
1740880 1164
1740890 1164
1740900 1159
1740910 1153
1740920 1153
1740930 1147
1740940 1141
1740950 1141
1740960 1135
1740970 1132
1740980 1132
1740990 1126
1741000 1121
1741010 1121
1741020 1116
1741030 1112
1741040 1107
1741050 1107
1741060 1103
1741070 1098
1741080 1098
1741090 1094
1741100 1091
1741110 1091
1741120 1088
1741130 1085
1741140 1085
1741150 1083
1741160 1082
1741170 1076
1741180 1075
1741190 1074
1741200 1074
1741210 1073
1741220 1072
1741230 1072
1741240 1070
1741250 1067
1741260 1067
1741270 1064
1741280 1061
1741290 1061
1741300 1056
1741310 1052
1741320 1048
1741330 1048
1741340 1043
1741350 1038
1741360 1038
1741370 1032
1741380 1027
1741390 1027
1741400 1021
1741410 1016
1741420 1016
1741430 1009
1741440 1005
1741450 1005
1741460 999
1741470 992
1741480 992
1741490 987
1741500 981
1741510 981
1741520 975
1741530 970
1741540 970
1741550 963
1741560 957
1741570 957
1741580 952
1741590 945
1741600 941
1741610 941
1741620 933
1741630 927
1741640 927
1741650 921
1741660 916
1741670 916
1741680 909
1741690 903
1741700 903
1741710 896
1741720 889
1741730 889
1741740 882
1741750 875
1741760 875
1741770 869
1741780 869
1741790 869
1741800 870
1741810 873
1741820 873
1741830 876
1741840 880
1741850 884
1741860 884
1741870 888
1741880 889
1741890 889
1741900 889
1741910 890
1741920 890
1741930 894
1741940 897
1741950 897
1741960 900
1741970 903
1741980 903
1741990 906
1742000 909
1742010 909
1742020 911
1742030 915
1742040 915
1742050 917
1742060 920
1742070 920
1742080 922
1742090 925
1742100 925
1742110 927
1742120 930
1742130 930
1742140 930
1742150 933
1742160 933
1742170 933
1742180 932
1742190 932
1742200 932
1742210 932
1742220 930
1742230 930
1742240 929
1742250 928
1742260 928
1742270 927
1742280 925
1742290 925
1742300 924
1742310 923
1742320 923
1742330 921
1742340 920
1742350 920
1742360 918
1742370 917
1742380 915
1742390 915
1742400 914
1742410 912
1742420 912
1742430 911
1742440 908
1742450 908
1742460 905
1742470 905
1742480 905
1742490 903
1742500 899
1742510 899
1742520 894
1742530 882
1742540 882
1742550 872
1742560 864
1742570 864
1742580 857
1742590 850
1742600 850
1742610 844
1742620 838
1742630 838
1742640 832
1742650 826
1742660 818
1742670 818
1742680 813
1742690 806
1742700 806
1742710 800
1742720 794
1742730 794
1742740 788
1742750 780
1742760 780
1742770 778
1742780 770
1742790 770
1742800 766
1742810 760
1742820 760
1742830 755
1742840 754
1742850 754
1742860 753
1742870 754
1742880 754
1742890 759
1742900 763
1742910 768
1742920 768
1742930 771
1742940 770
1742950 770
1742960 772
1742970 776
1742980 776
1742990 779
1743000 782
1743010 782
1743020 785
1743030 788
1743040 788
1743050 792
1743060 795
1743070 795
1743080 798
1743090 802
1743100 802
1743110 805
1743120 808
1743130 808
1743140 810
1743150 811
1743160 811
1743170 813
1743180 815
1743190 817
1743200 817
1743210 819
1743220 821
1743230 821
1743240 822
1743250 823
1743260 823
1743270 824
1743280 824
1743290 824
1743300 824
1743310 824
1743320 824
1743330 823
1743340 822
1743350 822
1743360 821
1743370 820
1743380 820
1743390 819
1743400 817
1743410 817
1743420 816
1743430 814
1743440 813
1743450 813
1743460 811
1743470 810
1743480 810
1743490 808
1743500 807
1743510 807
1743520 805
1743530 803
1743540 803
1743550 801
1743560 799
1743570 799
1743580 797
1743590 795
1743600 795
1743610 794
1743620 793
1743630 793
1743640 793
1743650 790
1743660 790
1743670 788
1743680 786
1743690 786
1743700 785
1743710 785
1743720 784
1743730 784
1743740 783
1743750 782
1743760 782
1743770 780
1743780 777
1743790 777
1743800 777
1743810 775
1743820 775
1743830 775
1743840 774
1743850 774
1743860 773
1743870 772
1743880 772
1743890 772
1743900 772
1743910 772
1743920 773
1743930 774
1743940 774
1743950 774
1743960 774
1743970 772
1743980 772
1743990 771
1744000 769
1744010 769
1744020 768
1744030 766
1744040 766
1744050 762
1744060 760
1744070 760
1744080 755
1744090 752
1744100 752
1744110 746
1744120 740
1744130 740
1744140 736
1744150 729
1744160 729
1744170 726
1744180 723
1744190 723
1744200 722
1744210 720
1744220 720
1744230 719
1744240 718
1744250 716
1744260 716
1744270 715
1744280 714
1744290 714
1744300 714
1744310 715
1744320 715
1744330 717
1744340 719
1744350 719
1744360 719
1744370 717
1744380 717
1744390 714
1744400 710
1744410 710
1744420 705
1744430 700
1744440 700
1744450 697
1744460 694
1744470 694
1744480 691
1744490 688
1744500 684
1744510 684
1744520 682
1744530 679
1744540 679
1744550 676
1744560 673
1744570 673
1744580 670
1744590 667
1744600 667
1744610 663
1744620 661
1744630 661
1744640 656
1744650 652
1744660 648
1744670 645
1744680 641
1744690 641
1744700 638
1744710 634
1744720 634
1744730 630
1744740 626
1744750 626
1744760 624
1744770 616
1744780 609
1744790 609
1744800 606
1744810 608
1744820 608
1744830 608
1744840 605
1744850 605
1744860 604
1744870 603
1744880 603
1744890 602
1744900 602
1744910 602
1744920 601
1744930 599
1744940 599
1744950 598
1744960 595
1744970 595
1744980 594
1744990 591
1745000 591
1745010 589
1745020 588
1745030 588
1745040 585
1745050 584
1745060 581
1745070 581
1745080 579
1745090 579
1745100 579
1745110 575
1745120 571
1745130 571
1745140 567
1745150 563
1745160 563
1745170 558
1745180 552
1745190 552
1745200 546
1745210 541
1745220 541
1745230 535
1745240 529
1745250 529
1745260 522
1745270 521
1745280 521
1745290 521
1745300 526
1745310 529
1745320 529
1745330 532
1745340 537
1745350 537
1745360 542
1745370 547
1745380 547
1745390 547
1745400 541
1745410 541
1745420 534
1745430 530
1745440 530
1745450 524
1745460 519
1745470 519
1745480 515
1745490 510
1745500 510
1745510 508
1745520 503
1745530 503
1745540 498
1745550 496
1745560 496
1745570 496
1745580 495
1745590 494
1745600 494
1745610 496
1745620 495
1745630 495
1745640 495
1745650 495
1745660 495
1745670 495
1745680 496
1745690 496
1745700 497
1745710 500
1745720 500
1745730 501
1745740 504
1745750 504
1745760 507
1745770 509
1745780 509
1745790 510
1745800 512
1745810 512
1745820 512
1745830 514
1745840 516
1745850 516
1745860 517
1745870 517
1745880 517
1745890 519
1745900 520
1745910 520
1745920 520
1745930 521
1745940 521
1745950 521
1745960 522
1745970 522
1745980 523
1745990 523
1746000 523
1746010 524
1746020 526
1746030 526
1746040 529
1746050 532
1746060 532
1746070 535
1746080 538
1746090 538
1746100 541
1746110 543
1746120 546
1746130 546
1746140 548
1746150 551
1746160 551
1746170 554
1746180 555
1746190 555
1746200 558
1746210 562
1746220 562
1746230 563
1746240 564
1746250 564
1746260 566
1746270 567
1746280 567
1746290 568
1746300 569
1746310 569
1746320 571
1746330 572
1746340 572
1746350 576
1746360 575
1746370 574
1746380 574
1746390 572
1746400 570
1746410 570
1746420 568
1746430 567
1746440 567
1746450 565
1746460 563
1746470 563
1746480 563
1746490 560
1746500 560
1746510 556
1746520 559
1746530 559
1746540 560
1746550 563
1746560 563
1746570 565
1746580 568
1746590 568
1746600 571
1746610 573
1746620 573
1746630 573
1746640 571
1746650 563
1746660 563
1746670 556
1746680 549
1746690 549
1746700 541
1746710 535
1746720 535
1746730 529
1746740 511
1746750 511
1746760 497
1746770 486
1746780 486
1746790 487
1746800 488
1746810 488
1746820 489
1746830 489
1746840 489
1746850 491
1746860 493
1746870 493
1746880 495
1746890 496
1746900 497
1746910 497
1746920 501
1746930 502
1746940 502
1746950 503
1746960 505
1746970 505
1746980 506
1746990 508
1747000 508
1747010 509
1747020 512
1747030 512
1747040 514
1747050 515
1747060 515
1747070 516
1747080 518
1747090 518
1747100 520
1747110 521
1747120 521
1747130 524
1747140 527
1747150 527
1747160 529
1747170 533
1747180 536
1747190 536
1747200 539
1747210 541
1747220 541
1747230 542
1747240 543
1747250 543
1747260 544
1747270 545
1747280 545
1747290 544
1747300 544
1747310 544
1747320 546
1747330 547
1747340 547
1747350 546
1747360 547
1747370 547
1747380 548
1747390 548
1747400 548
1747410 548
1747420 547
1747430 544
1747440 544
1747450 541
1747460 540
1747470 540
1747480 540
1747490 539
1747500 539
1747510 543
1747520 545
1747530 545
1747540 546
1747550 547
1747560 547
1747570 547
1747580 548
1747590 548
1747600 548
1747610 550
1747620 550
1747630 554
1747640 559
1747650 559
1747660 564
1747670 569
1747680 569
1747690 572
1747700 573
1747710 577
1747720 577
1747730 580
1747740 583
1747750 583
1747760 586
1747770 590
1747780 590
1747790 595
1747800 598
1747810 598
1747820 603
1747830 606
1747840 606
1747850 610
1747860 612
1747870 612
1747880 616
1747890 619
1747900 619
1747910 623
1747920 626
1747930 626
1747940 629
1747950 631
1747960 631
1747970 634
1747980 636
1747990 639
1748000 637
1748010 638
1748020 641
1748030 641
1748040 644
1748050 646
1748060 646
1748070 649
1748080 650
1748090 650
1748100 652
1748110 654
1748120 654
1748130 656
1748140 658
1748150 658
1748160 659
1748170 661
1748180 661
1748190 663
1748200 664
1748210 664
1748220 666
1748230 667
1748240 668
1748250 668
1748260 670
1748270 671
1748280 671
1748290 673
1748300 674
1748310 674
1748320 676
1748330 677
1748340 677
1748350 679
1748360 680
1748370 680
1748380 681
1748390 682
1748400 682
1748410 683
1748420 684
1748430 684
1748440 684
1748450 685
1748460 685
1748470 686
1748480 688
1748490 688
1748500 689
1748510 691
1748520 692
1748530 692
1748540 694
1748550 695
1748560 695
1748570 697
1748580 698
1748590 698
1748600 699
1748610 701
1748620 701
1748630 703
1748640 704
1748650 704
1748660 706
1748670 707
1748680 707
1748690 708
1748700 710
1748710 710
1748720 712
1748730 713
1748740 713
1748750 715
1748760 717
1748770 718
1748780 718
1748790 720
1748800 719
1748810 719
1748820 719
1748830 722
1748840 722
1748850 723
1748860 728
1748870 728
1748880 729
1748890 730
1748900 730
1748910 732
1748920 733
1748930 733
1748940 735
1748950 736
1748960 736
1748970 738
1748980 740
1748990 740
1749000 742
1749010 744
1749020 744
1749030 747
1749040 749
1749050 751
1749060 751
1749070 754
1749080 756
1749090 756
1749100 758
1749110 761
1749120 761
1749130 763
1749140 765
1749150 765
1749160 768
1749170 769
1749180 769
1749190 767
1749200 771
1749210 771
1749220 773
1749230 776
1749240 776
1749250 777
1749260 778
1749270 778
1749280 780
1749290 781
1749300 782
1749310 782
1749320 784
1749330 786
1749340 786
1749350 787
1749360 789
1749370 789
1749380 790
1749390 792
1749400 792
1749410 793
1749420 794
1749430 794
1749440 796
1749450 797
1749460 797
1749470 799
1749480 800
1749490 800
1749500 802
1749510 803
1749520 803
1749530 806
1749540 810
1749550 810
1749560 813
1749570 818
1749580 822
1749590 822
1749600 825
1749610 829
1749620 829
1749630 833
1749640 837
1749650 837
1749660 839
1749670 841
1749680 841
1749690 844
1749700 848
1749710 848
1749720 851
1749730 854
1749740 854
1749750 857
1749760 860
1749770 860
1749780 864
1749790 868
1749800 868
1749810 873
1749820 877
1749830 880
1749840 880
1749850 883
1749860 885
1749870 885
1749880 887
1749890 889
1749900 889
1749910 893
1749920 897
1749930 897
1749940 897
1749950 897
1749960 897
1749970 898
1749980 899
1749990 899
1750000 900
1750010 901
1750020 901
1750030 902
1750040 904
1750050 904
1750060 905
1750070 906
1750080 906
1750090 908
1750100 909
1750110 911
1750120 911
1750130 912
1750140 914
1750150 914
1750160 916
1750170 918
1750180 918
1750190 920
1750200 922
1750210 922
1750220 923
1750230 924
1750240 924
1750250 926
1750260 928
1750270 928
1750280 929
1750290 932
1750300 932
1750310 934
1750320 937
1750330 937
1750340 939
1750350 941
1750360 944
1750370 944
1750380 946
1750390 949
1750400 949
1750410 952
1750420 955
1750430 955
1750440 958
1750450 961
1750460 961
1750470 963
1750480 965
1750490 965
1750500 968
1750510 972
1750520 972
1750530 974
1750540 976
1750550 976
1750560 978
1750570 980
1750580 980
1750590 982
1750600 984
1750610 984
1750620 986
1750630 987
1750640 989
1750650 989
1750660 990
1750670 991
1750680 991
1750690 992
1750700 993
1750710 993
1750720 995
1750730 996
1750740 996
1750750 998
1750760 1000
1750770 1000
1750780 1001
1750790 1004
1750800 1004
1750810 1005
1750820 1006
1750830 1006
1750840 1008
1750850 1010
1750860 1010
1750870 1011
1750880 1014
1750890 1014
1750900 1016
1750910 1018
1750920 1020
1750930 1020
1750940 1023
1750950 1025
1750960 1025
1750970 1027
1750980 1030
1750990 1030
1751000 1031
1751010 1032
1751020 1032
1751030 1034
1751040 1036
1751050 1036
1751060 1037
1751070 1038
1751080 1038
1751090 1040
1751100 1042
1751110 1042
1751120 1044
1751130 1046
1751140 1046
1751150 1048
1751160 1050
1751170 1052
1751180 1052
1751190 1053
1751200 1057
1751210 1057
1751220 1059
1751230 1062
1751240 1062
1751250 1065
1751260 1066
1751270 1066
1751280 1067
1751290 1068
1751300 1068
1751310 1069
1751320 1071
1751330 1071
1751340 1071
1751350 1071
1751360 1071
1751370 1070
1751380 1070
1751390 1070
1751400 1069
1751410 1068
1751420 1068
1751430 1067
1751440 1066
1751450 1067
1751460 1067
1751470 1066
1751480 1066
1751490 1066
1751500 1066
1751510 1065
1751520 1065
1751530 1065
1751540 1064
1751550 1064
1751560 1064
1751570 1063
1751580 1063
1751590 1063
1751600 1063
1751610 1063
1751620 1063
1751630 1063
1751640 1063
1751650 1064
1751660 1064
1751670 1064
1751680 1065
1751690 1065
1751700 1064
1751710 1064
1751720 1064
1751730 1064
1751740 1064
1751750 1063
1751760 1062
1751770 1062
1751780 1060
1751790 1055
1751800 1055
1751810 1052
1751820 1048
1751830 1048
1751840 1045
1751850 1042
1751860 1042
1751870 1039
1751880 1038
1751890 1038
1751900 1037
1751910 1037
1751920 1037
1751930 1040
1751940 1041
1751950 1041
1751960 1044
1751970 1045
1751980 1047
1751990 1047
1752000 1048
1752010 1049
1752020 1049
1752030 1050
1752040 1052
1752050 1052
1752060 1054
1752070 1056
1752080 1056
1752090 1059
1752100 1061
1752110 1061
1752120 1064
1752130 1066
1752140 1066
1752150 1068
1752160 1070
1752170 1070
1752180 1071
1752190 1073
1752200 1073
1752210 1075
1752220 1077
1752230 1079
1752240 1079
1752250 1084
1752260 1086
1752270 1086
1752280 1087
1752290 1089
1752300 1089
1752310 1092
1752320 1094
1752330 1094
1752340 1099
1752350 1099
1752360 1099
1752370 1100
1752380 1105
1752390 1105
1752400 1108
1752410 1110
1752420 1110
1752430 1113
1752440 1114
1752450 1114
1752460 1116
1752470 1118
1752480 1118
1752490 1121
1752500 1123
1752510 1126
1752520 1126
1752530 1128
1752540 1131
1752550 1131
1752560 1133
1752570 1136
1752580 1136
1752590 1139
1752600 1141
1752610 1141
1752620 1143
1752630 1146
1752640 1146
1752650 1147
1752660 1150
1752670 1150
1752680 1152
1752690 1154
1752700 1154
1752710 1156
1752720 1159
1752730 1159
1752740 1162
1752750 1165
1752760 1170
1752770 1170
1752780 1173
1752790 1175
1752800 1175
1752810 1177
1752820 1178
1752830 1178
1752840 1178
1752850 1179
1752860 1179
1752870 1180
1752880 1181
1752890 1181
1752900 1183
1752910 1184
1752920 1184
1752930 1186
1752940 1187
1752950 1187
1752960 1188
1752970 1188
1752980 1188
1752990 1190
1753000 1192
1753010 1192
1753020 1193
1753030 1194
1753040 1193
1753050 1193
1753060 1193
1753070 1193
1753080 1193
1753090 1193
1753100 1193
1753110 1193
1753120 1194
1753130 1193
1753140 1193
1753150 1192
1753160 1192
1753170 1192
1753180 1191
1753190 1189
1753200 1189
1753210 1188
1753220 1188
1753230 1188
1753240 1187
1753250 1187
1753260 1187
1753270 1186
1753280 1186
1753290 1186
1753300 1186
1753310 1185
1753320 1185
1753330 1185
1753340 1185
1753350 1185
1753360 1185
1753370 1185
1753380 1185
1753390 1185
1753400 1184
1753410 1184
1753420 1184
1753430 1185
1753440 1185
1753450 1185
1753460 1185
1753470 1186
1753480 1186
1753490 1186
1753500 1187
1753510 1187
1753520 1187
1753530 1188
1753540 1188
1753550 1188
1753560 1189
1753570 1190
1753580 1190
1753590 1190
1753600 1190
1753610 1190
1753620 1190
1753630 1190
1753640 1190
1753650 1190
1753660 1190
1753670 1190
1753680 1189
1753690 1189
1753700 1189
1753710 1189
1753720 1189
1753730 1189
1753740 1189
1753750 1187
1753760 1187
1753770 1186
1753780 1185
1753790 1185
1753800 1184
1753810 1182
1753820 1182
1753830 1181
1753840 1179
1753850 1177
1753860 1177
1753870 1176
1753880 1175
1753890 1175
1753900 1174
1753910 1171
1753920 1171
1753930 1171
1753940 1171
1753950 1171
1753960 1169
1753970 1168
1753980 1168
1753990 1166
1754000 1164
1754010 1164
1754020 1163
1754030 1162
1754040 1162
1754050 1161
1754060 1160
1754070 1160
1754080 1159
1754090 1158
1754100 1156
1754110 1156
1754120 1155
1754130 1154
1754140 1154
1754150 1152
1754160 1150
1754170 1150
1754180 1148
1754190 1146
1754200 1146
1754210 1144
1754220 1143
1754230 1143
1754240 1140
1754250 1138
1754260 1138
1754270 1136
1754280 1135
1754290 1134
1754300 1132
1754310 1129
1754320 1129
1754330 1125
1754340 1123
1754350 1123
1754360 1120
1754370 1117
1754380 1116
1754390 1116
1754400 1114
1754410 1113
1754420 1113
1754430 1111
1754440 1109
1754450 1109
1754460 1108
1754470 1107
1754480 1107
1754490 1106
1754500 1104
1754510 1104
1754520 1101
1754530 1099
1754540 1099
1754550 1096
1754560 1093
1754570 1093
1754580 1090
1754590 1087
1754600 1087
1754610 1083
1754620 1078
1754630 1074
1754640 1074
1754650 1073
1754660 1072
1754670 1072
1754680 1071
1754690 1069
1754700 1069
1754710 1067
1754720 1066
1754730 1066
1754740 1064
1754750 1062
1754760 1062
1754770 1059
1754780 1057
1754790 1057
1754800 1055
1754810 1053
1754820 1053
1754830 1050
1754840 1047
1754850 1047
1754860 1044
1754870 1042
1754880 1042
1754890 1039
1754900 1036
1754910 1033
1754920 1033
1754930 1029
1754940 1026
1754950 1026
1754960 1022
1754970 1017
1754980 1017
1754990 1012
1755000 1008
1755010 1008
1755020 1005
1755030 1002
1755040 1002
1755050 1000
1755060 998
1755070 998
1755080 995
1755090 991
1755100 991
1755110 990
1755120 986
1755130 986
1755140 984
1755150 982
1755160 978
1755170 978
1755180 977
1755190 975
1755200 975
1755210 974
1755220 972
1755230 972
1755240 970
1755250 968
1755260 968
1755270 966
1755280 963
1755290 963
1755300 960
1755310 956
1755320 956
1755330 953
1755340 950
1755350 950
1755360 947
1755370 944
1755380 944
1755390 941
1755400 938
1755410 938
1755420 936
1755430 934
1755440 932
1755450 932
1755460 930
1755470 928
1755480 928
1755490 927
1755500 924
1755510 924
1755520 921
1755530 919
1755540 919
1755550 917
1755560 914
1755570 914
1755580 914
1755590 910
1755600 910
1755610 906
1755620 902
1755630 902
1755640 897
1755650 892
1755660 892
1755670 888
1755680 884
1755690 882
1755700 882
1755710 881
1755720 879
1755730 879
1755740 877
1755750 875
1755760 875
1755770 872
1755780 869
1755790 870
1755800 868
1755810 866
1755820 866
1755830 863
1755840 861
1755850 861
1755860 858
1755870 856
1755880 856
1755890 854
1755900 853
1755910 853
1755920 851
1755930 851
1755940 851
1755950 849
1755960 848
1755970 845
1755980 845
1755990 844
1756000 844
1756010 844
1756020 846
1756030 845
1756040 845
1756050 841
1756060 838
1756070 838
1756080 836
1756090 834
1756100 834
1756110 833
1756120 832
1756130 832
1756140 830
1756150 829
1756160 829
1756170 827
1756180 826
1756190 826
1756200 825
1756210 823
1756220 823
1756230 823
1756240 822
1756250 821
1756260 821
1756270 820
1756280 819
1756290 819
1756300 818
1756310 817
1756320 817
1756330 815
1756340 814
1756350 814
1756360 812
1756370 810
1756380 810
1756390 809
1756400 808
1756410 808
1756420 807
1756430 806
1756440 806
1756450 805
1756460 804
1756470 804
1756480 803
1756490 802
1756500 801
1756510 801
1756520 801
1756530 799
1756540 799
1756550 798
1756560 798
1756570 798
1756580 798
1756590 798
1756600 798
1756610 797
1756620 796
1756630 796
1756640 795
1756650 793
1756660 793
1756670 793
1756680 792
1756690 792
1756700 791
1756710 789
1756720 789
1756730 787
1756740 785
1756750 785
1756760 783
1756770 782
1756780 780
1756790 780
1756800 778
1756810 777
1756820 777
1756830 775
1756840 774
1756850 774
1756860 773
1756870 772
1756880 772
1756890 771
1756900 769
1756910 769
1756920 767
1756930 766
1756940 766
1756950 764
1756960 761
1756970 761
1756980 756
1756990 753
1757000 753
1757010 753
1757020 753
1757030 753
1757040 753
1757050 753
1757060 752
1757070 752
1757080 752
1757090 752
1757100 752
1757110 752
1757120 752
1757130 752
1757140 752
1757150 752
1757160 752
1757170 751
1757180 750
1757190 750
1757200 751
1757210 750
1757220 750
1757230 750
1757240 749
1757250 749
1757260 751
1757270 750
1757280 750
1757290 748
1757300 747
1757310 747
1757320 747
1757330 745
1757340 743
1757350 743
1757360 742
1757370 740
1757380 740
1757390 738
1757400 736
1757410 736
1757420 734
1757430 733
1757440 733
1757450 731
1757460 729
1757470 729
1757480 728
1757490 726
1757500 726
1757510 724
1757520 723
1757530 723
1757540 722
1757550 718
1757560 717
1757570 717
1757580 716
1757590 714
1757600 714
1757610 713
1757620 711
1757630 711
1757640 710
1757650 708
1757660 708
1757670 707
1757680 706
1757690 706
1757700 704
1757710 701
1757720 701
1757730 700
1757740 698
1757750 698
1757760 696
1757770 695
1757780 695
1757790 694
1757800 693
1757810 693
1757820 692
1757830 690
1757840 689
1757850 689
1757860 688
1757870 687
1757880 687
1757890 685
1757900 684
1757910 684
1757920 683
1757930 682
1757940 682
1757950 681
1757960 680
1757970 680
1757980 679
1757990 677
1758000 677
1758010 676
1758020 674
1758030 674
1758040 673
1758050 671
1758060 671
1758070 670
1758080 668
1758090 667
1758100 667
1758110 665
1758120 663
1758130 663
1758140 661
1758150 657
1758160 657
1758170 655
1758180 654
1758190 654
1758200 654
1758210 654
1758220 654
1758230 654
1758240 654
1758250 654
1758260 653
1758270 653
1758280 653
1758290 652
1758300 651
1758310 651
1758320 650
1758330 649
1758340 649
1758350 648
1758360 647
1758370 646
1758380 646
1758390 646
1758400 645
1758410 645
1758420 644
1758430 643
1758440 643
1758450 642
1758460 642
1758470 642
1758480 641
1758490 640
1758500 640
1758510 639
1758520 638
1758530 638
1758540 637
1758550 636
1758560 636
1758570 636
1758580 634
1758590 634
1758600 633
1758610 632
1758620 632
1758630 632
1758640 631
1758650 630
1758660 630
1758670 630
1758680 629
1758690 629
1758700 629
1758710 629
1758720 629
1758730 628
1758740 628
1758750 628
1758760 627
1758770 626
1758780 626
1758790 626
1758800 625
1758810 625
1758820 624
1758830 624
1758840 624
1758850 621
1758860 621
1758870 621
1758880 620
1758890 619
1758900 618
1758910 618
1758920 618
1758930 617
1758940 617
1758950 617
1758960 616
1758970 616
1758980 616
1758990 614
1759000 614
1759010 613
1759020 612
1759030 612
1759040 611
1759050 610
1759060 610
1759070 608
1759080 607
1759090 607
1759100 606
1759110 605
1759120 605
1759130 604
1759140 604
1759150 603
1759160 603
1759170 602
1759180 601
1759190 601
1759200 600
1759210 599
1759220 599
1759230 598
1759240 598
1759250 598
1759260 597
1759270 596
1759280 596
1759290 594
1759300 593
1759310 593
1759320 592
1759330 590
1759340 590
1759350 589
1759360 588
1759370 588
1759380 587
1759390 587
1759400 587
1759410 585
1759420 584
1759430 583
1759440 583
1759450 582
1759460 580
1759470 580
1759480 579
1759490 578
1759500 578
1759510 577
1759520 576
1759530 576
1759540 575
1759550 573
1759560 573
1759570 572
1759580 571
1759590 571
1759600 569
1759610 567
1759620 567
1759630 566
1759640 565
1759650 565
1759660 564
1759670 561
1759680 561
1759690 561
1759700 559
1759710 558
1759720 558
1759730 557
1759740 557
1759750 557
1759760 556
1759770 556
1759780 556
1759790 555
1759800 553
1759810 553
1759820 551
1759830 548
1759840 548
1759850 547
1759860 547
1759870 547
1759880 546
1759890 545
1759900 545
1759910 543
1759920 542
1759930 542
1759940 540
1759950 537
1759960 536
1759970 536
1759980 534
1759990 532
