1740000 740
1740010 740
1740020 738
1740030 737
1740040 737
1740050 737
1740060 735
1740070 735
1740080 733
1740090 732
1740100 732
1740110 732
1740120 731
1740130 730
1740140 730
1740150 729
1740160 728
1740170 728
1740180 727
1740190 726
1740200 726
1740210 726
1740220 724
1740230 724
1740240 723
1740250 724
1740260 724
1740270 723
1740280 722
1740290 722
1740300 722
1740310 722
1740320 722
1740330 722
1740340 721
1740350 721
1740360 719
1740370 718
1740380 715
1740390 715
1740400 712
1740410 709
1740420 709
1740430 707
1740440 707
1740450 707
1740460 707
1740470 707
1740480 707
1740490 708
1740500 710
1740510 710
1740520 719
1740530 719
1740540 719
1740550 720
1740560 722
1740570 722
1740580 720
1740590 722
1740600 722
1740610 723
1740620 722
1740630 722
1740640 721
1740650 715
1740660 710
1740670 710
1740680 709
1740690 709
1740700 709
1740710 710
1740720 709
1740730 709
1740740 708
1740750 707
1740760 707
1740770 703
1740780 698
1740790 698
1740800 693
1740810 687
1740820 687
1740830 679
1740840 672
1740850 672
1740860 664
1740870 660
1740880 660
1740890 656
1740900 655
1740910 655
1740920 655
1740930 655
1740940 656
1740950 656
1740960 659
1740970 661
1740980 661
1740990 662
1741000 662
1741010 662
1741020 662
1741030 660
1741040 660
1741050 654
1741060 647
1741070 647
1741080 647
1741090 645
1741100 645
1741110 646
1741120 648
1741130 648
1741140 650
1741150 651
1741160 651
1741170 652
1741180 653
1741190 653
1741200 653
1741210 652
1741220 655
1741230 655
1741240 658
1741250 662
1741260 662
1741270 667
1741280 672
1741290 672
1741300 673
1741310 680
1741320 680
1741330 685
1741340 691
1741350 691
1741360 695
1741370 702
1741380 702
1741390 707
1741400 713
1741410 713
1741420 718
1741430 723
1741440 723
1741450 727
1741460 731
1741470 736
1741480 736
1741490 741
1741500 745
1741510 745
1741520 747
1741530 748
1741540 748
1741550 748
1741560 746
1741570 746
1741580 744
1741590 737
1741600 737
1741610 739
1741620 746
1741630 746
1741640 746
1741650 748
1741660 748
1741670 750
1741680 751
1741690 751
1741700 752
1741710 754
1741720 754
1741730 756
1741740 759
1741750 763
1741760 763
1741770 765
1741780 765
1741790 765
1741800 761
1741810 758
1741820 758
1741830 755
1741840 750
1741850 750
1741860 753
1741870 762
1741880 762
1741890 768
1741900 773
1741910 773
1741920 777
1741930 781
1741940 781
1741950 783
1741960 784
1741970 784
1741980 783
1741990 780
1742000 780
1742010 779
1742020 777
1742030 781
1742040 781
1742050 784
1742060 786
1742070 786
1742080 786
1742090 786
1742100 786
1742110 787
1742120 788
1742130 788
1742140 789
1742150 792
1742160 792
1742170 793
1742180 797
1742190 797
1742200 799
1742210 802
1742220 802
1742230 804
1742240 808
1742250 808
1742260 813
1742270 817
1742280 824
1742290 824
1742300 828
1742310 835
1742320 835
1742330 841
1742340 847
1742350 847
1742360 852
1742370 856
1742380 856
1742390 861
1742400 865
1742410 865
1742420 869
1742430 874
1742440 874
1742450 878
1742460 882
1742470 882
1742480 885
1742490 882
1742500 882
1742510 878
1742520 877
1742530 877
1742540 877
1742550 877
1742560 877
1742570 877
1742580 877
1742590 876
1742600 876
1742610 876
1742620 876
1742630 876
1742640 876
1742650 876
1742660 876
1742670 877
1742680 878
1742690 878
1742700 878
1742710 878
1742720 878
1742730 881
1742740 883
1742750 883
1742760 886
1742770 887
1742780 887
1742790 887
1742800 886
1742810 886
1742820 885
1742830 880
1742840 881
1742850 881
1742860 889
1742870 891
1742880 891
1742890 893
1742900 895
1742910 895
1742920 896
1742930 897
1742940 897
1742950 899
1742960 900
1742970 900
1742980 902
1742990 904
1743000 904
1743010 905
1743020 907
1743030 907
1743040 908
1743050 909
1743060 909
1743070 910
1743080 911
1743090 911
1743100 911
1743110 909
1743120 906
1743130 906
1743140 901
1743150 896
1743160 896
1743170 891
1743180 886
1743190 886
1743200 882
1743210 878
1743220 878
1743230 874
1743240 870
1743250 870
1743260 866
1743270 862
1743280 862
1743290 858
1743300 854
1743310 854
1743320 849
1743330 845
1743340 845
1743350 841
1743360 836
1743370 831
1743380 831
1743390 826
1743400 821
1743410 821
1743420 818
1743430 812
1743440 812
1743450 809
1743460 805
1743470 805
1743480 801
1743490 798
1743500 798
1743510 793
1743520 791
1743530 791
1743540 787
1743550 784
1743560 784
1743570 779
1743580 775
1743590 775
1743600 771
1743610 767
1743620 767
1743630 764
1743640 760
1743650 757
1743660 757
1743670 754
1743680 751
1743690 751
1743700 749
1743710 744
1743720 744
1743730 742
1743740 739
1743750 739
1743760 737
1743770 734
1743780 734
1743790 731
1743800 729
1743810 729
1743820 725
1743830 719
1743840 719
1743850 714
1743860 712
1743870 712
1743880 715
1743890 714
1743900 714
1743910 713
1743920 712
1743930 711
1743940 711
1743950 712
1743960 713
1743970 713
1743980 714
1743990 715
1744000 715
1744010 713
1744020 708
1744030 708
1744040 701
1744050 705
1744060 705
1744070 712
1744080 717
1744090 717
1744100 721
1744110 723
1744120 723
1744130 721
1744140 720
1744150 720
1744160 713
1744170 713
1744180 713
1744190 722
1744200 724
1744210 727
1744220 727
1744230 730
1744240 734
1744250 734
1744260 737
1744270 741
1744280 741
1744290 744
1744300 747
1744310 747
1744320 749
1744330 751
1744340 751
1744350 754
1744360 756
1744370 756
1744380 758
1744390 760
1744400 760
1744410 762
1744420 764
1744430 764
1744440 766
1744450 767
1744460 769
1744470 769
1744480 770
1744490 771
1744500 771
1744510 772
1744520 774
1744530 774
1744540 776
1744550 778
1744560 778
1744570 778
1744580 779
1744590 779
1744600 779
1744610 778
1744620 778
1744630 778
1744640 777
1744650 777
1744660 775
1744670 771
1744680 771
1744690 767
1744700 762
1744710 762
1744720 759
1744730 755
1744740 751
1744750 751
1744760 747
1744770 744
1744780 744
1744790 742
1744800 740
1744810 740
1744820 739
1744830 737
1744840 737
1744850 735
1744860 733
1744870 733
1744880 729
1744890 727
1744900 727
1744910 725
1744920 723
1744930 723
1744940 721
1744950 719
1744960 719
1744970 717
1744980 715
1744990 715
1745000 713
1745010 711
1745020 709
1745030 709
1745040 707
1745050 704
1745060 704
1745070 702
1745080 700
1745090 700
1745100 698
1745110 696
1745120 696
1745130 694
1745140 692
1745150 692
1745160 690
1745170 688
1745180 688
1745190 686
1745200 684
1745210 684
1745220 682
1745230 678
1745240 678
1745250 674
1745260 668
1745270 668
1745280 664
1745290 662
1745300 660
1745310 660
1745320 661
1745330 663
1745340 663
1745350 664
1745360 665
1745370 665
1745380 667
1745390 669
1745400 669
1745410 670
1745420 671
1745430 671
1745440 671
1745450 669
1745460 669
1745470 666
1745480 661
1745490 661
1745500 658
1745510 655
1745520 655
1745530 653
1745540 650
1745550 650
1745560 649
1745570 642
1745580 628
1745590 628
1745600 622
1745610 618
1745620 618
1745630 614
1745640 609
1745650 609
1745660 604
1745670 599
1745680 599
1745690 595
1745700 590
1745710 590
1745720 585
1745730 577
1745740 577
1745750 568
1745760 560
1745770 560
1745780 553
1745790 548
1745800 548
1745810 547
1745820 547
1745830 555
1745840 555
1745850 561
1745860 567
1745870 567
1745880 572
1745890 580
1745900 580
1745910 587
1745920 592
1745930 592
1745940 597
1745950 601
1745960 601
1745970 606
1745980 611
1745990 611
1746000 617
1746010 621
1746020 621
1746030 623
1746040 625
1746050 625
1746060 627
1746070 630
1746080 630
1746090 633
1746100 635
1746110 636
1746120 636
1746130 637
1746140 639
1746150 639
1746160 641
1746170 642
1746180 642
1746190 643
1746200 643
1746210 643
1746220 643
1746230 641
1746240 641
1746250 640
1746260 637
1746270 637
1746280 634
1746290 632
1746300 632
1746310 629
1746320 623
1746330 623
1746340 619
1746350 614
1746360 614
1746370 610
1746380 605
1746390 601
1746400 601
1746410 594
1746420 592
1746430 592
1746440 589
1746450 586
1746460 586
1746470 583
1746480 579
1746490 579
1746500 577
1746510 574
1746520 574
1746530 573
1746540 569
1746550 569
1746560 567
1746570 562
1746580 562
1746590 557
1746600 552
1746610 552
1746620 548
1746630 544
1746640 544
1746650 542
1746660 540
1746670 538
1746680 538
1746690 537
1746700 535
1746710 535
1746720 534
1746730 532
1746740 532
1746750 531
1746760 530
1746770 530
1746780 529
1746790 528
1746800 528
1746810 527
1746820 526
1746830 526
1746840 525
1746850 524
1746860 524
1746870 523
1746880 523
1746890 523
1746900 522
1746910 518
1746920 518
1746930 518
1746940 522
1746950 524
1746960 524
1746970 526
1746980 528
1746990 528
1747000 529
1747010 535
1747020 535
1747030 537
1747040 540
1747050 540
1747060 543
1747070 546
1747080 546
1747090 550
1747100 554
1747110 554
1747120 558
1747130 562
1747140 562
1747150 565
1747160 568
1747170 568
1747180 570
1747190 574
1747200 578
1747210 578
1747220 583
1747230 588
1747240 588
1747250 593
1747260 598
1747270 598
1747280 603
1747290 608
1747300 608
1747310 613
1747320 618
1747330 618
1747340 624
1747350 628
1747360 628
1747370 633
1747380 638
1747390 638
1747400 643
1747410 648
1747420 644
1747430 649
1747440 653
1747450 653
1747460 656
1747470 659
1747480 662
1747490 662
1747500 665
1747510 669
1747520 669
1747530 672
1747540 676
1747550 676
1747560 679
1747570 682
1747580 682
1747590 686
1747600 689
1747610 689
1747620 692
1747630 694
1747640 694
1747650 696
1747660 698
1747670 698
1747680 700
1747690 703
1747700 703
1747710 705
1747720 708
1747730 708
1747740 710
1747750 711
1747760 713
1747770 713
1747780 715
1747790 715
1747800 715
1747810 718
1747820 720
1747830 720
1747840 723
1747850 726
1747860 726
1747870 729
1747880 732
1747890 732
1747900 735
1747910 739
1747920 739
1747930 743
1747940 747
1747950 747
1747960 751
1747970 753
1747980 753
1747990 756
1748000 759
1748010 761
1748020 761
1748030 764
1748040 766
1748050 766
1748060 769
1748070 772
1748080 772
1748090 775
1748100 778
1748110 778
1748120 780
1748130 784
1748140 784
1748150 786
1748160 789
1748170 789
1748180 791
1748190 794
1748200 794
1748210 797
1748220 800
1748230 800
1748240 804
1748250 807
1748260 807
1748270 809
1748280 811
1748290 813
1748300 813
1748310 815
1748320 817
1748330 817
1748340 819
1748350 822
1748360 822
1748370 823
1748380 825
1748390 825
1748400 828
1748410 830
1748420 830
1748430 834
1748440 835
1748450 835
1748460 837
1748470 839
1748480 839
1748490 841
1748500 843
1748510 843
1748520 846
1748530 850
1748540 850
1748550 853
1748560 856
1748570 859
1748580 859
1748590 862
1748600 865
1748610 865
1748620 868
1748630 872
1748640 872
1748650 874
1748660 876
1748670 876
1748680 878
1748690 880
1748700 880
1748710 882
1748720 884
1748730 884
1748740 885
1748750 886
1748760 886
1748770 888
1748780 889
1748790 889
1748800 890
1748810 891
1748820 891
1748830 893
1748840 894
1748850 896
1748860 896
1748870 898
1748880 900
1748890 900
1748900 900
1748910 901
1748920 901
1748930 902
1748940 903
1748950 903
1748960 904
1748970 905
1748980 905
1748990 907
1749000 909
1749010 909
1749020 911
1749030 913
1749040 913
1749050 913
1749060 915
1749070 915
1749080 917
1749090 918
1749100 918
1749110 920
1749120 922
1749130 923
1749140 923
1749150 925
1749160 926
1749170 926
1749180 928
1749190 930
1749200 930
1749210 931
1749220 933
1749230 933
1749240 934
1749250 936
1749260 936
1749270 938
1749280 940
1749290 940
1749300 943
1749310 945
1749320 945
1749330 947
1749340 948
1749350 948
1749360 950
1749370 952
1749380 954
1749390 954
1749400 955
1749410 957
1749420 957
1749430 959
1749440 961
1749450 961
1749460 963
1749470 965
1749480 965
1749490 966
1749500 970
1749510 970
1749520 969
1749530 970
1749540 970
1749550 969
1749560 968
1749570 968
1749580 967
1749590 966
1749600 966
1749610 965
1749620 965
1749630 965
1749640 965
1749650 965
1749660 965
1749670 965
1749680 964
1749690 964
1749700 964
1749710 963
1749720 961
1749730 961
1749740 961
1749750 961
1749760 961
1749770 961
1749780 961
1749790 961
1749800 961
1749810 960
1749820 960
1749830 959
1749840 959
1749850 959
1749860 959
1749870 959
1749880 959
1749890 958
1749900 959
1749910 959
1749920 959
1749930 958
1749940 957
1749950 957
1749960 957
1749970 957
1749980 957
1749990 957
1750000 956
1750010 956
1750020 955
1750030 954
1750040 954
1750050 953
1750060 953
1750070 953
1750080 952
1750090 951
1750100 951
1750110 949
1750120 948
1750130 948
1750140 946
1750150 945
1750160 945
1750170 943
1750180 942
1750190 942
1750200 940
1750210 938
1750220 936
1750230 936
1750240 934
1750250 932
1750260 932
1750270 930
1750280 929
1750290 929
1750300 927
1750310 925
1750320 925
1750330 923
1750340 920
1750350 920
1750360 917
1750370 914
1750380 914
1750390 910
1750400 907
1750410 907
1750420 903
1750430 900
1750440 900
1750450 900
1750460 903
1750470 908
1750480 908
1750490 913
1750500 918
1750510 918
1750520 922
1750530 926
1750540 926
1750550 930
1750560 933
1750570 933
1750580 937
1750590 940
1750600 940
1750610 943
1750620 945
1750630 945
1750640 945
1750650 945
1750660 945
1750670 945
1750680 945
1750690 945
1750700 944
1750710 943
1750720 943
1750730 941
1750740 940
1750750 940
1750760 940
1750770 939
1750780 940
1750790 940
1750800 942
1750810 943
1750820 943
1750830 945
1750840 947
1750850 947
1750860 950
1750870 953
1750880 953
1750890 957
1750900 961
1750910 961
1750920 965
1750930 969
1750940 969
1750950 971
1750960 973
1750970 973
1750980 975
1750990 977
1751000 977
1751010 979
1751020 982
1751030 984
1751040 984
1751050 986
1751060 990
1751070 990
1751080 992
1751090 995
1751100 995
1751110 996
1751120 999
1751130 999
1751140 1002
1751150 1004
1751160 1004
1751170 1006
1751180 1008
1751190 1008
1751200 1011
1751210 1013
1751220 1013
1751230 1015
1751240 1017
1751250 1017
1751260 1019
1751270 1022
1751280 1022
1751290 1024
1751300 1026
1751310 1028
1751320 1028
1751330 1030
1751340 1033
1751350 1033
1751360 1034
1751370 1036
1751380 1036
1751390 1037
1751400 1039
1751410 1039
1751420 1040
1751430 1042
1751440 1042
1751450 1043
1751460 1045
1751470 1045
1751480 1046
1751490 1048
1751500 1048
1751510 1049
1751520 1050
1751530 1050
1751540 1051
1751550 1051
1751560 1049
1751570 1049
1751580 1046
1751590 1045
1751600 1045
1751610 1043
1751620 1041
1751630 1041
1751640 1039
1751650 1037
1751660 1037
1751670 1035
1751680 1032
1751690 1032
1751700 1029
1751710 1027
1751720 1027
1751730 1025
1751740 1022
1751750 1022
1751760 1020
1751770 1017
1751780 1017
1751790 1014
1751800 1010
1751810 1010
1751820 1007
1751830 1004
1751840 1002
1751850 1002
1751860 999
1751870 997
1751880 997
1751890 994
1751900 991
1751910 991
1751920 989
1751930 986
1751940 986
1751950 983
1751960 979
1751970 979
1751980 974
1751990 973
1752000 973
1752010 971
1752020 970
1752030 970
1752040 966
1752050 963
1752060 963
1752070 959
1752080 955
1752090 955
1752100 953
1752110 950
1752120 947
1752130 947
1752140 944
1752150 941
1752160 941
1752170 937
1752180 931
1752190 931
1752200 927
1752210 925
1752220 925
1752230 922
1752240 919
1752250 919
1752260 916
1752270 914
1752280 914
1752290 912
1752300 909
1752310 909
1752320 907
1752330 903
1752340 903
1752350 901
1752360 898
1752370 898
1752380 894
1752390 890
1752400 885
1752410 885
1752420 881
1752430 877
1752440 877
1752450 873
1752460 869
1752470 869
1752480 865
1752490 862
1752500 862
1752510 858
1752520 856
1752530 856
1752540 852
1752550 848
1752560 848
1752570 847
1752580 845
1752590 845
1752600 842
1752610 840
1752620 840
1752630 838
1752640 837
1752650 836
1752660 836
1752670 836
1752680 834
1752690 834
1752700 834
1752710 832
1752720 832
1752730 831
1752740 829
1752750 829
1752760 827
1752770 824
1752780 824
1752790 821
1752800 819
1752810 819
1752820 818
1752830 817
1752840 817
1752850 816
1752860 815
1752870 815
1752880 813
1752890 812
1752900 812
1752910 811
1752920 809
1752930 805
1752940 805
1752950 800
1752960 796
1752970 796
1752980 796
1752990 794
1753000 794
1753010 794
1753020 793
1753030 793
1753040 792
1753050 792
1753060 792
1753070 792
1753080 791
1753090 791
1753100 791
1753110 791
1753120 791
1753130 791
1753140 791
1753150 791
1753160 791
1753170 791
1753180 791
1753190 792
1753200 793
1753210 793
1753220 793
1753230 793
1753240 792
1753250 792
1753260 792
1753270 791
1753280 791
1753290 791
1753300 790
1753310 790
1753320 790
1753330 789
1753340 789
1753350 788
1753360 787
1753370 787
1753380 785
1753390 785
1753400 785
1753410 785
1753420 783
1753430 783
1753440 783
1753450 781
1753460 781
1753470 780
1753480 780
1753490 779
1753500 779
1753510 778
1753520 777
1753530 777
1753540 775
1753550 774
1753560 774
1753570 772
1753580 771
1753590 771
1753600 770
1753610 768
1753620 768
1753630 766
1753640 765
1753650 765
1753660 763
1753670 763
1753680 763
1753690 762
1753700 761
1753710 761
1753720 759
1753730 758
1753740 758
1753750 754
1753760 753
1753770 752
1753780 752
1753790 751
1753800 750
1753810 750
1753820 751
1753830 752
1753840 752
1753850 752
1753860 752
1753870 752
1753880 753
1753890 754
1753900 754
1753910 755
1753920 755
1753930 755
1753940 755
1753950 756
1753960 756
1753970 755
1753980 755
1753990 755
1754000 755
1754010 754
1754020 754
1754030 754
1754040 754
1754050 754
1754060 754
1754070 754
1754080 754
1754090 754
1754100 754
1754110 754
1754120 754
1754130 754
1754140 753
1754150 753
1754160 753
1754170 752
1754180 752
1754190 751
1754200 751
1754210 751
1754220 751
1754230 751
1754240 751
1754250 750
1754260 750
1754270 750
1754280 750
1754290 749
1754300 749
1754310 749
1754320 748
1754330 748
1754340 748
1754350 748
1754360 747
1754370 747
1754380 747
1754390 747
1754400 747
1754410 746
1754420 746
1754430 746
1754440 745
1754450 745
1754460 745
1754470 743
1754480 743
1754490 743
1754500 742
1754510 743
1754520 743
1754530 743
1754540 743
1754550 743
1754560 743
1754570 742
1754580 742
1754590 742
1754600 741
1754610 740
1754620 740
1754630 740
1754640 740
1754650 740
1754660 739
1754670 738
1754680 738
1754690 737
1754700 736
1754710 736
1754720 733
1754730 732
1754740 732
1754750 732
1754760 732
1754770 732
1754780 731
1754790 731
1754800 731
1754810 730
1754820 730
1754830 730
1754840 729
1754850 728
1754860 727
1754870 727
1754880 727
1754890 727
1754900 727
1754910 725
1754920 725
1754930 725
1754940 725
1754950 724
1754960 724
1754970 724
1754980 724
1754990 724
1755000 723
1755010 723
1755020 723
1755030 722
1755040 722
1755050 722
1755060 721
1755070 721
1755080 721
1755090 721
1755100 720
1755110 720
1755120 720
1755130 720
1755140 720
1755150 720
1755160 720
1755170 720
1755180 720
1755190 720
1755200 721
1755210 721
1755220 721
1755230 721
1755240 721
1755250 721
1755260 721
1755270 721
1755280 722
1755290 721
1755300 721
1755310 720
1755320 718
1755330 718
1755340 716
1755350 714
1755360 714
1755370 712
1755380 710
1755390 707
1755400 707
1755410 704
1755420 700
1755430 700
1755440 698
1755450 695
1755460 695
1755470 693
1755480 692
1755490 692
1755500 690
1755510 688
1755520 688
1755530 684
1755540 681
1755550 681
1755560 677
1755570 673
1755580 673
1755590 670
1755600 666
1755610 666
1755620 663
1755630 661
1755640 661
1755650 659
1755660 659
1755670 657
1755680 657
1755690 655
1755700 652
1755710 652
1755720 649
1755730 646
1755740 646
1755750 643
1755760 637
1755770 637
1755780 631
1755790 635
1755800 635
1755810 637
1755820 640
1755830 640
1755840 642
1755850 644
1755860 644
1755870 645
1755880 646
1755890 646
1755900 647
1755910 648
1755920 648
1755930 650
1755940 651
1755950 653
1755960 653
1755970 654
1755980 655
1755990 655
1756000 656
1756010 656
1756020 656
1756030 656
1756040 656
1756050 656
1756060 656
1756070 656
1756080 656
1756090 656
1756100 655
1756110 655
1756120 654
1756130 654
1756140 654
1756150 653
1756160 652
1756170 652
1756180 652
1756190 652
1756200 652
1756210 652
1756220 651
1756230 651
1756240 651
1756250 650
1756260 649
1756270 649
1756280 648
1756290 647
1756300 647
1756310 647
1756320 646
1756330 646
1756340 645
1756350 644
1756360 644
1756370 643
1756380 642
1756390 642
1756400 641
1756410 639
1756420 639
1756430 638
1756440 636
1756450 636
1756460 635
1756470 634
1756480 632
1756490 632
1756500 630
1756510 629
1756520 629
1756530 628
1756540 627
1756550 627
1756560 625
1756570 625
1756580 625
1756590 624
1756600 622
1756610 622
1756620 621
1756630 619
1756640 619
1756650 618
1756660 616
1756670 616
1756680 613
1756690 611
1756700 611
1756710 610
1756720 609
1756730 608
1756740 605
1756750 604
1756760 608
1756770 608
1756780 608
1756790 607
1756800 607
1756810 606
1756820 604
1756830 604
1756840 601
1756850 603
1756860 603
1756870 605
1756880 605
1756890 605
1756900 605
1756910 604
1756920 604
1756930 604
1756940 603
1756950 603
1756960 603
1756970 603
1756980 603
1756990 602
1757000 602
1757010 602
1757020 601
1757030 599
1757040 597
1757050 597
1757060 596
1757070 595
1757080 595
1757090 595
1757100 593
1757110 593
1757120 593
1757130 592
1757140 592
1757150 590
1757160 589
1757170 589
1757180 587
1757190 587
1757200 587
1757210 587
1757220 586
1757230 586
1757240 585
1757250 584
1757260 584
1757270 583
1757280 581
1757290 581
1757300 578
1757310 576
1757320 573
1757330 573
1757340 570
1757350 566
1757360 566
1757370 564
1757380 562
1757390 562
1757400 560
1757410 559
1757420 559
1757430 558
1757440 557
1757450 557
1757460 556
1757470 556
1757480 556
1757490 555
1757500 554
1757510 554
1757520 553
1757530 553
1757540 553
1757550 552
1757560 551
1757570 550
1757580 550
1757590 543
1757600 549
1757610 549
1757620 548
1757630 548
1757640 548
1757650 547
1757660 547
1757670 547
1757680 546
1757690 545
1757700 545
1757710 544
1757720 544
1757730 544
1757740 544
1757750 545
1757760 545
1757770 545
1757780 545
1757790 545
1757800 544
1757810 544
1757820 544
1757830 544
1757840 543
1757850 543
1757860 543
1757870 541
1757880 541
1757890 541
1757900 540
1757910 539
1757920 539
1757930 538
1757940 537
1757950 537
1757960 537
1757970 536
1757980 536
1757990 535
1758000 534
1758010 534
1758020 533
1758030 532
1758040 532
1758050 531
1758060 530
1758070 530
1758080 529
1758090 528
1758100 528
1758110 528
1758120 528
1758130 526
1758140 526
1758150 526
1758160 526
1758170 526
1758180 524
1758190 522
1758200 522
1758210 521
1758220 520
1758230 520
1758240 517
1758250 518
1758260 518
1758270 525
1758280 526
1758290 526
1758300 526
1758310 527
1758320 527
1758330 528
1758340 527
1758350 527
1758360 526
1758370 525
1758380 525
1758390 525
1758400 524
1758410 522
1758420 522
1758430 521
1758440 520
1758450 520
1758460 518
1758470 517
1758480 517
1758490 515
1758500 514
1758510 514
1758520 513
1758530 512
1758540 512
1758550 510
1758560 510
1758570 510
1758580 508
1758590 507
1758600 507
1758610 507
1758620 506
1758630 506
1758640 504
1758650 502
1758660 500
1758670 500
1758680 499
1758690 497
1758700 497
1758710 496
1758720 495
1758730 495
1758740 494
1758750 493
1758760 493
1758770 492
1758780 491
1758790 491
1758800 491
1758810 491
1758820 491
1758830 490
1758840 490
1758850 490
1758860 489
1758870 487
1758880 487
1758890 489
1758900 490
1758910 490
1758920 489
1758930 489
1758940 489
1758950 489
1758960 488
1758970 489
1758980 489
1758990 489
1759000 489
1759010 489
1759020 489
1759030 489
1759040 489
1759050 489
1759060 489
1759070 489
1759080 489
1759090 489
1759100 489
1759110 489
1759120 489
1759130 489
1759140 489
1759150 489
1759160 489
1759170 489
1759180 489
1759190 489
1759200 490
1759210 490
1759220 490
1759230 490
1759240 491
1759250 491
1759260 491
1759270 492
1759280 492
1759290 492
1759300 493
1759310 494
1759320 494
1759330 494
1759340 495
1759350 495
1759360 496
1759370 497
1759380 497
1759390 497
1759400 498
1759410 498
1759420 498
1759430 499
1759440 499
1759450 500
1759460 500
1759470 500
1759480 501
1759490 501
1759500 502
1759510 502
1759520 502
1759530 503
1759540 503
1759550 503
1759560 503
1759570 503
1759580 504
1759590 504
1759600 504
1759610 504
1759620 504
1759630 505
1759640 506
1759650 506
1759660 506
1759670 506
1759680 507
1759690 507
1759700 507
1759710 507
1759720 507
1759730 508
1759740 508
1759750 509
1759760 509
1759770 509
1759780 509
1759790 509
1759800 510
1759810 510
1759820 510
1759830 511
1759840 511
1759850 511
1759860 512
1759870 512
1759880 512
1759890 513
1759900 513
1759910 513
1759920 513
1759930 514
1759940 514
1759950 514
1759960 514
1759970 514
1759980 514
1759990 514
