1740000 838
1740010 838
1740020 836
1740030 831
1740040 826
1740050 826
1740060 823
1740070 821
1740080 821
1740090 815
1740100 810
1740110 810
1740120 808
1740130 806
1740140 806
1740150 805
1740160 804
1740170 804
1740180 799
1740190 795
1740200 795
1740210 792
1740220 789
1740230 789
1740240 786
1740250 783
1740260 783
1740270 778
1740280 773
1740290 773
1740300 767
1740310 760
1740320 753
1740330 753
1740340 748
1740350 760
1740360 760
1740370 767
1740380 774
1740390 774
1740400 780
1740410 784
1740420 784
1740430 788
1740440 793
1740450 793
1740460 798
1740470 804
1740480 804
1740490 809
1740500 815
1740510 815
1740520 819
1740530 824
1740540 824
1740550 818
1740560 809
1740570 809
1740580 799
1740590 793
1740600 801
1740610 801
1740620 807
1740630 812
1740640 812
1740650 816
1740660 821
1740670 821
1740680 826
1740690 828
1740700 828
1740710 833
1740720 836
1740730 836
1740740 839
1740750 841
1740760 841
1740770 843
1740780 846
1740790 846
1740800 849
1740810 852
1740820 852
1740830 855
1740840 859
1740850 859
1740860 864
1740870 868
1740880 873
1740890 873
1740900 878
1740910 883
1740920 883
1740930 888
1740940 889
1740950 889
1740960 895
1740970 901
1740980 901
1740990 905
1741000 909
1741010 909
1741020 913
1741030 917
1741040 917
1741050 922
1741060 925
1741070 925
1741080 929
1741090 932
1741100 932
1741110 933
1741120 936
1741130 938
1741140 938
1741150 938
1741160 938
1741170 938
1741180 939
1741190 941
1741200 941
1741210 942
1741220 943
1741230 943
1741240 946
1741250 948
1741260 948
1741270 951
1741280 954
1741290 954
1741300 957
1741310 962
1741320 962
1741330 965
1741340 969
1741350 969
1741360 971
1741370 974
1741380 974
1741390 978
1741400 982
1741410 986
1741420 986
1741430 989
1741440 992
1741450 992
1741460 994
1741470 997
1741480 997
1741490 999
1741500 1001
1741510 1001
1741520 1002
1741530 1002
1741540 1002
1741550 1001
1741560 998
1741570 998
1741580 994
1741590 989
1741600 989
1741610 986
1741620 984
1741630 984
1741640 982
1741650 981
1741660 981
1741670 977
1741680 973
1741690 967
1741700 967
1741710 961
1741720 955
1741730 955
1741740 952
1741750 944
1741760 944
1741770 952
1741780 956
1741790 956
1741800 961
1741810 966
1741820 966
1741830 971
1741840 976
1741850 976
1741860 981
1741870 986
1741880 986
1741890 991
1741900 997
1741910 997
1741920 1000
1741930 1004
1741940 1004
1741950 1008
1741960 1012
1741970 1015
1741980 1015
1741990 1018
1742000 1020
1742010 1020
1742020 1024
1742030 1027
1742040 1027
1742050 1030
1742060 1033
1742070 1033
1742080 1036
1742090 1038
1742100 1038
1742110 1041
1742120 1044
1742130 1044
1742140 1046
1742150 1049
1742160 1049
1742170 1052
1742180 1055
1742190 1055
1742200 1058
1742210 1061
1742220 1061
1742230 1064
1742240 1067
1742250 1070
1742260 1070
1742270 1072
1742280 1073
1742290 1073
1742300 1075
1742310 1076
1742320 1076
1742330 1077
1742340 1078
1742350 1078
1742360 1079
1742370 1079
1742380 1079
1742390 1079
1742400 1078
1742410 1078
1742420 1076
1742430 1075
1742440 1075
1742450 1073
1742460 1070
1742470 1070
1742480 1067
1742490 1065
1742500 1065
1742510 1064
1742520 1063
1742530 1063
1742540 1063
1742550 1062
1742560 1059
1742570 1059
1742580 1055
1742590 1052
1742600 1052
1742610 1049
1742620 1046
1742630 1046
1742640 1044
1742650 1040
1742660 1040
1742670 1037
1742680 1035
1742690 1035
1742700 1033
1742710 1032
1742720 1032
1742730 1032
1742740 1032
1742750 1032
1742760 1033
1742770 1033
1742780 1033
1742790 1032
1742800 1031
1742810 1030
1742820 1030
1742830 1029
1742840 1027
1742850 1027
1742860 1025
1742870 1023
1742880 1023
1742890 1019
1742900 1015
1742910 1015
1742920 1011
1742930 1007
1742940 1007
1742950 1003
1742960 1000
1742970 1000
1742980 997
1742990 996
1743000 996
1743010 993
1743020 991
1743030 991
1743040 990
1743050 991
1743060 990
1743070 990
1743080 989
1743090 988
1743100 988
1743110 986
1743120 987
1743130 987
1743140 987
1743150 984
1743160 984
1743170 982
1743180 981
1743190 981
1743200 981
1743210 981
1743220 981
1743230 981
1743240 981
1743250 981
1743260 980
1743270 979
1743280 979
1743290 977
1743300 975
1743310 975
1743320 972
1743330 970
1743340 966
1743350 966
1743360 964
1743370 960
1743380 960
1743390 958
1743400 957
1743410 957
1743420 956
1743430 955
1743440 955
1743450 954
1743460 953
1743470 953
1743480 952
1743490 951
1743500 951
1743510 950
1743520 949
1743530 949
1743540 948
1743550 948
1743560 948
1743570 947
1743580 944
1743590 944
1743600 942
1743610 939
1743620 936
1743630 936
1743640 934
1743650 932
1743660 932
1743670 930
1743680 929
1743690 929
1743700 927
1743710 926
1743720 926
1743730 924
1743740 922
1743750 922
1743760 921
1743770 920
1743780 920
1743790 920
1743800 920
1743810 920
1743820 920
1743830 920
1743840 920
1743850 921
1743860 922
1743870 922
1743880 923
1743890 923
1743900 924
1743910 924
1743920 924
1743930 925
1743940 925
1743950 924
1743960 925
1743970 925
1743980 925
1743990 923
1744000 923
1744010 920
1744020 917
1744030 911
1744040 908
1744050 906
1744060 906
1744070 904
1744080 902
1744090 902
1744100 900
1744110 899
1744120 899
1744130 897
1744140 896
1744150 896
1744160 894
1744170 891
1744180 888
1744190 888
1744200 885
1744210 880
1744220 880
1744230 877
1744240 874
1744250 874
1744260 870
1744270 866
1744280 866
1744290 864
1744300 861
1744310 861
1744320 859
1744330 857
1744340 857
1744350 854
1744360 852
1744370 852
1744380 850
1744390 847
1744400 847
1744410 844
1744420 843
1744430 843
1744440 840
1744450 838
1744460 835
1744470 835
1744480 833
1744490 831
1744500 831
1744510 829
1744520 828
1744530 828
1744540 826
1744550 824
1744560 824
1744570 820
1744580 817
1744590 817
1744600 814
1744610 810
1744620 810
1744630 806
1744640 804
1744650 804
1744660 801
1744670 795
1744680 795
1744690 789
1744700 783
1744710 783
1744720 778
1744730 774
1744740 770
1744750 770
1744760 765
1744770 760
1744780 760
1744790 756
1744800 753
1744810 753
1744820 749
1744830 744
1744840 744
1744850 742
1744860 742
1744870 742
1744880 735
1744890 738
1744900 738
1744910 735
1744920 733
1744930 733
1744940 733
1744950 735
1744960 735
1744970 734
1744980 731
1744990 728
1745000 728
1745010 726
1745020 724
1745030 724
1745040 724
1745050 723
1745060 723
1745070 722
1745080 718
1745090 718
1745100 714
1745110 709
1745120 709
1745130 704
1745140 700
1745150 700
1745160 695
1745170 692
1745180 692
1745190 688
1745200 684
1745210 684
1745220 681
1745230 677
1745240 677
1745250 671
1745260 666
1745270 661
1745280 661
1745290 656
1745300 652
1745310 652
1745320 647
1745330 641
1745340 641
1745350 636
1745360 629
1745370 629
1745380 625
1745390 624
1745400 624
1745410 624
1745420 626
1745430 626
1745440 629
1745450 636
1745460 636
1745470 641
1745480 644
1745490 644
1745500 645
1745510 641
1745520 641
1745530 639
1745540 644
1745550 649
1745560 649
1745570 652
1745580 657
1745590 657
1745600 662
1745610 667
1745620 667
1745630 670
1745640 675
1745650 675
1745660 678
1745670 681
1745680 681
1745690 684
1745700 686
1745710 686
1745720 690
1745730 693
1745740 693
1745750 696
1745760 697
1745770 697
1745780 698
1745790 698
1745800 698
1745810 697
1745820 696
1745830 695
1745840 695
1745850 694
1745860 692
1745870 692
1745880 691
1745890 689
1745900 689
1745910 687
1745920 685
1745930 685
1745940 682
1745950 680
1745960 680
1745970 678
1745980 675
1745990 675
1746000 673
1746010 670
1746020 670
1746030 667
1746040 664
1746050 664
1746060 661
1746070 658
1746080 658
1746090 656
1746100 654
1746110 652
1746120 652
1746130 651
1746140 648
1746150 648
1746160 647
1746170 645
1746180 645
1746190 643
1746200 640
1746210 640
1746220 638
1746230 636
1746240 636
1746250 635
1746260 633
1746270 633
1746280 631
1746290 629
1746300 629
1746310 628
1746320 630
1746330 630
1746340 627
1746350 627
1746360 627
1746370 629
1746380 629
1746390 630
1746400 630
1746410 630
1746420 631
1746430 631
1746440 631
1746450 632
1746460 632
1746470 632
1746480 633
1746490 633
1746500 634
1746510 634
1746520 634
1746530 635
1746540 636
1746550 636
1746560 637
1746570 638
1746580 638
1746590 639
1746600 640
1746610 640
1746620 640
1746630 641
1746640 641
1746650 642
1746660 643
1746670 644
1746680 644
1746690 645
1746700 647
1746710 647
1746720 648
1746730 649
1746740 649
1746750 649
1746760 648
1746770 648
1746780 647
1746790 648
1746800 648
1746810 645
1746820 644
1746830 644
1746840 642
1746850 639
1746860 639
1746870 636
1746880 633
1746890 633
1746900 631
1746910 627
1746920 627
1746930 622
1746940 619
1746950 617
1746960 617
1746970 615
1746980 613
1746990 613
1747000 611
1747010 610
1747020 610
1747030 607
1747040 605
1747050 605
1747060 601
1747070 596
1747080 596
1747090 592
1747100 586
1747110 586
1747120 581
1747130 575
1747140 575
1747150 570
1747160 565
1747170 565
1747180 559
1747190 552
1747200 547
1747210 547
1747220 543
1747230 538
1747240 538
1747250 535
1747260 532
1747270 532
1747280 528
1747290 528
1747300 528
1747310 526
1747320 525
1747330 525
1747340 526
1747350 529
1747360 529
1747370 536
1747380 544
1747390 544
1747400 545
1747410 556
1747420 556
1747430 562
1747440 569
1747450 569
1747460 574
1747470 580
1747480 586
1747490 586
1747500 592
1747510 598
1747520 598
1747530 603
1747540 609
1747550 609
1747560 615
1747570 619
1747580 619
1747590 628
1747600 632
1747610 632
1747620 632
1747630 630
1747640 630
1747650 633
1747660 640
1747670 640
1747680 649
1747690 656
1747700 656
1747710 659
1747720 663
1747730 663
1747740 665
1747750 668
1747760 673
1747770 673
1747780 676
1747790 679
1747800 679
1747810 682
1747820 685
1747830 685
1747840 689
1747850 692
1747860 692
1747870 696
1747880 700
1747890 700
1747900 706
1747910 713
1747920 713
1747930 718
1747940 722
1747950 722
1747960 726
1747970 730
1747980 730
1747990 734
1748000 737
1748010 737
1748020 740
1748030 743
1748040 745
1748050 745
1748060 748
1748070 750
1748080 750
1748090 753
1748100 755
1748110 755
1748120 758
1748130 760
1748140 760
1748150 762
1748160 764
1748170 764
1748180 766
1748190 769
1748200 769
1748210 772
1748220 774
1748230 774
1748240 777
1748250 780
1748260 780
1748270 782
1748280 785
1748290 785
1748300 787
1748310 790
1748320 792
1748330 792
1748340 795
1748350 798
1748360 798
1748370 800
1748380 803
1748390 803
1748400 805
1748410 807
1748420 807
1748430 810
1748440 812
1748450 812
1748460 814
1748470 815
1748480 815
1748490 817
1748500 818
1748510 818
1748520 820
1748530 822
1748540 822
1748550 824
1748560 825
1748570 825
1748580 827
1748590 828
1748600 830
1748610 830
1748620 831
1748630 831
1748640 831
1748650 832
1748660 832
1748670 832
1748680 831
1748690 831
1748700 831
1748710 830
1748720 829
1748730 829
1748740 828
1748750 828
1748760 828
1748770 827
1748780 827
1748790 827
1748800 827
1748810 827
1748820 827
1748830 826
1748840 826
1748850 826
1748860 826
1748870 825
1748880 825
1748890 825
1748900 824
1748910 824
1748920 824
1748930 823
1748940 823
1748950 823
1748960 822
1748970 822
1748980 822
1748990 821
1749000 820
1749010 820
1749020 819
1749030 817
1749040 817
1749050 816
1749060 815
1749070 815
1749080 813
1749090 812
1749100 812
1749110 811
1749120 810
1749130 809
1749140 809
1749150 809
1749160 808
1749170 808
1749180 808
1749190 808
1749200 808
1749210 808
1749220 808
1749230 808
1749240 807
1749250 806
1749260 806
1749270 806
1749280 805
1749290 805
1749300 804
1749310 803
1749320 803
1749330 801
1749340 799
1749350 799
1749360 796
1749370 792
1749380 792
1749390 788
1749400 785
1749410 781
1749420 781
1749430 777
1749440 774
1749450 774
1749460 771
1749470 765
1749480 765
1749490 761
1749500 755
1749510 755
1749520 748
1749530 743
1749540 743
1749550 743
1749560 740
1749570 740
1749580 738
1749590 734
1749600 734
1749610 732
1749620 728
1749630 728
1749640 726
1749650 726
1749660 726
1749670 729
1749680 731
1749690 736
1749700 736
1749710 742
1749720 748
1749730 748
1749740 752
1749750 757
1749760 757
1749770 764
1749780 770
1749790 770
1749800 777
1749810 780
1749820 780
1749830 784
1749840 787
1749850 787
1749860 790
1749870 792
1749880 792
1749890 794
1749900 794
1749910 794
1749920 794
1749930 793
1749940 793
1749950 793
1749960 792
1749970 791
1749980 791
1749990 790
1750000 788
1750010 788
1750020 786
1750030 785
1750040 785
1750050 784
1750060 782
1750070 782
1750080 781
1750090 780
1750100 780
1750110 780
1750120 779
1750130 779
1750140 778
1750150 776
1750160 776
1750170 774
1750180 772
1750190 772
1750200 769
1750210 766
1750220 766
1750230 763
1750240 765
1750250 766
1750260 766
1750270 771
1750280 776
1750290 776
1750300 780
1750310 787
1750320 787
1750330 792
1750340 797
1750350 797
1750360 801
1750370 802
1750380 802
1750390 807
1750400 811
1750410 811
1750420 814
1750430 817
1750440 817
1750450 820
1750460 823
1750470 823
1750480 825
1750490 827
1750500 827
1750510 828
1750520 830
1750530 831
1750540 831
1750550 833
1750560 835
1750570 835
1750580 836
1750590 837
1750600 837
1750610 839
1750620 841
1750630 841
1750640 844
1750650 846
1750660 846
1750670 849
1750680 851
1750690 851
1750700 853
1750710 855
1750720 855
1750730 857
1750740 859
1750750 859
1750760 860
1750770 861
1750780 861
1750790 862
1750800 863
1750810 864
1750820 864
1750830 866
1750840 867
1750850 867
1750860 869
1750870 871
1750880 871
1750890 873
1750900 875
1750910 875
1750920 877
1750930 879
1750940 879
1750950 881
1750960 883
1750970 883
1750980 885
1750990 887
1751000 887
1751010 890
1751020 893
1751030 893
1751040 895
1751050 897
1751060 899
1751070 899
1751080 899
1751090 899
1751100 899
1751110 900
1751120 901
1751130 901
1751140 902
1751150 904
1751160 904
1751170 905
1751180 906
1751190 906
1751200 908
1751210 910
1751220 910
1751230 911
1751240 912
1751250 912
1751260 914
1751270 915
1751280 915
1751290 917
1751300 918
1751310 918
1751320 920
1751330 921
1751340 923
1751350 923
1751360 924
1751370 925
1751380 925
1751390 927
1751400 928
1751410 928
1751420 929
1751430 930
1751440 930
1751450 930
1751460 931
1751470 931
1751480 931
1751490 931
1751500 931
1751510 931
1751520 931
1751530 931
1751540 931
1751550 931
1751560 931
1751570 931
1751580 931
1751590 931
1751600 932
1751610 932
1751620 933
1751630 933
1751640 933
1751650 935
1751660 935
1751670 936
1751680 937
1751690 937
1751700 937
1751710 938
1751720 938
1751730 939
1751740 940
1751750 940
1751760 942
1751770 942
1751780 942
1751790 943
1751800 944
1751810 944
1751820 945
1751830 946
1751840 946
1751850 947
1751860 948
1751870 948
1751880 950
1751890 951
1751900 952
1751910 952
1751920 953
1751930 953
1751940 953
1751950 954
1751960 955
1751970 955
1751980 955
1751990 957
1752000 957
1752010 958
1752020 959
1752030 959
1752040 961
1752050 963
1752060 963
1752070 963
1752080 959
1752090 959
1752100 955
1752110 952
1752120 952
1752130 950
1752140 948
1752150 948
1752160 946
1752170 944
1752180 942
1752190 942
1752200 939
1752210 935
1752220 935
1752230 931
1752240 927
1752250 927
1752260 925
1752270 923
1752280 923
1752290 921
1752300 920
1752310 920
1752320 918
1752330 917
1752340 917
1752350 916
1752360 914
1752370 914
1752380 912
1752390 909
1752400 909
1752410 907
1752420 905
1752430 905
1752440 902
1752450 899
1752460 896
1752470 896
1752480 893
1752490 890
1752500 890
1752510 888
1752520 886
1752530 886
1752540 884
1752550 882
1752560 882
1752570 879
1752580 876
1752590 876
1752600 873
1752610 870
1752620 870
1752630 867
1752640 864
1752650 864
1752660 862
1752670 859
1752680 859
1752690 856
1752700 853
1752710 853
1752720 851
1752730 848
1752740 846
1752750 846
1752760 843
1752770 841
1752780 841
1752790 840
1752800 838
1752810 838
1752820 836
1752830 834
1752840 834
1752850 832
1752860 828
1752870 828
1752880 826
1752890 824
1752900 824
1752910 823
1752920 822
1752930 822
1752940 821
1752950 820
1752960 820
1752970 817
1752980 817
1752990 817
1753000 816
1753010 812
1753020 810
1753030 810
1753040 808
1753050 806
1753060 806
1753070 804
1753080 802
1753090 802
1753100 800
1753110 798
1753120 798
1753130 796
1753140 793
1753150 793
1753160 790
1753170 787
1753180 787
1753190 784
1753200 781
1753210 781
1753220 778
1753230 776
1753240 776
1753250 773
1753260 771
1753270 769
1753280 769
1753290 767
1753300 766
1753310 766
1753320 765
1753330 763
1753340 763
1753350 762
1753360 761
1753370 761
1753380 760
1753390 759
1753400 759
1753410 760
1753420 759
1753430 759
1753440 757
1753450 756
1753460 756
1753470 755
1753480 754
1753490 754
1753500 753
1753510 752
1753520 752
1753530 751
1753540 750
1753550 750
1753560 750
1753570 749
1753580 748
1753590 748
1753600 747
1753610 747
1753620 747
1753630 747
1753640 746
1753650 746
1753660 746
1753670 745
1753680 745
1753690 745
1753700 744
1753710 744
1753720 744
1753730 743
1753740 743
1753750 743
1753760 743
1753770 743
1753780 743
1753790 742
1753800 742
1753810 741
1753820 740
1753830 740
1753840 740
1753850 739
1753860 738
1753870 738
1753880 736
1753890 734
1753900 734
1753910 732
1753920 731
1753930 731
1753940 730
1753950 729
1753960 729
1753970 728
1753980 726
1753990 726
1754000 725
1754010 724
1754020 724
1754030 722
1754040 721
1754050 721
1754060 720
1754070 719
1754080 719
1754090 718
1754100 716
1754110 714
1754120 714
1754130 712
1754140 711
1754150 711
1754160 710
1754170 708
1754180 708
1754190 708
1754200 707
1754210 707
1754220 708
1754230 706
1754240 706
1754250 704
1754260 702
1754270 702
1754280 702
1754290 702
1754300 702
1754310 701
1754320 700
1754330 700
1754340 699
1754350 698
1754360 698
1754370 697
1754380 696
1754390 695
1754400 695
1754410 694
1754420 693
1754430 693
1754440 692
1754450 691
1754460 691
1754470 690
1754480 689
1754490 689
1754500 688
1754510 687
1754520 687
1754530 686
1754540 686
1754550 686
1754560 685
1754570 684
1754580 684
1754590 684
1754600 683
1754610 683
1754620 681
1754630 680
1754640 680
1754650 680
1754660 679
1754670 678
1754680 678
1754690 678
1754700 677
1754710 677
1754720 676
1754730 676
1754740 676
1754750 675
1754760 675
1754770 675
1754780 674
1754790 674
1754800 674
1754810 674
1754820 673
1754830 673
1754840 673
1754850 671
1754860 671
1754870 669
1754880 668
1754890 668
1754900 667
1754910 665
1754920 665
1754930 664
1754940 662
1754950 659
1754960 659
1754970 657
1754980 653
1754990 653
1755000 651
1755010 648
1755020 648
1755030 645
1755040 642
1755050 642
1755060 639
1755070 636
1755080 636
1755090 633
1755100 630
1755110 630
1755120 627
1755130 625
1755140 625
1755150 622
1755160 620
1755170 620
1755180 617
1755190 611
1755200 608
1755210 608
1755220 609
1755230 611
1755240 615
1755250 618
1755260 621
1755270 621
1755280 624
1755290 627
1755300 627
1755310 630
1755320 632
1755330 632
1755340 634
1755350 635
1755360 635
1755370 637
1755380 638
1755390 638
1755400 638
1755410 639
1755420 639
1755430 640
1755440 640
1755450 640
1755460 640
1755470 641
1755480 641
1755490 641
1755500 641
1755510 642
1755520 642
1755530 643
1755540 643
1755550 643
1755560 643
1755570 642
1755580 642
1755590 641
1755600 640
1755610 640
1755620 640
1755630 639
1755640 639
1755650 639
1755660 638
1755670 638
1755680 637
1755690 635
1755700 635
1755710 634
1755720 633
1755730 633
1755740 632
1755750 631
1755760 629
1755770 629
1755780 628
1755790 627
1755800 627
1755810 626
1755820 625
1755830 625
1755840 624
1755850 622
1755860 622
1755870 621
1755880 620
1755890 620
1755900 619
1755910 617
1755920 617
1755930 616
1755940 614
1755950 614
1755960 612
1755970 610
1755980 610
1755990 607
1756000 605
1756010 605
1756020 602
1756030 598
1756040 597
1756050 597
1756060 595
1756070 592
1756080 592
1756090 589
1756100 588
1756110 588
1756120 588
1756130 583
1756140 583
1756150 582
1756160 581
1756170 581
1756180 584
1756190 588
1756200 588
1756210 593
1756220 599
1756230 599
1756240 602
1756250 606
1756260 606
1756270 610
1756280 611
1756290 611
1756300 612
1756310 613
1756320 614
1756330 614
1756340 614
1756350 614
1756360 614
1756370 615
1756380 615
1756390 615
1756400 615
1756410 616
1756420 616
1756430 616
1756440 616
1756450 616
1756460 617
1756470 617
1756480 617
1756490 618
1756500 618
1756510 618
1756520 619
1756530 619
1756540 619
1756550 619
1756560 620
1756570 620
1756580 620
1756590 620
1756600 621
1756610 621
1756620 621
1756630 621
1756640 621
1756650 621
1756660 622
1756670 622
1756680 621
1756690 621
1756700 621
1756710 620
1756720 620
1756730 620
1756740 620
1756750 620
1756760 620
1756770 620
1756780 619
1756790 619
1756800 619
1756810 619
1756820 619
1756830 619
1756840 618
1756850 618
1756860 617
1756870 617
1756880 617
1756890 617
1756900 616
1756910 614
1756920 614
1756930 613
1756940 612
1756950 612
1756960 611
1756970 610
1756980 610
1756990 609
1757000 609
1757010 609
1757020 608
1757030 607
1757040 607
1757050 606
1757060 606
1757070 606
1757080 605
1757090 604
1757100 604
1757110 604
1757120 603
1757130 603
1757140 602
1757150 602
1757160 601
1757170 601
1757180 600
1757190 600
1757200 600
1757210 599
1757220 599
1757230 599
1757240 598
1757250 598
1757260 598
1757270 597
1757280 596
1757290 596
1757300 595
1757310 594
1757320 594
1757330 593
1757340 592
1757350 592
1757360 591
1757370 591
1757380 591
1757390 590
1757400 589
1757410 589
1757420 589
1757430 588
1757440 587
1757450 587
1757460 587
1757470 586
1757480 586
1757490 586
1757500 586
1757510 586
1757520 585
1757530 584
1757540 584
1757550 584
1757560 583
1757570 583
1757580 583
1757590 582
1757600 582
1757610 581
1757620 581
1757630 581
1757640 580
1757650 579
1757660 579
1757670 578
1757680 577
1757690 576
1757700 576
1757710 575
1757720 574
1757730 574
1757740 573
1757750 572
1757760 572
1757770 571
1757780 569
1757790 569
1757800 569
1757810 568
1757820 568
1757830 567
1757840 566
1757850 566
1757860 565
1757870 564
1757880 564
1757890 565
1757900 563
1757910 563
1757920 563
1757930 562
1757940 562
1757950 561
1757960 560
1757970 560
1757980 560
1757990 559
1758000 558
1758010 558
1758020 558
1758030 557
1758040 557
1758050 556
1758060 556
1758070 556
1758080 555
1758090 555
1758100 555
1758110 554
1758120 554
1758130 554
1758140 553
1758150 553
1758160 553
1758170 552
1758180 552
1758190 552
1758200 551
1758210 551
1758220 551
1758230 550
1758240 550
1758250 549
1758260 549
1758270 548
1758280 548
1758290 548
1758300 547
1758310 547
1758320 547
1758330 546
1758340 545
1758350 545
1758360 545
1758370 544
1758380 544
1758390 543
1758400 543
1758410 543
1758420 542
1758430 542
1758440 542
1758450 541
1758460 540
1758470 540
1758480 540
1758490 539
1758500 539
1758510 538
1758520 538
1758530 537
1758540 537
1758550 536
1758560 536
1758570 536
1758580 535
1758590 535
1758600 535
1758610 534
1758620 534
1758630 534
1758640 532
1758650 531
1758660 531
1758670 529
1758680 528
1758690 528
1758700 530
1758710 531
1758720 531
1758730 533
1758740 535
1758750 535
1758760 536
1758770 538
1758780 538
1758790 539
1758800 540
1758810 541
1758820 541
1758830 541
1758840 542
1758850 542
1758860 543
1758870 544
1758880 544
1758890 545
1758900 546
1758910 546
1758920 546
1758930 547
1758940 547
1758950 547
1758960 547
1758970 547
1758980 547
1758990 547
1759000 547
1759010 547
1759020 547
1759030 547
1759040 547
1759050 547
1759060 547
1759070 546
1759080 546
1759090 545
1759100 545
1759110 545
1759120 544
1759130 544
1759140 544
1759150 543
1759160 543
1759170 542
1759180 542
1759190 542
1759200 542
1759210 541
1759220 541
1759230 541
1759240 541
1759250 541
1759260 540
1759270 539
1759280 539
1759290 539
1759300 538
1759310 538
1759320 537
1759330 536
1759340 532
1759350 532
1759360 532
1759370 537
1759380 537
1759390 538
1759400 538
1759410 538
1759420 539
1759430 540
1759440 540
1759450 541
1759460 541
1759470 541
1759480 542
1759490 543
1759500 543
1759510 543
1759520 544
1759530 544
1759540 544
1759550 544
1759560 544
1759570 544
1759580 543
1759590 543
1759600 543
1759610 543
1759620 542
1759630 542
1759640 541
1759650 539
1759660 539
1759670 538
1759680 537
1759690 537
1759700 536
1759710 535
1759720 535
1759730 534
1759740 533
1759750 533
1759760 532
1759770 531
1759780 531
1759790 530
1759800 529
1759810 529
1759820 528
1759830 527
1759840 527
1759850 526
1759860 525
1759870 525
1759880 524
1759890 523
1759900 522
1759910 522
1759920 521
1759930 521
1759940 521
1759950 520
1759960 519
1759970 519
1759980 518
1759990 517
