1740000 1098
1740010 1102
1740020 1102
1740030 1105
1740040 1109
1740050 1109
1740060 1112
1740070 1117
1740080 1117
1740090 1122
1740100 1124
1740110 1124
1740120 1127
1740130 1130
1740140 1130
1740150 1132
1740160 1136
1740170 1136
1740180 1138
1740190 1141
1740200 1141
1740210 1142
1740220 1144
1740230 1144
1740240 1146
1740250 1148
1740260 1148
1740270 1149
1740280 1150
1740290 1152
1740300 1152
1740310 1154
1740320 1155
1740330 1155
1740340 1157
1740350 1157
1740360 1157
1740370 1158
1740380 1159
1740390 1159
1740400 1160
1740410 1162
1740420 1162
1740430 1163
1740440 1164
1740450 1164
1740460 1165
1740470 1166
1740480 1166
1740490 1166
1740500 1167
1740510 1167
1740520 1167
1740530 1167
1740540 1167
1740550 1166
1740560 1163
1740570 1162
1740580 1162
1740590 1160
1740600 1159
1740610 1159
1740620 1158
1740630 1158
1740640 1158
1740650 1158
1740660 1157
1740670 1157
1740680 1157
1740690 1155
1740700 1155
1740710 1153
1740720 1151
1740730 1151
1740740 1148
1740750 1147
1740760 1147
1740770 1147
1740780 1148
1740790 1148
1740800 1151
1740810 1154
1740820 1154
1740830 1156
1740840 1159
1740850 1162
1740860 1162
1740870 1164
1740880 1168
1740890 1168
1740900 1172
1740910 1176
1740920 1176
1740930 1179
1740940 1182
1740950 1182
1740960 1185
1740970 1189
1740980 1189
1740990 1191
1741000 1194
1741010 1194
1741020 1197
1741030 1200
1741040 1200
1741050 1203
1741060 1205
1741070 1205
1741080 1208
1741090 1211
1741100 1211
1741110 1214
1741120 1216
1741130 1218
1741140 1218
1741150 1220
1741160 1222
1741170 1222
1741180 1224
1741190 1225
1741200 1225
1741210 1227
1741220 1227
1741230 1227
1741240 1225
1741250 1221
1741260 1221
1741270 1218
1741280 1213
1741290 1213
1741300 1211
1741310 1207
1741320 1207
1741330 1205
1741340 1202
1741350 1202
1741360 1199
1741370 1196
1741380 1196
1741390 1193
1741400 1190
1741410 1187
1741420 1187
1741430 1183
1741440 1181
1741450 1181
1741460 1178
1741470 1176
1741480 1176
1741490 1173
1741500 1171
1741510 1171
1741520 1164
1741530 1160
1741540 1160
1741550 1157
1741560 1154
1741570 1154
1741580 1151
1741590 1149
1741600 1149
1741610 1147
1741620 1145
1741630 1145
1741640 1143
1741650 1141
1741660 1141
1741670 1139
1741680 1137
1741690 1135
1741700 1135
1741710 1133
1741720 1131
1741730 1131
1741740 1131
1741750 1130
1741760 1130
1741770 1128
1741780 1127
1741790 1127
1741800 1126
1741810 1126
1741820 1126
1741830 1125
1741840 1126
1741850 1126
1741860 1126
1741870 1127
1741880 1127
1741890 1127
1741900 1128
1741910 1128
1741920 1128
1741930 1129
1741940 1129
1741950 1129
1741960 1128
1741970 1126
1741980 1126
1741990 1122
1742000 1119
1742010 1119
1742020 1115
1742030 1111
1742040 1111
1742050 1107
1742060 1103
1742070 1103
1742080 1100
1742090 1097
1742100 1097
1742110 1094
1742120 1091
1742130 1091
1742140 1089
1742150 1086
1742160 1086
1742170 1084
1742180 1081
1742190 1081
1742200 1078
1742210 1075
1742220 1075
1742230 1072
1742240 1069
1742250 1066
1742260 1066
1742270 1063
1742280 1060
1742290 1060
1742300 1058
1742310 1055
1742320 1055
1742330 1051
1742340 1047
1742350 1047
1742360 1042
1742370 1038
1742380 1038
1742390 1034
1742400 1030
1742410 1030
1742420 1025
1742430 1021
1742440 1021
1742450 1016
1742460 1012
1742470 1012
1742480 1007
1742490 1002
1742500 1002
1742510 999
1742520 996
1742530 994
1742540 994
1742550 991
1742560 989
1742570 989
1742580 987
1742590 982
1742600 982
1742610 978
1742620 974
1742630 974
1742640 970
1742650 968
1742660 968
1742670 966
1742680 965
1742690 965
1742700 964
1742710 965
1742720 965
1742730 966
1742740 967
1742750 967
1742760 967
1742770 968
1742780 968
1742790 968
1742800 968
1742810 968
1742820 968
1742830 968
1742840 968
1742850 968
1742860 969
1742870 969
1742880 969
1742890 969
1742900 968
1742910 968
1742920 968
1742930 969
1742940 969
1742950 969
1742960 969
1742970 969
1742980 969
1742990 968
1743000 968
1743010 967
1743020 968
1743030 968
1743040 968
1743050 967
1743060 967
1743070 966
1743080 965
1743090 964
1743100 964
1743110 963
1743120 962
1743130 962
1743140 961
1743150 959
1743160 959
1743170 956
1743180 954
1743190 954
1743200 952
1743210 951
1743220 951
1743230 949
1743240 947
1743250 947
1743260 945
1743270 942
1743280 941
1743290 938
1743300 936
1743310 936
1743320 934
1743330 929
1743340 929
1743350 926
1743360 922
1743370 919
1743380 919
1743390 916
1743400 913
1743410 913
1743420 910
1743430 906
1743440 906
1743450 903
1743460 901
1743470 901
1743480 898
1743490 896
1743500 896
1743510 894
1743520 891
1743530 891
1743540 889
1743550 887
1743560 887
1743570 884
1743580 882
1743590 882
1743600 879
1743610 877
1743620 877
1743630 875
1743640 872
1743650 870
1743660 870
1743670 868
1743680 866
1743690 866
1743700 862
1743710 860
1743720 860
1743730 857
1743740 855
1743750 855
1743760 854
1743770 849
1743780 849
1743790 846
1743800 844
1743810 844
1743820 842
1743830 839
1743840 839
1743850 837
1743860 834
1743870 834
1743880 832
1743890 830
1743900 830
1743910 827
1743920 824
1743930 822
1743940 822
1743950 819
1743960 816
1743970 816
1743980 814
1743990 811
1744000 811
1744010 809
1744020 806
1744030 806
1744040 805
1744050 803
1744060 803
1744070 801
1744080 799
1744090 799
1744100 798
1744110 798
1744120 798
1744130 796
1744140 795
1744150 795
1744160 794
1744170 792
1744180 792
1744190 789
1744200 786
1744210 782
1744220 782
1744230 779
1744240 776
1744250 776
1744260 773
1744270 770
1744280 770
1744290 767
1744300 764
1744310 764
1744320 758
1744330 753
1744340 753
1744350 748
1744360 745
1744370 745
1744380 743
1744390 741
1744400 741
1744410 740
1744420 738
1744430 738
1744440 735
1744450 733
1744460 733
1744470 732
1744480 729
1744490 726
1744500 726
1744510 724
1744520 721
1744530 721
1744540 719
1744550 716
1744560 716
1744570 713
1744580 710
1744590 710
1744600 707
1744610 706
1744620 706
1744630 705
1744640 705
1744650 705
1744660 704
1744670 703
1744680 703
1744690 701
1744700 700
1744710 700
1744720 698
1744730 697
1744740 697
1744750 695
1744760 694
1744770 694
1744780 694
1744790 693
1744800 693
1744810 693
1744820 692
1744830 692
1744840 692
1744850 691
1744860 689
1744870 689
1744880 687
1744890 684
1744900 684
1744910 682
1744920 679
1744930 679
1744940 677
1744950 673
1744960 673
1744970 669
1744980 665
1744990 665
1745000 663
1745010 660
1745020 660
1745030 656
1745040 652
1745050 646
1745060 646
1745070 642
1745080 637
1745090 637
1745100 635
1745110 631
1745120 631
1745130 631
1745140 629
1745150 629
1745160 628
1745170 628
1745180 628
1745190 627
1745200 626
1745210 626
1745220 621
1745230 613
1745240 613
1745250 609
1745260 607
1745270 607
1745280 605
1745290 605
1745300 605
1745310 603
1745320 602
1745330 600
1745340 600
1745350 599
1745360 599
1745370 599
1745380 599
1745390 599
1745400 599
1745410 598
1745420 598
1745430 598
1745440 597
1745450 597
1745460 597
1745470 597
1745480 597
1745490 597
1745500 597
1745510 597
1745520 597
1745530 596
1745540 597
1745550 597
1745560 598
1745570 599
1745580 599
1745590 600
1745600 601
1745610 603
1745620 603
1745630 604
1745640 605
1745650 605
1745660 605
1745670 606
1745680 606
1745690 606
1745700 605
1745710 605
1745720 605
1745730 604
1745740 604
1745750 604
1745760 603
1745770 603
1745780 602
1745790 602
1745800 602
1745810 600
1745820 600
1745830 600
1745840 599
1745850 598
1745860 598
1745870 595
1745880 593
1745890 592
1745900 592
1745910 590
1745920 588
1745930 588
1745940 585
1745950 582
1745960 582
1745970 575
1745980 569
1745990 569
1746000 565
1746010 560
1746020 560
1746030 557
1746040 554
1746050 554
1746060 551
1746070 549
1746080 549
1746090 548
1746100 549
1746110 549
1746120 550
1746130 556
1746140 556
1746150 563
1746160 570
1746170 576
1746180 576
1746190 581
1746200 587
1746210 587
1746220 591
1746230 597
1746240 597
1746250 600
1746260 604
1746270 604
1746280 608
1746290 612
1746300 612
1746310 617
1746320 621
1746330 621
1746340 625
1746350 629
1746360 629
1746370 633
1746380 636
1746390 636
1746400 638
1746410 641
1746420 641
1746430 643
1746440 645
1746450 648
1746460 648
1746470 650
1746480 652
1746490 652
1746500 653
1746510 656
1746520 656
1746530 658
1746540 660
1746550 660
1746560 662
1746570 664
1746580 664
1746590 666
1746600 668
1746610 668
1746620 671
1746630 673
1746640 673
1746650 675
1746660 677
1746670 677
1746680 679
1746690 682
1746700 682
1746710 684
1746720 686
1746730 688
1746740 688
1746750 690
1746760 693
1746770 693
1746780 695
1746790 697
1746800 697
1746810 699
1746820 701
1746830 701
1746840 703
1746850 704
1746860 704
1746870 706
1746880 708
1746890 708
1746900 710
1746910 712
1746920 712
1746930 713
1746940 715
1746950 715
1746960 717
1746970 718
1746980 720
1746990 720
1747000 721
1747010 722
1747020 722
1747030 724
1747040 725
1747050 725
1747060 726
1747070 727
1747080 727
1747090 728
1747100 729
1747110 729
1747120 730
1747130 730
1747140 730
1747150 730
1747160 730
1747170 730
1747180 729
1747190 727
1747200 727
1747210 724
1747220 720
1747230 720
1747240 714
1747250 708
1747260 701
1747270 701
1747280 695
1747290 689
1747300 689
1747310 682
1747320 677
1747330 677
1747340 670
1747350 663
1747360 663
1747370 657
1747380 651
1747390 651
1747400 647
1747410 642
1747420 642
1747430 637
1747440 633
1747450 633
1747460 628
1747470 624
1747480 624
1747490 618
1747500 613
1747510 613
1747520 609
1747530 606
1747540 602
1747550 602
1747560 597
1747570 594
1747580 594
1747590 590
1747600 582
1747610 582
1747620 580
1747630 578
1747640 578
1747650 572
1747660 566
1747670 566
1747680 562
1747690 558
1747700 558
1747710 556
1747720 555
1747730 555
1747740 555
1747750 553
1747760 553
1747770 545
1747780 541
1747790 541
1747800 541
1747810 542
1747820 545
1747830 545
1747840 551
1747850 556
1747860 556
1747870 564
1747880 570
1747890 570
1747900 574
1747910 576
1747920 576
1747930 576
1747940 579
1747950 579
1747960 583
1747970 585
1747980 585
1747990 585
1748000 586
1748010 586
1748020 592
1748030 597
1748040 597
1748050 604
1748060 610
1748070 610
1748080 615
1748090 619
1748100 622
1748110 622
1748120 626
1748130 628
1748140 628
1748150 632
1748160 637
1748170 637
1748180 642
1748190 648
1748200 648
1748210 654
1748220 661
1748230 661
1748240 667
1748250 675
1748260 675
1748270 681
1748280 686
1748290 686
1748300 690
1748310 694
1748320 694
1748330 697
1748340 701
1748350 701
1748360 704
1748370 707
1748380 712
1748390 712
1748400 713
1748410 715
1748420 715
1748430 716
1748440 717
1748450 717
1748460 718
1748470 719
1748480 719
1748490 719
1748500 718
1748510 718
1748520 717
1748530 716
1748540 716
1748550 714
1748560 712
1748570 712
1748580 710
1748590 708
1748600 708
1748610 706
1748620 703
1748630 703
1748640 701
1748650 699
1748660 696
1748670 696
1748680 694
1748690 691
1748700 691
1748710 689
1748720 686
1748730 686
1748740 682
1748750 679
1748760 679
1748770 676
1748780 672
1748790 672
1748800 668
1748810 666
1748820 666
1748830 662
1748840 657
1748850 657
1748860 651
1748870 646
1748880 646
1748890 640
1748900 635
1748910 635
1748920 631
1748930 627
1748940 621
1748950 621
1748960 616
1748970 611
1748980 611
1748990 606
1749000 601
1749010 601
1749020 601
1749030 602
1749040 602
1749050 604
1749060 610
1749070 610
1749080 617
1749090 621
1749100 621
1749110 625
1749120 630
1749130 630
1749140 634
1749150 637
1749160 637
1749170 641
1749180 644
1749190 644
1749200 649
1749210 653
1749220 657
1749230 657
1749240 661
1749250 665
1749260 665
1749270 669
1749280 672
1749290 672
1749300 676
1749310 678
1749320 678
1749330 680
1749340 681
1749350 681
1749360 682
1749370 683
1749380 683
1749390 683
1749400 683
1749410 683
1749420 683
1749430 684
1749440 684
1749450 683
1749460 683
1749470 683
1749480 682
1749490 682
1749500 681
1749510 681
1749520 679
1749530 678
1749540 678
1749550 677
1749560 675
1749570 675
1749580 674
1749590 674
1749600 674
1749610 674
1749620 673
1749630 673
1749640 673
1749650 675
1749660 675
1749670 678
1749680 679
1749690 679
1749700 680
1749710 684
1749720 684
1749730 688
1749740 692
1749750 692
1749760 696
1749770 701
1749780 705
1749790 705
1749800 709
1749810 713
1749820 713
1749830 717
1749840 720
1749850 720
1749860 723
1749870 726
1749880 726
1749890 729
1749900 730
1749910 730
1749920 732
1749930 734
1749940 731
1749950 732
1749960 733
1749970 733
1749980 733
1749990 732
1750000 732
1750010 731
1750020 731
1750030 731
1750040 730
1750050 728
1750060 727
1750070 727
1750080 724
1750090 721
1750100 721
1750110 719
1750120 717
1750130 717
1750140 715
1750150 713
1750160 713
1750170 710
1750180 707
1750190 707
1750200 704
1750210 701
1750220 701
1750230 697
1750240 695
1750250 695
1750260 699
1750270 706
1750280 706
1750290 711
1750300 716
1750310 716
1750320 721
1750330 725
1750340 730
1750350 730
1750360 734
1750370 739
1750380 739
1750390 743
1750400 747
1750410 747
1750420 750
1750430 753
1750440 753
1750450 756
1750460 758
1750470 758
1750480 759
1750490 760
1750500 760
1750510 760
1750520 760
1750530 760
1750540 760
1750550 760
1750560 760
1750570 760
1750580 759
1750590 759
1750600 758
1750610 757
1750620 756
1750630 756
1750640 754
1750650 753
1750660 753
1750670 751
1750680 749
1750690 749
1750700 747
1750710 745
1750720 745
1750730 743
1750740 740
1750750 740
1750760 738
1750770 735
1750780 735
1750790 732
1750800 728
1750810 728
1750820 725
1750830 722
1750840 722
1750850 718
1750860 718
1750870 718
1750880 716
1750890 715
1750900 719
1750910 719
1750920 722
1750930 725
1750940 725
1750950 727
1750960 730
1750970 730
1750980 732
1750990 733
1751000 733
1751010 735
1751020 738
1751030 738
1751040 741
1751050 744
1751060 744
1751070 746
1751080 748
1751090 748
1751100 748
1751110 749
1751120 749
1751130 749
1751140 750
1751150 750
1751160 750
1751170 750
1751180 750
1751190 750
1751200 750
1751210 751
1751220 751
1751230 752
1751240 752
1751250 752
1751260 752
1751270 752
1751280 752
1751290 753
1751300 754
1751310 754
1751320 754
1751330 754
1751340 754
1751350 755
1751360 755
1751370 755
1751380 756
1751390 755
1751400 755
1751410 755
1751420 755
1751430 755
1751440 754
1751450 754
1751460 753
1751470 753
1751480 753
1751490 753
1751500 753
1751510 753
1751520 749
1751530 749
1751540 749
1751550 749
1751560 749
1751570 748
1751580 748
1751590 748
1751600 747
1751610 746
1751620 746
1751630 745
1751640 745
1751650 745
1751660 745
1751670 745
1751680 745
1751690 745
1751700 745
1751710 745
1751720 745
1751730 745
1751740 745
1751750 745
1751760 745
1751770 747
1751780 747
1751790 748
1751800 749
1751810 749
1751820 750
1751830 750
1751840 750
1751850 751
1751860 752
1751870 752
1751880 752
1751890 753
1751900 753
1751910 755
1751920 756
1751930 756
1751940 756
1751950 757
1751960 757
1751970 758
1751980 758
1751990 758
1752000 760
1752010 761
1752020 762
1752030 762
1752040 763
1752050 764
1752060 764
1752070 766
1752080 768
1752090 768
1752100 769
1752110 771
1752120 771
1752130 772
1752140 773
1752150 773
1752160 775
1752170 776
1752180 776
1752190 777
1752200 778
1752210 778
1752220 780
1752230 781
1752240 781
1752250 782
1752260 783
1752270 783
1752280 784
1752290 785
1752300 786
1752310 786
1752320 786
1752330 787
1752340 787
1752350 788
1752360 789
1752370 789
1752380 789
1752390 790
1752400 790
1752410 791
1752420 792
1752430 792
1752440 792
1752450 793
1752460 793
1752470 794
1752480 794
1752490 794
1752500 795
1752510 796
1752520 796
1752530 796
1752540 797
1752550 797
1752560 798
1752570 799
1752580 800
1752590 800
1752600 801
1752610 801
1752620 801
1752630 802
1752640 802
1752650 802
1752660 802
1752670 803
1752680 803
1752690 803
1752700 803
1752710 803
1752720 804
1752730 804
1752740 804
1752750 805
1752760 806
1752770 806
1752780 805
1752790 805
1752800 805
1752810 805
1752820 804
1752830 804
1752840 806
1752850 804
1752860 804
1752870 804
1752880 804
1752890 804
1752900 804
1752910 803
1752920 803
1752930 803
1752940 803
1752950 802
1752960 802
1752970 802
1752980 802
1752990 802
1753000 801
1753010 801
1753020 801
1753030 801
1753040 801
1753050 801
1753060 801
1753070 802
1753080 802
1753090 802
1753100 803
1753110 803
1753120 803
1753130 803
1753140 803
1753150 803
1753160 804
1753170 804
1753180 804
1753190 805
1753200 806
1753210 806
1753220 807
1753230 808
1753240 808
1753250 810
1753260 811
1753270 811
1753280 812
1753290 813
1753300 813
1753310 814
1753320 814
1753330 814
1753340 814
1753350 814
1753360 814
1753370 814
1753380 814
1753390 814
1753400 814
1753410 813
1753420 812
1753430 812
1753440 810
1753450 808
1753460 808
1753470 806
1753480 804
1753490 804
1753500 802
1753510 799
1753520 799
1753530 795
1753540 793
1753550 793
1753560 791
1753570 789
1753580 789
1753590 786
1753600 783
1753610 783
1753620 781
1753630 778
1753640 778
1753650 774
1753660 771
1753670 771
1753680 769
1753690 768
1753700 767
1753710 767
1753720 766
1753730 766
1753740 766
1753750 765
1753760 765
1753770 765
1753780 768
1753790 773
1753800 773
1753810 777
1753820 780
1753830 780
1753840 783
1753850 786
1753860 786
1753870 790
1753880 792
1753890 792
1753900 794
1753910 797
1753920 797
1753930 799
1753940 800
1753950 800
1753960 801
1753970 802
1753980 803
1753990 803
1754000 803
1754010 804
1754020 804
1754030 804
1754040 805
1754050 805
1754060 805
1754070 806
1754080 806
1754090 806
1754100 807
1754110 807
1754120 807
1754130 808
1754140 808
1754150 808
1754160 808
1754170 808
1754180 808
1754190 808
1754200 808
1754210 808
1754220 807
1754230 807
1754240 805
1754250 800
1754260 798
1754270 798
1754280 799
1754290 803
1754300 803
1754310 804
1754320 802
1754330 802
1754340 807
1754350 810
1754360 810
1754370 812
1754380 815
1754390 815
1754400 816
1754410 819
1754420 819
1754430 821
1754440 823
1754450 823
1754460 824
1754470 826
1754480 826
1754490 828
1754500 830
1754510 830
1754520 832
1754530 834
1754540 836
1754550 836
1754560 839
1754570 842
1754580 842
1754590 847
1754600 849
1754610 849
1754620 850
1754630 850
1754640 850
1754650 848
1754660 846
1754670 846
1754680 844
1754690 842
1754700 842
1754710 840
1754720 838
1754730 838
1754740 836
1754750 834
1754760 834
1754770 832
1754780 829
1754790 829
1754800 827
1754810 825
1754820 822
1754830 822
1754840 820
1754850 817
1754860 817
1754870 815
1754880 812
1754890 812
1754900 810
1754910 807
1754920 807
1754930 804
1754940 801
1754950 801
1754960 796
1754970 795
1754980 795
1754990 791
1755000 788
1755010 788
1755020 785
1755030 782
1755040 782
1755050 779
1755060 777
1755070 777
1755080 775
1755090 773
1755100 772
1755110 772
1755120 770
1755130 768
1755140 768
1755150 765
1755160 763
1755170 763
1755180 760
1755190 758
1755200 758
1755210 756
1755220 754
1755230 754
1755240 752
1755250 750
1755260 750
1755270 748
1755280 747
1755290 747
1755300 746
1755310 745
1755320 745
1755330 744
1755340 743
1755350 743
1755360 740
1755370 740
1755380 740
1755390 740
1755400 739
1755410 738
1755420 738
1755430 736
1755440 736
1755450 736
1755460 735
1755470 734
1755480 734
1755490 733
1755500 733
1755510 733
1755520 733
1755530 732
1755540 732
1755550 732
1755560 731
1755570 731
1755580 731
1755590 731
1755600 731
1755610 730
1755620 729
1755630 729
1755640 729
1755650 728
1755660 728
1755670 728
1755680 727
1755690 726
1755700 726
1755710 725
1755720 724
1755730 724
1755740 723
1755750 720
1755760 720
1755770 720
1755780 718
1755790 718
1755800 717
1755810 715
1755820 715
1755830 713
1755840 711
1755850 711
1755860 710
1755870 708
1755880 708
1755890 705
1755900 702
1755910 702
1755920 699
1755930 696
1755940 694
1755950 694
1755960 691
1755970 689
1755980 689
1755990 686
1756000 683
1756010 683
1756020 679
1756030 675
1756040 675
1756050 673
1756060 674
1756070 674
1756080 682
1756090 684
1756100 684
1756110 686
1756120 687
1756130 687
1756140 683
1756150 679
1756160 679
1756170 673
1756180 671
1756190 671
1756200 671
1756210 672
1756220 671
1756230 671
1756240 669
1756250 673
1756260 673
1756270 678
1756280 680
1756290 680
1756300 682
1756310 684
1756320 684
1756330 685
1756340 686
1756350 686
1756360 687
1756370 688
1756380 688
1756390 688
1756400 689
1756410 689
1756420 690
1756430 691
1756440 691
1756450 691
1756460 691
1756470 691
1756480 691
1756490 691
1756500 691
1756510 691
1756520 691
1756530 691
1756540 691
1756550 691
1756560 691
1756570 691
1756580 691
1756590 691
1756600 691
1756610 690
1756620 686
1756630 686
1756640 681
1756650 680
1756660 680
1756670 684
1756680 688
1756690 688
1756700 691
1756710 694
1756720 694
1756730 697
1756740 699
1756750 702
1756760 702
1756770 704
1756780 707
1756790 707
1756800 708
1756810 711
1756820 711
1756830 713
1756840 714
1756850 714
1756860 716
1756870 717
1756880 717
1756890 719
1756900 720
1756910 720
1756920 720
1756930 720
1756940 720
1756950 720
1756960 720
1756970 720
1756980 719
1756990 719
1757000 719
1757010 719
1757020 718
1757030 718
1757040 718
1757050 718
1757060 718
1757070 718
1757080 718
1757090 719
1757100 719
1757110 719
1757120 720
1757130 720
1757140 721
1757150 722
1757160 722
1757170 722
1757180 722
1757190 722
1757200 723
1757210 723
1757220 723
1757230 723
1757240 723
1757250 723
1757260 723
1757270 722
1757280 722
1757290 722
1757300 720
1757310 718
1757320 718
1757330 716
1757340 713
1757350 713
1757360 711
1757370 708
1757380 708
1757390 706
1757400 703
1757410 703
1757420 701
1757430 698
1757440 698
1757450 696
1757460 695
1757470 695
1757480 692
1757490 692
1757500 692
1757510 689
1757520 687
1757530 687
1757540 684
1757550 682
1757560 682
1757570 679
1757580 677
1757590 675
1757600 675
1757610 672
1757620 667
1757630 667
1757640 666
1757650 663
1757660 663
1757670 662
1757680 662
1757690 662
1757700 662
1757710 660
1757720 660
1757730 664
1757740 665
1757750 665
1757760 667
1757770 668
1757780 668
1757790 669
1757800 669
1757810 669
1757820 670
1757830 669
1757840 669
1757850 669
1757860 669
1757870 668
1757880 668
1757890 667
1757900 666
1757910 666
1757920 665
1757930 664
1757940 664
1757950 663
1757960 662
1757970 662
1757980 659
1757990 653
1758000 653
1758010 647
1758020 645
1758030 645
1758040 643
1758050 642
1758060 642
1758070 646
1758080 649
1758090 649
1758100 650
1758110 652
1758120 652
1758130 653
1758140 655
1758150 656
1758160 656
1758170 657
1758180 658
1758190 658
1758200 660
1758210 661
1758220 661
1758230 662
1758240 664
1758250 664
1758260 665
1758270 666
1758280 666
1758290 667
1758300 668
1758310 668
1758320 669
1758330 670
1758340 670
1758350 671
1758360 673
1758370 673
1758380 674
1758390 676
1758400 676
1758410 679
1758420 678
1758430 677
1758440 677
1758450 676
1758460 674
1758470 674
1758480 672
1758490 670
1758500 670
1758510 668
1758520 669
1758530 669
1758540 670
1758550 671
1758560 671
1758570 671
1758580 672
1758590 672
1758600 671
1758610 670
1758620 670
1758630 669
1758640 672
1758650 672
1758660 675
1758670 677
1758680 677
1758690 679
1758700 681
1758710 683
1758720 683
1758730 685
1758740 687
1758750 687
1758760 688
1758770 689
1758780 689
1758790 689
1758800 689
1758810 689
1758820 688
1758830 688
1758840 688
1758850 688
1758860 688
1758870 688
1758880 688
1758890 687
1758900 687
1758910 686
1758920 685
1758930 685
1758940 685
1758950 685
1758960 685
1758970 685
1758980 684
1758990 685
1759000 685
1759010 685
1759020 686
1759030 686
1759040 686
1759050 686
1759060 686
1759070 686
1759080 685
1759090 685
1759100 683
1759110 681
1759120 681
1759130 680
1759140 678
1759150 678
1759160 677
1759170 676
1759180 676
1759190 674
1759200 673
1759210 673
1759220 672
1759230 671
1759240 671
1759250 669
1759260 667
1759270 665
1759280 665
1759290 664
1759300 663
1759310 663
1759320 662
1759330 660
1759340 660
1759350 658
1759360 659
1759370 659
1759380 654
1759390 651
1759400 651
1759410 648
1759420 646
1759430 646
1759440 643
1759450 640
1759460 640
1759470 637
1759480 634
1759490 634
1759500 631
1759510 627
1759520 627
1759530 624
1759540 621
1759550 617
1759560 617
1759570 614
1759580 612
1759590 612
1759600 610
1759610 608
1759620 608
1759630 605
1759640 606
1759650 606
1759660 604
1759670 603
1759680 603
1759690 601
1759700 600
1759710 600
1759720 598
1759730 596
1759740 596
1759750 594
1759760 592
1759770 592
1759780 590
1759790 587
1759800 587
1759810 584
1759820 586
1759830 588
1759840 588
1759850 588
1759860 587
1759870 587
1759880 585
1759890 584
1759900 584
1759910 584
1759920 584
1759930 584
1759940 583
1759950 582
1759960 582
1759970 582
1759980 581
1759990 581
