1740000 1007
1740010 1012
1740020 1017
1740030 1017
1740040 1022
1740050 1027
1740060 1027
1740070 1032
1740080 1038
1740090 1038
1740100 1044
1740110 1049
1740120 1049
1740130 1055
1740140 1058
1740150 1058
1740160 1062
1740170 1066
1740180 1066
1740190 1069
1740200 1072
1740210 1075
1740220 1075
1740230 1078
1740240 1081
1740250 1081
1740260 1084
1740270 1087
1740280 1087
1740290 1090
1740300 1093
1740310 1093
1740320 1097
1740330 1100
1740340 1100
1740350 1104
1740360 1104
1740370 1104
1740380 1108
1740390 1111
1740400 1111
1740410 1115
1740420 1118
1740430 1118
1740440 1122
1740450 1125
1740460 1125
1740470 1129
1740480 1131
1740490 1134
1740500 1134
1740510 1137
1740520 1140
1740530 1140
1740540 1143
1740550 1145
1740560 1145
1740570 1147
1740580 1149
1740590 1149
1740600 1151
1740610 1152
1740620 1152
1740630 1151
1740640 1148
1740650 1148
1740660 1146
1740670 1141
1740680 1141
1740690 1138
1740700 1135
1740710 1135
1740720 1132
1740730 1129
1740740 1129
1740750 1126
1740760 1123
1740770 1121
1740780 1121
1740790 1119
1740800 1115
1740810 1115
1740820 1112
1740830 1108
1740840 1108
1740850 1103
1740860 1098
1740870 1098
1740880 1092
1740890 1088
1740900 1088
1740910 1081
1740920 1074
1740930 1074
1740940 1069
1740950 1064
1740960 1064
1740970 1059
1740980 1055
1740990 1055
1741000 1049
1741010 1043
1741020 1043
1741030 1038
1741040 1034
1741050 1029
1741060 1029
1741070 1020
1741080 1019
1741090 1019
1741100 1013
1741110 1007
1741120 1007
1741130 1002
1741140 998
1741150 998
1741160 992
1741170 988
1741180 988
1741190 985
1741200 980
1741210 980
1741220 978
1741230 976
1741240 976
1741250 973
1741260 972
1741270 972
1741280 971
1741290 969
1741300 969
1741310 969
1741320 967
1741330 966
1741340 966
1741350 964
1741360 962
1741370 962
1741380 961
1741390 959
1741400 959
1741410 957
1741420 954
1741430 954
1741440 953
1741450 951
1741460 951
1741470 949
1741480 947
1741490 947
1741500 943
1741510 942
1741520 942
1741530 939
1741540 936
1741550 936
1741560 933
1741570 929
1741580 929
1741590 926
1741600 924
1741610 922
1741620 922
1741630 920
1741640 918
1741650 918
1741660 917
1741670 917
1741680 917
1741690 916
1741700 914
1741710 914
1741720 913
1741730 912
1741740 912
1741750 911
1741760 906
1741770 906
1741780 901
1741790 892
1741800 892
1741810 883
1741820 875
1741830 875
1741840 867
1741850 860
1741860 860
1741870 853
1741880 851
1741890 850
1741900 850
1741910 856
1741920 860
1741930 860
1741940 864
1741950 868
1741960 868
1741970 871
1741980 873
1741990 873
1742000 876
1742010 879
1742020 879
1742030 882
1742040 885
1742050 885
1742060 885
1742070 884
1742080 884
1742090 881
1742100 877
1742110 877
1742120 872
1742130 868
1742140 868
1742150 858
1742160 854
1742170 852
1742180 852
1742190 849
1742200 847
1742210 847
1742220 844
1742230 842
1742240 842
1742250 840
1742260 837
1742270 837
1742280 836
1742290 835
1742300 835
1742310 833
1742320 828
1742330 828
1742340 825
1742350 833
1742360 833
1742370 835
1742380 837
1742390 837
1742400 838
1742410 840
1742420 840
1742430 843
1742440 846
1742450 849
1742460 849
1742470 853
1742480 857
1742490 857
1742500 861
1742510 864
1742520 864
1742530 868
1742540 871
1742550 871
1742560 874
1742570 877
1742580 877
1742590 880
1742600 882
1742610 882
1742620 886
1742630 888
1742640 888
1742650 891
1742660 892
1742670 892
1742680 891
1742690 892
1742700 892
1742710 891
1742720 891
1742730 890
1742740 890
1742750 890
1742760 891
1742770 891
1742780 891
1742790 891
1742800 891
1742810 891
1742820 892
1742830 892
1742840 892
1742850 892
1742860 892
1742870 891
1742880 890
1742890 890
1742900 889
1742910 888
1742920 888
1742930 887
1742940 885
1742950 885
1742960 885
1742970 884
1742980 884
1742990 884
1743000 883
1743010 882
1743020 882
1743030 880
1743040 880
1743050 880
1743060 879
1743070 878
1743080 878
1743090 875
1743100 873
1743110 873
1743120 870
1743130 868
1743140 868
1743150 865
1743160 862
1743170 862
1743180 859
1743190 856
1743200 856
1743210 852
1743220 849
1743230 849
1743240 847
1743250 843
1743260 843
1743270 840
1743280 837
1743290 834
1743300 834
1743310 831
1743320 826
1743330 826
1743340 822
1743350 817
1743360 817
1743370 811
1743380 807
1743390 807
1743400 804
1743410 802
1743420 802
1743430 798
1743440 795
1743450 795
1743460 792
1743470 789
1743480 789
1743490 786
1743500 781
1743510 781
1743520 776
1743530 770
1743540 770
1743550 765
1743560 760
1743570 754
1743580 754
1743590 750
1743600 747
1743610 747
1743620 744
1743630 751
1743640 751
1743650 754
1743660 756
1743670 756
1743680 758
1743690 759
1743700 759
1743710 758
1743720 758
1743730 758
1743740 756
1743750 754
1743760 754
1743770 752
1743780 751
1743790 751
1743800 749
1743810 747
1743820 747
1743830 744
1743840 742
1743850 740
1743860 740
1743870 738
1743880 737
1743890 734
1743900 734
1743910 733
1743920 733
1743930 731
1743940 729
1743950 729
1743960 727
1743970 725
1743980 725
1743990 723
1744000 721
1744010 721
1744020 719
1744030 717
1744040 717
1744050 716
1744060 714
1744070 714
1744080 712
1744090 711
1744100 711
1744110 709
1744120 708
1744130 707
1744140 707
1744150 705
1744160 704
1744170 704
1744180 701
1744190 701
1744200 701
1744210 701
1744220 700
1744230 700
1744240 698
1744250 696
1744260 696
1744270 695
1744280 693
1744290 693
1744300 691
1744310 690
1744320 690
1744330 689
1744340 688
1744350 688
1744360 687
1744370 686
1744380 686
1744390 685
1744400 684
1744410 682
1744420 682
1744430 681
1744440 680
1744450 680
1744460 678
1744470 677
1744480 677
1744490 676
1744500 675
1744510 675
1744520 675
1744530 675
1744540 675
1744550 675
1744560 675
1744570 675
1744580 675
1744590 676
1744600 676
1744610 676
1744620 675
1744630 675
1744640 675
1744650 675
1744660 675
1744670 675
1744680 674
1744690 673
1744700 673
1744710 673
1744720 672
1744730 672
1744740 672
1744750 672
1744760 672
1744770 672
1744780 672
1744790 672
1744800 671
1744810 670
1744820 670
1744830 669
1744840 668
1744850 668
1744860 667
1744870 667
1744880 667
1744890 666
1744900 665
1744910 665
1744920 665
1744930 664
1744940 664
1744950 664
1744960 663
1744970 663
1744980 663
1744990 663
1745000 662
1745010 662
1745020 663
1745030 663
1745040 663
1745050 663
1745060 662
1745070 662
1745080 662
1745090 661
1745100 661
1745110 661
1745120 660
1745130 660
1745140 659
1745150 658
1745160 658
1745170 657
1745180 656
1745190 656
1745200 656
1745210 655
1745220 655
1745230 654
1745240 654
1745250 653
1745260 653
1745270 652
1745280 651
1745290 651
1745300 650
1745310 649
1745320 649
1745330 648
1745340 647
1745350 647
1745360 645
1745370 644
1745380 644
1745390 642
1745400 641
1745410 641
1745420 639
1745430 638
1745440 638
1745450 636
1745460 634
1745470 634
1745480 632
1745490 629
1745500 629
1745510 625
1745520 622
1745530 617
1745540 617
1745550 612
1745560 606
1745570 606
1745580 601
1745590 595
1745600 592
1745610 586
1745620 581
1745630 581
1745640 580
1745650 577
1745660 577
1745670 575
1745680 573
1745690 573
1745700 572
1745710 570
1745720 570
1745730 568
1745740 565
1745750 565
1745760 563
1745770 562
1745780 562
1745790 562
1745800 559
1745810 561
1745820 561
1745830 566
1745840 574
1745850 574
1745860 581
1745870 588
1745880 588
1745890 594
1745900 600
1745910 600
1745920 603
1745930 606
1745940 606
1745950 609
1745960 612
1745970 612
1745980 614
1745990 617
1746000 617
1746010 617
1746020 619
1746030 619
1746040 621
1746050 624
1746060 624
1746070 626
1746080 628
1746090 630
1746100 630
1746110 632
1746120 634
1746130 634
1746140 636
1746150 637
1746160 637
1746170 639
1746180 641
1746190 641
1746200 643
1746210 644
1746220 644
1746230 646
1746240 648
1746250 648
1746260 650
1746270 652
1746280 652
1746290 654
1746300 655
1746310 655
1746320 657
1746330 659
1746340 659
1746350 660
1746360 662
1746370 663
1746380 663
1746390 665
1746400 666
1746410 666
1746420 668
1746430 670
1746440 670
1746450 672
1746460 674
1746470 674
1746480 675
1746490 677
1746500 677
1746510 679
1746520 681
1746530 681
1746540 682
1746550 684
1746560 684
1746570 686
1746580 688
1746590 688
1746600 689
1746610 691
1746620 691
1746630 693
1746640 694
1746650 695
1746660 695
1746670 697
1746680 698
1746690 698
1746700 699
1746710 700
1746720 700
1746730 700
1746740 702
1746750 702
1746760 703
1746770 703
1746780 703
1746790 703
1746800 703
1746810 703
1746820 703
1746830 702
1746840 702
1746850 701
1746860 700
1746870 700
1746880 699
1746890 698
1746900 698
1746910 697
1746920 695
1746930 693
1746940 693
1746950 691
1746960 689
1746970 689
1746980 687
1746990 685
1747000 685
1747010 682
1747020 680
1747030 680
1747040 678
1747050 673
1747060 673
1747070 671
1747080 668
1747090 668
1747100 665
1747110 661
1747120 661
1747130 657
1747140 653
1747150 653
1747160 649
1747170 647
1747180 647
1747190 642
1747200 639
1747210 635
1747220 635
1747230 631
1747240 628
1747250 628
1747260 624
1747270 623
1747280 623
1747290 620
1747300 618
1747310 618
1747320 615
1747330 611
1747340 611
1747350 609
1747360 606
1747370 606
1747380 603
1747390 601
1747400 601
1747410 600
1747420 598
1747430 598
1747440 598
1747450 599
1747460 599
1747470 599
1747480 598
1747490 597
1747500 597
1747510 595
1747520 595
1747530 595
1747540 595
1747550 594
1747560 594
1747570 593
1747580 592
1747590 592
1747600 590
1747610 588
1747620 588
1747630 585
1747640 584
1747650 584
1747660 580
1747670 576
1747680 576
1747690 567
1747700 566
1747710 566
1747720 561
1747730 552
1747740 552
1747750 552
1747760 552
1747770 552
1747780 552
1747790 554
1747800 560
1747810 560
1747820 567
1747830 576
1747840 576
1747850 585
1747860 595
1747870 595
1747880 605
1747890 611
1747900 611
1747910 618
1747920 626
1747930 626
1747940 629
1747950 634
1747960 634
1747970 639
1747980 644
1747990 644
1748000 646
1748010 648
1748020 648
1748030 649
1748040 650
1748050 650
1748060 650
1748070 650
1748080 649
1748090 649
1748100 648
1748110 647
1748120 647
1748130 646
1748140 645
1748150 645
1748160 644
1748170 642
1748180 642
1748190 640
1748200 639
1748210 639
1748220 637
1748230 633
1748240 633
1748250 629
1748260 625
1748270 625
1748280 621
1748290 618
1748300 618
1748310 616
1748320 615
1748330 615
1748340 608
1748350 608
1748360 614
1748370 614
1748380 620
1748390 621
1748400 621
1748410 622
1748420 624
1748430 624
1748440 625
1748450 629
1748460 629
1748470 631
1748480 634
1748490 634
1748500 637
1748510 639
1748520 639
1748530 641
1748540 643
1748550 643
1748560 646
1748570 648
1748580 648
1748590 651
1748600 654
1748610 654
1748620 658
1748630 660
1748640 662
1748650 662
1748660 665
1748670 668
1748680 668
1748690 671
1748700 674
1748710 674
1748720 677
1748730 680
1748740 680
1748750 684
1748760 685
1748770 685
1748780 687
1748790 689
1748800 689
1748810 690
1748820 691
1748830 691
1748840 692
1748850 693
1748860 693
1748870 693
1748880 693
1748890 693
1748900 697
1748910 697
1748920 698
1748930 698
1748940 698
1748950 699
1748960 699
1748970 699
1748980 700
1748990 700
1749000 700
1749010 701
1749020 701
1749030 702
1749040 702
1749050 702
1749060 704
1749070 704
1749080 704
1749090 704
1749100 705
1749110 705
1749120 705
1749130 705
1749140 705
1749150 705
1749160 705
1749170 705
1749180 704
1749190 703
1749200 702
1749210 702
1749220 701
1749230 700
1749240 700
1749250 700
1749260 700
1749270 700
1749280 703
1749290 704
1749300 704
1749310 705
1749320 706
1749330 706
1749340 706
1749350 707
1749360 707
1749370 708
1749380 709
1749390 709
1749400 709
1749410 710
1749420 710
1749430 711
1749440 711
1749450 711
1749460 712
1749470 713
1749480 714
1749490 714
1749500 714
1749510 715
1749520 715
1749530 715
1749540 716
1749550 716
1749560 717
1749570 717
1749580 717
1749590 718
1749600 719
1749610 719
1749620 719
1749630 720
1749640 720
1749650 721
1749660 721
1749670 721
1749680 722
1749690 722
1749700 722
1749710 723
1749720 724
1749730 724
1749740 725
1749750 725
1749760 726
1749770 726
1749780 727
1749790 728
1749800 728
1749810 729
1749820 729
1749830 729
1749840 730
1749850 730
1749860 730
1749870 731
1749880 731
1749890 731
1749900 731
1749910 731
1749920 731
1749930 731
1749940 731
1749950 731
1749960 730
1749970 730
1749980 730
1749990 729
1750000 729
1750010 729
1750020 728
1750030 727
1750040 726
1750050 726
1750060 725
1750070 724
1750080 724
1750090 723
1750100 722
1750110 722
1750120 721
1750130 720
1750140 720
1750150 718
1750160 716
1750170 716
1750180 713
1750190 710
1750200 710
1750210 703
1750220 697
1750230 697
1750240 691
1750250 686
1750260 686
1750270 687
1750280 688
1750290 688
1750300 689
1750310 690
1750320 691
1750330 691
1750340 697
1750350 701
1750360 701
1750370 705
1750380 706
1750390 706
1750400 707
1750410 707
1750420 707
1750430 707
1750440 706
1750450 706
1750460 704
1750470 704
1750480 704
1750490 704
1750500 708
1750510 708
1750520 708
1750530 708
1750540 708
1750550 709
1750560 709
1750570 709
1750580 710
1750590 710
1750600 710
1750610 710
1750620 711
1750630 710
1750640 710
1750650 709
1750660 706
1750670 706
1750680 706
1750690 710
1750700 710
1750710 715
1750720 721
1750730 721
1750740 724
1750750 727
1750760 727
1750770 730
1750780 733
1750790 733
1750800 736
1750810 738
1750820 738
1750830 740
1750840 742
1750850 742
1750860 744
1750870 744
1750880 743
1750890 743
1750900 743
1750910 744
1750920 744
1750930 744
1750940 744
1750950 744
1750960 745
1750970 744
1750980 744
1750990 744
1751000 744
1751010 744
1751020 745
1751030 746
1751040 746
1751050 746
1751060 747
1751070 747
1751080 748
1751090 748
1751100 748
1751110 748
1751120 748
1751130 748
1751140 747
1751150 743
1751160 736
1751170 736
1751180 732
1751190 736
1751200 736
1751210 738
1751220 739
1751230 739
1751240 740
1751250 741
1751260 741
1751270 743
1751280 744
1751290 744
1751300 746
1751310 747
1751320 747
1751330 748
1751340 750
1751350 750
1751360 752
1751370 753
1751380 753
1751390 755
1751400 758
1751410 758
1751420 759
1751430 761
1751440 763
1751450 763
1751460 765
1751470 768
1751480 768
1751490 768
1751500 770
1751510 770
1751520 772
1751530 775
1751540 775
1751550 777
1751560 778
1751570 778
1751580 780
1751590 782
1751600 782
1751610 785
1751620 788
1751630 788
1751640 789
1751650 790
1751660 790
1751670 791
1751680 793
1751690 793
1751700 795
1751710 797
1751720 798
1751730 798
1751740 800
1751750 801
1751760 801
1751770 803
1751780 804
1751790 804
1751800 804
1751810 804
1751820 804
1751830 806
1751840 807
1751850 807
1751860 808
1751870 808
1751880 808
1751890 809
1751900 809
1751910 809
1751920 810
1751930 810
1751940 810
1751950 810
1751960 811
1751970 811
1751980 811
1751990 810
1752000 806
1752010 806
1752020 802
1752030 801
1752040 801
1752050 798
1752060 794
1752070 799
1752080 798
1752090 797
1752100 797
1752110 798
1752120 798
1752130 798
1752140 798
1752150 800
1752160 800
1752170 802
1752180 804
1752190 804
1752200 805
1752210 806
1752220 806
1752230 808
1752240 809
1752250 809
1752260 810
1752270 812
1752280 814
1752290 814
1752300 816
1752310 818
1752320 818
1752330 819
1752340 821
1752350 821
1752360 823
1752370 825
1752380 825
1752390 826
1752400 828
1752410 828
1752420 830
1752430 831
1752440 831
1752450 832
1752460 834
1752470 834
1752480 835
1752490 836
1752500 836
1752510 837
1752520 837
1752530 837
1752540 836
1752550 836
1752560 837
1752570 837
1752580 838
1752590 839
1752600 839
1752610 840
1752620 842
1752630 842
1752640 843
1752650 843
1752660 843
1752670 843
1752680 843
1752690 843
1752700 845
1752710 847
1752720 847
1752730 849
1752740 851
1752750 851
1752760 853
1752770 855
1752780 855
1752790 856
1752800 858
1752810 858
1752820 859
1752830 861
1752840 863
1752850 863
1752860 865
1752870 866
1752880 866
1752890 868
1752900 870
1752910 870
1752920 872
1752930 873
1752940 873
1752950 875
1752960 877
1752970 877
1752980 879
1752990 880
1753000 880
1753010 882
1753020 884
1753030 884
1753040 886
1753050 888
1753060 888
1753070 889
1753080 892
1753090 892
1753100 894
1753110 896
1753120 898
1753130 898
1753140 901
1753150 903
1753160 903
1753170 905
1753180 907
1753190 907
1753200 909
1753210 911
1753220 911
1753230 913
1753240 914
1753250 914
1753260 917
1753270 919
1753280 919
1753290 922
1753300 924
1753310 924
1753320 927
1753330 928
1753340 928
1753350 929
1753360 931
1753370 931
1753380 933
1753390 935
1753400 937
1753410 937
1753420 940
1753430 941
1753440 941
1753450 942
1753460 943
1753470 943
1753480 944
1753490 944
1753500 944
1753510 946
1753520 948
1753530 948
1753540 951
1753550 961
1753560 961
1753570 969
1753580 972
1753590 972
1753600 977
1753610 975
1753620 975
1753630 972
1753640 969
1753650 969
1753660 966
1753670 964
1753680 963
1753690 963
1753700 964
1753710 964
1753720 964
1753730 964
1753740 964
1753750 964
1753760 964
1753770 964
1753780 964
1753790 965
1753800 966
1753810 966
1753820 968
1753830 969
1753840 969
1753850 970
1753860 971
1753870 971
1753880 970
1753890 970
1753900 970
1753910 970
1753920 970
1753930 970
1753940 971
1753950 971
1753960 972
1753970 972
1753980 972
1753990 971
1754000 971
1754010 969
1754020 969
1754030 969
1754040 967
1754050 965
1754060 965
1754070 964
1754080 962
1754090 962
1754100 959
1754110 957
1754120 957
1754130 954
1754140 951
1754150 951
1754160 948
1754170 945
1754180 945
1754190 943
1754200 941
1754210 941
1754220 940
1754230 937
1754240 935
1754250 935
1754260 933
1754270 931
1754280 931
1754290 927
1754300 924
1754310 924
1754320 919
1754330 917
1754340 917
1754350 915
1754360 913
1754370 913
1754380 911
1754390 908
1754400 908
1754410 905
1754420 903
1754430 903
1754440 901
1754450 897
1754460 897
1754470 896
1754480 893
1754490 893
1754500 891
1754510 889
1754520 886
1754530 886
1754540 884
1754550 882
1754560 882
1754570 881
1754580 879
1754590 879
1754600 877
1754610 875
1754620 875
1754630 873
1754640 872
1754650 872
1754660 869
1754670 867
1754680 867
1754690 865
1754700 863
1754710 863
1754720 861
1754730 859
1754740 859
1754750 855
1754760 852
1754770 852
1754780 850
1754790 848
1754800 846
1754810 846
1754820 844
1754830 842
1754840 842
1754850 840
1754860 837
1754870 837
1754880 835
1754890 833
1754900 833
1754910 831
1754920 829
1754930 829
1754940 827
1754950 826
1754960 826
1754970 825
1754980 825
1754990 825
1755000 825
1755010 823
1755020 823
1755030 821
1755040 820
1755050 820
1755060 819
1755070 817
1755080 816
1755090 816
1755100 814
1755110 813
1755120 812
1755130 810
1755140 809
1755150 809
1755160 807
1755170 804
1755180 804
1755190 802
1755200 800
1755210 800
1755220 798
1755230 796
1755240 796
1755250 795
1755260 793
1755270 793
1755280 791
1755290 789
1755300 789
1755310 788
1755320 787
1755330 787
1755340 786
1755350 784
1755360 783
1755370 783
1755380 781
1755390 779
1755400 779
1755410 778
1755420 776
1755430 776
1755440 773
1755450 768
1755460 768
1755470 761
1755480 758
1755490 758
1755500 755
1755510 758
1755520 758
1755530 760
1755540 763
1755550 763
1755560 765
1755570 769
1755580 769
1755590 768
1755600 761
1755610 761
1755620 757
1755630 756
1755640 756
1755650 756
1755660 756
1755670 752
1755680 752
1755690 754
1755700 756
1755710 756
1755720 757
1755730 759
1755740 759
1755750 761
1755760 764
1755770 764
1755780 766
1755790 768
1755800 768
1755810 769
1755820 771
1755830 771
1755840 773
1755850 776
1755860 776
1755870 778
1755880 779
1755890 779
1755900 780
1755910 782
1755920 782
1755930 782
1755940 784
1755950 783
1755960 783
1755970 782
1755980 781
1755990 781
1756000 779
1756010 777
1756020 777
1756030 776
1756040 775
1756050 775
1756060 772
1756070 769
1756080 769
1756090 767
1756100 766
1756110 766
1756120 767
1756130 767
1756140 767
1756150 767
1756160 767
1756170 767
1756180 766
1756190 766
1756200 766
1756210 766
1756220 767
1756230 767
1756240 767
1756250 767
1756260 767
1756270 767
1756280 767
1756290 765
1756300 765
1756310 764
1756320 761
1756330 761
1756340 757
1756350 754
1756360 754
1756370 753
1756380 754
1756390 754
1756400 756
1756410 757
1756420 757
1756430 757
1756440 757
1756450 757
1756460 758
1756470 759
1756480 759
1756490 759
1756500 760
1756510 760
1756520 760
1756530 761
1756540 761
1756550 761
1756560 762
1756570 763
1756580 763
1756590 763
1756600 766
1756610 766
1756620 767
1756630 768
1756640 768
1756650 769
1756660 770
1756670 770
1756680 772
1756690 772
1756700 772
1756710 773
1756720 774
1756730 774
1756740 775
1756750 777
1756760 778
1756770 778
1756780 779
1756790 780
1756800 780
1756810 782
1756820 783
1756830 783
1756840 784
1756850 786
1756860 786
1756870 787
1756880 788
1756890 788
1756900 790
1756910 791
1756920 791
1756930 793
1756940 795
1756950 795
1756960 796
1756970 797
1756980 797
1756990 799
1757000 800
1757010 800
1757020 801
1757030 802
1757040 802
1757050 804
1757060 805
1757070 807
1757080 807
1757090 808
1757100 810
1757110 810
1757120 811
1757130 813
1757140 813
1757150 814
1757160 815
1757170 815
1757180 815
1757190 815
1757200 815
1757210 813
1757220 811
1757230 811
1757240 810
1757250 809
1757260 809
1757270 807
1757280 806
1757290 806
1757300 805
1757310 803
1757320 803
1757330 801
1757340 799
1757350 797
1757360 797
1757370 796
1757380 794
1757390 794
1757400 794
1757410 793
1757420 793
1757430 792
1757440 791
1757450 791
1757460 788
1757470 786
1757480 786
1757490 788
1757500 788
1757510 788
1757520 787
1757530 787
1757540 787
1757550 787
1757560 786
1757570 786
1757580 787
1757590 787
1757600 787
1757610 787
1757620 788
1757630 788
1757640 788
1757650 787
1757660 787
1757670 787
1757680 787
1757690 787
1757700 787
1757710 788
1757720 788
1757730 788
1757740 787
1757750 786
1757760 786
1757770 785
1757780 784
1757790 784
1757800 783
1757810 782
1757820 782
1757830 781
1757840 780
1757850 780
1757860 780
1757870 779
1757880 779
1757890 779
1757900 779
1757910 778
1757920 778
1757930 777
1757940 775
1757950 775
1757960 772
1757970 772
1757980 772
1757990 766
1758000 766
1758010 766
1758020 765
1758030 763
1758040 763
1758050 761
1758060 759
1758070 759
1758080 757
1758090 753
1758100 753
1758110 750
1758120 749
1758130 749
1758140 748
1758150 746
1758160 746
1758170 745
1758180 742
1758190 740
1758200 740
1758210 738
1758220 736
1758230 736
1758240 733
1758250 731
1758260 731
1758270 729
1758280 727
1758290 727
1758300 725
1758310 723
1758320 723
1758330 721
1758340 720
1758350 720
1758360 717
1758370 717
1758380 717
1758390 715
1758400 713
1758410 713
1758420 712
1758430 710
1758440 710
1758450 708
1758460 706
1758470 704
1758480 704
1758490 702
1758500 701
1758510 701
1758520 699
1758530 697
1758540 697
1758550 696
1758560 694
1758570 694
1758580 692
1758590 690
1758600 690
1758610 688
1758620 685
1758630 685
1758640 682
1758650 678
1758660 678
1758670 673
1758680 669
1758690 669
1758700 665
1758710 664
1758720 664
1758730 665
1758740 666
1758750 666
1758760 666
1758770 667
1758780 669
1758790 669
1758800 669
1758810 670
1758820 670
1758830 670
1758840 670
1758850 670
1758860 670
1758870 669
1758880 669
1758890 668
1758900 668
1758910 668
1758920 667
1758930 666
1758940 666
1758950 664
1758960 663
1758970 663
1758980 662
1758990 660
1759000 660
1759010 659
1759020 657
1759030 656
1759040 656
1759050 654
1759060 653
1759070 653
1759080 651
1759090 650
1759100 650
1759110 648
1759120 646
1759130 646
1759140 644
1759150 641
1759160 641
1759170 638
1759180 635
1759190 635
1759200 632
1759210 628
1759220 628
1759230 622
1759240 618
1759250 618
1759260 617
1759270 618
1759280 618
1759290 617
1759300 615
1759310 613
1759320 613
1759330 610
1759340 607
1759350 607
1759360 606
1759370 603
1759380 603
1759390 600
1759400 596
1759410 596
1759420 591
1759430 590
1759440 590
1759450 587
1759460 585
1759470 585
1759480 589
1759490 588
1759500 593
1759510 596
1759520 598
1759530 598
1759540 600
1759550 601
1759560 601
1759570 602
1759580 603
1759590 605
1759600 605
1759610 607
1759620 608
1759630 608
1759640 609
1759650 608
1759660 608
1759670 606
1759680 604
1759690 604
1759700 601
1759710 598
1759720 598
1759730 596
1759740 594
1759750 594
1759760 592
1759770 590
1759780 590
1759790 587
1759800 585
1759810 585
1759820 581
1759830 578
1759840 578
1759850 575
1759860 570
1759870 566
1759880 566
1759890 563
1759900 565
1759910 565
1759920 566
1759930 566
1759940 566
1759950 570
1759960 573
1759970 573
1759980 577
1759990 578
