1740000 1013
1740010 1016
1740020 1021
1740030 1021
1740040 1022
1740050 1024
1740060 1024
1740070 1027
1740080 1029
1740090 1029
1740100 1032
1740110 1035
1740120 1035
1740130 1038
1740140 1042
1740150 1042
1740160 1044
1740170 1046
1740180 1046
1740190 1052
1740200 1054
1740210 1054
1740220 1055
1740230 1058
1740240 1062
1740250 1062
1740260 1065
1740270 1069
1740280 1069
1740290 1073
1740300 1076
1740310 1076
1740320 1080
1740330 1085
1740340 1085
1740350 1088
1740360 1091
1740370 1091
1740380 1096
1740390 1099
1740400 1099
1740410 1104
1740420 1107
1740430 1107
1740440 1111
1740450 1115
1740460 1115
1740470 1118
1740480 1121
1740490 1121
1740500 1125
1740510 1128
1740520 1130
1740530 1130
1740540 1133
1740550 1135
1740560 1135
1740570 1138
1740580 1141
1740590 1141
1740600 1142
1740610 1144
1740620 1144
1740630 1144
1740640 1145
1740650 1145
1740660 1145
1740670 1146
1740680 1146
1740690 1145
1740700 1144
1740710 1144
1740720 1142
1740730 1141
1740740 1141
1740750 1140
1740760 1138
1740770 1138
1740780 1136
1740790 1134
1740800 1132
1740810 1132
1740820 1128
1740830 1125
1740840 1125
1740850 1121
1740860 1116
1740870 1116
1740880 1111
1740890 1106
1740900 1106
1740910 1102
1740920 1095
1740930 1095
1740940 1091
1740950 1085
1740960 1085
1740970 1078
1740980 1072
1740990 1072
1741000 1066
1741010 1060
1741020 1060
1741030 1054
1741040 1049
1741050 1049
1741060 1043
1741070 1039
1741080 1032
1741090 1032
1741100 1025
1741110 1021
1741120 1021
1741130 1016
1741140 1011
1741150 1011
1741160 1005
1741170 1000
1741180 1000
1741190 993
1741200 990
1741210 990
1741220 981
1741230 974
1741240 974
1741250 969
1741260 964
1741270 964
1741280 956
1741290 948
1741300 948
1741310 946
1741320 946
1741330 946
1741340 947
1741350 945
1741360 943
1741370 943
1741380 942
1741390 940
1741400 940
1741410 939
1741420 932
1741430 932
1741440 929
1741450 927
1741460 927
1741470 925
1741480 922
1741490 922
1741500 919
1741510 916
1741520 916
1741530 913
1741540 911
1741550 911
1741560 908
1741570 906
1741580 906
1741590 903
1741600 900
1741610 900
1741620 897
1741630 891
1741640 886
1741650 886
1741660 882
1741670 881
1741680 881
1741690 878
1741700 878
1741710 878
1741720 876
1741730 875
1741740 875
1741750 874
1741760 873
1741770 873
1741780 871
1741790 869
1741800 869
1741810 868
1741820 866
1741830 866
1741840 863
1741850 860
1741860 860
1741870 855
1741880 849
1741890 849
1741900 842
1741910 837
1741920 835
1741930 835
1741940 837
1741950 841
1741960 841
1741970 844
1741980 846
1741990 846
1742000 846
1742010 847
1742020 847
1742030 848
1742040 848
1742050 848
1742060 848
1742070 848
1742080 848
1742090 846
1742100 843
1742110 843
1742120 840
1742130 836
1742140 836
1742150 834
1742160 830
1742170 830
1742180 827
1742190 824
1742200 821
1742210 821
1742220 818
1742230 816
1742240 816
1742250 816
1742260 816
1742270 816
1742280 815
1742290 813
1742300 813
1742310 809
1742320 808
1742330 808
1742340 809
1742350 811
1742360 811
1742370 813
1742380 815
1742390 815
1742400 816
1742410 817
1742420 817
1742430 818
1742440 820
1742450 820
1742460 824
1742470 827
1742480 830
1742490 830
1742500 834
1742510 838
1742520 838
1742530 841
1742540 844
1742550 844
1742560 848
1742570 852
1742580 852
1742590 855
1742600 858
1742610 858
1742620 862
1742630 865
1742640 865
1742650 867
1742660 869
1742670 869
1742680 868
1742690 868
1742700 868
1742710 867
1742720 867
1742730 867
1742740 869
1742750 870
1742760 872
1742770 872
1742780 874
1742790 877
1742800 877
1742810 879
1742820 881
1742830 881
1742840 882
1742850 882
1742860 882
1742870 881
1742880 881
1742890 881
1742900 880
1742910 878
1742920 878
1742930 876
1742940 874
1742950 874
1742960 873
1742970 870
1742980 870
1742990 869
1743000 869
1743010 869
1743020 868
1743030 866
1743040 865
1743050 865
1743060 863
1743070 861
1743080 861
1743090 860
1743100 859
1743110 859
1743120 857
1743130 854
1743140 854
1743150 852
1743160 850
1743170 850
1743180 845
1743190 843
1743200 843
1743210 841
1743220 841
1743230 841
1743240 838
1743250 836
1743260 836
1743270 834
1743280 832
1743290 832
1743300 829
1743310 827
1743320 823
1743330 823
1743340 820
1743350 817
1743360 817
1743370 813
1743380 810
1743390 810
1743400 807
1743410 804
1743420 804
1743430 799
1743440 794
1743450 794
1743460 790
1743470 786
1743480 786
1743490 782
1743500 778
1743510 778
1743520 774
1743530 769
1743540 769
1743550 765
1743560 760
1743570 760
1743580 755
1743590 750
1743600 744
1743610 744
1743620 738
1743630 736
1743640 736
1743650 736
1743660 736
1743670 736
1743680 737
1743690 736
1743700 736
1743710 736
1743720 735
1743730 735
1743740 733
1743750 732
1743760 732
1743770 731
1743780 729
1743790 729
1743800 728
1743810 727
1743820 727
1743830 726
1743840 724
1743850 724
1743860 723
1743870 723
1743880 722
1743890 722
1743900 721
1743910 720
1743920 720
1743930 719
1743940 718
1743950 718
1743960 716
1743970 714
1743980 714
1743990 712
1744000 711
1744010 711
1744020 709
1744030 708
1744040 708
1744050 707
1744060 705
1744070 705
1744080 704
1744090 703
1744100 703
1744110 702
1744120 701
1744130 701
1744140 699
1744150 698
1744160 697
1744170 697
1744180 696
1744190 696
1744200 696
1744210 695
1744220 694
1744230 694
1744240 693
1744250 692
1744260 692
1744270 690
1744280 689
1744290 689
1744300 688
1744310 687
1744320 687
1744330 687
1744340 686
1744350 686
1744360 684
1744370 683
1744380 683
1744390 682
1744400 680
1744410 680
1744420 679
1744430 678
1744440 677
1744450 677
1744460 676
1744470 676
1744480 676
1744490 675
1744500 675
1744510 675
1744520 673
1744530 672
1744540 672
1744550 671
1744560 671
1744570 671
1744580 671
1744590 671
1744600 671
1744610 671
1744620 671
1744630 671
1744640 671
1744650 670
1744660 670
1744670 670
1744680 669
1744690 669
1744700 668
1744710 668
1744720 667
1744730 667
1744740 667
1744750 667
1744760 667
1744770 666
1744780 665
1744790 665
1744800 665
1744810 664
1744820 664
1744830 663
1744840 663
1744850 663
1744860 662
1744870 661
1744880 661
1744890 660
1744900 659
1744910 659
1744920 658
1744930 657
1744940 657
1744950 656
1744960 655
1744970 655
1744980 654
1744990 653
1745000 653
1745010 653
1745020 652
1745030 651
1745040 651
1745050 651
1745060 651
1745070 651
1745080 650
1745090 650
1745100 650
1745110 649
1745120 648
1745130 648
1745140 649
1745150 648
1745160 648
1745170 647
1745180 646
1745190 646
1745200 646
1745210 646
1745220 646
1745230 646
1745240 646
1745250 646
1745260 646
1745270 645
1745280 644
1745290 644
1745300 644
1745310 642
1745320 642
1745330 641
1745340 640
1745350 640
1745360 638
1745370 637
1745380 637
1745390 634
1745400 633
1745410 633
1745420 631
1745430 629
1745440 629
1745450 626
1745460 624
1745470 624
1745480 620
1745490 616
1745500 616
1745510 612
1745520 606
1745530 606
1745540 599
1745550 595
1745560 595
1745570 591
1745580 586
1745590 581
1745600 581
1745610 577
1745620 573
1745630 573
1745640 572
1745650 570
1745660 570
1745670 568
1745680 566
1745690 566
1745700 563
1745710 563
1745720 563
1745730 562
1745740 560
1745750 560
1745760 560
1745770 563
1745780 563
1745790 572
1745800 576
1745810 576
1745820 577
1745830 580
1745840 580
1745850 584
1745860 589
1745870 596
1745880 596
1745890 602
1745900 606
1745910 606
1745920 609
1745930 611
1745940 611
1745950 614
1745960 615
1745970 615
1745980 618
1745990 620
1746000 620
1746010 623
1746020 624
1746030 624
1746040 626
1746050 627
1746060 627
1746070 628
1746080 632
1746090 632
1746100 633
1746110 635
1746120 635
1746130 637
1746140 639
1746150 640
1746160 640
1746170 642
1746180 644
1746190 644
1746200 645
1746210 647
1746220 647
1746230 649
1746240 650
1746250 650
1746260 652
1746270 654
1746280 654
1746290 656
1746300 658
1746310 658
1746320 659
1746330 660
1746340 660
1746350 662
1746360 664
1746370 664
1746380 665
1746390 668
1746400 668
1746410 670
1746420 672
1746430 674
1746440 674
1746450 676
1746460 678
1746470 678
1746480 680
1746490 682
1746500 682
1746510 685
1746520 686
1746530 686
1746540 688
1746550 689
1746560 689
1746570 691
1746580 692
1746590 692
1746600 694
1746610 695
1746620 695
1746630 696
1746640 697
1746650 697
1746660 698
1746670 699
1746680 699
1746690 700
1746700 699
1746710 693
1746720 693
1746730 692
1746740 692
1746750 692
1746760 692
1746770 692
1746780 692
1746790 692
1746800 692
1746810 692
1746820 692
1746830 692
1746840 692
1746850 692
1746860 692
1746870 692
1746880 692
1746890 692
1746900 692
1746910 691
1746920 690
1746930 690
1746940 688
1746950 686
1746960 686
1746970 684
1746980 682
1746990 680
1747000 680
1747010 679
1747020 677
1747030 677
1747040 676
1747050 674
1747060 674
1747070 672
1747080 668
1747090 668
1747100 666
1747110 665
1747120 665
1747130 663
1747140 661
1747150 661
1747160 659
1747170 657
1747180 657
1747190 655
1747200 654
1747210 654
1747220 652
1747230 648
1747240 648
1747250 646
1747260 643
1747270 641
1747280 641
1747290 638
1747300 636
1747310 636
1747320 633
1747330 627
1747340 627
1747350 623
1747360 619
1747370 619
1747380 617
1747390 615
1747400 615
1747410 614
1747420 613
1747430 613
1747440 613
1747450 613
1747460 613
1747470 613
1747480 612
1747490 612
1747500 611
1747510 610
1747520 610
1747530 605
1747540 601
1747550 597
1747560 597
1747570 592
1747580 587
1747590 587
1747600 584
1747610 579
1747620 579
1747630 576
1747640 572
1747650 572
1747660 569
1747670 567
1747680 567
1747690 563
1747700 559
1747710 559
1747720 554
1747730 552
1747740 552
1747750 553
1747760 552
1747770 552
1747780 552
1747790 558
1747800 558
1747810 568
1747820 580
1747830 592
1747840 592
1747850 605
1747860 609
1747870 609
1747880 613
1747890 619
1747900 619
1747910 624
1747920 628
1747930 628
1747940 631
1747950 633
1747960 633
1747970 635
1747980 637
1747990 637
1748000 639
1748010 640
1748020 640
1748030 641
1748040 642
1748050 642
1748060 642
1748070 642
1748080 642
1748090 643
1748100 643
1748110 643
1748120 643
1748130 642
1748140 642
1748150 642
1748160 641
1748170 640
1748180 640
1748190 640
1748200 640
1748210 640
1748220 639
1748230 640
1748240 640
1748250 639
1748260 641
1748270 641
1748280 640
1748290 639
1748300 639
1748310 634
1748320 633
1748330 633
1748340 634
1748350 634
1748360 634
1748370 636
1748380 638
1748390 638
1748400 638
1748410 638
1748420 638
1748430 638
1748440 635
1748450 638
1748460 638
1748470 646
1748480 650
1748490 650
1748500 652
1748510 653
1748520 653
1748530 656
1748540 658
1748550 658
1748560 661
1748570 663
1748580 663
1748590 666
1748600 669
1748610 669
1748620 672
1748630 675
1748640 675
1748650 677
1748660 680
1748670 683
1748680 683
1748690 686
1748700 688
1748710 688
1748720 691
1748730 693
1748740 693
1748750 695
1748760 698
1748770 698
1748780 700
1748790 701
1748800 701
1748810 703
1748820 704
1748830 704
1748840 704
1748850 705
1748860 705
1748870 705
1748880 705
1748890 705
1748900 705
1748910 705
1748920 705
1748930 705
1748940 706
1748950 706
1748960 706
1748970 706
1748980 707
1748990 707
1749000 708
1749010 708
1749020 708
1749030 709
1749040 709
1749050 709
1749060 709
1749070 710
1749080 710
1749090 710
1749100 710
1749110 710
1749120 710
1749130 710
1749140 710
1749150 712
1749160 709
1749170 709
1749180 708
1749190 708
1749200 708
1749210 708
1749220 708
1749230 708
1749240 708
1749250 709
1749260 708
1749270 708
1749280 708
1749290 708
1749300 708
1749310 708
1749320 710
1749330 710
1749340 711
1749350 711
1749360 711
1749370 711
1749380 711
1749390 711
1749400 711
1749410 712
1749420 712
1749430 712
1749440 712
1749450 712
1749460 712
1749470 713
1749480 713
1749490 713
1749500 713
1749510 713
1749520 713
1749530 713
1749540 714
1749550 714
1749560 714
1749570 715
1749580 715
1749590 716
1749600 716
1749610 716
1749620 717
1749630 718
1749640 718
1749650 719
1749660 719
1749670 719
1749680 720
1749690 720
1749700 720
1749710 721
1749720 722
1749730 722
1749740 723
1749750 724
1749760 724
1749770 724
1749780 725
1749790 726
1749800 726
1749810 727
1749820 728
1749830 728
1749840 728
1749850 729
1749860 729
1749870 730
1749880 730
1749890 730
1749900 731
1749910 731
1749920 731
1749930 731
1749940 731
1749950 731
1749960 731
1749970 730
1749980 730
1749990 730
1750000 729
1750010 729
1750020 728
1750030 726
1750040 726
1750050 725
1750060 723
1750070 722
1750080 722
1750090 722
1750100 720
1750110 720
1750120 719
1750130 716
1750140 716
1750150 714
1750160 710
1750170 710
1750180 708
1750190 701
1750200 701
1750210 699
1750220 701
1750230 701
1750240 701
1750250 702
1750260 702
1750270 703
1750280 704
1750290 704
1750300 705
1750310 707
1750320 707
1750330 709
1750340 712
1750350 714
1750360 714
1750370 716
1750380 717
1750390 717
1750400 718
1750410 719
1750420 719
1750430 720
1750440 721
1750450 721
1750460 722
1750470 723
1750480 723
1750490 724
1750500 725
1750510 725
1750520 726
1750530 727
1750540 727
1750550 727
1750560 726
1750570 726
1750580 724
1750590 722
1750600 722
1750610 721
1750620 720
1750630 720
1750640 720
1750650 720
1750660 720
1750670 720
1750680 719
1750690 717
1750700 717
1750710 714
1750720 714
1750730 714
1750740 713
1750750 719
1750760 719
1750770 724
1750780 727
1750790 727
1750800 729
1750810 732
1750820 732
1750830 734
1750840 737
1750850 737
1750860 739
1750870 740
1750880 740
1750890 743
1750900 744
1750910 745
1750920 745
1750930 745
1750940 749
1750950 749
1750960 749
1750970 749
1750980 749
1750990 750
1751000 750
1751010 750
1751020 751
1751030 752
1751040 752
1751050 752
1751060 753
1751070 753
1751080 754
1751090 755
1751100 755
1751110 756
1751120 757
1751130 757
1751140 758
1751150 759
1751160 759
1751170 760
1751180 758
1751190 756
1751200 756
1751210 753
1751220 751
1751230 751
1751240 750
1751250 748
1751260 748
1751270 747
1751280 745
1751290 745
1751300 747
1751310 746
1751320 746
1751330 747
1751340 751
1751350 751
1751360 754
1751370 758
1751380 758
1751390 760
1751400 762
1751410 762
1751420 766
1751430 768
1751440 768
1751450 770
1751460 773
1751470 774
1751480 774
1751490 775
1751500 777
1751510 777
1751520 779
1751530 780
1751540 780
1751550 784
1751560 787
1751570 787
1751580 790
1751590 793
1751600 793
1751610 796
1751620 799
1751630 799
1751640 801
1751650 801
1751660 801
1751670 802
1751680 806
1751690 806
1751700 808
1751710 811
1751720 811
1751730 812
1751740 813
1751750 814
1751760 814
1751770 814
1751780 815
1751790 815
1751800 816
1751810 817
1751820 817
1751830 818
1751840 819
1751850 819
1751860 819
1751870 819
1751880 819
1751890 820
1751900 821
1751910 821
1751920 821
1751930 822
1751940 822
1751950 822
1751960 823
1751970 823
1751980 823
1751990 823
1752000 823
1752010 822
1752020 820
1752030 819
1752040 819
1752050 818
1752060 817
1752070 817
1752080 817
1752090 813
1752100 813
1752110 810
1752120 808
1752130 808
1752140 807
1752150 807
1752160 807
1752170 808
1752180 810
1752190 810
1752200 812
1752210 814
1752220 814
1752230 816
1752240 818
1752250 818
1752260 820
1752270 821
1752280 821
1752290 822
1752300 824
1752310 825
1752320 825
1752330 827
1752340 828
1752350 828
1752360 829
1752370 830
1752380 830
1752390 832
1752400 833
1752410 833
1752420 835
1752430 837
1752440 837
1752450 839
1752460 841
1752470 841
1752480 843
1752490 845
1752500 845
1752510 846
1752520 848
1752530 848
1752540 850
1752550 850
1752560 850
1752570 851
1752580 852
1752590 853
1752600 853
1752610 854
1752620 854
1752630 854
1752640 855
1752650 853
1752660 853
1752670 854
1752680 855
1752690 855
1752700 856
1752710 857
1752720 857
1752730 857
1752740 858
1752750 858
1752760 859
1752770 861
1752780 861
1752790 863
1752800 865
1752810 865
1752820 866
1752830 868
1752840 868
1752850 870
1752860 872
1752870 873
1752880 873
1752890 875
1752900 877
1752910 877
1752920 878
1752930 880
1752940 880
1752950 882
1752960 884
1752970 884
1752980 888
1752990 890
1753000 890
1753010 892
1753020 894
1753030 894
1753040 897
1753050 899
1753060 899
1753070 901
1753080 902
1753090 902
1753100 904
1753110 907
1753120 907
1753130 910
1753140 912
1753150 912
1753160 914
1753170 916
1753180 919
1753190 919
1753200 921
1753210 924
1753220 924
1753230 927
1753240 930
1753250 930
1753260 933
1753270 936
1753280 936
1753290 938
1753300 941
1753310 941
1753320 943
1753330 946
1753340 946
1753350 948
1753360 950
1753370 950
1753380 952
1753390 955
1753400 955
1753410 956
1753420 957
1753430 957
1753440 960
1753450 961
1753460 963
1753470 963
1753480 964
1753490 966
1753500 966
1753510 968
1753520 969
1753530 969
1753540 970
1753550 972
1753560 972
1753570 973
1753580 974
1753590 974
1753600 976
1753610 977
1753620 977
1753630 977
1753640 977
1753650 977
1753660 976
1753670 975
1753680 975
1753690 974
1753700 974
1753710 974
1753720 973
1753730 973
1753740 974
1753750 974
1753760 975
1753770 976
1753780 976
1753790 978
1753800 979
1753810 979
1753820 979
1753830 979
1753840 979
1753850 980
1753860 982
1753870 982
1753880 983
1753890 985
1753900 985
1753910 987
1753920 989
1753930 989
1753940 990
1753950 990
1753960 990
1753970 990
1753980 989
1753990 989
1754000 987
1754010 985
1754020 983
1754030 983
1754040 981
1754050 979
1754060 979
1754070 976
1754080 974
1754090 974
1754100 971
1754110 968
1754120 968
1754130 964
1754140 960
1754150 960
1754160 957
1754170 954
1754180 954
1754190 952
1754200 950
1754210 950
1754220 948
1754230 946
1754240 946
1754250 943
1754260 941
1754270 941
1754280 938
1754290 933
1754300 929
1754310 929
1754320 924
1754330 921
1754340 921
1754350 918
1754360 915
1754370 915
1754380 913
1754390 910
1754400 910
1754410 908
1754420 907
1754430 907
1754440 905
1754450 902
1754460 902
1754470 902
1754480 899
1754490 899
1754500 898
1754510 895
1754520 895
1754530 893
1754540 891
1754550 891
1754560 889
1754570 887
1754580 884
1754590 884
1754600 882
1754610 879
1754620 879
1754630 877
1754640 875
1754650 875
1754660 872
1754670 869
1754680 869
1754690 867
1754700 864
1754710 864
1754720 861
1754730 858
1754740 858
1754750 856
1754760 854
1754770 854
1754780 852
1754790 851
1754800 851
1754810 849
1754820 847
1754830 847
1754840 845
1754850 843
1754860 841
1754870 841
1754880 839
1754890 837
1754900 837
1754910 835
1754920 833
1754930 833
1754940 832
1754950 831
1754960 831
1754970 829
1754980 828
1754990 828
1755000 826
1755010 825
1755020 825
1755030 823
1755040 821
1755050 821
1755060 819
1755070 818
1755080 818
1755090 816
1755100 815
1755110 815
1755120 813
1755130 811
1755140 809
1755150 809
1755160 807
1755170 804
1755180 804
1755190 802
1755200 799
1755210 799
1755220 796
1755230 792
1755240 792
1755250 789
1755260 785
1755270 785
1755280 783
1755290 782
1755300 782
1755310 780
1755320 778
1755330 778
1755340 775
1755350 775
1755360 775
1755370 778
1755380 778
1755390 778
1755400 777
1755410 775
1755420 775
1755430 775
1755440 774
1755450 774
1755460 774
1755470 778
1755480 781
1755490 781
1755500 783
1755510 788
1755520 788
1755530 790
1755540 791
1755550 791
1755560 791
1755570 790
1755580 790
1755590 784
1755600 777
1755610 777
1755620 771
1755630 767
1755640 767
1755650 764
1755660 762
1755670 762
1755680 761
1755690 762
1755700 765
1755710 765
1755720 767
1755730 769
1755740 769
1755750 771
1755760 773
1755770 773
1755780 775
1755790 776
1755800 776
1755810 778
1755820 779
1755830 779
1755840 781
1755850 784
1755860 784
1755870 784
1755880 787
1755890 787
1755900 788
1755910 790
1755920 790
1755930 792
1755940 792
1755950 792
1755960 792
1755970 789
1755980 787
1755990 786
1756000 785
1756010 785
1756020 785
1756030 783
1756040 781
1756050 781
1756060 780
1756070 780
1756080 780
1756090 780
1756100 781
1756110 781
1756120 781
1756130 781
1756140 781
1756150 781
1756160 781
1756170 781
1756180 781
1756190 780
1756200 780
1756210 781
1756220 780
1756230 780
1756240 780
1756250 778
1756260 777
1756270 777
1756280 775
1756290 772
1756300 772
1756310 769
1756320 767
1756330 767
1756340 766
1756350 765
1756360 765
1756370 765
1756380 765
1756390 765
1756400 766
1756410 766
1756420 766
1756430 766
1756440 766
1756450 766
1756460 766
1756470 767
1756480 767
1756490 768
1756500 769
1756510 769
1756520 770
1756530 770
1756540 771
1756550 771
1756560 771
1756570 772
1756580 772
1756590 772
1756600 773
1756610 773
1756620 774
1756630 775
1756640 775
1756650 776
1756660 777
1756670 777
1756680 778
1756690 780
1756700 780
1756710 781
1756720 783
1756730 783
1756740 784
1756750 785
1756760 785
1756770 786
1756780 787
1756790 787
1756800 789
1756810 790
1756820 791
1756830 791
1756840 793
1756850 795
1756860 795
1756870 796
1756880 798
1756890 798
1756900 799
1756910 801
1756920 801
1756930 802
1756940 804
1756950 804
1756960 805
1756970 807
1756980 807
1756990 808
1757000 810
1757010 810
1757020 812
1757030 813
1757040 813
1757050 815
1757060 816
1757070 816
1757080 817
1757090 818
1757100 819
1757110 819
1757120 820
1757130 821
1757140 821
1757150 821
1757160 822
1757170 822
1757180 822
1757190 822
1757200 822
1757210 821
1757220 820
1757230 820
1757240 819
1757250 818
1757260 818
1757270 817
1757280 816
1757290 816
1757300 815
1757310 814
1757320 814
1757330 812
1757340 809
1757350 809
1757360 807
1757370 805
1757380 803
1757390 803
1757400 802
1757410 802
1757420 802
1757430 802
1757440 801
1757450 801
1757460 804
1757470 804
1757480 804
1757490 803
1757500 804
1757510 804
1757520 803
1757530 802
1757540 802
1757550 803
1757560 804
1757570 804
1757580 804
1757590 806
1757600 806
1757610 808
1757620 808
1757630 808
1757640 806
1757650 806
1757660 806
1757670 806
1757680 804
1757690 803
1757700 803
1757710 801
1757720 800
1757730 800
1757740 799
1757750 798
1757760 798
1757770 797
1757780 796
1757790 796
1757800 795
1757810 793
1757820 793
1757830 792
1757840 791
1757850 791
1757860 789
1757870 786
1757880 786
1757890 785
1757900 783
1757910 783
1757920 781
1757930 779
1757940 777
1757950 777
1757960 774
1757970 772
1757980 772
1757990 769
1758000 767
1758010 767
1758020 765
1758030 763
1758040 763
1758050 759
1758060 754
1758070 754
1758080 753
1758090 752
1758100 752
1758110 751
1758120 749
1758130 749
1758140 746
1758150 744
1758160 744
1758170 741
1758180 738
1758190 738
1758200 735
1758210 732
1758220 730
1758230 730
1758240 728
1758250 726
1758260 726
1758270 725
1758280 722
1758290 722
1758300 720
1758310 718
1758320 718
1758330 716
1758340 715
1758350 715
1758360 714
1758370 713
1758380 713
1758390 712
1758400 710
1758410 710
1758420 709
1758430 707
1758440 707
1758450 705
1758460 703
1758470 703
1758480 701
1758490 699
1758500 697
1758510 697
1758520 696
1758530 694
1758540 694
1758550 692
1758560 691
1758570 691
1758580 689
1758590 686
1758600 686
1758610 684
1758620 683
1758630 683
1758640 682
1758650 681
1758660 681
1758670 679
1758680 677
1758690 677
1758700 675
1758710 672
1758720 672
1758730 670
1758740 666
1758750 666
1758760 661
1758770 658
1758780 653
1758790 653
1758800 655
1758810 656
1758820 656
1758830 657
1758840 657
1758850 657
1758860 658
1758870 658
1758880 658
1758890 658
1758900 659
1758910 656
1758920 656
1758930 656
1758940 656
1758950 655
1758960 654
1758970 654
1758980 652
1758990 651
1759000 651
1759010 649
1759020 648
1759030 648
1759040 647
1759050 645
1759060 644
1759070 644
1759080 642
1759090 641
1759100 641
1759110 638
1759120 636
1759130 636
1759140 632
1759150 629
1759160 629
1759170 626
1759180 623
1759190 623
1759200 619
1759210 616
1759220 616
1759230 613
1759240 610
1759250 610
1759260 608
1759270 607
1759280 607
1759290 606
1759300 603
1759310 603
1759320 600
1759330 596
1759340 595
1759350 595
1759360 600
1759370 603
1759380 603
1759390 606
1759400 608
1759410 608
1759420 611
1759430 613
1759440 613
1759450 614
1759460 614
1759470 614
1759480 613
1759490 613
1759500 613
1759510 613
1759520 614
1759530 614
1759540 614
1759550 614
1759560 614
1759570 615
1759580 614
1759590 614
1759600 612
1759610 610
1759620 608
1759630 608
1759640 606
1759650 604
1759660 604
1759670 602
1759680 600
1759690 600
1759700 598
1759710 595
1759720 595
1759730 593
1759740 591
1759750 591
1759760 588
1759770 586
1759780 586
1759790 584
1759800 581
1759810 581
1759820 578
1759830 573
1759840 573
1759850 570
1759860 570
1759870 570
1759880 569
1759890 574
1759900 576
1759910 576
1759920 578
1759930 580
1759940 580
1759950 582
1759960 583
1759970 583
1759980 585
1759990 586
