1740000 794
1740010 800
1740020 800
1740030 805
1740040 811
1740050 818
1740060 818
1740070 827
1740080 830
1740090 830
1740100 834
1740110 840
1740120 840
1740130 851
1740140 858
1740150 858
1740160 865
1740170 873
1740180 873
1740190 879
1740200 885
1740210 885
1740220 890
1740230 895
1740240 895
1740250 898
1740260 902
1740270 902
1740280 905
1740290 908
1740300 908
1740310 911
1740320 915
1740330 918
1740340 918
1740350 922
1740360 924
1740370 924
1740380 928
1740390 932
1740400 932
1740410 935
1740420 938
1740430 938
1740440 940
1740450 941
1740460 941
1740470 942
1740480 942
1740490 942
1740500 942
1740510 942
1740520 942
1740530 941
1740540 940
1740550 940
1740560 939
1740570 938
1740580 938
1740590 937
1740600 936
1740610 935
1740620 935
1740630 934
1740640 933
1740650 933
1740660 932
1740670 931
1740680 931
1740690 930
1740700 929
1740710 929
1740720 929
1740730 928
1740740 928
1740750 927
1740760 926
1740770 926
1740780 925
1740790 924
1740800 924
1740810 923
1740820 921
1740830 921
1740840 918
1740850 914
1740860 914
1740870 907
1740880 902
1740890 902
1740900 895
1740910 895
1740920 896
1740930 896
1740940 899
1740950 902
1740960 902
1740970 904
1740980 905
1740990 905
1741000 906
1741010 906
1741020 906
1741030 905
1741040 903
1741050 903
1741060 901
1741070 898
1741080 898
1741090 895
1741100 889
1741110 889
1741120 883
1741130 877
1741140 877
1741150 868
1741160 862
1741170 862
1741180 854
1741190 852
1741200 852
1741210 852
1741220 854
1741230 858
1741240 858
1741250 859
1741260 864
1741270 864
1741280 866
1741290 867
1741300 867
1741310 870
1741320 872
1741330 872
1741340 874
1741350 878
1741360 878
1741370 878
1741380 879
1741390 879
1741400 880
1741410 882
1741420 882
1741430 881
1741440 880
1741450 880
1741460 879
1741470 877
1741480 875
1741490 875
1741500 873
1741510 871
1741520 871
1741530 869
1741540 867
1741550 867
1741560 865
1741570 863
1741580 863
1741590 861
1741600 858
1741610 858
1741620 855
1741630 852
1741640 852
1741650 849
1741660 846
1741670 846
1741680 843
1741690 839
1741700 839
1741710 835
1741720 831
1741730 831
1741740 826
1741750 822
1741760 817
1741770 817
1741780 813
1741790 808
1741800 808
1741810 804
1741820 800
1741830 800
1741840 795
1741850 790
1741860 790
1741870 786
1741880 781
1741890 781
1741900 777
1741910 772
1741920 772
1741930 765
1741940 762
1741950 762
1741960 761
1741970 759
1741980 759
1741990 758
1742000 753
1742010 753
1742020 749
1742030 746
1742040 746
1742050 743
1742060 740
1742070 736
1742080 736
1742090 734
1742100 728
1742110 728
1742120 725
1742130 722
1742140 722
1742150 719
1742160 716
1742170 716
1742180 713
1742190 709
1742200 709
1742210 705
1742220 701
1742230 701
1742240 697
1742250 694
1742260 694
1742270 691
1742280 689
1742290 689
1742300 686
1742310 684
1742320 684
1742330 681
1742340 678
1742350 674
1742360 674
1742370 669
1742380 666
1742390 666
1742400 663
1742410 659
1742420 659
1742430 656
1742440 653
1742450 653
1742460 647
1742470 644
1742480 644
1742490 642
1742500 640
1742510 640
1742520 637
1742530 635
1742540 635
1742550 633
1742560 629
1742570 629
1742580 627
1742590 626
1742600 626
1742610 625
1742620 625
1742630 625
1742640 625
1742650 624
1742660 624
1742670 624
1742680 622
1742690 624
1742700 624
1742710 627
1742720 629
1742730 629
1742740 631
1742750 634
1742760 634
1742770 638
1742780 643
1742790 643
1742800 648
1742810 652
1742820 652
1742830 657
1742840 662
1742850 662
1742860 667
1742870 671
1742880 671
1742890 677
1742900 680
1742910 685
1742920 685
1742930 688
1742940 692
1742950 692
1742960 695
1742970 697
1742980 697
1742990 700
1743000 702
1743010 702
1743020 704
1743030 706
1743040 706
1743050 708
1743060 710
1743070 710
1743080 711
1743090 713
1743100 713
1743110 714
1743120 715
1743130 715
1743140 716
1743150 715
1743160 715
1743170 714
1743180 712
1743190 712
1743200 710
1743210 708
1743220 708
1743230 708
1743240 713
1743250 717
1743260 717
1743270 720
1743280 722
1743290 722
1743300 722
1743310 721
1743320 721
1743330 719
1743340 717
1743350 717
1743360 716
1743370 715
1743380 715
1743390 714
1743400 713
1743410 713
1743420 711
1743430 715
1743440 715
1743450 716
1743460 718
1743470 718
1743480 720
1743490 722
1743500 724
1743510 724
1743520 727
1743530 729
1743540 729
1743550 731
1743560 733
1743570 733
1743580 735
1743590 737
1743600 737
1743610 739
1743620 741
1743630 741
1743640 743
1743650 745
1743660 745
1743670 746
1743680 747
1743690 747
1743700 749
1743710 751
1743720 751
1743730 753
1743740 754
1743750 754
1743760 755
1743770 756
1743780 757
1743790 757
1743800 757
1743810 759
1743820 759
1743830 759
1743840 760
1743850 760
1743860 762
1743870 763
1743880 763
1743890 764
1743900 765
1743910 765
1743920 766
1743930 767
1743940 767
1743950 769
1743960 770
1743970 770
1743980 772
1743990 773
1744000 773
1744010 774
1744020 774
1744030 774
1744040 775
1744050 775
1744060 775
1744070 776
1744080 776
1744090 776
1744100 776
1744110 776
1744120 775
1744130 775
1744140 775
1744150 775
1744160 775
1744170 774
1744180 773
1744190 773
1744200 772
1744210 770
1744220 770
1744230 769
1744240 767
1744250 767
1744260 765
1744270 764
1744280 764
1744290 763
1744300 762
1744310 762
1744320 760
1744330 759
1744340 759
1744350 758
1744360 757
1744370 756
1744380 756
1744390 755
1744400 753
1744410 753
1744420 752
1744430 751
1744440 751
1744450 749
1744460 746
1744470 746
1744480 743
1744490 740
1744500 740
1744510 738
1744520 735
1744530 735
1744540 731
1744550 726
1744560 726
1744570 722
1744580 717
1744590 717
1744600 712
1744610 708
1744620 708
1744630 704
1744640 701
1744650 697
1744660 697
1744670 693
1744680 689
1744690 689
1744700 686
1744710 683
1744720 683
1744730 679
1744740 673
1744750 673
1744760 669
1744770 665
1744780 665
1744790 661
1744800 658
1744810 658
1744820 655
1744830 653
1744840 653
1744850 649
1744860 645
1744870 645
1744880 641
1744890 637
1744900 637
1744910 634
1744920 631
1744930 628
1744940 628
1744950 629
1744960 630
1744970 630
1744980 631
1744990 633
1745000 633
1745010 637
1745020 640
1745030 640
1745040 643
1745050 646
1745060 646
1745070 648
1745080 651
1745090 651
1745100 653
1745110 657
1745120 657
1745130 659
1745140 660
1745150 660
1745160 662
1745170 664
1745180 664
1745190 667
1745200 668
1745210 668
1745220 670
1745230 672
1745240 673
1745250 673
1745260 675
1745270 677
1745280 677
1745290 679
1745300 680
1745310 680
1745320 682
1745330 683
1745340 683
1745350 685
1745360 687
1745370 687
1745380 689
1745390 691
1745400 691
1745410 693
1745420 695
1745430 695
1745440 696
1745450 698
1745460 698
1745470 699
1745480 701
1745490 701
1745500 702
1745510 703
1745520 705
1745530 705
1745540 706
1745550 708
1745560 708
1745570 709
1745580 710
1745590 710
1745600 712
1745610 713
1745620 713
1745630 714
1745640 715
1745650 715
1745660 715
1745670 716
1745680 716
1745690 717
1745700 718
1745710 718
1745720 718
1745730 718
1745740 718
1745750 719
1745760 719
1745770 719
1745780 716
1745790 718
1745800 717
1745810 717
1745820 717
1745830 716
1745840 716
1745850 714
1745860 713
1745870 713
1745880 712
1745890 710
1745900 710
1745910 709
1745920 707
1745930 707
1745940 704
1745950 702
1745960 702
1745970 699
1745980 696
1745990 696
1746000 693
1746010 690
1746020 690
1746030 686
1746040 682
1746050 682
1746060 678
1746070 673
1746080 673
1746090 669
1746100 667
1746110 661
1746120 661
1746130 658
1746140 655
1746150 655
1746160 652
1746170 650
1746180 650
1746190 647
1746200 645
1746210 645
1746220 644
1746230 640
1746240 640
1746250 640
1746260 638
1746270 638
1746280 637
1746290 635
1746300 635
1746310 633
1746320 631
1746330 631
1746340 628
1746350 625
1746360 625
1746370 622
1746380 621
1746390 620
1746400 620
1746410 619
1746420 618
1746430 618
1746440 617
1746450 615
1746460 615
1746470 613
1746480 612
1746490 612
1746500 610
1746510 608
1746520 608
1746530 607
1746540 605
1746550 605
1746560 601
1746570 598
1746580 598
1746590 595
1746600 592
1746610 592
1746620 589
1746630 587
1746640 587
1746650 585
1746660 581
1746670 578
1746680 578
1746690 576
1746700 576
1746710 576
1746720 575
1746730 574
1746740 574
1746750 574
1746760 574
1746770 574
1746780 573
1746790 573
1746800 573
1746810 577
1746820 575
1746830 575
1746840 576
1746850 574
1746860 574
1746870 574
1746880 575
1746890 575
1746900 576
1746910 576
1746920 576
1746930 577
1746940 577
1746950 577
1746960 577
1746970 578
1746980 578
1746990 578
1747000 579
1747010 581
1747020 581
1747030 583
1747040 585
1747050 585
1747060 586
1747070 587
1747080 587
1747090 585
1747100 587
1747110 587
1747120 588
1747130 590
1747140 590
1747150 592
1747160 594
1747170 594
1747180 596
1747190 597
1747200 597
1747210 598
1747220 601
1747230 601
1747240 604
1747250 607
1747260 608
1747270 608
1747280 609
1747290 611
1747300 611
1747310 613
1747320 616
1747330 616
1747340 618
1747350 621
1747360 621
1747370 623
1747380 626
1747390 626
1747400 628
1747410 631
1747420 631
1747430 633
1747440 635
1747450 635
1747460 638
1747470 641
1747480 641
1747490 644
1747500 647
1747510 647
1747520 650
1747530 652
1747540 654
1747550 654
1747560 655
1747570 656
1747580 656
1747590 657
1747600 657
1747610 657
1747620 657
1747630 657
1747640 657
1747650 657
1747660 657
1747670 657
1747680 656
1747690 655
1747700 655
1747710 653
1747720 652
1747730 652
1747740 651
1747750 648
1747760 648
1747770 651
1747780 654
1747790 654
1747800 657
1747810 659
1747820 663
1747830 663
1747840 665
1747850 668
1747860 668
1747870 671
1747880 673
1747890 673
1747900 676
1747910 678
1747920 678
1747930 680
1747940 682
1747950 682
1747960 685
1747970 687
1747980 687
1747990 689
1748000 691
1748010 691
1748020 694
1748030 696
1748040 696
1748050 698
1748060 700
1748070 700
1748080 703
1748090 705
1748100 705
1748110 708
1748120 710
1748130 712
1748140 712
1748150 713
1748160 715
1748170 715
1748180 716
1748190 717
1748200 717
1748210 719
1748220 720
1748230 720
1748240 720
1748250 721
1748260 721
1748270 722
1748280 723
1748290 723
1748300 723
1748310 724
1748320 724
1748330 725
1748340 726
1748350 726
1748360 727
1748370 728
1748380 728
1748390 729
1748400 729
1748410 730
1748420 730
1748430 731
1748440 731
1748450 731
1748460 732
1748470 732
1748480 732
1748490 733
1748500 733
1748510 733
1748520 734
1748530 734
1748540 734
1748550 734
1748560 734
1748570 734
1748580 734
1748590 735
1748600 735
1748610 735
1748620 735
1748630 735
1748640 735
1748650 735
1748660 735
1748670 735
1748680 735
1748690 735
1748700 735
1748710 736
1748720 736
1748730 737
1748740 737
1748750 737
1748760 737
1748770 737
1748780 737
1748790 737
1748800 738
1748810 738
1748820 738
1748830 738
1748840 737
1748850 737
1748860 737
1748870 736
1748880 736
1748890 735
1748900 735
1748910 735
1748920 736
1748930 736
1748940 736
1748950 737
1748960 738
1748970 739
1748980 739
1748990 739
1749000 740
1749010 740
1749020 741
1749030 742
1749040 742
1749050 743
1749060 744
1749070 744
1749080 745
1749090 746
1749100 746
1749110 746
1749120 747
1749130 747
1749140 748
1749150 748
1749160 748
1749170 748
1749180 750
1749190 750
1749200 751
1749210 752
1749220 752
1749230 753
1749240 753
1749250 753
1749260 754
1749270 755
1749280 756
1749290 756
1749300 757
1749310 758
1749320 758
1749330 758
1749340 759
1749350 759
1749360 760
1749370 760
1749380 760
1749390 761
1749400 761
1749410 761
1749420 761
1749430 760
1749440 760
1749450 760
1749460 760
1749470 760
1749480 759
1749490 759
1749500 759
1749510 758
1749520 757
1749530 757
1749540 757
1749550 756
1749560 755
1749570 755
1749580 755
1749590 754
1749600 754
1749610 754
1749620 753
1749630 753
1749640 752
1749650 752
1749660 752
1749670 751
1749680 750
1749690 750
1749700 750
1749710 749
1749720 749
1749730 749
1749740 748
1749750 748
1749760 747
1749770 746
1749780 746
1749790 745
1749800 745
1749810 745
1749820 744
1749830 743
1749840 742
1749850 742
1749860 742
1749870 741
1749880 741
1749890 740
1749900 739
1749910 739
1749920 738
1749930 737
1749940 737
1749950 736
1749960 734
1749970 734
1749980 733
1749990 731
1750000 731
1750010 730
1750020 729
1750030 729
1750040 728
1750050 727
1750060 727
1750070 726
1750080 725
1750090 725
1750100 723
1750110 722
1750120 721
1750130 721
1750140 719
1750150 718
1750160 718
1750170 715
1750180 715
1750190 715
1750200 716
1750210 718
1750220 718
1750230 720
1750240 722
1750250 722
1750260 723
1750270 724
1750280 724
1750290 725
1750300 726
1750310 726
1750320 727
1750330 729
1750340 729
1750350 730
1750360 730
1750370 730
1750380 731
1750390 732
1750400 732
1750410 732
1750420 733
1750430 734
1750440 734
1750450 734
1750460 734
1750470 734
1750480 733
1750490 733
1750500 733
1750510 733
1750520 732
1750530 732
1750540 731
1750550 731
1750560 731
1750570 730
1750580 729
1750590 729
1750600 729
1750610 728
1750620 728
1750630 726
1750640 724
1750650 724
1750660 722
1750670 716
1750680 716
1750690 711
1750700 710
1750710 709
1750720 709
1750730 707
1750740 705
1750750 705
1750760 704
1750770 702
1750780 702
1750790 701
1750800 700
1750810 700
1750820 698
1750830 696
1750840 696
1750850 696
1750860 696
1750870 696
1750880 699
1750890 703
1750900 703
1750910 705
1750920 705
1750930 705
1750940 706
1750950 707
1750960 707
1750970 707
1750980 707
1750990 708
1751000 708
1751010 710
1751020 713
1751030 713
1751040 716
1751050 718
1751060 718
1751070 718
1751080 719
1751090 719
1751100 721
1751110 726
1751120 726
1751130 736
1751140 742
1751150 742
1751160 745
1751170 750
1751180 750
1751190 753
1751200 755
1751210 755
1751220 757
1751230 758
1751240 758
1751250 759
1751260 759
1751270 759
1751280 758
1751290 757
1751300 754
1751310 754
1751320 750
1751330 748
1751340 748
1751350 742
1751360 740
1751370 740
1751380 740
1751390 740
1751400 740
1751410 741
1751420 742
1751430 742
1751440 742
1751450 742
1751460 742
1751470 741
1751480 740
1751490 740
1751500 739
1751510 739
1751520 739
1751530 736
1751540 733
1751550 733
1751560 729
1751570 730
1751580 730
1751590 730
1751600 728
1751610 730
1751620 730
1751630 732
1751640 735
1751650 735
1751660 737
1751670 738
1751680 738
1751690 736
1751700 734
1751710 734
1751720 732
1751730 729
1751740 729
1751750 730
1751760 732
1751770 732
1751780 734
1751790 737
1751800 737
1751810 741
1751820 744
1751830 744
1751840 747
1751850 749
1751860 750
1751870 750
1751880 751
1751890 753
1751900 752
1751910 753
1751920 755
1751930 755
1751940 756
1751950 757
1751960 757
1751970 758
1751980 760
1751990 760
1752000 760
1752010 761
1752020 761
1752030 761
1752040 761
1752050 761
1752060 761
1752070 761
1752080 761
1752090 761
1752100 762
1752110 762
1752120 763
1752130 764
1752140 764
1752150 764
1752160 765
1752170 766
1752180 766
1752190 766
1752200 765
1752210 765
1752220 766
1752230 766
1752240 766
1752250 765
1752260 764
1752270 764
1752280 763
1752290 762
1752300 762
1752310 760
1752320 760
1752330 760
1752340 758
1752350 758
1752360 758
1752370 758
1752380 759
1752390 759
1752400 758
1752410 756
1752420 756
1752430 754
1752440 756
1752450 757
1752460 757
1752470 758
1752480 759
1752490 759
1752500 761
1752510 761
1752520 761
1752530 761
1752540 759
1752550 759
1752560 757
1752570 751
1752580 751
1752590 751
1752600 756
1752610 756
1752620 757
1752630 756
1752640 756
1752650 753
1752660 749
1752670 749
1752680 743
1752690 739
1752700 739
1752710 742
1752720 746
1752730 750
1752740 750
1752750 755
1752760 759
1752770 759
1752780 762
1752790 766
1752800 766
1752810 768
1752820 771
1752830 771
1752840 773
1752850 774
1752860 774
1752870 774
1752880 771
1752890 771
1752900 766
1752910 762
1752920 762
1752930 759
1752940 758
1752950 758
1752960 757
1752970 762
1752980 762
1752990 767
1753000 771
1753010 773
1753020 773
1753030 776
1753040 778
1753050 778
1753060 780
1753070 782
1753080 782
1753090 783
1753100 783
1753110 783
1753120 784
1753130 784
1753140 784
1753150 784
1753160 784
1753170 784
1753180 784
1753190 783
1753200 783
1753210 783
1753220 783
1753230 783
1753240 783
1753250 782
1753260 782
1753270 782
1753280 782
1753290 782
1753300 782
1753310 782
1753320 782
1753330 782
1753340 780
1753350 778
1753360 778
1753370 775
1753380 772
1753390 772
1753400 771
1753410 769
1753420 769
1753430 767
1753440 765
1753450 768
1753460 764
1753470 763
1753480 763
1753490 762
1753500 761
1753510 761
1753520 762
1753530 761
1753540 761
1753550 761
1753560 760
1753570 760
1753580 765
1753590 770
1753600 776
1753610 776
1753620 778
1753630 782
1753640 782
1753650 785
1753660 787
1753670 787
1753680 790
1753690 793
1753700 793
1753710 795
1753720 797
1753730 797
1753740 799
1753750 801
1753760 801
1753770 803
1753780 804
1753790 804
1753800 805
1753810 806
1753820 806
1753830 807
1753840 809
1753850 809
1753860 810
1753870 812
1753880 814
1753890 814
1753900 815
1753910 816
1753920 816
1753930 816
1753940 816
1753950 816
1753960 817
1753970 817
1753980 817
1753990 817
1754000 817
1754010 817
1754020 816
1754030 816
1754040 816
1754050 816
1754060 816
1754070 816
1754080 816
1754090 817
1754100 817
1754110 817
1754120 817
1754130 817
1754140 818
1754150 818
1754160 819
1754170 819
1754180 819
1754190 820
1754200 820
1754210 820
1754220 821
1754230 821
1754240 821
1754250 822
1754260 822
1754270 822
1754280 822
1754290 822
1754300 822
1754310 823
1754320 823
1754330 823
1754340 824
1754350 824
1754360 824
1754370 824
1754380 824
1754390 825
1754400 825
1754410 825
1754420 825
1754430 824
1754440 824
1754450 824
1754460 823
1754470 823
1754480 823
1754490 823
1754500 822
1754510 822
1754520 821
1754530 819
1754540 819
1754550 818
1754560 815
1754570 815
1754580 815
1754590 814
1754600 814
1754610 813
1754620 812
1754630 812
1754640 811
1754650 810
1754660 810
1754670 808
1754680 807
1754690 807
1754700 807
1754710 806
1754720 806
1754730 806
1754740 807
1754750 807
1754760 807
1754770 807
1754780 808
1754790 808
1754800 810
1754810 812
1754820 812
1754830 813
1754840 815
1754850 815
1754860 817
1754870 819
1754880 819
1754890 821
1754900 822
1754910 822
1754920 826
1754930 828
1754940 828
1754950 829
1754960 833
1754970 833
1754980 834
1754990 832
1755000 832
1755010 827
1755020 822
1755030 820
1755040 820
1755050 818
1755060 817
1755070 817
1755080 816
1755090 815
1755100 815
1755110 811
1755120 813
1755130 813
1755140 816
1755150 822
1755160 822
1755170 825
1755180 825
1755190 825
1755200 826
1755210 827
1755220 827
1755230 827
1755240 828
1755250 828
1755260 829
1755270 829
1755280 829
1755290 830
1755300 830
1755310 830
1755320 831
1755330 831
1755340 832
1755350 832
1755360 835
1755370 836
1755380 836
1755390 836
1755400 837
1755410 837
1755420 835
1755430 835
1755440 835
1755450 836
1755460 837
1755470 837
1755480 838
1755490 839
1755500 839
1755510 840
1755520 841
1755530 841
1755540 843
1755550 844
1755560 844
1755570 844
1755580 845
1755590 845
1755600 845
1755610 845
1755620 844
1755630 844
1755640 844
1755650 844
1755660 844
1755670 844
1755680 843
1755690 843
1755700 843
1755710 844
1755720 844
1755730 844
1755740 844
1755750 844
1755760 845
1755770 847
1755780 847
1755790 848
1755800 849
1755810 849
1755820 849
1755830 848
1755840 848
1755850 846
1755860 844
1755870 844
1755880 842
1755890 841
1755900 841
1755910 841
1755920 841
1755930 841
1755940 841
1755950 842
1755960 843
1755970 843
1755980 843
1755990 843
1756000 843
1756010 844
1756020 845
1756030 845
1756040 846
1756050 846
1756060 846
1756070 846
1756080 847
1756090 847
1756100 848
1756110 852
1756120 852
1756130 856
1756140 859
1756150 859
1756160 862
1756170 865
1756180 867
1756190 867
1756200 870
1756210 872
1756220 872
1756230 874
1756240 876
1756250 876
1756260 878
1756270 880
1756280 880
1756290 881
1756300 883
1756310 883
1756320 884
1756330 885
1756340 885
1756350 887
1756360 888
1756370 888
1756380 889
1756390 890
1756400 890
1756410 892
1756420 894
1756430 894
1756440 896
1756450 896
1756460 896
1756470 897
1756480 898
1756490 899
1756500 899
1756510 900
1756520 902
1756530 902
1756540 902
1756550 903
1756560 903
1756570 905
1756580 905
1756590 905
1756600 906
1756610 906
1756620 906
1756630 906
1756640 907
1756650 907
1756660 908
1756670 909
1756680 909
1756690 910
1756700 911
1756710 911
1756720 913
1756730 915
1756740 915
1756750 917
1756760 918
1756770 919
1756780 919
1756790 920
1756800 921
1756810 921
1756820 922
1756830 923
1756840 923
1756850 922
1756860 920
1756870 920
1756880 919
1756890 918
1756900 918
1756910 917
1756920 916
1756930 916
1756940 916
1756950 916
1756960 916
1756970 916
1756980 916
1756990 916
1757000 915
1757010 917
1757020 917
1757030 917
1757040 918
1757050 918
1757060 918
1757070 919
1757080 919
1757090 919
1757100 919
1757110 919
1757120 919
1757130 919
1757140 920
1757150 920
1757160 920
1757170 922
1757180 922
1757190 922
1757200 924
1757210 924
1757220 925
1757230 927
1757240 927
1757250 928
1757260 929
1757270 929
1757280 929
1757290 930
1757300 930
1757310 930
1757320 930
1757330 930
1757340 930
1757350 930
1757360 930
1757370 930
1757380 931
1757390 931
1757400 931
1757410 931
1757420 932
1757430 932
1757440 933
1757450 934
1757460 934
1757470 935
1757480 936
1757490 936
1757500 937
1757510 938
1757520 938
1757530 939
1757540 940
1757550 940
1757560 941
1757570 941
1757580 941
1757590 942
1757600 943
1757610 943
1757620 944
1757630 945
1757640 946
1757650 946
1757660 947
1757670 948
1757680 948
1757690 949
1757700 950
1757710 950
1757720 951
1757730 953
1757740 953
1757750 954
1757760 956
1757770 956
1757780 957
1757790 958
1757800 958
1757810 960
1757820 961
1757830 961
1757840 963
1757850 964
1757860 964
1757870 966
1757880 968
1757890 968
1757900 970
1757910 971
1757920 973
1757930 973
1757940 974
1757950 976
1757960 976
1757970 977
1757980 979
1757990 979
1758000 980
1758010 983
1758020 983
1758030 985
1758040 988
1758050 988
1758060 990
1758070 992
1758080 992
1758090 993
1758100 995
1758110 995
1758120 996
1758130 999
1758140 999
1758150 1002
1758160 1003
1758170 1003
1758180 1002
1758190 1003
1758200 1003
1758210 1003
1758220 1003
1758230 1003
1758240 1003
1758250 1003
1758260 1004
1758270 1004
1758280 1004
1758290 1004
1758300 1004
1758310 1004
1758320 1004
1758330 1004
1758340 1003
1758350 1003
1758360 1003
1758370 1003
1758380 1004
1758390 1004
1758400 1004
1758410 1004
1758420 1004
1758430 1005
1758440 1005
1758450 1005
1758460 1006
1758470 1007
1758480 1007
1758490 1008
1758500 1008
1758510 1008
1758520 1008
1758530 1009
1758540 1009
1758550 1009
1758560 1010
1758570 1011
1758580 1011
1758590 1011
1758600 1011
1758610 1011
1758620 1010
1758630 1009
1758640 1009
1758650 1007
1758660 1006
1758670 1006
1758680 1005
1758690 1003
1758700 1003
1758710 1002
1758720 1000
1758730 1000
1758740 999
1758750 997
1758760 997
1758770 995
1758780 993
1758790 991
1758800 991
1758810 989
1758820 987
1758830 987
1758840 986
1758850 985
1758860 985
1758870 983
1758880 981
1758890 981
1758900 978
1758910 976
1758920 976
1758930 975
1758940 972
1758950 972
1758960 972
1758970 971
1758980 971
1758990 970
1759000 970
1759010 970
1759020 969
1759030 968
1759040 968
1759050 967
1759060 967
1759070 966
1759080 966
1759090 964
1759100 962
1759110 962
1759120 961
1759130 959
1759140 959
1759150 958
1759160 957
1759170 957
1759180 954
1759190 952
1759200 952
1759210 950
1759220 945
1759230 945
1759240 940
1759250 936
1759260 936
1759270 932
1759280 927
1759290 927
1759300 923
1759310 919
1759320 919
1759330 914
1759340 911
1759350 910
1759360 910
1759370 905
1759380 902
1759390 902
1759400 900
1759410 896
1759420 896
1759430 897
1759440 897
1759450 897
1759460 893
1759470 890
1759480 890
1759490 885
1759500 884
1759510 884
1759520 884
1759530 887
1759540 887
1759550 889
1759560 891
1759570 891
1759580 894
1759590 896
1759600 896
1759610 898
1759620 900
1759630 900
1759640 902
1759650 903
1759660 903
1759670 903
1759680 904
1759690 905
1759700 905
1759710 906
1759720 907
1759730 907
1759740 907
1759750 908
1759760 908
1759770 909
1759780 909
1759790 909
1759800 910
1759810 911
1759820 911
1759830 912
1759840 912
1759850 912
1759860 913
1759870 913
1759880 913
1759890 915
1759900 916
1759910 916
1759920 916
1759930 916
1759940 916
1759950 916
1759960 917
1759970 917
1759980 917
1759990 917
