1740000 852
1740010 859
1740020 859
1740030 865
1740040 873
1740050 873
1740060 877
1740070 884
1740080 884
1740090 890
1740100 896
1740110 896
1740120 901
1740130 907
1740140 907
1740150 912
1740160 918
1740170 918
1740180 924
1740190 929
1740200 929
1740210 934
1740220 939
1740230 939
1740240 944
1740250 948
1740260 948
1740270 953
1740280 959
1740290 963
1740300 963
1740310 969
1740320 975
1740330 975
1740340 981
1740350 987
1740360 987
1740370 990
1740380 994
1740390 994
1740400 998
1740410 1003
1740420 1003
1740430 1007
1740440 1010
1740450 1010
1740460 1014
1740470 1017
1740480 1017
1740490 1022
1740500 1025
1740510 1025
1740520 1029
1740530 1032
1740540 1032
1740550 1035
1740560 1037
1740570 1039
1740580 1039
1740590 1039
1740600 1038
1740610 1038
1740620 1037
1740630 1037
1740640 1037
1740650 1035
1740660 1033
1740670 1033
1740680 1030
1740690 1027
1740700 1027
1740710 1023
1740720 1019
1740730 1019
1740740 1015
1740750 1010
1740760 1010
1740770 1004
1740780 999
1740790 999
1740800 994
1740810 989
1740820 989
1740830 984
1740840 978
1740850 973
1740860 973
1740870 967
1740880 961
1740890 961
1740900 956
1740910 951
1740920 951
1740930 945
1740940 940
1740950 940
1740960 934
1740970 929
1740980 929
1740990 923
1741000 918
1741010 918
1741020 912
1741030 907
1741040 907
1741050 902
1741060 898
1741070 898
1741080 892
1741090 891
1741100 888
1741110 884
1741120 879
1741130 879
1741140 877
1741150 874
1741160 872
1741170 872
1741180 870
1741190 869
1741200 869
1741210 868
1741220 867
1741230 867
1741240 866
1741250 865
1741260 865
1741270 864
1741280 864
1741290 864
1741300 865
1741310 865
1741320 865
1741330 866
1741340 866
1741350 866
1741360 866
1741370 866
1741380 866
1741390 866
1741400 864
1741410 864
1741420 861
1741430 858
1741440 856
1741450 856
1741460 852
1741470 847
1741480 847
1741490 844
1741500 842
1741510 842
1741520 839
1741530 836
1741540 836
1741550 833
1741560 830
1741570 830
1741580 828
1741590 825
1741600 825
1741610 823
1741620 819
1741630 819
1741640 815
1741650 813
1741660 813
1741670 807
1741680 801
1741690 801
1741700 796
1741710 791
1741720 786
1741730 786
1741740 780
1741750 774
1741760 774
1741770 768
1741780 762
1741790 762
1741800 756
1741810 751
1741820 751
1741830 746
1741840 742
1741850 742
1741860 738
1741870 733
1741880 733
1741890 729
1741900 724
1741910 724
1741920 721
1741930 717
1741940 717
1741950 713
1741960 710
1741970 710
1741980 706
1741990 702
1742000 702
1742010 701
1742020 697
1742030 695
1742040 695
1742050 693
1742060 692
1742070 692
1742080 690
1742090 686
1742100 686
1742110 682
1742120 677
1742130 677
1742140 673
1742150 670
1742160 670
1742170 665
1742180 660
1742190 660
1742200 654
1742210 649
1742220 649
1742230 645
1742240 640
1742250 640
1742260 638
1742270 635
1742280 635
1742290 633
1742300 632
1742310 632
1742320 632
1742330 632
1742340 632
1742350 632
1742360 630
1742370 631
1742380 631
1742390 632
1742400 632
1742410 632
1742420 632
1742430 632
1742440 632
1742450 632
1742460 632
1742470 632
1742480 633
1742490 634
1742500 634
1742510 635
1742520 637
1742530 637
1742540 639
1742550 643
1742560 643
1742570 649
1742580 654
1742590 659
1742600 659
1742610 663
1742620 666
1742630 666
1742640 669
1742650 673
1742660 673
1742670 676
1742680 679
1742690 679
1742700 679
1742710 677
1742720 677
1742730 672
1742740 669
1742750 669
1742760 664
1742770 662
1742780 662
1742790 666
1742800 668
1742810 668
1742820 672
1742830 674
1742840 674
1742850 677
1742860 678
1742870 682
1742880 683
1742890 683
1742900 683
1742910 683
1742920 682
1742930 684
1742940 684
1742950 684
1742960 685
1742970 685
1742980 687
1742990 690
1743000 690
1743010 692
1743020 694
1743030 694
1743040 696
1743050 696
1743060 696
1743070 695
1743080 695
1743090 695
1743100 696
1743110 697
1743120 697
1743130 696
1743140 700
1743150 700
1743160 703
1743170 706
1743180 709
1743190 709
1743200 710
1743210 712
1743220 712
1743230 714
1743240 716
1743250 716
1743260 717
1743270 719
1743280 719
1743290 720
1743300 722
1743310 722
1743320 724
1743330 725
1743340 725
1743350 727
1743360 728
1743370 728
1743380 729
1743390 729
1743400 729
1743410 730
1743420 731
1743430 731
1743440 732
1743450 733
1743460 734
1743470 734
1743480 736
1743490 738
1743500 738
1743510 740
1743520 742
1743530 742
1743540 744
1743550 746
1743560 746
1743570 748
1743580 749
1743590 749
1743600 751
1743610 752
1743620 752
1743630 753
1743640 755
1743650 755
1743660 756
1743670 758
1743680 758
1743690 759
1743700 760
1743710 760
1743720 761
1743730 761
1743740 761
1743750 761
1743760 760
1743770 760
1743780 760
1743790 760
1743800 759
1743810 759
1743820 758
1743830 755
1743840 755
1743850 755
1743860 755
1743870 755
1743880 755
1743890 754
1743900 754
1743910 753
1743920 752
1743930 752
1743940 752
1743950 751
1743960 751
1743970 751
1743980 750
1743990 750
1744000 748
1744010 746
1744020 746
1744030 744
1744040 743
1744050 741
1744060 741
1744070 740
1744080 739
1744090 739
1744100 737
1744110 734
1744120 734
1744130 732
1744140 731
1744150 731
1744160 730
1744170 729
1744180 729
1744190 727
1744200 723
1744210 723
1744220 719
1744230 717
1744240 717
1744250 715
1744260 714
1744270 714
1744280 711
1744290 710
1744300 710
1744310 707
1744320 705
1744330 702
1744340 702
1744350 700
1744360 697
1744370 697
1744380 695
1744390 694
1744400 694
1744410 692
1744420 690
1744430 690
1744440 686
1744450 684
1744460 684
1744470 681
1744480 678
1744490 678
1744500 675
1744510 673
1744520 673
1744530 671
1744540 668
1744550 668
1744560 667
1744570 665
1744580 665
1744590 664
1744600 658
1744610 657
1744620 657
1744630 652
1744640 647
1744650 647
1744660 644
1744670 643
1744680 643
1744690 641
1744700 639
1744710 639
1744720 639
1744730 639
1744740 639
1744750 638
1744760 638
1744770 638
1744780 638
1744790 637
1744800 637
1744810 637
1744820 640
1744830 640
1744840 641
1744850 645
1744860 645
1744870 646
1744880 649
1744890 649
1744900 651
1744910 652
1744920 654
1744930 654
1744940 655
1744950 658
1744960 658
1744970 660
1744980 661
1744990 661
1745000 663
1745010 665
1745020 665
1745030 668
1745040 671
1745050 671
1745060 673
1745070 675
1745080 675
1745090 677
1745100 679
1745110 679
1745120 681
1745130 683
1745140 683
1745150 685
1745160 687
1745170 687
1745180 689
1745190 692
1745200 694
1745210 694
1745220 696
1745230 698
1745240 698
1745250 700
1745260 702
1745270 702
1745280 703
1745290 705
1745300 705
1745310 706
1745320 708
1745330 708
1745340 710
1745350 711
1745360 711
1745370 713
1745380 714
1745390 714
1745400 716
1745410 717
1745420 717
1745430 719
1745440 720
1745450 720
1745460 721
1745470 722
1745480 723
1745490 723
1745500 724
1745510 725
1745520 725
1745530 726
1745540 726
1745550 726
1745560 727
1745570 728
1745580 728
1745590 728
1745600 729
1745610 729
1745620 729
1745630 730
1745640 730
1745650 729
1745660 730
1745670 730
1745680 729
1745690 728
1745700 728
1745710 728
1745720 726
1745730 726
1745740 724
1745750 723
1745760 723
1745770 721
1745780 719
1745790 716
1745800 716
1745810 713
1745820 711
1745830 711
1745840 709
1745850 707
1745860 707
1745870 705
1745880 704
1745890 704
1745900 701
1745910 698
1745920 698
1745930 695
1745940 693
1745950 693
1745960 691
1745970 688
1745980 688
1745990 687
1746000 685
1746010 685
1746020 683
1746030 680
1746040 680
1746050 676
1746060 671
1746070 668
1746080 668
1746090 665
1746100 663
1746110 663
1746120 662
1746130 659
1746140 659
1746150 656
1746160 653
1746170 653
1746180 651
1746190 648
1746200 648
1746210 646
1746220 644
1746230 644
1746240 644
1746250 643
1746260 643
1746270 641
1746280 638
1746290 638
1746300 634
1746310 631
1746320 631
1746330 628
1746340 625
1746350 622
1746360 622
1746370 618
1746380 614
1746390 614
1746400 610
1746410 606
1746420 606
1746430 603
1746440 603
1746450 603
1746460 598
1746470 596
1746480 596
1746490 592
1746500 590
1746510 590
1746520 588
1746530 586
1746540 586
1746550 585
1746560 582
1746570 582
1746580 582
1746590 581
1746600 581
1746610 579
1746620 577
1746630 577
1746640 575
1746650 575
1746660 576
1746670 576
1746680 576
1746690 577
1746700 577
1746710 577
1746720 578
1746730 578
1746740 579
1746750 585
1746760 585
1746770 590
1746780 594
1746790 594
1746800 595
1746810 597
1746820 597
1746830 599
1746840 601
1746850 601
1746860 603
1746870 607
1746880 607
1746890 607
1746900 609
1746910 609
1746920 611
1746930 618
1746940 621
1746950 621
1746960 624
1746970 627
1746980 627
1746990 629
1747000 631
1747010 631
1747020 633
1747030 634
1747040 634
1747050 635
1747060 638
1747070 638
1747080 639
1747090 641
1747100 641
1747110 642
1747120 644
1747130 644
1747140 645
1747150 646
1747160 646
1747170 647
1747180 649
1747190 649
1747200 649
1747210 652
1747220 650
1747230 650
1747240 650
1747250 649
1747260 649
1747270 649
1747280 646
1747290 646
1747300 643
1747310 640
1747320 640
1747330 637
1747340 634
1747350 634
1747360 631
1747370 627
1747380 627
1747390 624
1747400 622
1747410 622
1747420 619
1747430 615
1747440 615
1747450 618
1747460 618
1747470 618
1747480 617
1747490 616
1747500 616
1747510 614
1747520 612
1747530 612
1747540 612
1747550 612
1747560 612
1747570 612
1747580 611
1747590 610
1747600 610
1747610 609
1747620 607
1747630 607
1747640 604
1747650 605
1747660 605
1747670 604
1747680 602
1747690 602
1747700 601
1747710 600
1747720 600
1747730 598
1747740 598
1747750 598
1747760 597
1747770 597
1747780 597
1747790 598
1747800 597
1747810 597
1747820 597
1747830 597
1747840 597
1747850 597
1747860 600
1747870 605
1747880 605
1747890 608
1747900 612
1747910 612
1747920 615
1747930 619
1747940 619
1747950 618
1747960 622
1747970 622
1747980 627
1747990 632
1748000 632
1748010 636
1748020 641
1748030 641
1748040 647
1748050 652
1748060 652
1748070 656
1748080 657
1748090 659
1748100 659
1748110 658
1748120 657
1748130 657
1748140 655
1748150 651
1748160 651
1748170 648
1748180 652
1748190 652
1748200 658
1748210 661
1748220 661
1748230 665
1748240 667
1748250 667
1748260 669
1748270 673
1748280 673
1748290 677
1748300 680
1748310 680
1748320 684
1748330 688
1748340 688
1748350 692
1748360 695
1748370 695
1748380 698
1748390 701
1748400 705
1748410 705
1748420 709
1748430 712
1748440 712
1748450 716
1748460 719
1748470 719
1748480 721
1748490 725
1748500 725
1748510 728
1748520 730
1748530 730
1748540 732
1748550 734
1748560 734
1748570 736
1748580 738
1748590 738
1748600 740
1748610 742
1748620 742
1748630 745
1748640 747
1748650 747
1748660 749
1748670 751
1748680 753
1748690 753
1748700 754
1748710 756
1748720 756
1748730 758
1748740 759
1748750 759
1748760 760
1748770 762
1748780 762
1748790 763
1748800 765
1748810 765
1748820 766
1748830 767
1748840 767
1748850 768
1748860 769
1748870 769
1748880 769
1748890 770
1748900 770
1748910 770
1748920 770
1748930 770
1748940 770
1748950 771
1748960 771
1748970 771
1748980 771
1748990 771
1749000 771
1749010 770
1749020 770
1749030 770
1749040 770
1749050 770
1749060 770
1749070 769
1749080 769
1749090 769
1749100 768
1749110 768
1749120 768
1749130 767
1749140 766
1749150 766
1749160 766
1749170 765
1749180 765
1749190 764
1749200 764
1749210 764
1749220 763
1749230 762
1749240 761
1749250 761
1749260 761
1749270 760
1749280 760
1749290 759
1749300 759
1749310 759
1749320 758
1749330 757
1749340 757
1749350 756
1749360 755
1749370 755
1749380 754
1749390 753
1749400 753
1749410 752
1749420 751
1749430 751
1749440 751
1749450 750
1749460 750
1749470 750
1749480 749
1749490 749
1749500 749
1749510 749
1749520 749
1749530 750
1749540 750
1749550 751
1749560 750
1749570 750
1749580 750
1749590 750
1749600 751
1749610 751
1749620 751
1749630 752
1749640 753
1749650 753
1749660 753
1749670 753
1749680 753
1749690 754
1749700 755
1749710 755
1749720 755
1749730 754
1749740 754
1749750 754
1749760 753
1749770 753
1749780 753
1749790 752
1749800 752
1749810 750
1749820 748
1749830 747
1749840 747
1749850 746
1749860 745
1749870 745
1749880 745
1749890 744
1749900 744
1749910 744
1749920 743
1749930 743
1749940 743
1749950 743
1749960 743
1749970 742
1749980 741
1749990 741
1750000 739
1750010 741
1750020 741
1750030 741
1750040 741
1750050 741
1750060 741
1750070 741
1750080 741
1750090 741
1750100 741
1750110 741
1750120 741
1750130 740
1750140 740
1750150 740
1750160 740
1750170 740
1750180 740
1750190 740
1750200 740
1750210 740
1750220 739
1750230 738
1750240 738
1750250 736
1750260 736
1750270 736
1750280 737
1750290 737
1750300 737
1750310 737
1750320 737
1750330 737
1750340 736
1750350 736
1750360 736
1750370 737
1750380 739
1750390 739
1750400 741
1750410 742
1750420 743
1750430 743
1750440 745
1750450 746
1750460 746
1750470 748
1750480 750
1750490 750
1750500 752
1750510 753
1750520 753
1750530 754
1750540 754
1750550 754
1750560 754
1750570 753
1750580 753
1750590 753
1750600 753
1750610 753
1750620 752
1750630 751
1750640 751
1750650 750
1750660 750
1750670 750
1750680 749
1750690 748
1750700 747
1750710 747
1750720 746
1750730 744
1750740 744
1750750 743
1750760 740
1750770 740
1750780 739
1750790 736
1750800 736
1750810 735
1750820 733
1750830 733
1750840 732
1750850 730
1750860 730
1750870 726
1750880 724
1750890 724
1750900 723
1750910 722
1750920 722
1750930 718
1750940 716
1750950 716
1750960 716
1750970 717
1750980 719
1750990 719
1751000 724
1751010 729
1751020 729
1751030 733
1751040 735
1751050 735
1751060 736
1751070 736
1751080 736
1751090 737
1751100 737
1751110 737
1751120 739
1751130 740
1751140 740
1751150 744
1751160 745
1751170 745
1751180 747
1751190 748
1751200 748
1751210 747
1751220 750
1751230 750
1751240 756
1751250 758
1751260 758
1751270 759
1751280 760
1751290 761
1751300 761
1751310 763
1751320 764
1751330 764
1751340 765
1751350 766
1751360 766
1751370 768
1751380 769
1751390 769
1751400 770
1751410 772
1751420 772
1751430 772
1751440 773
1751450 773
1751460 774
1751470 775
1751480 775
1751490 776
1751500 777
1751510 777
1751520 778
1751530 778
1751540 778
1751550 779
1751560 779
1751570 779
1751580 779
1751590 779
1751600 779
1751610 779
1751620 778
1751630 778
1751640 778
1751650 777
1751660 775
1751670 775
1751680 774
1751690 773
1751700 773
1751710 772
1751720 771
1751730 771
1751740 769
1751750 767
1751760 767
1751770 765
1751780 764
1751790 764
1751800 762
1751810 761
1751820 761
1751830 759
1751840 757
1751850 756
1751860 756
1751870 755
1751880 754
1751890 754
1751900 755
1751910 755
1751920 755
1751930 756
1751940 757
1751950 757
1751960 758
1751970 760
1751980 760
1751990 762
1752000 764
1752010 764
1752020 766
1752030 768
1752040 768
1752050 770
1752060 771
1752070 771
1752080 773
1752090 775
1752100 775
1752110 777
1752120 778
1752130 778
1752140 780
1752150 781
1752160 782
1752170 782
1752180 784
1752190 785
1752200 785
1752210 786
1752220 787
1752230 787
1752240 789
1752250 790
1752260 790
1752270 791
1752280 793
1752290 793
1752300 795
1752310 797
1752320 797
1752330 799
1752340 800
1752350 800
1752360 802
1752370 804
1752380 804
1752390 805
1752400 807
1752410 807
1752420 808
1752430 809
1752440 811
1752450 811
1752460 812
1752470 812
1752480 812
1752490 814
1752500 815
1752510 815
1752520 816
1752530 817
1752540 817
1752550 817
1752560 817
1752570 817
1752580 817
1752590 817
1752600 817
1752610 817
1752620 817
1752630 817
1752640 817
1752650 816
1752660 816
1752670 816
1752680 813
1752690 813
1752700 812
1752710 813
1752720 810
1752730 810
1752740 808
1752750 808
1752760 808
1752770 809
1752780 810
1752790 810
1752800 811
1752810 813
1752820 813
1752830 814
1752840 815
1752850 815
1752860 814
1752870 814
1752880 814
1752890 815
1752900 815
1752910 815
1752920 816
1752930 816
1752940 816
1752950 817
1752960 817
1752970 817
1752980 818
1752990 818
1753000 818
1753010 819
1753020 819
1753030 819
1753040 819
1753050 820
1753060 820
1753070 820
1753080 820
1753090 820
1753100 820
1753110 820
1753120 820
1753130 820
1753140 820
1753150 821
1753160 821
1753170 821
1753180 821
1753190 821
1753200 822
1753210 822
1753220 822
1753230 823
1753240 824
1753250 824
1753260 824
1753270 824
1753280 824
1753290 824
1753300 822
1753310 821
1753320 821
1753330 820
1753340 818
1753350 818
1753360 817
1753370 817
1753380 817
1753390 816
1753400 815
1753410 815
1753420 815
1753430 814
1753440 814
1753450 813
1753460 812
1753470 812
1753480 811
1753490 811
1753500 811
1753510 811
1753520 810
1753530 810
1753540 809
1753550 809
1753560 809
1753570 808
1753580 808
1753590 807
1753600 807
1753610 807
1753620 806
1753630 806
1753640 806
1753650 805
1753660 805
1753670 804
1753680 803
1753690 803
1753700 802
1753710 801
1753720 801
1753730 801
1753740 800
1753750 800
1753760 800
1753770 799
1753780 799
1753790 798
1753800 797
1753810 797
1753820 797
1753830 798
1753840 798
1753850 799
1753860 800
1753870 800
1753880 801
1753890 802
1753900 802
1753910 802
1753920 802
1753930 801
1753940 801
1753950 800
1753960 801
1753970 801
1753980 801
1753990 802
1754000 802
1754010 803
1754020 805
1754030 805
1754040 807
1754050 808
1754060 808
1754070 809
1754080 810
1754090 810
1754100 811
1754110 813
1754120 813
1754130 814
1754140 815
1754150 815
1754160 816
1754170 817
1754180 818
1754190 818
1754200 819
1754210 820
1754220 820
1754230 822
1754240 824
1754250 824
1754260 825
1754270 826
1754280 826
1754290 827
1754300 827
1754310 827
1754320 829
1754330 829
1754340 829
1754350 830
1754360 830
1754370 830
1754380 831
1754390 832
1754400 832
1754410 833
1754420 833
1754430 833
1754440 833
1754450 834
1754460 834
1754470 834
1754480 834
1754490 835
1754500 835
1754510 835
1754520 835
1754530 835
1754540 834
1754550 834
1754560 834
1754570 834
1754580 834
1754590 834
1754600 834
1754610 833
1754620 833
1754630 833
1754640 832
1754650 832
1754660 831
1754670 830
1754680 830
1754690 830
1754700 830
1754710 830
1754720 829
1754730 829
1754740 830
1754750 830
1754760 831
1754770 832
1754780 832
1754790 836
1754800 837
1754810 837
1754820 838
1754830 840
1754840 840
1754850 842
1754860 844
1754870 844
1754880 845
1754890 847
1754900 847
1754910 849
1754920 851
1754930 851
1754940 853
1754950 855
1754960 855
1754970 856
1754980 858
1754990 858
1755000 859
1755010 861
1755020 861
1755030 862
1755040 863
1755050 863
1755060 863
1755070 864
1755080 864
1755090 864
1755100 865
1755110 864
1755120 864
1755130 864
1755140 864
1755150 864
1755160 863
1755170 862
1755180 862
1755190 861
1755200 860
1755210 860
1755220 859
1755230 859
1755240 859
1755250 859
1755260 859
1755270 859
1755280 859
1755290 860
1755300 860
1755310 859
1755320 861
1755330 861
1755340 861
1755350 862
1755360 864
1755370 864
1755380 865
1755390 863
1755400 863
1755410 860
1755420 857
1755430 857
1755440 854
1755450 852
1755460 852
1755470 851
1755480 849
1755490 849
1755500 847
1755510 844
1755520 844
1755530 845
1755540 846
1755550 846
1755560 848
1755570 849
1755580 849
1755590 849
1755600 849
1755610 850
1755620 850
1755630 851
1755640 852
1755650 852
1755660 852
1755670 852
1755680 852
1755690 852
1755700 853
1755710 853
1755720 853
1755730 854
1755740 854
1755750 855
1755760 856
1755770 856
1755780 857
1755790 857
1755800 857
1755810 859
1755820 860
1755830 860
1755840 861
1755850 862
1755860 862
1755870 865
1755880 866
1755890 866
1755900 868
1755910 869
1755920 871
1755930 871
1755940 872
1755950 874
1755960 874
1755970 875
1755980 876
1755990 876
1756000 877
1756010 878
1756020 878
1756030 879
1756040 879
1756050 879
1756060 880
1756070 881
1756080 881
1756090 882
1756100 882
1756110 882
1756120 883
1756130 884
1756140 884
1756150 885
1756160 885
1756170 885
1756180 886
1756190 887
1756200 887
1756210 887
1756220 888
1756230 888
1756240 888
1756250 889
1756260 889
1756270 889
1756280 890
1756290 891
1756300 891
1756310 891
1756320 892
1756330 892
1756340 892
1756350 893
1756360 893
1756370 894
1756380 895
1756390 895
1756400 895
1756410 896
1756420 896
1756430 896
1756440 897
1756450 897
1756460 897
1756470 898
1756480 899
1756490 899
1756500 899
1756510 900
1756520 900
1756530 900
1756540 900
1756550 900
1756560 901
1756570 900
1756580 900
1756590 901
1756600 901
1756610 901
1756620 901
1756630 901
1756640 901
1756650 901
1756660 901
1756670 901
1756680 902
1756690 902
1756700 902
1756710 903
1756720 903
1756730 903
1756740 904
1756750 904
1756760 904
1756770 903
1756780 903
1756790 902
1756800 902
1756810 902
1756820 901
1756830 901
1756840 901
1756850 901
1756860 901
1756870 902
1756880 902
1756890 902
1756900 903
1756910 904
1756920 904
1756930 905
1756940 905
1756950 905
1756960 906
1756970 906
1756980 906
1756990 907
1757000 907
1757010 907
1757020 905
1757030 902
1757040 902
1757050 901
1757060 901
1757070 900
1757080 900
1757090 901
1757100 903
1757110 903
1757120 906
1757130 907
1757140 907
1757150 908
1757160 910
1757170 910
1757180 911
1757190 912
1757200 912
1757210 914
1757220 917
1757230 917
1757240 918
1757250 920
1757260 920
1757270 921
1757280 922
1757290 922
1757300 924
1757310 925
1757320 925
1757330 926
1757340 927
1757350 929
1757360 929
1757370 930
1757380 931
1757390 931
1757400 933
1757410 933
1757420 933
1757430 935
1757440 936
1757450 936
1757460 937
1757470 938
1757480 938
1757490 939
1757500 940
1757510 940
1757520 942
1757530 943
1757540 943
1757550 944
1757560 945
1757570 945
1757580 947
1757590 949
1757600 949
1757610 951
1757620 952
1757630 952
1757640 954
1757650 955
1757660 956
1757670 956
1757680 958
1757690 959
1757700 959
1757710 960
1757720 961
1757730 961
1757740 962
1757750 963
1757760 963
1757770 965
1757780 966
1757790 966
1757800 967
1757810 969
1757820 969
1757830 970
1757840 971
1757850 971
1757860 972
1757870 974
1757880 974
1757890 974
1757900 976
1757910 976
1757920 977
1757930 979
1757940 981
1757950 981
1757960 983
1757970 985
1757980 985
1757990 987
1758000 989
1758010 989
1758020 991
1758030 992
1758040 992
1758050 994
1758060 995
1758070 995
1758080 996
1758090 997
1758100 997
1758110 999
1758120 1000
1758130 1000
1758140 1001
1758150 1003
1758160 1003
1758170 1005
1758180 1006
1758190 1006
1758200 1007
1758210 1008
1758220 1009
1758230 1009
1758240 1010
1758250 1011
1758260 1011
1758270 1012
1758280 1013
1758290 1013
1758300 1015
1758310 1016
1758320 1016
1758330 1017
1758340 1018
1758350 1018
1758360 1019
1758370 1021
1758380 1021
1758390 1022
1758400 1022
1758410 1022
1758420 1023
1758430 1024
1758440 1024
1758450 1025
1758460 1026
1758470 1026
1758480 1027
1758490 1028
1758500 1028
1758510 1029
1758520 1031
1758530 1031
1758540 1031
1758550 1032
1758560 1033
1758570 1033
1758580 1034
1758590 1034
1758600 1034
1758610 1035
1758620 1035
1758630 1035
1758640 1035
1758650 1035
1758660 1036
1758670 1036
1758680 1037
1758690 1037
1758700 1037
1758710 1037
1758720 1037
1758730 1037
1758740 1037
1758750 1037
1758760 1037
1758770 1037
1758780 1037
1758790 1037
1758800 1037
1758810 1038
1758820 1038
1758830 1038
1758840 1038
1758850 1038
1758860 1038
1758870 1038
1758880 1038
1758890 1038
1758900 1038
1758910 1038
1758920 1038
1758930 1037
1758940 1037
1758950 1037
1758960 1036
1758970 1036
1758980 1035
1758990 1034
1759000 1034
1759010 1033
1759020 1031
1759030 1031
1759040 1030
1759050 1030
1759060 1030
1759070 1030
1759080 1029
1759090 1029
1759100 1029
1759110 1028
1759120 1027
1759130 1027
1759140 1027
1759150 1026
1759160 1026
1759170 1025
1759180 1024
1759190 1024
1759200 1023
1759210 1022
1759220 1022
1759230 1020
1759240 1020
1759250 1020
1759260 1019
1759270 1018
1759280 1018
1759290 1018
1759300 1017
1759310 1017
1759320 1017
1759330 1017
1759340 1017
1759350 1017
1759360 1016
1759370 1016
1759380 1016
1759390 1016
1759400 1015
1759410 1015
1759420 1015
1759430 1015
1759440 1015
1759450 1015
1759460 1016
1759470 1016
1759480 1017
1759490 1017
1759500 1017
1759510 1018
1759520 1019
1759530 1019
1759540 1021
1759550 1022
1759560 1022
1759570 1024
1759580 1026
1759590 1026
1759600 1027
1759610 1029
1759620 1029
1759630 1031
1759640 1033
1759650 1033
1759660 1034
1759670 1035
1759680 1035
1759690 1035
1759700 1036
1759710 1037
1759720 1037
1759730 1038
1759740 1039
1759750 1039
1759760 1040
1759770 1042
1759780 1042
1759790 1041
1759800 1041
1759810 1041
1759820 1041
1759830 1041
1759840 1041
1759850 1041
1759860 1042
1759870 1042
1759880 1042
1759890 1043
1759900 1043
1759910 1045
1759920 1046
1759930 1046
1759940 1048
1759950 1050
1759960 1046
1759970 1046
1759980 1045
1759990 1043
