1740000 886
1740010 885
1740020 883
1740030 883
1740040 881
1740050 879
1740060 879
1740070 878
1740080 877
1740090 877
1740100 876
1740110 875
1740120 875
1740130 874
1740140 873
1740150 872
1740160 872
1740170 872
1740180 871
1740190 871
1740200 870
1740210 869
1740220 869
1740230 869
1740240 868
1740250 868
1740260 868
1740270 868
1740280 868
1740290 867
1740300 866
1740310 866
1740320 865
1740330 864
1740340 864
1740350 862
1740360 858
1740370 858
1740380 855
1740390 853
1740400 853
1740410 852
1740420 850
1740430 850
1740440 847
1740450 845
1740460 843
1740470 843
1740480 839
1740490 837
1740500 837
1740510 834
1740520 834
1740530 834
1740540 836
1740550 836
1740560 836
1740570 835
1740580 835
1740590 835
1740600 835
1740610 837
1740620 837
1740630 837
1740640 837
1740650 837
1740660 836
1740670 833
1740680 833
1740690 832
1740700 831
1740710 831
1740720 831
1740730 830
1740740 830
1740750 829
1740760 829
1740770 829
1740780 829
1740790 829
1740800 828
1740810 827
1740820 828
1740830 827
1740840 827
1740850 827
1740860 827
1740870 827
1740880 827
1740890 827
1740900 827
1740910 826
1740920 826
1740930 826
1740940 826
1740950 826
1740960 826
1740970 826
1740980 826
1740990 826
1741000 827
1741010 827
1741020 827
1741030 828
1741040 829
1741050 829
1741060 832
1741070 836
1741080 842
1741090 842
1741100 849
1741110 854
1741120 854
1741130 858
1741140 864
1741150 864
1741160 869
1741170 870
1741180 870
1741190 865
1741200 860
1741210 860
1741220 854
1741230 849
1741240 849
1741250 845
1741260 840
1741270 840
1741280 835
1741290 829
1741300 829
1741310 829
1741320 830
1741330 830
1741340 832
1741350 834
1741360 834
1741370 838
1741380 843
1741390 849
1741400 849
1741410 852
1741420 857
1741430 857
1741440 862
1741450 866
1741460 866
1741470 872
1741480 876
1741490 876
1741500 881
1741510 886
1741520 886
1741530 891
1741540 896
1741550 896
1741560 901
1741570 906
1741580 906
1741590 910
1741600 914
1741610 914
1741620 920
1741630 926
1741640 926
1741650 931
1741660 937
1741670 941
1741680 941
1741690 941
1741700 939
1741710 939
1741720 936
1741730 934
1741740 934
1741750 933
1741760 933
1741770 933
1741780 931
1741790 931
1741800 931
1741810 931
1741820 931
1741830 931
1741840 930
1741850 930
1741860 930
1741870 929
1741880 929
1741890 929
1741900 928
1741910 928
1741920 928
1741930 928
1741940 929
1741950 929
1741960 929
1741970 929
1741980 930
1741990 930
1742000 930
1742010 930
1742020 930
1742030 930
1742040 932
1742050 932
1742060 934
1742070 936
1742080 936
1742090 938
1742100 939
1742110 939
1742120 942
1742130 944
1742140 944
1742150 947
1742160 949
1742170 949
1742180 951
1742190 952
1742200 952
1742210 953
1742220 953
1742230 953
1742240 952
1742250 952
1742260 952
1742270 951
1742280 951
1742290 952
1742300 952
1742310 951
1742320 951
1742330 951
1742340 950
1742350 950
1742360 950
1742370 949
1742380 948
1742390 948
1742400 947
1742410 945
1742420 945
1742430 943
1742440 941
1742450 941
1742460 940
1742470 938
1742480 938
1742490 936
1742500 934
1742510 934
1742520 934
1742530 934
1742540 934
1742550 933
1742560 935
1742570 935
1742580 937
1742590 940
1742600 941
1742610 941
1742620 941
1742630 942
1742640 942
1742650 943
1742660 944
1742670 944
1742680 946
1742690 947
1742700 947
1742710 948
1742720 950
1742730 950
1742740 952
1742750 953
1742760 953
1742770 956
1742780 959
1742790 959
1742800 962
1742810 965
1742820 965
1742830 968
1742840 971
1742850 971
1742860 973
1742870 975
1742880 975
1742890 978
1742900 980
1742910 982
1742920 982
1742930 983
1742940 986
1742950 986
1742960 987
1742970 989
1742980 989
1742990 990
1743000 991
1743010 991
1743020 991
1743030 993
1743040 993
1743050 994
1743060 996
1743070 996
1743080 997
1743090 999
1743100 999
1743110 1000
1743120 1002
1743130 1002
1743140 1004
1743150 1005
1743160 1005
1743170 1008
1743180 1010
1743190 1010
1743200 1012
1743210 1014
1743220 1016
1743230 1016
1743240 1018
1743250 1020
1743260 1020
1743270 1023
1743280 1026
1743290 1026
1743300 1029
1743310 1032
1743320 1032
1743330 1034
1743340 1036
1743350 1036
1743360 1038
1743370 1041
1743380 1041
1743390 1043
1743400 1046
1743410 1046
1743420 1048
1743430 1049
1743440 1049
1743450 1051
1743460 1053
1743470 1053
1743480 1054
1743490 1056
1743500 1056
1743510 1056
1743520 1061
1743530 1062
1743540 1062
1743550 1063
1743560 1065
1743570 1065
1743580 1066
1743590 1069
1743600 1069
1743610 1071
1743620 1073
1743630 1073
1743640 1074
1743650 1075
1743660 1075
1743670 1076
1743680 1077
1743690 1077
1743700 1078
1743710 1078
1743720 1078
1743730 1079
1743740 1080
1743750 1080
1743760 1082
1743770 1083
1743780 1083
1743790 1085
1743800 1086
1743810 1086
1743820 1088
1743830 1089
1743840 1092
1743850 1092
1743860 1095
1743870 1098
1743880 1098
1743890 1099
1743900 1100
1743910 1100
1743920 1101
1743930 1102
1743940 1102
1743950 1105
1743960 1108
1743970 1108
1743980 1111
1743990 1115
1744000 1115
1744010 1118
1744020 1121
1744030 1121
1744040 1123
1744050 1125
1744060 1125
1744070 1127
1744080 1128
1744090 1128
1744100 1129
1744110 1130
1744120 1130
1744130 1131
1744140 1132
1744150 1133
1744160 1133
1744170 1134
1744180 1134
1744190 1134
1744200 1135
1744210 1136
1744220 1136
1744230 1136
1744240 1136
1744250 1136
1744260 1137
1744270 1137
1744280 1137
1744290 1138
1744300 1140
1744310 1140
1744320 1142
1744330 1143
1744340 1143
1744350 1143
1744360 1144
1744370 1144
1744380 1144
1744390 1144
1744400 1144
1744410 1143
1744420 1142
1744430 1140
1744440 1140
1744450 1139
1744460 1137
1744470 1137
1744480 1135
1744490 1133
1744500 1133
1744510 1132
1744520 1131
1744530 1131
1744540 1130
1744550 1129
1744560 1129
1744570 1127
1744580 1125
1744590 1125
1744600 1123
1744610 1118
1744620 1118
1744630 1113
1744640 1107
1744650 1107
1744660 1101
1744670 1095
1744680 1095
1744690 1089
1744700 1083
1744710 1083
1744720 1077
1744730 1072
1744740 1067
1744750 1067
1744760 1061
1744770 1055
1744780 1055
1744790 1049
1744800 1043
1744810 1043
1744820 1038
1744830 1032
1744840 1032
1744850 1028
1744860 1025
1744870 1025
1744880 1021
1744890 1018
1744900 1018
1744910 1015
1744920 1013
1744930 1013
1744940 1012
1744950 1011
1744960 1011
1744970 1008
1744980 1005
1744990 1005
1745000 1001
1745010 997
1745020 997
1745030 995
1745040 992
1745050 990
1745060 990
1745070 987
1745080 985
1745090 985
1745100 983
1745110 980
1745120 980
1745130 977
1745140 975
1745150 975
1745160 973
1745170 971
1745180 971
1745190 969
1745200 967
1745210 967
1745220 964
1745230 962
1745240 962
1745250 960
1745260 958
1745270 958
1745280 955
1745290 953
1745300 953
1745310 951
1745320 949
1745330 949
1745340 946
1745350 944
1745360 941
1745370 941
1745380 939
1745390 937
1745400 937
1745410 935
1745420 932
1745430 932
1745440 930
1745450 928
1745460 928
1745470 926
1745480 924
1745490 924
1745500 922
1745510 920
1745520 920
1745530 917
1745540 915
1745550 915
1745560 913
1745570 908
1745580 908
1745590 905
1745600 902
1745610 902
1745620 898
1745630 896
1745640 896
1745650 894
1745660 893
1745670 891
1745680 891
1745690 890
1745700 889
1745710 889
1745720 887
1745730 886
1745740 886
1745750 884
1745760 882
1745770 882
1745780 879
1745790 876
1745800 876
1745810 873
1745820 870
1745830 870
1745840 868
1745850 866
1745860 866
1745870 863
1745880 861
1745890 861
1745900 860
1745910 858
1745920 858
1745930 857
1745940 855
1745950 855
1745960 853
1745970 852
1745980 851
1745990 851
1746000 850
1746010 851
1746020 850
1746030 851
1746040 851
1746050 851
1746060 851
1746070 851
1746080 851
1746090 850
1746100 849
1746110 849
1746120 847
1746130 845
1746140 845
1746150 843
1746160 841
1746170 841
1746180 839
1746190 836
1746200 836
1746210 832
1746220 828
1746230 828
1746240 824
1746250 818
1746260 818
1746270 815
1746280 809
1746290 806
1746300 806
1746310 802
1746320 800
1746330 800
1746340 796
1746350 793
1746360 793
1746370 787
1746380 784
1746390 784
1746400 779
1746410 774
1746420 774
1746430 767
1746440 763
1746450 763
1746460 757
1746470 752
1746480 752
1746490 748
1746500 742
1746510 742
1746520 735
1746530 730
1746540 730
1746550 724
1746560 720
1746570 720
1746580 713
1746590 706
1746600 702
1746610 702
1746620 699
1746630 697
1746640 697
1746650 693
1746660 690
1746670 690
1746680 685
1746690 683
1746700 683
1746710 682
1746720 680
1746730 680
1746740 679
1746750 675
1746760 675
1746770 671
1746780 667
1746790 667
1746800 660
1746810 653
1746820 653
1746830 650
1746840 644
1746850 644
1746860 646
1746870 646
1746880 647
1746890 647
1746900 651
1746910 652
1746920 652
1746930 655
1746940 657
1746950 657
1746960 659
1746970 660
1746980 660
1746990 663
1747000 665
1747010 665
1747020 668
1747030 673
1747040 673
1747050 676
1747060 680
1747070 680
1747080 686
1747090 692
1747100 692
1747110 698
1747120 703
1747130 703
1747140 710
1747150 717
1747160 717
1747170 723
1747180 729
1747190 738
1747200 738
1747210 745
1747220 752
1747230 752
1747240 760
1747250 767
1747260 767
1747270 775
1747280 782
1747290 782
1747300 789
1747310 794
1747320 794
1747330 800
1747340 806
1747350 806
1747360 813
1747370 816
1747380 816
1747390 819
1747400 824
1747410 824
1747420 828
1747430 828
1747440 828
1747450 827
1747460 826
1747470 826
1747480 826
1747490 825
1747500 825
1747510 825
1747520 824
1747530 824
1747540 824
1747550 823
1747560 824
1747570 824
1747580 823
1747590 821
1747600 821
1747610 820
1747620 820
1747630 820
1747640 820
1747650 820
1747660 820
1747670 821
1747680 822
1747690 822
1747700 820
1747710 817
1747720 817
1747730 814
1747740 810
1747750 810
1747760 806
1747770 803
1747780 803
1747790 802
1747800 803
1747810 806
1747820 806
1747830 805
1747840 807
1747850 807
1747860 809
1747870 811
1747880 811
1747890 813
1747900 813
1747910 813
1747920 812
1747930 813
1747940 813
1747950 813
1747960 811
1747970 811
1747980 809
1747990 806
1748000 806
1748010 802
1748020 798
1748030 798
1748040 806
1748050 813
1748060 813
1748070 818
1748080 824
1748090 824
1748100 830
1748110 836
1748120 842
1748130 842
1748140 847
1748150 853
1748160 853
1748170 858
1748180 862
1748190 862
1748200 865
1748210 869
1748220 869
1748230 875
1748240 880
1748250 880
1748260 884
1748270 888
1748280 888
1748290 892
1748300 895
1748310 895
1748320 898
1748330 902
1748340 902
1748350 904
1748360 907
1748370 907
1748380 910
1748390 913
1748400 913
1748410 915
1748420 919
1748430 925
1748440 925
1748450 927
1748460 931
1748470 931
1748480 935
1748490 939
1748500 939
1748510 943
1748520 945
1748530 945
1748540 948
1748550 950
1748560 950
1748570 952
1748580 954
1748590 954
1748600 957
1748610 959
1748620 959
1748630 960
1748640 962
1748650 962
1748660 965
1748670 966
1748680 966
1748690 968
1748700 970
1748710 970
1748720 972
1748730 974
1748740 977
1748750 977
1748760 979
1748770 981
1748780 981
1748790 983
1748800 985
1748810 985
1748820 986
1748830 988
1748840 988
1748850 989
1748860 991
1748870 991
1748880 992
1748890 994
1748900 994
1748910 995
1748920 997
1748930 997
1748940 998
1748950 999
1748960 999
1748970 1001
1748980 1003
1748990 1003
1749000 1005
1749010 1007
1749020 1007
1749030 1009
1749040 1010
1749050 1011
1749060 1011
1749070 1013
1749080 1014
1749090 1014
1749100 1015
1749110 1015
1749120 1015
1749130 1016
1749140 1017
1749150 1017
1749160 1018
1749170 1018
1749180 1018
1749190 1019
1749200 1019
1749210 1019
1749220 1019
1749230 1019
1749240 1019
1749250 1018
1749260 1018
1749270 1018
1749280 1017
1749290 1017
1749300 1018
1749310 1017
1749320 1017
1749330 1017
1749340 1016
1749350 1016
1749360 1016
1749370 1016
1749380 1015
1749390 1014
1749400 1014
1749410 1014
1749420 1014
1749430 1014
1749440 1013
1749450 1013
1749460 1013
1749470 1013
1749480 1014
1749490 1014
1749500 1014
1749510 1014
1749520 1014
1749530 1013
1749540 1013
1749550 1013
1749560 1014
1749570 1014
1749580 1014
1749590 1014
1749600 1014
1749610 1014
1749620 1015
1749630 1016
1749640 1017
1749650 1017
1749660 1018
1749670 1019
1749680 1019
1749690 1019
1749700 1020
1749710 1020
1749720 1020
1749730 1020
1749740 1020
1749750 1019
1749760 1019
1749770 1019
1749780 1019
1749790 1019
1749800 1019
1749810 1019
1749820 1019
1749830 1019
1749840 1019
1749850 1020
1749860 1020
1749870 1020
1749880 1020
1749890 1020
1749900 1021
1749910 1021
1749920 1021
1749930 1021
1749940 1022
1749950 1023
1749960 1023
1749970 1024
1749980 1025
1749990 1025
1750000 1026
1750010 1028
1750020 1028
1750030 1029
1750040 1029
1750050 1029
1750060 1030
1750070 1030
1750080 1030
1750090 1032
1750100 1032
1750110 1032
1750120 1033
1750130 1034
1750140 1034
1750150 1035
1750160 1035
1750170 1035
1750180 1035
1750190 1036
1750200 1036
1750210 1036
1750220 1037
1750230 1037
1750240 1037
1750250 1037
1750260 1037
1750270 1037
1750280 1037
1750290 1038
1750300 1038
1750310 1040
1750320 1041
1750330 1041
1750340 1042
1750350 1043
1750360 1043
1750370 1045
1750380 1046
1750390 1046
1750400 1048
1750410 1049
1750420 1049
1750430 1051
1750440 1053
1750450 1053
1750460 1054
1750470 1055
1750480 1055
1750490 1056
1750500 1057
1750510 1057
1750520 1058
1750530 1060
1750540 1060
1750550 1065
1750560 1064
1750570 1063
1750580 1063
1750590 1064
1750600 1064
1750610 1064
1750620 1062
1750630 1059
1750640 1059
1750650 1057
1750660 1056
1750670 1056
1750680 1055
1750690 1054
1750700 1054
1750710 1053
1750720 1052
1750730 1052
1750740 1051
1750750 1050
1750760 1050
1750770 1049
1750780 1047
1750790 1047
1750800 1046
1750810 1046
1750820 1046
1750830 1044
1750840 1043
1750850 1043
1750860 1042
1750870 1041
1750880 1039
1750890 1040
1750900 1039
1750910 1037
1750920 1037
1750930 1035
1750940 1034
1750950 1034
1750960 1033
1750970 1031
1750980 1031
1750990 1030
1751000 1028
1751010 1028
1751020 1026
1751030 1025
1751040 1025
1751050 1023
1751060 1022
1751070 1022
1751080 1021
1751090 1019
1751100 1019
1751110 1017
1751120 1016
1751130 1016
1751140 1014
1751150 1013
1751160 1013
1751170 1011
1751180 1011
1751190 1010
1751200 1010
1751210 1009
1751220 1008
1751230 1008
1751240 1007
1751250 1007
1751260 1007
1751270 1006
1751280 1006
1751290 1006
1751300 1007
1751310 1006
1751320 1006
1751330 1006
1751340 1006
1751350 1006
1751360 1007
1751370 1007
1751380 1007
1751390 1008
1751400 1009
1751410 1009
1751420 1010
1751430 1011
1751440 1011
1751450 1012
1751460 1012
1751470 1012
1751480 1013
1751490 1014
1751500 1014
1751510 1014
1751520 1015
1751530 1015
1751540 1015
1751550 1015
1751560 1015
1751570 1015
1751580 1014
1751590 1014
1751600 1014
1751610 1013
1751620 1012
1751630 1012
1751640 1012
1751650 1011
1751660 1011
1751670 1011
1751680 1011
1751690 1011
1751700 1010
1751710 1010
1751720 1010
1751730 1010
1751740 1009
1751750 1009
1751760 1008
1751770 1008
1751780 1008
1751790 1008
1751800 1008
1751810 1008
1751820 1008
1751830 1008
1751840 1008
1751850 1008
1751860 1008
1751870 1008
1751880 1008
1751890 1008
1751900 1008
1751910 1008
1751920 1008
1751930 1008
1751940 1008
1751950 1007
1751960 1007
1751970 1007
1751980 1007
1751990 1007
1752000 1007
1752010 1008
1752020 1009
1752030 1009
1752040 1009
1752050 1010
1752060 1010
1752070 1010
1752080 1010
1752090 1009
1752100 1009
1752110 1009
1752120 1010
1752130 1010
1752140 1010
1752150 1012
1752160 1012
1752170 1014
1752180 1015
1752190 1015
1752200 1016
1752210 1017
1752220 1017
1752230 1017
1752240 1018
1752250 1018
1752260 1019
1752270 1019
1752280 1019
1752290 1019
1752300 1019
1752310 1019
1752320 1019
1752330 1020
1752340 1020
1752350 1020
1752360 1020
1752370 1020
1752380 1021
1752390 1021
1752400 1021
1752410 1021
1752420 1021
1752430 1021
1752440 1021
1752450 1024
1752460 1025
1752470 1025
1752480 1026
1752490 1026
1752500 1026
1752510 1027
1752520 1028
1752530 1028
1752540 1028
1752550 1029
1752560 1029
1752570 1030
1752580 1030
1752590 1030
1752600 1030
1752610 1031
1752620 1031
1752630 1031
1752640 1032
1752650 1032
1752660 1032
1752670 1033
1752680 1033
1752690 1034
1752700 1034
1752710 1034
1752720 1034
1752730 1035
1752740 1036
1752750 1036
1752760 1037
1752770 1038
1752780 1038
1752790 1040
1752800 1041
1752810 1041
1752820 1042
1752830 1043
1752840 1043
1752850 1045
1752860 1047
1752870 1047
1752880 1049
1752890 1050
1752900 1050
1752910 1051
1752920 1054
1752930 1054
1752940 1055
1752950 1057
1752960 1057
1752970 1059
1752980 1060
1752990 1060
1753000 1062
1753010 1065
1753020 1065
1753030 1065
1753040 1066
1753050 1068
1753060 1068
1753070 1069
1753080 1071
1753090 1071
1753100 1073
1753110 1076
1753120 1076
1753130 1078
1753140 1080
1753150 1080
1753160 1081
1753170 1082
1753180 1082
1753190 1084
1753200 1087
1753210 1087
1753220 1090
1753230 1092
1753240 1092
1753250 1094
1753260 1097
1753270 1097
1753280 1099
1753290 1101
1753300 1101
1753310 1103
1753320 1104
1753330 1106
1753340 1106
1753350 1107
1753360 1109
1753370 1109
1753380 1111
1753390 1112
1753400 1112
1753410 1114
1753420 1115
1753430 1115
1753440 1115
1753450 1115
1753460 1115
1753470 1115
1753480 1116
1753490 1116
1753500 1117
1753510 1119
1753520 1119
1753530 1122
1753540 1121
1753550 1121
1753560 1119
1753570 1116
1753580 1116
1753590 1114
1753600 1112
1753610 1112
1753620 1110
1753630 1108
1753640 1105
1753650 1105
1753660 1103
1753670 1101
1753680 1101
1753690 1099
1753700 1098
1753710 1098
1753720 1096
1753730 1095
1753740 1095
1753750 1094
1753760 1094
1753770 1094
1753780 1093
1753790 1092
1753800 1092
1753810 1091
1753820 1091
1753830 1091
1753840 1091
1753850 1091
1753860 1091
1753870 1091
1753880 1091
1753890 1091
1753900 1089
1753910 1088
1753920 1088
1753930 1087
1753940 1086
1753950 1085
1753960 1085
1753970 1083
1753980 1080
1753990 1078
1754000 1076
1754010 1072
1754020 1072
1754030 1068
1754040 1066
1754050 1066
1754060 1064
1754070 1063
1754080 1063
1754090 1061
1754100 1059
1754110 1059
1754120 1057
1754130 1055
1754140 1055
1754150 1054
1754160 1052
1754170 1052
1754180 1050
1754190 1047
1754200 1047
1754210 1045
1754220 1044
1754230 1044
1754240 1044
1754250 1043
1754260 1041
1754270 1041
1754280 1042
1754290 1041
1754300 1041
1754310 1040
1754320 1039
1754330 1039
1754340 1039
1754350 1038
1754360 1038
1754370 1037
1754380 1037
1754390 1037
1754400 1036
1754410 1036
1754420 1036
1754430 1036
1754440 1035
1754450 1035
1754460 1035
1754470 1035
1754480 1035
1754490 1035
1754500 1036
1754510 1036
1754520 1037
1754530 1037
1754540 1037
1754550 1037
1754560 1038
1754570 1038
1754580 1038
1754590 1039
1754600 1038
1754610 1038
1754620 1038
1754630 1038
1754640 1038
1754650 1037
1754660 1036
1754670 1036
1754680 1035
1754690 1034
1754700 1034
1754710 1033
1754720 1032
1754730 1032
1754740 1031
1754750 1030
1754760 1030
1754770 1028
1754780 1027
1754790 1027
1754800 1026
1754810 1025
1754820 1025
1754830 1024
1754840 1021
1754850 1019
1754860 1019
1754870 1016
1754880 1013
1754890 1013
1754900 1011
1754910 1009
1754920 1009
1754930 1008
1754940 1007
1754950 1007
1754960 1006
1754970 1006
1754980 1006
1754990 1005
1755000 1004
1755010 1004
1755020 1002
1755030 1000
1755040 1000
1755050 999
1755060 997
1755070 997
1755080 995
1755090 992
1755100 992
1755110 989
1755120 986
1755130 986
1755140 982
1755150 979
1755160 977
1755170 977
1755180 974
1755190 971
1755200 971
1755210 969
1755220 966
1755230 966
1755240 965
1755250 963
1755260 963
1755270 963
1755280 961
1755290 961
1755300 960
1755310 959
1755320 959
1755330 959
1755340 958
1755350 958
1755360 957
1755370 956
1755380 956
1755390 955
1755400 955
1755410 955
1755420 954
1755430 953
1755440 953
1755450 953
1755460 952
1755470 951
1755480 951
1755490 950
1755500 949
1755510 949
1755520 949
1755530 948
1755540 948
1755550 947
1755560 947
1755570 947
1755580 946
1755590 943
1755600 943
1755610 941
1755620 940
1755630 940
1755640 939
1755650 937
1755660 937
1755670 936
1755680 935
1755690 935
1755700 934
1755710 933
1755720 933
1755730 932
1755740 931
1755750 931
1755760 929
1755770 927
1755780 923
1755790 923
1755800 921
1755810 919
1755820 919
1755830 916
1755840 914
1755850 914
1755860 913
1755870 910
1755880 910
1755890 905
1755900 900
1755910 900
1755920 898
1755930 896
1755940 896
1755950 896
1755960 895
1755970 895
1755980 894
1755990 893
1756000 893
1756010 892
1756020 891
1756030 891
1756040 891
1756050 889
1756060 889
1756070 888
1756080 888
1756090 886
1756100 886
1756110 886
1756120 885
1756130 885
1756140 884
1756150 883
1756160 883
1756170 882
1756180 881
1756190 881
1756200 880
1756210 879
1756220 879
1756230 878
1756240 877
1756250 877
1756260 876
1756270 875
1756280 875
1756290 875
1756300 874
1756310 874
1756320 873
1756330 872
1756340 872
1756350 870
1756360 870
1756370 870
1756380 869
1756390 867
1756400 864
1756410 864
1756420 861
1756430 859
1756440 859
1756450 858
1756460 858
1756470 858
1756480 858
1756490 857
1756500 857
1756510 857
1756520 856
1756530 856
1756540 856
1756550 855
1756560 855
1756570 855
1756580 854
1756590 854
1756600 854
1756610 853
1756620 853
1756630 850
1756640 849
1756650 849
1756660 848
1756670 848
1756680 848
1756690 848
1756700 846
1756710 846
1756720 846
1756730 846
1756740 846
1756750 846
1756760 845
1756770 844
1756780 844
1756790 844
1756800 843
1756810 843
1756820 842
1756830 840
1756840 840
1756850 839
1756860 837
1756870 837
1756880 835
1756890 835
1756900 835
1756910 835
1756920 834
1756930 834
1756940 834
1756950 833
1756960 833
1756970 832
1756980 832
1756990 832
1757000 832
1757010 832
1757020 832
1757030 832
1757040 832
1757050 833
1757060 833
1757070 833
1757080 834
1757090 834
1757100 834
1757110 835
1757120 835
1757130 835
1757140 836
1757150 836
1757160 836
1757170 837
1757180 837
1757190 837
1757200 837
1757210 837
1757220 837
1757230 835
1757240 835
1757250 834
1757260 832
1757270 832
1757280 831
1757290 829
1757300 827
1757310 827
1757320 825
1757330 822
1757340 822
1757350 820
1757360 817
1757370 817
1757380 815
1757390 813
1757400 813
1757410 811
1757420 809
1757430 809
1757440 807
1757450 804
1757460 804
1757470 802
1757480 800
1757490 800
1757500 798
1757510 790
1757520 790
1757530 787
1757540 787
1757550 787
1757560 789
1757570 789
1757580 789
1757590 789
1757600 790
1757610 790
1757620 790
1757630 790
1757640 789
1757650 789
1757660 788
1757670 789
1757680 789
1757690 789
1757700 790
1757710 790
1757720 789
1757730 787
1757740 787
1757750 785
1757760 784
1757770 784
1757780 780
1757790 780
1757800 780
1757810 780
1757820 781
1757830 781
1757840 780
1757850 775
1757860 775
1757870 775
1757880 772
1757890 772
1757900 771
1757910 771
1757920 770
1757930 770
1757940 771
1757950 773
1757960 773
1757970 771
1757980 770
1757990 770
1758000 768
1758010 767
1758020 767
1758030 766
1758040 769
1758050 769
1758060 769
1758070 769
1758080 769
1758090 775
1758100 777
1758110 777
1758120 779
1758130 782
1758140 782
1758150 785
1758160 786
1758170 786
1758180 787
1758190 788
1758200 788
1758210 787
1758220 787
1758230 786
1758240 786
1758250 785
1758260 784
1758270 784
1758280 783
1758290 782
1758300 782
1758310 781
1758320 779
1758330 779
1758340 778
1758350 777
1758360 777
1758370 776
1758380 775
1758390 775
1758400 774
1758410 773
1758420 773
1758430 772
1758440 771
1758450 771
1758460 769
1758470 768
1758480 768
1758490 767
1758500 766
1758510 766
1758520 765
1758530 764
1758540 763
1758550 763
1758560 761
1758570 760
1758580 760
1758590 760
1758600 761
1758610 761
1758620 761
1758630 762
1758640 762
1758650 763
1758660 764
1758670 764
1758680 766
1758690 767
1758700 767
1758710 768
1758720 769
1758730 769
1758740 770
1758750 771
1758760 771
1758770 772
1758780 773
1758790 773
1758800 775
1758810 776
1758820 776
1758830 777
1758840 779
1758850 780
1758860 780
1758870 781
1758880 782
1758890 782
1758900 783
1758910 784
1758920 784
1758930 784
1758940 785
1758950 785
1758960 786
1758970 786
1758980 786
1758990 787
1759000 788
1759010 788
1759020 789
1759030 789
1759040 789
1759050 789
1759060 789
1759070 789
1759080 788
1759090 788
1759100 788
1759110 789
1759120 789
1759130 789
1759140 790
1759150 791
1759160 791
1759170 791
1759180 792
1759190 792
1759200 792
1759210 792
1759220 792
1759230 792
1759240 792
1759250 791
1759260 791
1759270 790
1759280 789
1759290 789
1759300 788
1759310 786
1759320 786
1759330 785
1759340 784
1759350 784
1759360 783
1759370 782
1759380 782
1759390 781
1759400 780
1759410 780
1759420 779
1759430 778
1759440 778
1759450 777
1759460 776
1759470 774
1759480 774
1759490 773
1759500 772
1759510 772
1759520 770
1759530 768
1759540 768
1759550 767
1759560 765
1759570 765
1759580 763
1759590 762
1759600 762
1759610 762
1759620 763
1759630 763
1759640 764
1759650 765
1759660 765
1759670 766
1759680 767
1759690 767
1759700 768
1759710 769
1759720 769
1759730 769
1759740 770
1759750 770
1759760 771
1759770 771
1759780 770
1759790 770
1759800 770
1759810 769
1759820 769
1759830 768
1759840 767
1759850 767
1759860 765
1759870 764
1759880 764
1759890 761
1759900 758
1759910 758
1759920 757
1759930 755
1759940 755
1759950 751
1759960 748
1759970 748
1759980 743
1759990 742
