1740000 1126
1740010 1126
1740020 1127
1740030 1125
1740040 1125
1740050 1126
1740060 1124
1740070 1124
1740080 1123
1740090 1122
1740100 1121
1740110 1121
1740120 1120
1740130 1118
1740140 1118
1740150 1117
1740160 1115
1740170 1115
1740180 1113
1740190 1112
1740200 1112
1740210 1111
1740220 1110
1740230 1110
1740240 1109
1740250 1107
1740260 1107
1740270 1105
1740280 1103
1740290 1103
1740300 1101
1740310 1098
1740320 1098
1740330 1095
1740340 1093
1740350 1093
1740360 1090
1740370 1088
1740380 1088
1740390 1086
1740400 1085
1740410 1083
1740420 1083
1740430 1082
1740440 1081
1740450 1081
1740460 1080
1740470 1078
1740480 1078
1740490 1077
1740500 1077
1740510 1077
1740520 1076
1740530 1075
1740540 1075
1740550 1075
1740560 1075
1740570 1075
1740580 1076
1740590 1076
1740600 1076
1740610 1076
1740620 1076
1740630 1076
1740640 1076
1740650 1076
1740660 1076
1740670 1076
1740680 1075
1740690 1075
1740700 1075
1740710 1075
1740720 1074
1740730 1074
1740740 1073
1740750 1073
1740760 1073
1740770 1073
1740780 1072
1740790 1072
1740800 1072
1740810 1071
1740820 1071
1740830 1071
1740840 1070
1740850 1070
1740860 1069
1740870 1069
1740880 1069
1740890 1068
1740900 1067
1740910 1067
1740920 1066
1740930 1065
1740940 1065
1740950 1064
1740960 1063
1740970 1063
1740980 1062
1740990 1060
1741000 1060
1741010 1059
1741020 1058
1741030 1057
1741040 1057
1741050 1057
1741060 1056
1741070 1056
1741080 1054
1741090 1054
1741100 1054
1741110 1053
1741120 1051
1741130 1051
1741140 1050
1741150 1049
1741160 1049
1741170 1047
1741180 1045
1741190 1045
1741200 1044
1741210 1042
1741220 1042
1741230 1041
1741240 1039
1741250 1039
1741260 1038
1741270 1035
1741280 1035
1741290 1033
1741300 1030
1741310 1030
1741320 1028
1741330 1025
1741340 1023
1741350 1023
1741360 1021
1741370 1019
1741380 1019
1741390 1016
1741400 1013
1741410 1013
1741420 1010
1741430 1006
1741440 1006
1741450 1002
1741460 998
1741470 998
1741480 994
1741490 990
1741500 990
1741510 987
1741520 983
1741530 983
1741540 981
1741550 980
1741560 980
1741570 978
1741580 977
1741590 977
1741600 976
1741610 975
1741620 975
1741630 974
1741640 972
1741650 970
1741660 970
1741670 971
1741680 973
1741690 973
1741700 975
1741710 976
1741720 976
1741730 977
1741740 978
1741750 978
1741760 979
1741770 980
1741780 980
1741790 981
1741800 982
1741810 982
1741820 982
1741830 983
1741840 983
1741850 983
1741860 983
1741870 983
1741880 983
1741890 982
1741900 982
1741910 980
1741920 977
1741930 977
1741940 975
1741950 974
1741960 973
1741970 973
1741980 973
1741990 974
1742000 974
1742010 974
1742020 975
1742030 975
1742040 975
1742050 975
1742060 975
1742070 975
1742080 976
1742090 976
1742100 978
1742110 980
1742120 980
1742130 981
1742140 983
1742150 983
1742160 985
1742170 986
1742180 986
1742190 989
1742200 990
1742210 990
1742220 991
1742230 993
1742240 993
1742250 994
1742260 995
1742270 996
1742280 996
1742290 997
1742300 998
1742310 998
1742320 999
1742330 1000
1742340 1000
1742350 1001
1742360 1001
1742370 1001
1742380 1002
1742390 1003
1742400 1003
1742410 1003
1742420 1003
1742430 1003
1742440 1003
1742450 1003
1742460 1003
1742470 1003
1742480 1003
1742490 1003
1742500 1003
1742510 1003
1742520 1003
1742530 1003
1742540 1003
1742550 1003
1742560 1003
1742570 1003
1742580 1003
1742590 1002
1742600 1001
1742610 1000
1742620 1000
1742630 998
1742640 994
1742650 994
1742660 990
1742670 986
1742680 986
1742690 982
1742700 980
1742710 980
1742720 977
1742730 974
1742740 974
1742750 970
1742760 968
1742770 968
1742780 964
1742790 961
1742800 961
1742810 958
1742820 951
1742830 951
1742840 945
1742850 940
1742860 940
1742870 939
1742880 937
1742890 937
1742900 935
1742910 937
1742920 939
1742930 939
1742940 940
1742950 940
1742960 940
1742970 939
1742980 937
1742990 937
1743000 935
1743010 933
1743020 933
1743030 932
1743040 930
1743050 930
1743060 929
1743070 927
1743080 927
1743090 924
1743100 921
1743110 921
1743120 919
1743130 917
1743140 917
1743150 916
1743160 915
1743170 915
1743180 916
1743190 916
1743200 916
1743210 919
1743220 923
1743230 927
1743240 927
1743250 932
1743260 938
1743270 938
1743280 942
1743290 946
1743300 946
1743310 948
1743320 953
1743330 953
1743340 956
1743350 960
1743360 960
1743370 964
1743380 968
1743390 968
1743400 970
1743410 972
1743420 972
1743430 974
1743440 977
1743450 977
1743460 980
1743470 983
1743480 983
1743490 986
1743500 988
1743510 988
1743520 990
1743530 993
1743540 995
1743550 995
1743560 996
1743570 996
1743580 996
1743590 997
1743600 999
1743610 999
1743620 1000
1743630 1001
1743640 1001
1743650 1001
1743660 1002
1743670 1002
1743680 1002
1743690 1001
1743700 1001
1743710 999
1743720 998
1743730 998
1743740 996
1743750 993
1743760 993
1743770 990
1743780 989
1743790 989
1743800 988
1743810 987
1743820 987
1743830 987
1743840 987
1743850 988
1743860 988
1743870 989
1743880 992
1743890 992
1743900 995
1743910 997
1743920 997
1743930 1000
1743940 1002
1743950 1002
1743960 1003
1743970 1005
1743980 1003
1743990 1003
1744000 1003
1744010 1003
1744020 1003
1744030 1002
1744040 1002
1744050 1001
1744060 1001
1744070 1001
1744080 1001
1744090 1002
1744100 1002
1744110 1004
1744120 1006
1744130 1006
1744140 1009
1744150 1011
1744160 1013
1744170 1013
1744180 1015
1744190 1016
1744200 1016
1744210 1018
1744220 1019
1744230 1019
1744240 1020
1744250 1021
1744260 1021
1744270 1021
1744280 1021
1744290 1021
1744300 1019
1744310 1017
1744320 1017
1744330 1015
1744340 1012
1744350 1012
1744360 1008
1744370 1004
1744380 1004
1744390 1000
1744400 995
1744410 995
1744420 990
1744430 985
1744440 985
1744450 980
1744460 976
1744470 974
1744480 974
1744490 973
1744500 972
1744510 972
1744520 971
1744530 970
1744540 970
1744550 970
1744560 969
1744570 969
1744580 968
1744590 967
1744600 967
1744610 967
1744620 966
1744630 966
1744640 965
1744650 964
1744660 964
1744670 963
1744680 962
1744690 962
1744700 961
1744710 960
1744720 960
1744730 959
1744740 958
1744750 958
1744760 958
1744770 957
1744780 956
1744790 956
1744800 956
1744810 956
1744820 956
1744830 956
1744840 956
1744850 956
1744860 956
1744870 957
1744880 957
1744890 957
1744900 958
1744910 958
1744920 959
1744930 959
1744940 959
1744950 960
1744960 962
1744970 962
1744980 963
1744990 966
1745000 966
1745010 968
1745020 971
1745030 971
1745040 973
1745050 974
1745060 974
1745070 972
1745080 970
1745090 969
1745100 969
1745110 967
1745120 965
1745130 965
1745140 963
1745150 962
1745160 962
1745170 961
1745180 960
1745190 960
1745200 959
1745210 959
1745220 959
1745230 957
1745240 956
1745250 956
1745260 956
1745270 957
1745280 957
1745290 956
1745300 956
1745310 956
1745320 955
1745330 954
1745340 954
1745350 953
1745360 952
1745370 952
1745380 952
1745390 953
1745400 953
1745410 953
1745420 954
1745430 954
1745440 954
1745450 955
1745460 958
1745470 958
1745480 964
1745490 967
1745500 967
1745510 971
1745520 967
1745530 967
1745540 965
1745550 961
1745560 961
1745570 957
1745580 952
1745590 952
1745600 947
1745610 942
1745620 942
1745630 937
1745640 932
1745650 932
1745660 927
1745670 922
1745680 922
1745690 917
1745700 912
1745710 912
1745720 907
1745730 903
1745740 898
1745750 898
1745760 893
1745770 888
1745780 888
1745790 882
1745800 876
1745810 876
1745820 870
1745830 864
1745840 864
1745850 858
1745860 852
1745870 852
1745880 847
1745890 842
1745900 842
1745910 836
1745920 831
1745930 831
1745940 826
1745950 823
1745960 823
1745970 820
1745980 817
1745990 817
1746000 814
1746010 810
1746020 810
1746030 805
1746040 800
1746050 796
1746060 796
1746070 791
1746080 788
1746090 788
1746100 786
1746110 784
1746120 784
1746130 782
1746140 777
1746150 777
1746160 770
1746170 765
1746180 765
1746190 762
1746200 760
1746210 760
1746220 758
1746230 756
1746240 756
1746250 755
1746260 753
1746270 753
1746280 752
1746290 753
1746300 753
1746310 752
1746320 746
1746330 746
1746340 731
1746350 722
1746360 708
1746370 708
1746380 702
1746390 699
1746400 699
1746410 697
1746420 691
1746430 691
1746440 684
1746450 681
1746460 681
1746470 680
1746480 679
1746490 679
1746500 677
1746510 677
1746520 677
1746530 676
1746540 676
1746550 676
1746560 676
1746570 675
1746580 675
1746590 674
1746600 674
1746610 674
1746620 673
1746630 671
1746640 671
1746650 672
1746660 673
1746670 673
1746680 673
1746690 677
1746700 678
1746710 678
1746720 680
1746730 683
1746740 683
1746750 687
1746760 690
1746770 690
1746780 694
1746790 697
1746800 697
1746810 702
1746820 706
1746830 706
1746840 711
1746850 718
1746860 718
1746870 720
1746880 724
1746890 724
1746900 728
1746910 731
1746920 731
1746930 734
1746940 735
1746950 735
1746960 735
1746970 731
1746980 727
1746990 727
1747000 725
1747010 725
1747020 725
1747030 724
1747040 724
1747050 724
1747060 724
1747070 722
1747080 722
1747090 722
1747100 723
1747110 723
1747120 722
1747130 721
1747140 721
1747150 721
1747160 720
1747170 720
1747180 720
1747190 719
1747200 719
1747210 721
1747220 726
1747230 726
1747240 733
1747250 733
1747260 733
1747270 733
1747280 733
1747290 735
1747300 735
1747310 737
1747320 739
1747330 739
1747340 739
1747350 745
1747360 745
1747370 745
1747380 742
1747390 742
1747400 737
1747410 734
1747420 734
1747430 731
1747440 728
1747450 728
1747460 726
1747470 724
1747480 724
1747490 719
1747500 714
1747510 714
1747520 717
1747530 719
1747540 719
1747550 722
1747560 723
1747570 723
1747580 721
1747590 717
1747600 713
1747610 713
1747620 708
1747630 704
1747640 704
1747650 699
1747660 694
1747670 694
1747680 688
1747690 684
1747700 684
1747710 681
1747720 676
1747730 676
1747740 673
1747750 670
1747760 670
1747770 670
1747780 669
1747790 669
1747800 667
1747810 669
1747820 669
1747830 681
1747840 684
1747850 684
1747860 684
1747870 686
1747880 686
1747890 685
1747900 686
1747910 689
1747920 689
1747930 692
1747940 693
1747950 693
1747960 698
1747970 702
1747980 702
1747990 708
1748000 715
1748010 715
1748020 717
1748030 720
1748040 720
1748050 722
1748060 723
1748070 723
1748080 720
1748090 717
1748100 717
1748110 715
1748120 712
1748130 712
1748140 711
1748150 710
1748160 710
1748170 709
1748180 708
1748190 708
1748200 707
1748210 707
1748220 706
1748230 706
1748240 706
1748250 706
1748260 706
1748270 706
1748280 705
1748290 705
1748300 703
1748310 700
1748320 700
1748330 694
1748340 687
1748350 687
1748360 686
1748370 688
1748380 688
1748390 691
1748400 696
1748410 696
1748420 701
1748430 707
1748440 707
1748450 712
1748460 715
1748470 715
1748480 717
1748490 719
1748500 719
1748510 721
1748520 723
1748530 724
1748540 724
1748550 726
1748560 727
1748570 727
1748580 726
1748590 724
1748600 724
1748610 723
1748620 724
1748630 724
1748640 725
1748650 729
1748660 729
1748670 730
1748680 732
1748690 732
1748700 733
1748710 733
1748720 733
1748730 735
1748740 737
1748750 737
1748760 739
1748770 741
1748780 741
1748790 745
1748800 749
1748810 749
1748820 753
1748830 756
1748840 756
1748850 760
1748860 762
1748870 766
1748880 766
1748890 769
1748900 776
1748910 776
1748920 781
1748930 785
1748940 785
1748950 789
1748960 794
1748970 794
1748980 800
1748990 803
1749000 803
1749010 807
1749020 810
1749030 810
1749040 813
1749050 815
1749060 815
1749070 818
1749080 820
1749090 820
1749100 822
1749110 824
1749120 824
1749130 827
1749140 828
1749150 828
1749160 831
1749170 832
1749180 833
1749190 833
1749200 834
1749210 835
1749220 835
1749230 836
1749240 837
1749250 837
1749260 838
1749270 840
1749280 840
1749290 842
1749300 843
1749310 843
1749320 844
1749330 845
1749340 845
1749350 846
1749360 847
1749370 847
1749380 848
1749390 849
1749400 849
1749410 850
1749420 850
1749430 850
1749440 851
1749450 851
1749460 851
1749470 851
1749480 851
1749490 851
1749500 851
1749510 850
1749520 849
1749530 849
1749540 849
1749550 850
1749560 850
1749570 850
1749580 851
1749590 851
1749600 852
1749610 854
1749620 854
1749630 857
1749640 859
1749650 859
1749660 862
1749670 864
1749680 864
1749690 866
1749700 868
1749710 868
1749720 869
1749730 871
1749740 871
1749750 873
1749760 874
1749770 874
1749780 876
1749790 878
1749800 879
1749810 879
1749820 881
1749830 882
1749840 882
1749850 883
1749860 884
1749870 884
1749880 885
1749890 886
1749900 886
1749910 887
1749920 888
1749930 888
1749940 888
1749950 889
1749960 889
1749970 890
1749980 891
1749990 891
1750000 892
1750010 893
1750020 893
1750030 894
1750040 895
1750050 895
1750060 897
1750070 899
1750080 899
1750090 902
1750100 904
1750110 907
1750120 907
1750130 909
1750140 912
1750150 912
1750160 914
1750170 916
1750180 916
1750190 919
1750200 919
1750210 919
1750220 921
1750230 923
1750240 923
1750250 923
1750260 923
1750270 923
1750280 923
1750290 924
1750300 924
1750310 924
1750320 924
1750330 924
1750340 925
1750350 926
1750360 926
1750370 926
1750380 927
1750390 927
1750400 927
1750410 927
1750420 926
1750430 926
1750440 926
1750450 924
1750460 924
1750470 923
1750480 922
1750490 922
1750500 921
1750510 921
1750520 921
1750530 920
1750540 919
1750550 919
1750560 919
1750570 919
1750580 920
1750590 920
1750600 921
1750610 921
1750620 921
1750630 922
1750640 922
1750650 922
1750660 924
1750670 924
1750680 925
1750690 926
1750700 926
1750710 927
1750720 928
1750730 929
1750740 929
1750750 931
1750760 933
1750770 933
1750780 936
1750790 939
1750800 939
1750810 941
1750820 943
1750830 943
1750840 945
1750850 948
1750860 948
1750870 950
1750880 952
1750890 952
1750900 954
1750910 956
1750920 956
1750930 958
1750940 960
1750950 960
1750960 963
1750970 964
1750980 964
1750990 966
1751000 967
1751010 967
1751020 969
1751030 970
1751040 972
1751050 972
1751060 974
1751070 975
1751080 975
1751090 977
1751100 978
1751110 978
1751120 980
1751130 981
1751140 981
1751150 983
1751160 984
1751170 984
1751180 986
1751190 987
1751200 987
1751210 988
1751220 989
1751230 989
1751240 990
1751250 990
1751260 990
1751270 990
1751280 989
1751290 989
1751300 986
1751310 981
1751320 981
1751330 978
1751340 974
1751350 970
1751360 970
1751370 966
1751380 962
1751390 962
1751400 957
1751410 950
1751420 950
1751430 945
1751440 942
1751450 942
1751460 941
1751470 942
1751480 942
1751490 943
1751500 945
1751510 945
1751520 947
1751530 950
1751540 950
1751550 952
1751560 955
1751570 955
1751580 959
1751590 964
1751600 964
1751610 967
1751620 971
1751630 971
1751640 972
1751650 974
1751660 976
1751670 976
1751680 977
1751690 979
1751700 979
1751710 981
1751720 982
1751730 982
1751740 984
1751750 986
1751760 986
1751770 987
1751780 989
1751790 989
1751800 990
1751810 991
1751820 991
1751830 992
1751840 993
1751850 993
1751860 994
1751870 995
1751880 995
1751890 996
1751900 997
1751910 997
1751920 998
1751930 999
1751940 999
1751950 1000
1751960 1000
1751970 1000
1751980 1001
1751990 1000
1752000 1000
1752010 1000
1752020 1000
1752030 1000
1752040 1000
1752050 1000
1752060 999
1752070 999
1752080 998
1752090 997
1752100 997
1752110 996
1752120 995
1752130 995
1752140 996
1752150 994
1752160 994
1752170 993
1752180 990
1752190 990
1752200 988
1752210 986
1752220 986
1752230 984
1752240 979
1752250 979
1752260 978
1752270 977
1752280 977
1752290 976
1752300 976
1752310 975
1752320 975
1752330 972
1752340 970
1752350 970
1752360 968
1752370 967
1752380 967
1752390 969
1752400 971
1752410 971
1752420 972
1752430 974
1752440 974
1752450 976
1752460 978
1752470 978
1752480 980
1752490 983
1752500 983
1752510 985
1752520 987
1752530 987
1752540 989
1752550 990
1752560 990
1752570 991
1752580 993
1752590 993
1752600 994
1752610 995
1752620 997
1752630 997
1752640 998
1752650 999
1752660 999
1752670 1000
1752680 1002
1752690 1002
1752700 1003
1752710 1004
1752720 1004
1752730 1005
1752740 1005
1752750 1005
1752760 1006
1752770 1007
1752780 1007
1752790 1008
1752800 1009
1752810 1009
1752820 1010
1752830 1011
1752840 1011
1752850 1012
1752860 1012
1752870 1012
1752880 1012
1752890 1012
1752900 1012
1752910 1011
1752920 1011
1752930 1010
1752940 1010
1752950 1010
1752960 1010
1752970 1010
1752980 1009
1752990 1009
1753000 1009
1753010 1008
1753020 1007
1753030 1007
1753040 1007
1753050 1007
1753060 1007
1753070 1008
1753080 1009
1753090 1009
1753100 1010
1753110 1011
1753120 1011
1753130 1013
1753140 1014
1753150 1014
1753160 1015
1753170 1016
1753180 1016
1753190 1017
1753200 1018
1753210 1018
1753220 1019
1753230 1020
1753240 1021
1753250 1021
1753260 1022
1753270 1023
1753280 1023
1753290 1023
1753300 1024
1753310 1024
1753320 1025
1753330 1026
1753340 1026
1753350 1027
1753360 1027
1753370 1027
1753380 1028
1753390 1029
1753400 1029
1753410 1030
1753420 1031
1753430 1031
1753440 1032
1753450 1034
1753460 1034
1753470 1036
1753480 1036
1753490 1036
1753500 1036
1753510 1036
1753520 1036
1753530 1037
1753540 1037
1753550 1038
1753560 1038
1753570 1039
1753580 1040
1753590 1040
1753600 1041
1753610 1040
1753620 1040
1753630 1041
1753640 1042
1753650 1042
1753660 1042
1753670 1042
1753680 1043
1753690 1043
1753700 1043
1753710 1043
1753720 1043
1753730 1043
1753740 1043
1753750 1044
1753760 1043
1753770 1043
1753780 1043
1753790 1043
1753800 1043
1753810 1043
1753820 1044
1753830 1044
1753840 1043
1753850 1042
1753860 1041
1753870 1041
1753880 1041
1753890 1040
1753900 1040
1753910 1040
1753920 1039
1753930 1039
1753940 1038
1753950 1037
1753960 1037
1753970 1036
1753980 1035
1753990 1035
1754000 1033
1754010 1032
1754020 1032
1754030 1030
1754040 1029
1754050 1029
1754060 1027
1754070 1025
1754080 1025
1754090 1023
1754100 1021
1754110 1021
1754120 1018
1754130 1017
1754140 1017
1754150 1015
1754160 1013
1754170 1011
1754180 1011
1754190 1010
1754200 1008
1754210 1008
1754220 1007
1754230 1005
1754240 1005
1754250 1004
1754260 1002
1754270 1002
1754280 999
1754290 997
1754300 997
1754310 995
1754320 993
1754330 993
1754340 991
1754350 989
1754360 989
1754370 986
1754380 983
1754390 983
1754400 980
1754410 978
1754420 978
1754430 976
1754440 974
1754450 974
1754460 972
1754470 970
1754480 969
1754490 969
1754500 968
1754510 968
1754520 968
1754530 963
1754540 960
1754550 960
1754560 956
1754570 954
1754580 954
1754590 951
1754600 947
1754610 947
1754620 943
1754630 939
1754640 939
1754650 937
1754660 935
1754670 935
1754680 932
1754690 931
1754700 931
1754710 929
1754720 928
1754730 928
1754740 927
1754750 926
1754760 926
1754770 924
1754780 923
1754790 920
1754800 920
1754810 918
1754820 916
1754830 916
1754840 913
1754850 911
1754860 911
1754870 909
1754880 908
1754890 908
1754900 906
1754910 906
1754920 906
1754930 904
1754940 903
1754950 903
1754960 901
1754970 900
1754980 900
1754990 898
1755000 896
1755010 896
1755020 895
1755030 895
1755040 895
1755050 895
1755060 896
1755070 896
1755080 897
1755090 898
1755100 898
1755110 896
1755120 892
1755130 891
1755140 891
1755150 891
1755160 890
1755170 890
1755180 890
1755190 889
1755200 889
1755210 896
1755220 900
1755230 900
1755240 902
1755250 905
1755260 905
1755270 907
1755280 908
1755290 908
1755300 910
1755310 912
1755320 912
1755330 913
1755340 914
1755350 914
1755360 915
1755370 915
1755380 915
1755390 915
1755400 915
1755410 915
1755420 915
1755430 914
1755440 913
1755450 913
1755460 913
1755470 912
1755480 912
1755490 911
1755500 908
1755510 908
1755520 906
1755530 905
1755540 905
1755550 903
1755560 901
1755570 901
1755580 900
1755590 898
1755600 898
1755610 897
1755620 896
1755630 896
1755640 894
1755650 892
1755660 892
1755670 891
1755680 890
1755690 890
1755700 890
1755710 889
1755720 889
1755730 889
1755740 889
1755750 889
1755760 889
1755770 889
1755780 890
1755790 890
1755800 890
1755810 890
1755820 890
1755830 891
1755840 892
1755850 892
1755860 892
1755870 893
1755880 893
1755890 894
1755900 895
1755910 895
1755920 895
1755930 896
1755940 896
1755950 897
1755960 898
1755970 898
1755980 899
1755990 899
1756000 899
1756010 899
1756020 899
1756030 899
1756040 900
1756050 900
1756060 899
1756070 899
1756080 899
1756090 898
1756100 898
1756110 897
1756120 896
1756130 896
1756140 895
1756150 894
1756160 894
1756170 892
1756180 891
1756190 891
1756200 889
1756210 887
1756220 887
1756230 885
1756240 883
1756250 883
1756260 881
1756270 879
1756280 879
1756290 877
1756300 875
1756310 875
1756320 873
1756330 870
1756340 870
1756350 868
1756360 866
1756370 864
1756380 864
1756390 861
1756400 859
1756410 859
1756420 857
1756430 856
1756440 856
1756450 854
1756460 853
1756470 853
1756480 852
1756490 851
1756500 851
1756510 850
1756520 848
1756530 848
1756540 847
1756550 845
1756560 845
1756570 844
1756580 843
1756590 843
1756600 842
1756610 841
1756620 841
1756630 840
1756640 839
1756650 839
1756660 838
1756670 837
1756680 836
1756690 836
1756700 835
1756710 834
1756720 834
1756730 835
1756740 833
1756750 833
1756760 830
1756770 829
1756780 829
1756790 832
1756800 834
1756810 834
1756820 833
1756830 834
1756840 834
1756850 835
1756860 836
1756870 836
1756880 837
1756890 836
1756900 836
1756910 837
1756920 837
1756930 837
1756940 838
1756950 838
1756960 838
1756970 838
1756980 839
1756990 839
1757000 839
1757010 840
1757020 840
1757030 840
1757040 840
1757050 841
1757060 841
1757070 841
1757080 842
1757090 842
1757100 842
1757110 843
1757120 843
1757130 843
1757140 844
1757150 844
1757160 844
1757170 845
1757180 845
1757190 845
1757200 846
1757210 846
1757220 846
1757230 847
1757240 847
1757250 847
1757260 848
1757270 848
1757280 848
1757290 848
1757300 848
1757310 848
1757320 849
1757330 849
1757340 849
1757350 848
1757360 848
1757370 848
1757380 848
1757390 847
1757400 847
1757410 847
1757420 847
1757430 847
1757440 846
1757450 846
1757460 846
1757470 845
1757480 844
1757490 844
1757500 844
1757510 843
1757520 843
1757530 842
1757540 841
1757550 841
1757560 839
1757570 838
1757580 838
1757590 836
1757600 835
1757610 833
1757620 833
1757630 831
1757640 829
1757650 829
1757660 827
1757670 827
1757680 827
1757690 828
1757700 829
1757710 829
1757720 830
1757730 831
1757740 831
1757750 832
1757760 833
1757770 833
1757780 834
1757790 834
1757800 834
1757810 835
1757820 834
1757830 834
1757840 834
1757850 836
1757860 836
1757870 838
1757880 839
1757890 839
1757900 840
1757910 840
1757920 840
1757930 840
1757940 840
1757950 840
1757960 840
1757970 840
1757980 841
1757990 841
1758000 841
1758010 842
1758020 842
1758030 842
1758040 843
1758050 843
1758060 843
1758070 844
1758080 844
1758090 845
1758100 846
1758110 846
1758120 847
1758130 850
1758140 850
1758150 850
1758160 851
1758170 851
1758180 852
1758190 852
1758200 852
1758210 852
1758220 852
1758230 852
1758240 852
1758250 851
1758260 850
1758270 850
1758280 849
1758290 849
1758300 849
1758310 848
1758320 847
1758330 847
1758340 846
1758350 845
1758360 845
1758370 844
1758380 843
1758390 843
1758400 842
1758410 841
1758420 841
1758430 840
1758440 839
1758450 839
1758460 838
1758470 837
1758480 837
1758490 836
1758500 834
1758510 834
1758520 833
1758530 832
1758540 832
1758550 830
1758560 829
1758570 828
1758580 828
1758590 827
1758600 824
1758610 824
1758620 822
1758630 821
1758640 821
1758650 819
1758660 817
1758670 817
1758680 816
1758690 813
1758700 813
1758710 811
1758720 807
1758730 807
1758740 805
1758750 805
1758760 805
1758770 805
1758780 805
1758790 805
1758800 805
1758810 805
1758820 805
1758830 806
1758840 807
1758850 807
1758860 807
1758870 807
1758880 808
1758890 808
1758900 810
1758910 812
1758920 812
1758930 813
1758940 814
1758950 814
1758960 815
1758970 816
1758980 816
1758990 818
1759000 818
1759010 818
1759020 818
1759030 819
1759040 819
1759050 820
1759060 821
1759070 821
1759080 821
1759090 822
1759100 822
1759110 822
1759120 823
1759130 823
1759140 823
1759150 823
1759160 823
1759170 824
1759180 824
1759190 824
1759200 824
1759210 824
1759220 824
1759230 824
1759240 824
1759250 824
1759260 824
1759270 824
1759280 824
1759290 824
1759300 824
1759310 824
1759320 824
1759330 824
1759340 824
1759350 824
1759360 824
1759370 824
1759380 824
1759390 824
1759400 824
1759410 824
1759420 824
1759430 824
1759440 824
1759450 824
1759460 824
1759470 824
1759480 825
1759490 825
1759500 825
1759510 825
1759520 825
1759530 825
1759540 825
1759550 825
1759560 824
1759570 824
1759580 824
1759590 824
1759600 824
1759610 823
1759620 823
1759630 823
1759640 823
1759650 823
1759660 823
1759670 823
1759680 824
1759690 824
1759700 824
1759710 825
1759720 825
1759730 826
1759740 826
1759750 826
1759760 826
1759770 825
1759780 825
1759790 825
1759800 823
1759810 821
1759820 821
1759830 819
1759840 818
1759850 818
1759860 814
1759870 812
1759880 812
1759890 807
1759900 804
1759910 804
1759920 802
1759930 799
1759940 799
1759950 797
1759960 795
1759970 795
1759980 793
1759990 791
