1740000 1255
1740010 1254
1740020 1252
1740030 1252
1740040 1251
1740050 1250
1740060 1250
1740070 1248
1740080 1247
1740090 1247
1740100 1245
1740110 1244
1740120 1244
1740130 1242
1740140 1240
1740150 1240
1740160 1237
1740170 1234
1740180 1234
1740190 1230
1740200 1226
1740210 1226
1740220 1223
1740230 1221
1740240 1221
1740250 1219
1740260 1216
1740270 1216
1740280 1213
1740290 1210
1740300 1207
1740310 1207
1740320 1204
1740330 1201
1740340 1201
1740350 1199
1740360 1197
1740370 1197
1740380 1195
1740390 1192
1740400 1192
1740410 1188
1740420 1185
1740430 1185
1740440 1182
1740450 1178
1740460 1178
1740470 1176
1740480 1173
1740490 1173
1740500 1170
1740510 1167
1740520 1167
1740530 1164
1740540 1162
1740550 1162
1740560 1158
1740570 1156
1740580 1156
1740590 1152
1740600 1149
1740610 1146
1740620 1146
1740630 1143
1740640 1140
1740650 1140
1740660 1137
1740670 1135
1740680 1135
1740690 1132
1740700 1130
1740710 1130
1740720 1128
1740730 1127
1740740 1127
1740750 1124
1740760 1121
1740770 1121
1740780 1119
1740790 1117
1740800 1117
1740810 1115
1740820 1113
1740830 1113
1740840 1111
1740850 1109
1740860 1109
1740870 1107
1740880 1104
1740890 1104
1740900 1102
1740910 1100
1740920 1097
1740930 1097
1740940 1095
1740950 1091
1740960 1091
1740970 1090
1740980 1087
1740990 1087
1741000 1084
1741010 1082
1741020 1082
1741030 1075
1741040 1074
1741050 1074
1741060 1074
1741070 1070
1741080 1070
1741090 1067
1741100 1062
1741110 1062
1741120 1064
1741130 1062
1741140 1062
1741150 1061
1741160 1057
1741170 1057
1741180 1057
1741190 1056
1741200 1056
1741210 1055
1741220 1053
1741230 1051
1741240 1051
1741250 1049
1741260 1047
1741270 1047
1741280 1046
1741290 1044
1741300 1044
1741310 1042
1741320 1040
1741330 1040
1741340 1038
1741350 1036
1741360 1036
1741370 1034
1741380 1032
1741390 1032
1741400 1031
1741410 1029
1741420 1029
1741430 1028
1741440 1027
1741450 1027
1741460 1026
1741470 1025
1741480 1025
1741490 1025
1741500 1024
1741510 1024
1741520 1024
1741530 1023
1741540 1023
1741550 1023
1741560 1022
1741570 1020
1741580 1020
1741590 1018
1741600 1013
1741610 1013
1741620 1008
1741630 1002
1741640 1002
1741650 995
1741660 987
1741670 987
1741680 979
1741690 975
1741700 975
1741710 972
1741720 969
1741730 969
1741740 968
1741750 965
1741760 965
1741770 961
1741780 958
1741790 958
1741800 953
1741810 947
1741820 947
1741830 943
1741840 939
1741850 939
1741860 931
1741870 925
1741880 928
1741890 928
1741900 929
1741910 932
1741920 932
1741930 932
1741940 933
1741950 933
1741960 935
1741970 936
1741980 936
1741990 937
1742000 941
1742010 941
1742020 941
1742030 943
1742040 943
1742050 943
1742060 942
1742070 942
1742080 941
1742090 938
1742100 938
1742110 935
1742120 935
1742130 935
1742140 937
1742150 940
1742160 940
1742170 936
1742180 930
1742190 926
1742200 926
1742210 925
1742220 926
1742230 926
1742240 924
1742250 923
1742260 923
1742270 923
1742280 926
1742290 926
1742300 929
1742310 933
1742320 933
1742330 937
1742340 941
1742350 941
1742360 943
1742370 944
1742380 944
1742390 944
1742400 944
1742410 944
1742420 943
1742430 940
1742440 940
1742450 938
1742460 936
1742470 936
1742480 932
1742490 929
1742500 927
1742510 922
1742520 921
1742530 919
1742540 919
1742550 916
1742560 913
1742570 913
1742580 911
1742590 908
1742600 908
1742610 905
1742620 903
1742630 903
1742640 902
1742650 901
1742660 901
1742670 899
1742680 895
1742690 895
1742700 887
1742710 881
1742720 881
1742730 875
1742740 872
1742750 872
1742760 868
1742770 863
1742780 863
1742790 859
1742800 858
1742810 855
1742820 855
1742830 853
1742840 851
1742850 851
1742860 849
1742870 847
1742880 847
1742890 843
1742900 840
1742910 840
1742920 835
1742930 834
1742940 834
1742950 832
1742960 830
1742970 830
1742980 831
1742990 832
1743000 832
1743010 834
1743020 838
1743030 838
1743040 842
1743050 846
1743060 846
1743070 851
1743080 854
1743090 854
1743100 856
1743110 862
1743120 865
1743130 865
1743140 869
1743150 872
1743160 872
1743170 874
1743180 877
1743190 877
1743200 880
1743210 883
1743220 883
1743230 885
1743240 887
1743250 887
1743260 887
1743270 888
1743280 888
1743290 887
1743300 887
1743310 887
1743320 887
1743330 887
1743340 887
1743350 887
1743360 886
1743370 886
1743380 884
1743390 883
1743400 883
1743410 883
1743420 882
1743430 880
1743440 880
1743450 879
1743460 878
1743470 878
1743480 877
1743490 876
1743500 876
1743510 875
1743520 875
1743530 875
1743540 874
1743550 875
1743560 875
1743570 877
1743580 878
1743590 878
1743600 879
1743610 880
1743620 880
1743630 881
1743640 883
1743650 883
1743660 885
1743670 886
1743680 886
1743690 886
1743700 886
1743710 886
1743720 885
1743730 883
1743740 883
1743750 881
1743760 880
1743770 878
1743780 878
1743790 876
1743800 873
1743810 873
1743820 870
1743830 869
1743840 869
1743850 868
1743860 867
1743870 867
1743880 865
1743890 864
1743900 864
1743910 861
1743920 864
1743930 864
1743940 863
1743950 865
1743960 865
1743970 866
1743980 868
1743990 868
1744000 870
1744010 872
1744020 872
1744030 875
1744040 879
1744050 879
1744060 883
1744070 887
1744080 890
1744090 890
1744100 894
1744110 897
1744120 897
1744130 900
1744140 903
1744150 903
1744160 907
1744170 909
1744180 909
1744190 913
1744200 915
1744210 915
1744220 918
1744230 921
1744240 918
1744250 921
1744260 923
1744270 923
1744280 925
1744290 927
1744300 927
1744310 930
1744320 931
1744330 931
1744340 934
1744350 936
1744360 936
1744370 937
1744380 940
1744390 941
1744400 941
1744410 943
1744420 944
1744430 944
1744440 944
1744450 944
1744460 944
1744470 943
1744480 942
1744490 942
1744500 942
1744510 942
1744520 942
1744530 940
1744540 936
1744550 936
1744560 933
1744570 930
1744580 930
1744590 927
1744600 925
1744610 925
1744620 923
1744630 921
1744640 921
1744650 919
1744660 917
1744670 917
1744680 914
1744690 911
1744700 907
1744710 907
1744720 903
1744730 899
1744740 899
1744750 896
1744760 892
1744770 892
1744780 888
1744790 884
1744800 884
1744810 880
1744820 875
1744830 875
1744840 871
1744850 868
1744860 868
1744870 863
1744880 860
1744890 860
1744900 856
1744910 851
1744920 851
1744930 847
1744940 844
1744950 844
1744960 840
1744970 837
1744980 837
1744990 835
1745000 831
1745010 828
1745020 828
1745030 828
1745040 830
1745050 830
1745060 831
1745070 835
1745080 835
1745090 838
1745100 843
1745110 843
1745120 847
1745130 851
1745140 851
1745150 856
1745160 856
1745170 856
1745180 855
1745190 856
1745200 856
1745210 857
1745220 860
1745230 860
1745240 863
1745250 865
1745260 865
1745270 867
1745280 868
1745290 868
1745300 869
1745310 870
1745320 869
1745330 869
1745340 866
1745350 865
1745360 865
1745370 863
1745380 861
1745390 861
1745400 858
1745410 855
1745420 855
1745430 851
1745440 847
1745450 847
1745460 843
1745470 840
1745480 840
1745490 835
1745500 831
1745510 831
1745520 829
1745530 827
1745540 827
1745550 824
1745560 819
1745570 819
1745580 815
1745590 810
1745600 810
1745610 809
1745620 808
1745630 808
1745640 808
1745650 808
1745660 807
1745670 807
1745680 807
1745690 809
1745700 809
1745710 808
1745720 806
1745730 806
1745740 804
1745750 802
1745760 802
1745770 800
1745780 797
1745790 797
1745800 795
1745810 793
1745820 793
1745830 792
1745840 791
1745850 791
1745860 789
1745870 788
1745880 788
1745890 787
1745900 787
1745910 787
1745920 781
1745930 778
1745940 774
1745950 769
1745960 765
1745970 761
1745980 761
1745990 756
1746000 750
1746010 750
1746020 743
1746030 733
1746040 733
1746050 727
1746060 721
1746070 721
1746080 715
1746090 710
1746100 710
1746110 709
1746120 705
1746130 705
1746140 704
1746150 702
1746160 702
1746170 704
1746180 703
1746190 703
1746200 703
1746210 702
1746220 702
1746230 702
1746240 702
1746250 702
1746260 701
1746270 701
1746280 701
1746290 701
1746300 701
1746310 702
1746320 702
1746330 706
1746340 709
1746350 709
1746360 711
1746370 713
1746380 713
1746390 715
1746400 717
1746410 717
1746420 719
1746430 721
1746440 721
1746450 724
1746460 727
1746470 727
1746480 732
1746490 737
1746500 737
1746510 740
1746520 744
1746530 744
1746540 748
1746550 752
1746560 752
1746570 756
1746580 761
1746590 765
1746600 765
1746610 769
1746620 773
1746630 773
1746640 777
1746650 781
1746660 781
1746670 786
1746680 790
1746690 790
1746700 794
1746710 799
1746720 799
1746730 804
1746740 809
1746750 809
1746760 814
1746770 820
1746780 820
1746790 826
1746800 829
1746810 829
1746820 833
1746830 836
1746840 836
1746850 839
1746860 840
1746870 840
1746880 841
1746890 840
1746900 840
1746910 840
1746920 839
1746930 838
1746940 838
1746950 836
1746960 834
1746970 834
1746980 831
1746990 828
1747000 828
1747010 825
1747020 821
1747030 821
1747040 818
1747050 815
1747060 815
1747070 812
1747080 809
1747090 809
1747100 806
1747110 802
1747120 802
1747130 799
1747140 795
1747150 795
1747160 792
1747170 789
1747180 789
1747190 785
1747200 781
1747210 781
1747220 776
1747230 773
1747240 770
1747250 770
1747260 766
1747270 763
1747280 763
1747290 760
1747300 756
1747310 756
1747320 754
1747330 750
1747340 750
1747350 748
1747360 747
1747370 747
1747380 743
1747390 742
1747400 742
1747410 738
1747420 734
1747430 734
1747440 731
1747450 729
1747460 729
1747470 725
1747480 722
1747490 722
1747500 719
1747510 715
1747520 715
1747530 712
1747540 708
1747550 703
1747560 703
1747570 698
1747580 695
1747590 695
1747600 690
1747610 687
1747620 687
1747630 685
1747640 681
1747650 681
1747660 680
1747670 680
1747680 680
1747690 679
1747700 679
1747710 679
1747720 679
1747730 679
1747740 679
1747750 679
1747760 679
1747770 679
1747780 679
1747790 678
1747800 678
1747810 677
1747820 675
1747830 675
1747840 676
1747850 677
1747860 677
1747870 677
1747880 677
1747890 678
1747900 678
1747910 680
1747920 684
1747930 684
1747940 689
1747950 693
1747960 693
1747970 699
1747980 703
1747990 703
1748000 711
1748010 717
1748020 717
1748030 723
1748040 730
1748050 730
1748060 734
1748070 738
1748080 738
1748090 741
1748100 741
1748110 741
1748120 740
1748130 737
1748140 737
1748150 730
1748160 728
1748170 724
1748180 724
1748190 717
1748200 709
1748210 709
1748220 712
1748230 715
1748240 715
1748250 718
1748260 721
1748270 721
1748280 724
1748290 727
1748300 727
1748310 731
1748320 734
1748330 734
1748340 738
1748350 741
1748360 741
1748370 746
1748380 749
1748390 749
1748400 750
1748410 752
1748420 752
1748430 756
1748440 759
1748450 759
1748460 763
1748470 766
1748480 769
1748490 769
1748500 771
1748510 774
1748520 774
1748530 776
1748540 779
1748550 779
1748560 781
1748570 784
1748580 784
1748590 787
1748600 789
1748610 789
1748620 790
1748630 790
1748640 790
1748650 789
1748660 789
1748670 789
1748680 791
1748690 792
1748700 792
1748710 794
1748720 795
1748730 795
1748740 794
1748750 792
1748760 792
1748770 790
1748780 789
1748790 787
1748800 787
1748810 786
1748820 786
1748830 786
1748840 787
1748850 788
1748860 788
1748870 789
1748880 789
1748890 789
1748900 790
1748910 791
1748920 791
1748930 793
1748940 794
1748950 794
1748960 797
1748970 800
1748980 800
1748990 802
1749000 804
1749010 804
1749020 807
1749030 810
1749040 810
1749050 812
1749060 814
1749070 814
1749080 816
1749090 818
1749100 818
1749110 820
1749120 822
1749130 823
1749140 823
1749150 824
1749160 826
1749170 826
1749180 829
1749190 830
1749200 830
1749210 832
1749220 834
1749230 837
1749240 839
1749250 842
1749260 842
1749270 844
1749280 847
1749290 847
1749300 850
1749310 854
1749320 854
1749330 857
1749340 860
1749350 860
1749360 863
1749370 867
1749380 867
1749390 871
1749400 873
1749410 873
1749420 876
1749430 879
1749440 883
1749450 883
1749460 886
1749470 890
1749480 890
1749490 893
1749500 896
1749510 896
1749520 899
1749530 902
1749540 902
1749550 904
1749560 906
1749570 906
1749580 908
1749590 910
1749600 910
1749610 912
1749620 914
1749630 914
1749640 917
1749650 918
1749660 918
1749670 919
1749680 921
1749690 921
1749700 923
1749710 925
1749720 925
1749730 927
1749740 928
1749750 930
1749760 930
1749770 932
1749780 934
1749790 934
1749800 936
1749810 938
1749820 938
1749830 939
1749840 941
1749850 941
1749860 942
1749870 942
1749880 942
1749890 942
1749900 942
1749910 942
1749920 943
1749930 945
1749940 945
1749950 947
1749960 949
1749970 949
1749980 952
1749990 954
1750000 954
1750010 957
1750020 958
1750030 958
1750040 960
1750050 962
1750060 963
1750070 963
1750080 965
1750090 966
1750100 966
1750110 967
1750120 968
1750130 968
1750140 969
1750150 971
1750160 971
1750170 972
1750180 973
1750190 973
1750200 975
1750210 976
1750220 976
1750230 977
1750240 978
1750250 978
1750260 978
1750270 979
1750280 979
1750290 979
1750300 979
1750310 979
1750320 979
1750330 979
1750340 979
1750350 978
1750360 978
1750370 977
1750380 977
1750390 976
1750400 975
1750410 975
1750420 975
1750430 974
1750440 974
1750450 973
1750460 973
1750470 973
1750480 973
1750490 973
1750500 973
1750510 973
1750520 972
1750530 972
1750540 972
1750550 972
1750560 972
1750570 972
1750580 971
1750590 971
1750600 970
1750610 970
1750620 970
1750630 970
1750640 970
1750650 970
1750660 970
1750670 971
1750680 971
1750690 971
1750700 972
1750710 972
1750720 972
1750730 972
1750740 972
1750750 972
1750760 972
1750770 972
1750780 972
1750790 972
1750800 972
1750810 972
1750820 974
1750830 974
1750840 974
1750850 975
1750860 975
1750870 975
1750880 976
1750890 976
1750900 976
1750910 976
1750920 976
1750930 976
1750940 976
1750950 976
1750960 976
1750970 977
1750980 978
1750990 978
1751000 979
1751010 981
1751020 982
1751030 982
1751040 984
1751050 985
1751060 985
1751070 986
1751080 988
1751090 988
1751100 990
1751110 991
1751120 991
1751130 993
1751140 995
1751150 995
1751160 997
1751170 998
1751180 998
1751190 1000
1751200 1002
1751210 1002
1751220 1003
1751230 1005
1751240 1005
1751250 1006
1751260 1008
1751270 1008
1751280 1011
1751290 1012
1751300 1012
1751310 1014
1751320 1015
1751330 1016
1751340 1016
1751350 1018
1751360 1019
1751370 1019
1751380 1020
1751390 1021
1751400 1021
1751410 1022
1751420 1023
1751430 1023
1751440 1024
1751450 1024
1751460 1024
1751470 1025
1751480 1026
1751490 1026
1751500 1027
1751510 1029
1751520 1029
1751530 1030
1751540 1031
1751550 1031
1751560 1032
1751570 1032
1751580 1032
1751590 1032
1751600 1033
1751610 1033
1751620 1033
1751630 1034
1751640 1034
1751650 1034
1751660 1035
1751670 1035
1751680 1035
1751690 1035
1751700 1036
1751710 1036
1751720 1036
1751730 1037
1751740 1037
1751750 1037
1751760 1038
1751770 1038
1751780 1038
1751790 1039
1751800 1039
1751810 1039
1751820 1040
1751830 1040
1751840 1040
1751850 1040
1751860 1040
1751870 1040
1751880 1040
1751890 1040
1751900 1041
1751910 1041
1751920 1041
1751930 1041
1751940 1042
1751950 1042
1751960 1042
1751970 1043
1751980 1043
1751990 1043
1752000 1044
1752010 1044
1752020 1044
1752030 1045
1752040 1045
1752050 1045
1752060 1045
1752070 1045
1752080 1045
1752090 1045
1752100 1045
1752110 1045
1752120 1044
1752130 1044
1752140 1044
1752150 1043
1752160 1043
1752170 1043
1752180 1042
1752190 1041
1752200 1041
1752210 1041
1752220 1040
1752230 1040
1752240 1039
1752250 1038
1752260 1037
1752270 1037
1752280 1035
1752290 1034
1752300 1034
1752310 1033
1752320 1032
1752330 1032
1752340 1031
1752350 1030
1752360 1030
1752370 1028
1752380 1025
1752390 1025
1752400 1023
1752410 1021
1752420 1021
1752430 1019
1752440 1018
1752450 1018
1752460 1016
1752470 1014
1752480 1014
1752490 1014
1752500 1013
1752510 1013
1752520 1013
1752530 1012
1752540 1012
1752550 1012
1752560 1011
1752570 1011
1752580 1011
1752590 1009
1752600 1009
1752610 1009
1752620 1008
1752630 1007
1752640 1007
1752650 1006
1752660 1006
1752670 1006
1752680 1006
1752690 1006
1752700 1006
1752710 1006
1752720 1005
1752730 1005
1752740 1005
1752750 1006
1752760 1006
1752770 1008
1752780 1008
1752790 1008
1752800 1009
1752810 1010
1752820 1010
1752830 1010
1752840 1012
1752850 1012
1752860 1014
1752870 1014
1752880 1014
1752890 1015
1752900 1016
1752910 1017
1752920 1017
1752930 1018
1752940 1019
1752950 1019
1752960 1020
1752970 1021
1752980 1021
1752990 1022
1753000 1023
1753010 1023
1753020 1024
1753030 1025
1753040 1025
1753050 1026
1753060 1028
1753070 1028
1753080 1029
1753090 1030
1753100 1030
1753110 1031
1753120 1033
1753130 1033
1753140 1034
1753150 1036
1753160 1036
1753170 1037
1753180 1038
1753190 1038
1753200 1040
1753210 1041
1753220 1042
1753230 1042
1753240 1044
1753250 1045
1753260 1045
1753270 1046
1753280 1047
1753290 1047
1753300 1048
1753310 1048
1753320 1048
1753330 1049
1753340 1049
1753350 1049
1753360 1049
1753370 1050
1753380 1050
1753390 1050
1753400 1053
1753410 1053
1753420 1050
1753430 1050
1753440 1050
1753450 1050
1753460 1049
1753470 1049
1753480 1049
1753490 1047
1753500 1047
1753510 1046
1753520 1044
1753530 1043
1753540 1043
1753550 1042
1753560 1041
1753570 1041
1753580 1040
1753590 1039
1753600 1039
1753610 1039
1753620 1038
1753630 1038
1753640 1037
1753650 1037
1753660 1037
1753670 1036
1753680 1036
1753690 1036
1753700 1035
1753710 1035
1753720 1035
1753730 1035
1753740 1034
1753750 1034
1753760 1034
1753770 1035
1753780 1035
1753790 1035
1753800 1036
1753810 1036
1753820 1036
1753830 1036
1753840 1036
1753850 1036
1753860 1036
1753870 1036
1753880 1036
1753890 1035
1753900 1036
1753910 1036
1753920 1035
1753930 1035
1753940 1035
1753950 1034
1753960 1034
1753970 1034
1753980 1034
1753990 1034
1754000 1034
1754010 1034
1754020 1033
1754030 1033
1754040 1032
1754050 1030
1754060 1030
1754070 1027
1754080 1025
1754090 1025
1754100 1023
1754110 1020
1754120 1020
1754130 1019
1754140 1018
1754150 1017
1754160 1017
1754170 1016
1754180 1016
1754190 1016
1754200 1015
1754210 1014
1754220 1014
1754230 1012
1754240 1011
1754250 1011
1754260 1010
1754270 1009
1754280 1009
1754290 1008
1754300 1006
1754310 1006
1754320 1005
1754330 1005
1754340 1005
1754350 1004
1754360 1003
1754370 1003
1754380 1003
1754390 1002
1754400 1002
1754410 1001
1754420 1001
1754430 1001
1754440 999
1754450 999
1754460 999
1754470 998
1754480 998
1754490 997
1754500 997
1754510 997
1754520 996
1754530 996
1754540 996
1754550 996
1754560 996
1754570 995
1754580 994
1754590 994
1754600 996
1754610 995
1754620 995
1754630 996
1754640 996
1754650 996
1754660 997
1754670 997
1754680 997
1754690 997
1754700 998
1754710 998
1754720 999
1754730 1000
1754740 1000
1754750 1002
1754760 1004
1754770 1004
1754780 1005
1754790 1005
1754800 1005
1754810 1005
1754820 1005
1754830 1004
1754840 1004
1754850 1002
1754860 999
1754870 999
1754880 998
1754890 996
1754900 996
1754910 995
1754920 994
1754930 994
1754940 994
1754950 992
1754960 992
1754970 991
1754980 989
1754990 989
1755000 988
1755010 986
1755020 986
1755030 985
1755040 984
1755050 984
1755060 984
1755070 984
1755080 984
1755090 984
1755100 984
1755110 984
1755120 984
1755130 984
1755140 985
1755150 985
1755160 984
1755170 984
1755180 984
1755190 984
1755200 984
1755210 984
1755220 984
1755230 984
1755240 984
1755250 984
1755260 984
1755270 984
1755280 984
1755290 984
1755300 984
1755310 985
1755320 985
1755330 985
1755340 986
1755350 986
1755360 986
1755370 987
1755380 988
1755390 988
1755400 989
1755410 990
1755420 992
1755430 992
1755440 992
1755450 993
1755460 993
1755470 993
1755480 994
1755490 994
1755500 994
1755510 994
1755520 994
1755530 994
1755540 995
1755550 995
1755560 995
1755570 994
1755580 994
1755590 994
1755600 994
1755610 994
1755620 993
1755630 992
1755640 992
1755650 992
1755660 991
1755670 991
1755680 991
1755690 991
1755700 991
1755710 991
1755720 991
1755730 991
1755740 991
1755750 991
1755760 992
1755770 992
1755780 992
1755790 993
1755800 993
1755810 993
1755820 993
1755830 993
1755840 994
1755850 994
1755860 994
1755870 994
1755880 995
1755890 995
1755900 995
1755910 995
1755920 995
1755930 996
1755940 996
1755950 996
1755960 996
1755970 996
1755980 996
1755990 996
1756000 996
1756010 996
1756020 996
1756030 996
1756040 996
1756050 995
1756060 993
1756070 990
1756080 990
1756090 988
1756100 987
1756110 987
1756120 984
1756130 982
1756140 982
1756150 978
1756160 975
1756170 975
1756180 972
1756190 969
1756200 969
1756210 968
1756220 966
1756230 966
1756240 965
1756250 964
1756260 964
1756270 963
1756280 962
1756290 962
1756300 961
1756310 960
1756320 960
1756330 959
1756340 958
1756350 958
1756360 958
1756370 957
1756380 957
1756390 957
1756400 957
1756410 957
1756420 957
1756430 957
1756440 958
1756450 958
1756460 958
1756470 959
1756480 959
1756490 959
1756500 957
1756510 957
1756520 955
1756530 952
1756540 952
1756550 949
1756560 947
1756570 947
1756580 945
1756590 942
1756600 942
1756610 940
1756620 937
1756630 937
1756640 935
1756650 932
1756660 932
1756670 929
1756680 926
1756690 923
1756700 923
1756710 921
1756720 919
1756730 919
1756740 917
1756750 915
1756760 915
1756770 912
1756780 909
1756790 909
1756800 907
1756810 904
1756820 904
1756830 902
1756840 901
1756850 901
1756860 899
1756870 898
1756880 898
1756890 896
1756900 895
1756910 895
1756920 893
1756930 892
1756940 892
1756950 890
1756960 889
1756970 889
1756980 887
1756990 886
1757000 885
1757010 885
1757020 884
1757030 883
1757040 883
1757050 882
1757060 881
1757070 881
1757080 881
1757090 880
1757100 880
1757110 879
1757120 879
1757130 879
1757140 878
1757150 877
1757160 877
1757170 877
1757180 876
1757190 876
1757200 875
1757210 874
1757220 874
1757230 874
1757240 874
1757250 874
1757260 874
1757270 875
1757280 875
1757290 875
1757300 875
1757310 875
1757320 875
1757330 874
1757340 873
1757350 873
1757360 872
1757370 871
1757380 871
1757390 870
1757400 869
1757410 869
1757420 868
1757430 868
1757440 868
1757450 868
1757460 868
1757470 868
1757480 868
1757490 868
1757500 868
1757510 867
1757520 868
1757530 868
1757540 868
1757550 867
1757560 867
1757570 866
1757580 865
1757590 865
1757600 864
1757610 864
1757620 864
1757630 864
1757640 864
1757650 863
1757660 863
1757670 863
1757680 863
1757690 863
1757700 862
1757710 862
1757720 862
1757730 862
1757740 861
1757750 861
1757760 861
1757770 860
1757780 860
1757790 860
1757800 859
1757810 859
1757820 859
1757830 858
1757840 858
1757850 858
1757860 858
1757870 858
1757880 857
1757890 856
1757900 856
1757910 856
1757920 855
1757930 855
1757940 855
1757950 855
1757960 856
1757970 856
1757980 856
1757990 857
1758000 857
1758010 857
1758020 857
1758030 857
1758040 857
1758050 857
1758060 857
1758070 857
1758080 857
1758090 857
1758100 856
1758110 855
1758120 855
1758130 855
1758140 854
1758150 854
1758160 853
1758170 852
1758180 852
1758190 852
1758200 851
1758210 851
1758220 851
1758230 850
1758240 850
1758250 850
1758260 849
1758270 849
1758280 849
1758290 848
1758300 849
1758310 849
1758320 849
1758330 850
1758340 850
1758350 850
1758360 850
1758370 850
1758380 851
1758390 852
1758400 852
1758410 852
1758420 855
1758430 855
1758440 857
1758450 858
1758460 858
1758470 857
1758480 856
1758490 856
1758500 856
1758510 855
1758520 855
1758530 855
1758540 855
1758550 855
1758560 855
1758570 855
1758580 854
1758590 854
1758600 854
1758610 854
1758620 854
1758630 854
1758640 854
1758650 854
1758660 854
1758670 854
1758680 854
1758690 854
1758700 854
1758710 854
1758720 854
1758730 854
1758740 854
1758750 854
1758760 854
1758770 854
1758780 854
1758790 854
1758800 854
1758810 854
1758820 853
1758830 853
1758840 853
1758850 853
1758860 853
1758870 853
1758880 853
1758890 853
1758900 853
1758910 853
1758920 853
1758930 853
1758940 853
1758950 853
1758960 853
1758970 853
1758980 853
1758990 853
1759000 853
1759010 853
1759020 853
1759030 853
1759040 853
1759050 853
1759060 853
1759070 853
1759080 853
1759090 852
1759100 852
1759110 852
1759120 850
1759130 852
1759140 852
1759150 852
1759160 852
1759170 852
1759180 851
1759190 851
1759200 850
1759210 850
1759220 850
1759230 850
1759240 850
1759250 849
1759260 849
1759270 849
1759280 848
1759290 848
1759300 848
1759310 847
1759320 847
1759330 847
1759340 847
1759350 846
1759360 846
1759370 846
1759380 846
1759390 846
1759400 847
1759410 847
1759420 847
1759430 847
1759440 845
1759450 845
1759460 844
1759470 841
1759480 841
1759490 839
1759500 837
1759510 836
1759520 836
1759530 834
1759540 833
1759550 833
1759560 832
1759570 830
1759580 830
1759590 828
1759600 827
1759610 827
1759620 826
1759630 825
1759640 825
1759650 825
1759660 824
1759670 824
1759680 824
1759690 825
1759700 825
1759710 827
1759720 828
1759730 828
1759740 830
1759750 832
1759760 832
1759770 833
1759780 834
1759790 835
1759800 836
1759810 836
1759820 836
1759830 837
1759840 838
1759850 839
1759860 839
1759870 839
1759880 840
1759890 840
1759900 841
1759910 841
1759920 841
1759930 841
1759940 842
1759950 842
1759960 843
1759970 844
1759980 844
1759990 845
