1740000 1259
1740010 1259
1740020 1252
1740030 1247
1740040 1241
1740050 1241
1740060 1234
1740070 1226
1740080 1226
1740090 1219
1740100 1213
1740110 1213
1740120 1210
1740130 1207
1740140 1207
1740150 1205
1740160 1204
1740170 1204
1740180 1204
1740190 1205
1740200 1205
1740210 1206
1740220 1208
1740230 1208
1740240 1211
1740250 1215
1740260 1215
1740270 1219
1740280 1224
1740290 1224
1740300 1228
1740310 1230
1740320 1230
1740330 1233
1740340 1235
1740350 1235
1740360 1238
1740370 1243
1740380 1247
1740390 1247
1740400 1247
1740410 1249
1740420 1249
1740430 1262
1740440 1264
1740450 1264
1740460 1265
1740470 1266
1740480 1266
1740490 1267
1740500 1268
1740510 1268
1740520 1268
1740530 1270
1740540 1270
1740550 1270
1740560 1271
1740570 1271
1740580 1272
1740590 1272
1740600 1272
1740610 1272
1740620 1272
1740630 1272
1740640 1272
1740650 1271
1740660 1271
1740670 1270
1740680 1270
1740690 1269
1740700 1269
1740710 1268
1740720 1266
1740730 1266
1740740 1264
1740750 1263
1740760 1263
1740770 1262
1740780 1260
1740790 1260
1740800 1259
1740810 1257
1740820 1257
1740830 1256
1740840 1255
1740850 1255
1740860 1255
1740870 1253
1740880 1253
1740890 1252
1740900 1251
1740910 1251
1740920 1249
1740930 1248
1740940 1248
1740950 1248
1740960 1247
1740970 1247
1740980 1246
1740990 1245
1741000 1244
1741010 1244
1741020 1243
1741030 1242
1741040 1242
1741050 1241
1741060 1239
1741070 1239
1741080 1237
1741090 1236
1741100 1236
1741110 1235
1741120 1233
1741130 1233
1741140 1231
1741150 1230
1741160 1230
1741170 1228
1741180 1226
1741190 1226
1741200 1225
1741210 1224
1741220 1224
1741230 1222
1741240 1221
1741250 1221
1741260 1219
1741270 1218
1741280 1218
1741290 1217
1741300 1215
1741310 1215
1741320 1213
1741330 1212
1741340 1211
1741350 1211
1741360 1209
1741370 1208
1741380 1208
1741390 1207
1741400 1205
1741410 1205
1741420 1205
1741430 1204
1741440 1204
1741450 1202
1741460 1201
1741470 1201
1741480 1200
1741490 1198
1741500 1198
1741510 1196
1741520 1195
1741530 1195
1741540 1193
1741550 1192
1741560 1192
1741570 1190
1741580 1188
1741590 1188
1741600 1185
1741610 1184
1741620 1184
1741630 1181
1741640 1180
1741650 1177
1741660 1177
1741670 1175
1741680 1173
1741690 1173
1741700 1171
1741710 1169
1741720 1169
1741730 1168
1741740 1166
1741750 1166
1741760 1164
1741770 1162
1741780 1162
1741790 1160
1741800 1160
1741810 1160
1741820 1158
1741830 1156
1741840 1156
1741850 1155
1741860 1153
1741870 1153
1741880 1153
1741890 1152
1741900 1152
1741910 1152
1741920 1151
1741930 1151
1741940 1150
1741950 1149
1741960 1149
1741970 1149
1741980 1148
1741990 1147
1742000 1147
1742010 1145
1742020 1144
1742030 1144
1742040 1143
1742050 1141
1742060 1141
1742070 1140
1742080 1138
1742090 1138
1742100 1136
1742110 1135
1742120 1135
1742130 1133
1742140 1131
1742150 1131
1742160 1128
1742170 1126
1742180 1126
1742190 1124
1742200 1122
1742210 1122
1742220 1122
1742230 1120
1742240 1120
1742250 1118
1742260 1115
1742270 1115
1742280 1113
1742290 1111
1742300 1108
1742310 1108
1742320 1105
1742330 1103
1742340 1103
1742350 1100
1742360 1098
1742370 1098
1742380 1095
1742390 1093
1742400 1093
1742410 1092
1742420 1089
1742430 1089
1742440 1086
1742450 1083
1742460 1083
1742470 1080
1742480 1078
1742490 1078
1742500 1075
1742510 1073
1742520 1073
1742530 1069
1742540 1066
1742550 1066
1742560 1063
1742570 1061
1742580 1061
1742590 1059
1742600 1059
1742610 1058
1742620 1058
1742630 1057
1742640 1054
1742650 1054
1742660 1054
1742670 1052
1742680 1052
1742690 1051
1742700 1051
1742710 1051
1742720 1050
1742730 1048
1742740 1048
1742750 1047
1742760 1045
1742770 1045
1742780 1043
1742790 1043
1742800 1043
1742810 1041
1742820 1042
1742830 1042
1742840 1041
1742850 1040
1742860 1040
1742870 1038
1742880 1037
1742890 1037
1742900 1035
1742910 1033
1742920 1033
1742930 1031
1742940 1029
1742950 1026
1742960 1026
1742970 1024
1742980 1021
1742990 1021
1743000 1017
1743010 1013
1743020 1013
1743030 1009
1743040 1005
1743050 1005
1743060 1001
1743070 997
1743080 997
1743090 994
1743100 991
1743110 991
1743120 988
1743130 984
1743140 984
1743150 980
1743160 976
1743170 976
1743180 973
1743190 969
1743200 969
1743210 965
1743220 963
1743230 963
1743240 962
1743250 964
1743260 966
1743270 966
1743280 967
1743290 971
1743300 971
1743310 973
1743320 974
1743330 974
1743340 977
1743350 980
1743360 980
1743370 982
1743380 985
1743390 985
1743400 987
1743410 988
1743420 988
1743430 990
1743440 991
1743450 991
1743460 992
1743470 993
1743480 993
1743490 994
1743500 995
1743510 995
1743520 995
1743530 997
1743540 997
1743550 995
1743560 993
1743570 991
1743580 991
1743590 990
1743600 989
1743610 989
1743620 987
1743630 985
1743640 985
1743650 983
1743660 981
1743670 981
1743680 979
1743690 976
1743700 976
1743710 974
1743720 971
1743730 971
1743740 968
1743750 965
1743760 965
1743770 962
1743780 959
1743790 959
1743800 956
1743810 953
1743820 953
1743830 950
1743840 947
1743850 947
1743860 945
1743870 942
1743880 942
1743890 938
1743900 935
1743910 931
1743920 931
1743930 927
1743940 923
1743950 923
1743960 919
1743970 920
1743980 920
1743990 919
1744000 917
1744010 917
1744020 917
1744030 918
1744040 918
1744050 916
1744060 914
1744070 914
1744080 912
1744090 910
1744100 910
1744110 909
1744120 908
1744130 908
1744140 907
1744150 907
1744160 907
1744170 908
1744180 908
1744190 908
1744200 908
1744210 909
1744220 912
1744230 912
1744240 914
1744250 915
1744260 915
1744270 919
1744280 919
1744290 919
1744300 920
1744310 920
1744320 920
1744330 920
1744340 920
1744350 920
1744360 919
1744370 920
1744380 920
1744390 919
1744400 918
1744410 918
1744420 917
1744430 916
1744440 916
1744450 915
1744460 913
1744470 913
1744480 912
1744490 910
1744500 910
1744510 909
1744520 907
1744530 907
1744540 905
1744550 903
1744560 901
1744570 901
1744580 898
1744590 896
1744600 896
1744610 893
1744620 889
1744630 889
1744640 886
1744650 883
1744660 883
1744670 880
1744680 876
1744690 876
1744700 872
1744710 868
1744720 868
1744730 864
1744740 860
1744750 860
1744760 857
1744770 855
1744780 855
1744790 855
1744800 856
1744810 856
1744820 857
1744830 851
1744840 851
1744850 844
1744860 838
1744870 834
1744880 834
1744890 831
1744900 828
1744910 828
1744920 825
1744930 823
1744940 823
1744950 820
1744960 818
1744970 818
1744980 816
1744990 815
1745000 815
1745010 815
1745020 814
1745030 814
1745040 813
1745050 813
1745060 813
1745070 812
1745080 810
1745090 810
1745100 813
1745110 818
1745120 818
1745130 819
1745140 821
1745150 821
1745160 822
1745170 824
1745180 826
1745190 826
1745200 828
1745210 831
1745220 831
1745230 834
1745240 837
1745250 837
1745260 840
1745270 843
1745280 843
1745290 847
1745300 849
1745310 849
1745320 853
1745330 855
1745340 855
1745350 852
1745360 847
1745370 847
1745380 841
1745390 837
1745400 837
1745410 831
1745420 831
1745430 831
1745440 834
1745450 837
1745460 837
1745470 840
1745480 843
1745490 843
1745500 846
1745510 850
1745520 854
1745530 854
1745540 858
1745550 862
1745560 862
1745570 864
1745580 868
1745590 868
1745600 872
1745610 875
1745620 875
1745630 879
1745640 881
1745650 881
1745660 885
1745670 887
1745680 887
1745690 892
1745700 892
1745710 892
1745720 894
1745730 896
1745740 896
1745750 898
1745760 900
1745770 900
1745780 902
1745790 904
1745800 904
1745810 905
1745820 909
1745830 910
1745840 910
1745850 911
1745860 912
1745870 912
1745880 914
1745890 915
1745900 915
1745910 916
1745920 917
1745930 917
1745940 918
1745950 919
1745960 919
1745970 920
1745980 920
1745990 920
1746000 921
1746010 922
1746020 922
1746030 923
1746040 923
1746050 923
1746060 924
1746070 926
1746080 926
1746090 926
1746100 927
1746110 927
1746120 928
1746130 928
1746140 928
1746150 929
1746160 930
1746170 931
1746180 931
1746190 931
1746200 932
1746210 932
1746220 932
1746230 932
1746240 932
1746250 932
1746260 932
1746270 932
1746280 933
1746290 933
1746300 933
1746310 933
1746320 933
1746330 933
1746340 932
1746350 932
1746360 932
1746370 932
1746380 932
1746390 932
1746400 932
1746410 931
1746420 931
1746430 931
1746440 931
1746450 931
1746460 932
1746470 932
1746480 932
1746490 932
1746500 932
1746510 932
1746520 932
1746530 932
1746540 932
1746550 932
1746560 932
1746570 931
1746580 931
1746590 932
1746600 932
1746610 932
1746620 931
1746630 929
1746640 929
1746650 929
1746660 929
1746670 929
1746680 928
1746690 926
1746700 926
1746710 925
1746720 924
1746730 924
1746740 923
1746750 922
1746760 922
1746770 921
1746780 920
1746790 917
1746800 917
1746810 915
1746820 914
1746830 914
1746840 912
1746850 911
1746860 911
1746870 909
1746880 908
1746890 908
1746900 907
1746910 906
1746920 906
1746930 905
1746940 904
1746950 904
1746960 903
1746970 901
1746980 901
1746990 900
1747000 899
1747010 899
1747020 897
1747030 894
1747040 894
1747050 891
1747060 888
1747070 888
1747080 886
1747090 883
1747100 883
1747110 880
1747120 878
1747130 875
1747140 875
1747150 872
1747160 868
1747170 868
1747180 865
1747190 863
1747200 863
1747210 860
1747220 857
1747230 857
1747240 854
1747250 851
1747260 851
1747270 847
1747280 844
1747290 844
1747300 844
1747310 843
1747320 843
1747330 847
1747340 848
1747350 848
1747360 848
1747370 847
1747380 847
1747390 847
1747400 847
1747410 847
1747420 848
1747430 848
1747440 849
1747450 849
1747460 849
1747470 850
1747480 850
1747490 850
1747500 850
1747510 850
1747520 851
1747530 851
1747540 851
1747550 851
1747560 850
1747570 850
1747580 849
1747590 847
1747600 847
1747610 843
1747620 840
1747630 840
1747640 836
1747650 831
1747660 831
1747670 828
1747680 825
1747690 825
1747700 821
1747710 820
1747720 820
1747730 819
1747740 817
1747750 814
1747760 814
1747770 811
1747780 810
1747790 810
1747800 808
1747810 805
1747820 805
1747830 802
1747840 800
1747850 800
1747860 797
1747870 793
1747880 793
1747890 791
1747900 788
1747910 788
1747920 786
1747930 786
1747940 786
1747950 784
1747960 782
1747970 782
1747980 780
1747990 781
1748000 781
1748010 779
1748020 777
1748030 777
1748040 777
1748050 775
1748060 775
1748070 774
1748080 772
1748090 770
1748100 770
1748110 770
1748120 771
1748130 771
1748140 773
1748150 773
1748160 773
1748170 773
1748180 772
1748190 772
1748200 770
1748210 769
1748220 769
1748230 767
1748240 766
1748250 766
1748260 765
1748270 764
1748280 764
1748290 764
1748300 763
1748310 763
1748320 761
1748330 759
1748340 759
1748350 755
1748360 751
1748370 751
1748380 747
1748390 742
1748400 736
1748410 736
1748420 731
1748430 726
1748440 726
1748450 721
1748460 718
1748470 718
1748480 714
1748490 710
1748500 710
1748510 707
1748520 703
1748530 703
1748540 702
1748550 702
1748560 702
1748570 702
1748580 699
1748590 699
1748600 699
1748610 699
1748620 699
1748630 699
1748640 699
1748650 699
1748660 698
1748670 699
1748680 699
1748690 706
1748700 712
1748710 712
1748720 717
1748730 721
1748740 725
1748750 725
1748760 729
1748770 733
1748780 733
1748790 737
1748800 739
1748810 739
1748820 741
1748830 741
1748840 741
1748850 743
1748860 743
1748870 743
1748880 744
1748890 746
1748900 746
1748910 747
1748920 751
1748930 751
1748940 754
1748950 759
1748960 762
1748970 767
1748980 770
1748990 770
1749000 773
1749010 776
1749020 776
1749030 779
1749040 783
1749050 786
1749060 786
1749070 789
1749080 792
1749090 792
1749100 797
1749110 802
1749120 802
1749130 805
1749140 808
1749150 808
1749160 811
1749170 812
1749180 812
1749190 815
1749200 817
1749210 817
1749220 818
1749230 820
1749240 820
1749250 823
1749260 826
1749270 826
1749280 828
1749290 831
1749300 831
1749310 833
1749320 836
1749330 836
1749340 838
1749350 840
1749360 843
1749370 843
1749380 847
1749390 850
1749400 850
1749410 847
1749420 846
1749430 846
1749440 844
1749450 842
1749460 842
1749470 837
1749480 835
1749490 835
1749500 831
1749510 829
1749520 829
1749530 826
1749540 822
1749550 822
1749560 819
1749570 810
1749580 810
1749590 802
1749600 802
1749610 802
1749620 803
1749630 800
1749640 800
1749650 799
1749660 800
1749670 800
1749680 801
1749690 802
1749700 803
1749710 803
1749720 803
1749730 803
1749740 803
1749750 804
1749760 805
1749770 805
1749780 806
1749790 806
1749800 806
1749810 807
1749820 807
1749830 807
1749840 807
1749850 808
1749860 808
1749870 812
1749880 815
1749890 815
1749900 817
1749910 820
1749920 820
1749930 823
1749940 825
1749950 825
1749960 827
1749970 829
1749980 829
1749990 833
1750000 837
1750010 840
1750020 840
1750030 843
1750040 845
1750050 845
1750060 846
1750070 848
1750080 848
1750090 849
1750100 850
1750110 850
1750120 850
1750130 851
1750140 851
1750150 851
1750160 852
1750170 852
1750180 853
1750190 853
1750200 853
1750210 856
1750220 859
1750230 859
1750240 861
1750250 862
1750260 862
1750270 866
1750280 869
1750290 869
1750300 872
1750310 875
1750320 875
1750330 876
1750340 876
1750350 876
1750360 876
1750370 877
1750380 877
1750390 877
1750400 876
1750410 875
1750420 875
1750430 876
1750440 875
1750450 875
1750460 875
1750470 875
1750480 875
1750490 873
1750500 870
1750510 870
1750520 869
1750530 867
1750540 867
1750550 865
1750560 864
1750570 864
1750580 870
1750590 872
1750600 872
1750610 873
1750620 874
1750630 874
1750640 876
1750650 878
1750660 879
1750670 879
1750680 882
1750690 884
1750700 884
1750710 885
1750720 887
1750730 887
1750740 888
1750750 890
1750760 890
1750770 892
1750780 893
1750790 893
1750800 895
1750810 897
1750820 897
1750830 899
1750840 901
1750850 901
1750860 902
1750870 902
1750880 902
1750890 899
1750900 895
1750910 895
1750920 892
1750930 889
1750940 889
1750950 891
1750960 897
1750970 903
1750980 903
1750990 907
1751000 910
1751010 910
1751020 918
1751030 923
1751040 923
1751050 928
1751060 932
1751070 932
1751080 937
1751090 941
1751100 941
1751110 944
1751120 947
1751130 947
1751140 948
1751150 949
1751160 949
1751170 949
1751180 949
1751190 949
1751200 949
1751210 948
1751220 948
1751230 947
1751240 945
1751250 945
1751260 944
1751270 943
1751280 943
1751290 941
1751300 940
1751310 939
1751320 939
1751330 938
1751340 936
1751350 936
1751360 936
1751370 935
1751380 935
1751390 934
1751400 932
1751410 932
1751420 936
1751430 938
1751440 938
1751450 941
1751460 943
1751470 943
1751480 946
1751490 948
1751500 948
1751510 950
1751520 950
1751530 950
1751540 949
1751550 947
1751560 947
1751570 948
1751580 950
1751590 950
1751600 952
1751610 954
1751620 957
1751630 957
1751640 960
1751650 964
1751660 964
1751670 966
1751680 967
1751690 967
1751700 968
1751710 969
1751720 969
1751730 970
1751740 971
1751750 971
1751760 971
1751770 972
1751780 972
1751790 972
1751800 973
1751810 973
1751820 973
1751830 974
1751840 974
1751850 975
1751860 975
1751870 975
1751880 976
1751890 977
1751900 977
1751910 979
1751920 980
1751930 981
1751940 981
1751950 982
1751960 983
1751970 983
1751980 984
1751990 985
1752000 985
1752010 985
1752020 986
1752030 986
1752040 987
1752050 988
1752060 988
1752070 987
1752080 988
1752090 988
1752100 989
1752110 990
1752120 990
1752130 992
1752140 992
1752150 992
1752160 993
1752170 993
1752180 993
1752190 994
1752200 994
1752210 994
1752220 995
1752230 995
1752240 995
1752250 995
1752260 995
1752270 996
1752280 996
1752290 996
1752300 996
1752310 996
1752320 996
1752330 995
1752340 995
1752350 995
1752360 996
1752370 996
1752380 997
1752390 998
1752400 998
1752410 999
1752420 1000
1752430 1000
1752440 1001
1752450 1001
1752460 1001
1752470 1002
1752480 1002
1752490 1002
1752500 1003
1752510 1004
1752520 1004
1752530 1003
1752540 1003
1752550 1003
1752560 1002
1752570 1001
1752580 999
1752590 999
1752600 997
1752610 995
1752620 995
1752630 993
1752640 991
1752650 991
1752660 992
1752670 993
1752680 993
1752690 996
1752700 1000
1752710 1000
1752720 1000
1752730 1000
1752740 1000
1752750 1000
1752760 1000
1752770 1000
1752780 1000
1752790 1000
1752800 1000
1752810 1000
1752820 1000
1752830 1000
1752840 1000
1752850 1000
1752860 1000
1752870 1000
1752880 1000
1752890 1000
1752900 999
1752910 999
1752920 996
1752930 996
1752940 995
1752950 995
1752960 995
1752970 993
1752980 992
1752990 992
1753000 992
1753010 991
1753020 991
1753030 991
1753040 990
1753050 990
1753060 989
1753070 989
1753080 989
1753090 988
1753100 989
1753110 989
1753120 989
1753130 989
1753140 989
1753150 989
1753160 989
1753170 989
1753180 989
1753190 990
1753200 990
1753210 990
1753220 989
1753230 988
1753240 988
1753250 987
1753260 986
1753270 986
1753280 984
1753290 982
1753300 982
1753310 980
1753320 979
1753330 979
1753340 977
1753350 974
1753360 974
1753370 971
1753380 968
1753390 968
1753400 965
1753410 963
1753420 963
1753430 958
1753440 956
1753450 956
1753460 954
1753470 954
1753480 954
1753490 955
1753500 955
1753510 955
1753520 955
1753530 956
1753540 958
1753550 958
1753560 959
1753570 959
1753580 959
1753590 959
1753600 959
1753610 959
1753620 960
1753630 959
1753640 959
1753650 958
1753660 956
1753670 958
1753680 957
1753690 956
1753700 956
1753710 955
1753720 955
1753730 955
1753740 956
1753750 958
1753760 958
1753770 959
1753780 961
1753790 961
1753800 962
1753810 964
1753820 964
1753830 964
1753840 964
1753850 964
1753860 967
1753870 967
1753880 968
1753890 968
1753900 968
1753910 968
1753920 968
1753930 968
1753940 967
1753950 967
1753960 967
1753970 967
1753980 967
1753990 966
1754000 965
1754010 965
1754020 964
1754030 961
1754040 961
1754050 959
1754060 956
1754070 956
1754080 956
1754090 955
1754100 955
1754110 953
1754120 952
1754130 952
1754140 951
1754150 951
1754160 951
1754170 950
1754180 949
1754190 948
1754200 948
1754210 947
1754220 946
1754230 946
1754240 945
1754250 944
1754260 944
1754270 945
1754280 945
1754290 945
1754300 945
1754310 946
1754320 946
1754330 946
1754340 945
1754350 945
1754360 944
1754370 943
1754380 943
1754390 942
1754400 941
1754410 941
1754420 940
1754430 939
1754440 939
1754450 937
1754460 935
1754470 935
1754480 934
1754490 932
1754500 931
1754510 931
1754520 929
1754530 927
1754540 927
1754550 926
1754560 924
1754570 924
1754580 922
1754590 920
1754600 920
1754610 919
1754620 917
1754630 917
1754640 915
1754650 913
1754660 913
1754670 911
1754680 909
1754690 909
1754700 907
1754710 905
1754720 905
1754730 902
1754740 899
1754750 899
1754760 895
1754770 891
1754780 891
1754790 887
1754800 884
1754810 884
1754820 881
1754830 879
1754840 876
1754850 876
1754860 872
1754870 869
1754880 869
1754890 866
1754900 863
1754910 863
1754920 866
1754930 866
1754940 866
1754950 867
1754960 867
1754970 867
1754980 866
1754990 865
1755000 865
1755010 866
1755020 866
1755030 866
1755040 868
1755050 869
1755060 869
1755070 870
1755080 873
1755090 873
1755100 874
1755110 876
1755120 876
1755130 878
1755140 881
1755150 884
1755160 884
1755170 888
1755180 896
1755190 896
1755200 897
1755210 900
1755220 900
1755230 902
1755240 905
1755250 905
1755260 906
1755270 908
1755280 908
1755290 910
1755300 912
1755310 912
1755320 914
1755330 915
1755340 915
1755350 917
1755360 918
1755370 918
1755380 920
1755390 921
1755400 921
1755410 923
1755420 925
1755430 925
1755440 926
1755450 928
1755460 928
1755470 929
1755480 930
1755490 931
1755500 931
1755510 931
1755520 932
1755530 932
1755540 933
1755550 933
1755560 933
1755570 932
1755580 932
1755590 932
1755600 931
1755610 930
1755620 930
1755630 929
1755640 928
1755650 928
1755660 927
1755670 925
1755680 925
1755690 924
1755700 923
1755710 923
1755720 921
1755730 920
1755740 920
1755750 918
1755760 916
1755770 916
1755780 915
1755790 913
1755800 911
1755810 911
1755820 909
1755830 907
1755840 907
1755850 906
1755860 904
1755870 904
1755880 902
1755890 900
1755900 900
1755910 898
1755920 897
1755930 897
1755940 895
1755950 893
1755960 893
1755970 892
1755980 890
1755990 890
1756000 888
1756010 887
1756020 887
1756030 885
1756040 884
1756050 884
1756060 882
1756070 881
1756080 881
1756090 879
1756100 879
1756110 878
1756120 878
1756130 877
1756140 877
1756150 877
1756160 875
1756170 874
1756180 874
1756190 873
1756200 873
1756210 873
1756220 873
1756230 873
1756240 873
1756250 872
1756260 871
1756270 871
1756280 870
1756290 868
1756300 868
1756310 866
1756320 863
1756330 863
1756340 860
1756350 857
1756360 857
1756370 854
1756380 852
1756390 852
1756400 847
1756410 843
1756420 843
1756430 839
1756440 835
1756450 830
1756460 830
1756470 828
1756480 828
1756490 828
1756500 829
1756510 834
1756520 834
1756530 837
1756540 839
1756550 839
1756560 841
1756570 844
1756580 844
1756590 847
1756600 849
1756610 849
1756620 851
1756630 854
1756640 854
1756650 856
1756660 861
1756670 861
1756680 863
1756690 865
1756700 865
1756710 865
1756720 863
1756730 863
1756740 860
1756750 857
1756760 853
1756770 853
1756780 851
1756790 856
1756800 856
1756810 860
1756820 862
1756830 862
1756840 863
1756850 863
1756860 863
1756870 864
1756880 864
1756890 864
1756900 864
1756910 865
1756920 865
1756930 865
1756940 865
1756950 865
1756960 866
1756970 866
1756980 866
1756990 867
1757000 867
1757010 867
1757020 867
1757030 868
1757040 868
1757050 868
1757060 869
1757070 869
1757080 870
1757090 870
1757100 871
1757110 871
1757120 871
1757130 872
1757140 872
1757150 872
1757160 873
1757170 873
1757180 873
1757190 874
1757200 874
1757210 875
1757220 875
1757230 875
1757240 875
1757250 876
1757260 876
1757270 876
1757280 876
1757290 876
1757300 877
1757310 877
1757320 877
1757330 877
1757340 877
1757350 877
1757360 878
1757370 878
1757380 878
1757390 879
1757400 879
1757410 879
1757420 879
1757430 878
1757440 878
1757450 878
1757460 878
1757470 878
1757480 878
1757490 878
1757500 877
1757510 877
1757520 877
1757530 876
1757540 876
1757550 875
1757560 875
1757570 875
1757580 876
1757590 878
1757600 878
1757610 878
1757620 878
1757630 878
1757640 879
1757650 880
1757660 880
1757670 880
1757680 880
1757690 880
1757700 880
1757710 881
1757720 881
1757730 881
1757740 881
1757750 881
1757760 881
1757770 881
1757780 881
1757790 881
1757800 881
1757810 882
1757820 882
1757830 882
1757840 882
1757850 882
1757860 882
1757870 882
1757880 882
1757890 882
1757900 882
1757910 882
1757920 881
1757930 881
1757940 881
1757950 880
1757960 880
1757970 880
1757980 879
1757990 879
1758000 879
1758010 879
1758020 879
1758030 879
1758040 878
1758050 878
1758060 877
1758070 877
1758080 877
1758090 877
1758100 877
1758110 875
1758120 876
1758130 876
1758140 875
1758150 874
1758160 874
1758170 873
1758180 872
1758190 872
1758200 872
1758210 871
1758220 871
1758230 871
1758240 868
1758250 868
1758260 865
1758270 859
1758280 859
1758290 858
1758300 855
1758310 855
1758320 850
1758330 846
1758340 846
1758350 844
1758360 840
1758370 838
1758380 838
1758390 831
1758400 820
1758410 820
1758420 812
1758430 803
1758440 803
1758450 799
1758460 796
1758470 796
1758480 786
1758490 792
1758500 792
1758510 796
1758520 801
1758530 801
1758540 807
1758550 810
1758560 810
1758570 812
1758580 815
1758590 815
1758600 817
1758610 818
1758620 818
1758630 820
1758640 826
1758650 826
1758660 828
1758670 833
1758680 836
1758690 836
1758700 840
1758710 844
1758720 844
1758730 847
1758740 849
1758750 849
1758760 852
1758770 855
1758780 855
1758790 858
1758800 860
1758810 860
1758820 863
1758830 866
1758840 866
1758850 869
1758860 872
1758870 872
1758880 876
1758890 879
1758900 879
1758910 881
1758920 884
1758930 884
1758940 888
1758950 891
1758960 891
1758970 895
1758980 896
1758990 896
1759000 900
1759010 904
1759020 908
1759030 908
1759040 912
1759050 917
1759060 917
1759070 920
1759080 924
1759090 924
1759100 927
1759110 931
1759120 931
1759130 933
1759140 936
1759150 936
1759160 940
1759170 943
1759180 943
1759190 946
1759200 948
1759210 948
1759220 951
1759230 953
1759240 953
1759250 956
1759260 958
1759270 958
1759280 960
1759290 962
1759300 962
1759310 964
1759320 965
1759330 966
1759340 966
1759350 967
1759360 968
1759370 968
1759380 969
1759390 969
1759400 969
1759410 969
1759420 969
1759430 969
1759440 968
1759450 968
1759460 968
1759470 967
1759480 966
1759490 966
1759500 965
1759510 965
1759520 965
1759530 964
1759540 962
1759550 962
1759560 958
1759570 957
1759580 957
1759590 957
1759600 957
1759610 957
1759620 956
1759630 955
1759640 955
1759650 953
1759660 952
1759670 951
1759680 951
1759690 950
1759700 949
1759710 949
1759720 947
1759730 944
1759740 944
1759750 941
1759760 938
1759770 938
1759780 936
1759790 934
1759800 934
1759810 932
1759820 928
1759830 928
1759840 926
1759850 923
1759860 923
1759870 921
1759880 919
1759890 919
1759900 917
1759910 914
1759920 914
1759930 910
1759940 906
1759950 906
1759960 902
1759970 897
1759980 891
1759990 891
