1740000 1397
1740010 1395
1740020 1393
1740030 1393
1740040 1391
1740050 1389
1740060 1389
1740070 1387
1740080 1386
1740090 1386
1740100 1385
1740110 1383
1740120 1383
1740130 1382
1740140 1380
1740150 1380
1740160 1379
1740170 1378
1740180 1377
1740190 1377
1740200 1375
1740210 1374
1740220 1374
1740230 1373
1740240 1372
1740250 1372
1740260 1371
1740270 1370
1740280 1370
1740290 1369
1740300 1368
1740310 1368
1740320 1367
1740330 1366
1740340 1366
1740350 1365
1740360 1364
1740370 1364
1740380 1363
1740390 1362
1740400 1362
1740410 1361
1740420 1360
1740430 1360
1740440 1359
1740450 1358
1740460 1358
1740470 1357
1740480 1356
1740490 1356
1740500 1356
1740510 1355
1740520 1354
1740530 1354
1740540 1354
1740550 1354
1740560 1354
1740570 1354
1740580 1353
1740590 1353
1740600 1353
1740610 1353
1740620 1353
1740630 1352
1740640 1352
1740650 1352
1740660 1352
1740670 1352
1740680 1352
1740690 1352
1740700 1352
1740710 1352
1740720 1352
1740730 1352
1740740 1352
1740750 1352
1740760 1352
1740770 1352
1740780 1352
1740790 1352
1740800 1352
1740810 1352
1740820 1351
1740830 1351
1740840 1351
1740850 1351
1740860 1350
1740870 1350
1740880 1349
1740890 1349
1740900 1349
1740910 1348
1740920 1347
1740930 1347
1740940 1346
1740950 1346
1740960 1346
1740970 1346
1740980 1345
1740990 1345
1741000 1344
1741010 1344
1741020 1344
1741030 1343
1741040 1342
1741050 1342
1741060 1341
1741070 1340
1741080 1340
1741090 1340
1741100 1339
1741110 1339
1741120 1338
1741130 1337
1741140 1336
1741150 1336
1741160 1336
1741170 1335
1741180 1335
1741190 1334
1741200 1333
1741210 1333
1741220 1332
1741230 1330
1741240 1330
1741250 1329
1741260 1329
1741270 1329
1741280 1327
1741290 1326
1741300 1326
1741310 1326
1741320 1325
1741330 1325
1741340 1323
1741350 1321
1741360 1321
1741370 1319
1741380 1318
1741390 1318
1741400 1317
1741410 1316
1741420 1316
1741430 1316
1741440 1315
1741450 1314
1741460 1314
1741470 1313
1741480 1312
1741490 1312
1741500 1312
1741510 1311
1741520 1311
1741530 1311
1741540 1310
1741550 1310
1741560 1309
1741570 1308
1741580 1308
1741590 1308
1741600 1307
1741610 1307
1741620 1306
1741630 1305
1741640 1305
1741650 1304
1741660 1303
1741670 1303
1741680 1302
1741690 1301
1741700 1301
1741710 1300
1741720 1299
1741730 1299
1741740 1298
1741750 1297
1741760 1297
1741770 1296
1741780 1295
1741790 1294
1741800 1294
1741810 1293
1741820 1291
1741830 1291
1741840 1290
1741850 1289
1741860 1289
1741870 1287
1741880 1287
1741890 1287
1741900 1285
1741910 1283
1741920 1283
1741930 1282
1741940 1279
1741950 1279
1741960 1277
1741970 1275
1741980 1275
1741990 1272
1742000 1269
1742010 1269
1742020 1268
1742030 1266
1742040 1266
1742050 1265
1742060 1263
1742070 1263
1742080 1261
1742090 1258
1742100 1258
1742110 1258
1742120 1256
1742130 1255
1742140 1255
1742150 1254
1742160 1253
1742170 1253
1742180 1253
1742190 1253
1742200 1253
1742210 1252
1742220 1251
1742230 1251
1742240 1250
1742250 1249
1742260 1249
1742270 1248
1742280 1246
1742290 1246
1742300 1244
1742310 1242
1742320 1242
1742330 1240
1742340 1239
1742350 1239
1742360 1237
1742370 1235
1742380 1235
1742390 1233
1742400 1230
1742410 1230
1742420 1228
1742430 1225
1742440 1223
1742450 1223
1742460 1221
1742470 1218
1742480 1218
1742490 1215
1742500 1213
1742510 1213
1742520 1211
1742530 1209
1742540 1209
1742550 1207
1742560 1205
1742570 1205
1742580 1203
1742590 1202
1742600 1202
1742610 1201
1742620 1200
1742630 1200
1742640 1198
1742650 1197
1742660 1197
1742670 1195
1742680 1194
1742690 1194
1742700 1193
1742710 1190
1742720 1190
1742730 1189
1742740 1187
1742750 1185
1742760 1185
1742770 1183
1742780 1182
1742790 1182
1742800 1181
1742810 1179
1742820 1179
1742830 1178
1742840 1177
1742850 1177
1742860 1176
1742870 1174
1742880 1174
1742890 1173
1742900 1171
1742910 1171
1742920 1169
1742930 1167
1742940 1167
1742950 1166
1742960 1165
1742970 1165
1742980 1164
1742990 1164
1743000 1164
1743010 1164
1743020 1164
1743030 1164
1743040 1162
1743050 1161
1743060 1161
1743070 1160
1743080 1159
1743090 1157
1743100 1157
1743110 1157
1743120 1156
1743130 1156
1743140 1155
1743150 1153
1743160 1153
1743170 1150
1743180 1148
1743190 1148
1743200 1146
1743210 1142
1743220 1142
1743230 1138
1743240 1135
1743250 1135
1743260 1132
1743270 1128
1743280 1128
1743290 1125
1743300 1121
1743310 1121
1743320 1118
1743330 1116
1743340 1116
1743350 1113
1743360 1110
1743370 1110
1743380 1107
1743390 1104
1743400 1101
1743410 1101
1743420 1098
1743430 1096
1743440 1096
1743450 1094
1743460 1091
1743470 1091
1743480 1089
1743490 1086
1743500 1086
1743510 1083
1743520 1080
1743530 1080
1743540 1076
1743550 1073
1743560 1073
1743570 1071
1743580 1069
1743590 1069
1743600 1066
1743610 1063
1743620 1063
1743630 1060
1743640 1058
1743650 1058
1743660 1055
1743670 1053
1743680 1053
1743690 1051
1743700 1049
1743710 1046
1743720 1046
1743730 1043
1743740 1040
1743750 1040
1743760 1037
1743770 1035
1743780 1035
1743790 1033
1743800 1029
1743810 1029
1743820 1026
1743830 1023
1743840 1023
1743850 1021
1743860 1018
1743870 1018
1743880 1015
1743890 1013
1743900 1013
1743910 1010
1743920 1008
1743930 1010
1743940 1006
1743950 1003
1743960 1003
1743970 1001
1743980 999
1743990 999
1744000 997
1744010 995
1744020 995
1744030 993
1744040 989
1744050 984
1744060 984
1744070 979
1744080 975
1744090 975
1744100 971
1744110 968
1744120 968
1744130 964
1744140 961
1744150 961
1744160 958
1744170 954
1744180 954
1744190 951
1744200 947
1744210 947
1744220 943
1744230 939
1744240 939
1744250 935
1744260 930
1744270 930
1744280 926
1744290 922
1744300 922
1744310 918
1744320 914
1744330 914
1744340 909
1744350 905
1744360 900
1744370 900
1744380 894
1744390 893
1744400 893
1744410 895
1744420 899
1744430 899
1744440 904
1744450 909
1744460 909
1744470 915
1744480 919
1744490 919
1744500 923
1744510 926
1744520 926
1744530 927
1744540 922
1744550 922
1744560 917
1744570 913
1744580 913
1744590 908
1744600 905
1744610 905
1744620 902
1744630 899
1744640 899
1744650 895
1744660 892
1744670 892
1744680 898
1744690 903
1744700 908
1744710 908
1744720 913
1744730 917
1744740 917
1744750 921
1744760 925
1744770 925
1744780 928
1744790 931
1744800 931
1744810 934
1744820 937
1744830 937
1744840 939
1744850 942
1744860 942
1744870 944
1744880 946
1744890 946
1744900 948
1744910 950
1744920 950
1744930 952
1744940 954
1744950 954
1744960 954
1744970 956
1744980 956
1744990 958
1745000 959
1745010 961
1745020 961
1745030 961
1745040 962
1745050 962
1745060 963
1745070 964
1745080 964
1745090 964
1745100 964
1745110 964
1745120 964
1745130 963
1745140 963
1745150 962
1745160 961
1745170 961
1745180 960
1745190 959
1745200 959
1745210 958
1745220 957
1745230 957
1745240 956
1745250 955
1745260 955
1745270 954
1745280 953
1745290 953
1745300 951
1745310 949
1745320 949
1745330 946
1745340 943
1745350 940
1745360 940
1745370 936
1745380 935
1745390 935
1745400 935
1745410 937
1745420 937
1745430 939
1745440 941
1745450 941
1745460 942
1745470 944
1745480 944
1745490 945
1745500 946
1745510 946
1745520 947
1745530 948
1745540 948
1745550 948
1745560 948
1745570 948
1745580 947
1745590 945
1745600 945
1745610 943
1745620 942
1745630 946
1745640 945
1745650 944
1745660 943
1745670 943
1745680 943
1745690 942
1745700 942
1745710 942
1745720 943
1745730 943
1745740 943
1745750 943
1745760 943
1745770 944
1745780 944
1745790 944
1745800 946
1745810 946
1745820 946
1745830 946
1745840 946
1745850 946
1745860 946
1745870 946
1745880 946
1745890 945
1745900 943
1745910 943
1745920 941
1745930 937
1745940 937
1745950 933
1745960 930
1745970 930
1745980 929
1745990 927
1746000 923
1746010 923
1746020 922
1746030 922
1746040 922
1746050 926
1746060 928
1746070 928
1746080 929
1746090 930
1746100 930
1746110 931
1746120 931
1746130 931
1746140 930
1746150 930
1746160 930
1746170 929
1746180 928
1746190 928
1746200 928
1746210 928
1746220 928
1746230 928
1746240 928
1746250 928
1746260 928
1746270 928
1746280 928
1746290 928
1746300 928
1746310 928
1746320 928
1746330 928
1746340 928
1746350 928
1746360 928
1746370 928
1746380 928
1746390 928
1746400 928
1746410 928
1746420 928
1746430 928
1746440 928
1746450 928
1746460 927
1746470 927
1746480 928
1746490 927
1746500 927
1746510 926
1746520 922
1746530 922
1746540 918
1746550 912
1746560 912
1746570 906
1746580 902
1746590 902
1746600 896
1746610 892
1746620 892
1746630 888
1746640 883
1746650 885
1746660 885
1746670 891
1746680 896
1746690 896
1746700 899
1746710 902
1746720 902
1746730 904
1746740 907
1746750 907
1746760 909
1746770 910
1746780 910
1746790 911
1746800 911
1746810 911
1746820 912
1746830 912
1746840 912
1746850 913
1746860 913
1746870 913
1746880 912
1746890 910
1746900 910
1746910 908
1746920 906
1746930 906
1746940 905
1746950 904
1746960 902
1746970 902
1746980 901
1746990 899
1747000 899
1747010 898
1747020 897
1747030 897
1747040 897
1747050 895
1747060 895
1747070 894
1747080 891
1747090 891
1747100 889
1747110 888
1747120 888
1747130 885
1747140 882
1747150 882
1747160 879
1747170 876
1747180 876
1747190 873
1747200 870
1747210 870
1747220 868
1747230 865
1747240 865
1747250 863
1747260 862
1747270 861
1747280 861
1747290 859
1747300 856
1747310 856
1747320 856
1747330 855
1747340 855
1747350 856
1747360 857
1747370 857
1747380 857
1747390 856
1747400 856
1747410 856
1747420 855
1747430 855
1747440 855
1747450 855
1747460 855
1747470 855
1747480 856
1747490 856
1747500 856
1747510 856
1747520 856
1747530 855
1747540 853
1747550 853
1747560 852
1747570 851
1747580 851
1747590 848
1747600 846
1747610 843
1747620 843
1747630 840
1747640 837
1747650 837
1747660 834
1747670 831
1747680 831
1747690 829
1747700 826
1747710 826
1747720 824
1747730 820
1747740 820
1747750 813
1747760 812
1747770 812
1747780 811
1747790 811
1747800 811
1747810 808
1747820 810
1747830 810
1747840 811
1747850 811
1747860 811
1747870 811
1747880 812
1747890 812
1747900 814
1747910 813
1747920 813
1747930 813
1747940 814
1747950 814
1747960 814
1747970 815
1747980 814
1747990 814
1748000 814
1748010 813
1748020 813
1748030 812
1748040 812
1748050 812
1748060 811
1748070 811
1748080 811
1748090 810
1748100 808
1748110 808
1748120 805
1748130 801
1748140 801
1748150 797
1748160 794
1748170 794
1748180 790
1748190 786
1748200 786
1748210 784
1748220 779
1748230 779
1748240 776
1748250 773
1748260 771
1748270 771
1748280 769
1748290 766
1748300 766
1748310 764
1748320 760
1748330 760
1748340 756
1748350 752
1748360 752
1748370 748
1748380 744
1748390 744
1748400 740
1748410 737
1748420 737
1748430 733
1748440 729
1748450 729
1748460 725
1748470 719
1748480 719
1748490 715
1748500 707
1748510 707
1748520 705
1748530 706
1748540 706
1748550 706
1748560 706
1748570 706
1748580 706
1748590 707
1748600 710
1748610 710
1748620 713
1748630 716
1748640 716
1748650 720
1748660 724
1748670 724
1748680 728
1748690 734
1748700 734
1748710 739
1748720 745
1748730 745
1748740 750
1748750 753
1748760 753
1748770 755
1748780 755
1748790 755
1748800 757
1748810 760
1748820 760
1748830 762
1748840 764
1748850 764
1748860 765
1748870 766
1748880 766
1748890 770
1748900 774
1748910 777
1748920 777
1748930 776
1748940 777
1748950 777
1748960 777
1748970 778
1748980 778
1748990 779
1749000 780
1749010 780
1749020 781
1749030 779
1749040 779
1749050 776
1749060 778
1749070 778
1749080 778
1749090 778
1749100 778
1749110 779
1749120 781
1749130 781
1749140 791
1749150 793
1749160 793
1749170 796
1749180 801
1749190 801
1749200 807
1749210 814
1749220 818
1749230 818
1749240 822
1749250 824
1749260 824
1749270 828
1749280 833
1749290 833
1749300 837
1749310 841
1749320 841
1749330 845
1749340 848
1749350 848
1749360 849
1749370 851
1749380 851
1749390 854
1749400 857
1749410 857
1749420 858
1749430 861
1749440 861
1749450 863
1749460 865
1749470 865
1749480 867
1749490 867
1749500 867
1749510 869
1749520 872
1749530 872
1749540 874
1749550 876
1749560 878
1749570 878
1749580 879
1749590 881
1749600 881
1749610 884
1749620 887
1749630 887
1749640 888
1749650 890
1749660 890
1749670 891
1749680 894
1749690 894
1749700 897
1749710 901
1749720 901
1749730 903
1749740 904
1749750 904
1749760 906
1749770 909
1749780 909
1749790 911
1749800 913
1749810 913
1749820 914
1749830 917
1749840 917
1749850 921
1749860 924
1749870 927
1749880 927
1749890 929
1749900 930
1749910 930
1749920 932
1749930 934
1749940 934
1749950 935
1749960 935
1749970 935
1749980 935
1749990 936
1750000 936
1750010 936
1750020 937
1750030 937
1750040 939
1750050 939
1750060 939
1750070 939
1750080 940
1750090 940
1750100 941
1750110 942
1750120 942
1750130 944
1750140 946
1750150 946
1750160 947
1750170 949
1750180 950
1750190 950
1750200 952
1750210 953
1750220 953
1750230 954
1750240 955
1750250 955
1750260 956
1750270 957
1750280 957
1750290 958
1750300 958
1750310 958
1750320 959
1750330 960
1750340 960
1750350 960
1750360 962
1750370 962
1750380 963
1750390 965
1750400 965
1750410 966
1750420 968
1750430 968
1750440 970
1750450 971
1750460 971
1750470 973
1750480 974
1750490 974
1750500 976
1750510 977
1750520 977
1750530 979
1750540 979
1750550 979
1750560 979
1750570 978
1750580 978
1750590 978
1750600 978
1750610 977
1750620 977
1750630 977
1750640 977
1750650 977
1750660 977
1750670 977
1750680 977
1750690 976
1750700 976
1750710 976
1750720 976
1750730 975
1750740 975
1750750 975
1750760 975
1750770 975
1750780 975
1750790 974
1750800 974
1750810 974
1750820 974
1750830 974
1750840 974
1750850 974
1750860 975
1750870 975
1750880 975
1750890 975
1750900 975
1750910 976
1750920 976
1750930 976
1750940 977
1750950 977
1750960 977
1750970 978
1750980 979
1750990 979
1751000 980
1751010 981
1751020 981
1751030 982
1751040 983
1751050 983
1751060 983
1751070 985
1751080 985
1751090 986
1751100 987
1751110 987
1751120 988
1751130 990
1751140 990
1751150 991
1751160 992
1751170 993
1751180 993
1751190 994
1751200 995
1751210 995
1751220 996
1751230 997
1751240 997
1751250 998
1751260 998
1751270 998
1751280 999
1751290 1000
1751300 1000
1751310 1001
1751320 1001
1751330 1001
1751340 1001
1751350 1000
1751360 1000
1751370 999
1751380 998
1751390 998
1751400 996
1751410 994
1751420 994
1751430 992
1751440 988
1751450 988
1751460 985
1751470 982
1751480 982
1751490 982
1751500 982
1751510 984
1751520 984
1751530 986
1751540 987
1751550 987
1751560 989
1751570 990
1751580 990
1751590 991
1751600 992
1751610 992
1751620 992
1751630 992
1751640 992
1751650 993
1751660 993
1751670 993
1751680 993
1751690 993
1751700 993
1751710 993
1751720 993
1751730 993
1751740 992
1751750 991
1751760 991
1751770 987
1751780 982
1751790 982
1751800 983
1751810 985
1751820 987
1751830 987
1751840 990
1751850 994
1751860 994
1751870 997
1751880 1001
1751890 1001
1751900 1003
1751910 1005
1751920 1005
1751930 1008
1751940 1010
1751950 1010
1751960 1013
1751970 1015
1751980 1015
1751990 1017
1752000 1019
1752010 1019
1752020 1021
1752030 1023
1752040 1023
1752050 1026
1752060 1028
1752070 1028
1752080 1030
1752090 1032
1752100 1031
1752110 1035
1752120 1036
1752130 1038
1752140 1038
1752150 1039
1752160 1041
1752170 1041
1752180 1042
1752190 1045
1752200 1045
1752210 1046
1752220 1048
1752230 1048
1752240 1050
1752250 1051
1752260 1051
1752270 1053
1752280 1055
1752290 1055
1752300 1058
1752310 1060
1752320 1060
1752330 1062
1752340 1064
1752350 1064
1752360 1066
1752370 1067
1752380 1067
1752390 1069
1752400 1071
1752410 1071
1752420 1072
1752430 1074
1752440 1074
1752450 1076
1752460 1077
1752470 1079
1752480 1079
1752490 1080
1752500 1083
1752510 1083
1752520 1083
1752530 1085
1752540 1085
1752550 1087
1752560 1089
1752570 1089
1752580 1091
1752590 1093
1752600 1093
1752610 1094
1752620 1096
1752630 1096
1752640 1098
1752650 1099
1752660 1099
1752670 1101
1752680 1102
1752690 1102
1752700 1103
1752710 1104
1752720 1104
1752730 1104
1752740 1105
1752750 1105
1752760 1105
1752770 1104
1752780 1102
1752790 1102
1752800 1101
1752810 1099
1752820 1099
1752830 1097
1752840 1094
1752850 1094
1752860 1091
1752870 1088
1752880 1088
1752890 1085
1752900 1083
1752910 1083
1752920 1080
1752930 1076
1752940 1076
1752950 1074
1752960 1071
1752970 1071
1752980 1068
1752990 1065
1753000 1065
1753010 1058
1753020 1052
1753030 1052
1753040 1049
1753050 1046
1753060 1046
1753070 1045
1753080 1043
1753090 1043
1753100 1043
1753110 1042
1753120 1044
1753130 1044
1753140 1046
1753150 1047
1753160 1047
1753170 1049
1753180 1050
1753190 1050
1753200 1051
1753210 1051
1753220 1051
1753230 1052
1753240 1053
1753250 1053
1753260 1053
1753270 1054
1753280 1054
1753290 1055
1753300 1055
1753310 1055
1753320 1056
1753330 1057
1753340 1057
1753350 1058
1753360 1058
1753370 1058
1753380 1057
1753390 1057
1753400 1057
1753410 1057
1753420 1057
1753430 1058
1753440 1058
1753450 1060
1753460 1061
1753470 1061
1753480 1062
1753490 1064
1753500 1064
1753510 1065
1753520 1065
1753530 1065
1753540 1066
1753550 1068
1753560 1068
1753570 1069
1753580 1071
1753590 1071
1753600 1072
1753610 1074
1753620 1074
1753630 1074
1753640 1071
1753650 1071
1753660 1069
1753670 1067
1753680 1067
1753690 1066
1753700 1063
1753710 1063
1753720 1060
1753730 1057
1753740 1055
1753750 1055
1753760 1052
1753770 1048
1753780 1048
1753790 1045
1753800 1042
1753810 1042
1753820 1039
1753830 1036
1753840 1036
1753850 1034
1753860 1031
1753870 1031
1753880 1027
1753890 1025
1753900 1025
1753910 1022
1753920 1018
1753930 1018
1753940 1015
1753950 1012
1753960 1012
1753970 1009
1753980 1006
1753990 1006
1754000 1003
1754010 1001
1754020 1001
1754030 998
1754040 995
1754050 995
1754060 992
1754070 989
1754080 985
1754090 985
1754100 982
1754110 978
1754120 978
1754130 975
1754140 973
1754150 973
1754160 971
1754170 968
1754180 968
1754190 965
1754200 961
1754210 961
1754220 957
1754230 955
1754240 955
1754250 954
1754260 953
1754270 953
1754280 952
1754290 950
1754300 950
1754310 950
1754320 950
1754330 950
1754340 951
1754350 952
1754360 952
1754370 952
1754380 952
1754390 952
1754400 952
1754410 952
1754420 950
1754430 950
1754440 947
1754450 943
1754460 943
1754470 939
1754480 936
1754490 936
1754500 930
1754510 926
1754520 926
1754530 921
1754540 917
1754550 917
1754560 913
1754570 915
1754580 915
1754590 920
1754600 926
1754610 926
1754620 930
1754630 933
1754640 933
1754650 936
1754660 939
1754670 939
1754680 940
1754690 941
1754700 941
1754710 943
1754720 944
1754730 945
1754740 945
1754750 947
1754760 949
1754770 949
1754780 952
1754790 955
1754800 955
1754810 956
1754820 959
1754830 959
1754840 961
1754850 963
1754860 963
1754870 965
1754880 966
1754890 966
1754900 966
1754910 967
1754920 967
1754930 968
1754940 969
1754950 969
1754960 969
1754970 970
1754980 970
1754990 969
1755000 968
1755010 968
1755020 968
1755030 967
1755040 968
1755050 968
1755060 968
1755070 967
1755080 967
1755090 966
1755100 966
1755110 966
1755120 965
1755130 964
1755140 964
1755150 964
1755160 963
1755170 963
1755180 961
1755190 960
1755200 960
1755210 959
1755220 958
1755230 958
1755240 956
1755250 956
1755260 956
1755270 955
1755280 951
1755290 951
1755300 949
1755310 948
1755320 948
1755330 946
1755340 945
1755350 945
1755360 944
1755370 943
1755380 943
1755390 943
1755400 942
1755410 940
1755420 940
1755430 938
1755440 936
1755450 936
1755460 935
1755470 936
1755480 936
1755490 936
1755500 936
1755510 936
1755520 936
1755530 935
1755540 935
1755550 936
1755560 936
1755570 936
1755580 936
1755590 937
1755600 937
1755610 939
1755620 941
1755630 941
1755640 941
1755650 942
1755660 942
1755670 944
1755680 945
1755690 946
1755700 946
1755710 948
1755720 949
1755730 949
1755740 949
1755750 949
1755760 949
1755770 949
1755780 949
1755790 949
1755800 949
1755810 950
1755820 950
1755830 950
1755840 951
1755850 951
1755860 951
1755870 952
1755880 952
1755890 954
1755900 953
1755910 953
1755920 951
1755930 949
1755940 949
1755950 945
1755960 943
1755970 943
1755980 940
1755990 938
1756000 938
1756010 935
1756020 933
1756030 930
1756040 930
1756050 928
1756060 926
1756070 926
1756080 924
1756090 922
1756100 922
1756110 919
1756120 917
1756130 917
1756140 911
1756150 905
1756160 905
1756170 899
1756180 895
1756190 895
1756200 899
1756210 899
1756220 899
1756230 901
1756240 904
1756250 904
1756260 908
1756270 910
1756280 910
1756290 911
1756300 911
1756310 911
1756320 909
1756330 905
1756340 899
1756350 899
1756360 895
1756370 889
1756380 889
1756390 886
1756400 882
1756410 882
1756420 877
1756430 880
1756440 880
1756450 883
1756460 887
1756470 887
1756480 890
1756490 895
1756500 895
1756510 900
1756520 904
1756530 904
1756540 908
1756550 912
1756560 912
1756570 916
1756580 920
1756590 920
1756600 922
1756610 925
1756620 925
1756630 928
1756640 930
1756650 932
1756660 932
1756670 934
1756680 936
1756690 936
1756700 937
1756710 939
1756720 939
1756730 940
1756740 941
1756750 941
1756760 942
1756770 943
1756780 943
1756790 944
1756800 945
1756810 945
1756820 945
1756830 946
1756840 946
1756850 946
1756860 946
1756870 946
1756880 947
1756890 947
1756900 947
1756910 947
1756920 947
1756930 947
1756940 947
1756950 947
1756960 947
1756970 947
1756980 946
1756990 946
1757000 946
1757010 946
1757020 945
1757030 945
1757040 945
1757050 944
1757060 944
1757070 943
1757080 942
1757090 942
1757100 942
1757110 941
1757120 941
1757130 940
1757140 939
1757150 939
1757160 939
1757170 938
1757180 938
1757190 937
1757200 936
1757210 936
1757220 935
1757230 934
1757240 934
1757250 933
1757260 932
1757270 932
1757280 931
1757290 929
1757300 928
1757310 928
1757320 927
1757330 924
1757340 924
1757350 922
1757360 921
1757370 921
1757380 919
1757390 918
1757400 918
1757410 917
1757420 915
1757430 915
1757440 914
1757450 909
1757460 909
1757470 908
1757480 906
1757490 906
1757500 904
1757510 904
1757520 904
1757530 902
1757540 902
1757550 902
1757560 900
1757570 898
1757580 898
1757590 898
1757600 897
1757610 897
1757620 895
1757630 890
1757640 892
1757650 892
1757660 892
1757670 892
1757680 892
1757690 893
1757700 895
1757710 895
1757720 897
1757730 898
1757740 898
1757750 899
1757760 901
1757770 901
1757780 902
1757790 904
1757800 904
1757810 906
1757820 906
1757830 906
1757840 909
1757850 909
1757860 909
1757870 912
1757880 914
1757890 914
1757900 915
1757910 916
1757920 916
1757930 918
1757940 919
1757950 920
1757960 920
1757970 920
1757980 919
1757990 919
1758000 919
1758010 919
1758020 919
1758030 919
1758040 918
1758050 918
1758060 917
1758070 915
1758080 915
1758090 914
1758100 912
1758110 912
1758120 910
1758130 908
1758140 908
1758150 905
1758160 903
1758170 903
1758180 900
1758190 897
1758200 897
1758210 893
1758220 889
1758230 889
1758240 884
1758250 878
1758260 878
1758270 873
1758280 868
1758290 863
1758300 863
1758310 859
1758320 861
1758330 861
1758340 864
1758350 871
1758360 871
1758370 876
1758380 878
1758390 878
1758400 880
1758410 883
1758420 883
1758430 887
1758440 889
1758450 889
1758460 894
1758470 899
1758480 899
1758490 903
1758500 907
1758510 907
1758520 911
1758530 915
1758540 915
1758550 917
1758560 920
1758570 920
1758580 923
1758590 926
1758600 928
1758610 928
1758620 931
1758630 933
1758640 933
1758650 935
1758660 938
1758670 938
1758680 940
1758690 942
1758700 942
1758710 944
1758720 946
1758730 946
1758740 948
1758750 950
1758760 950
1758770 952
1758780 952
1758790 952
1758800 953
1758810 953
1758820 953
1758830 953
1758840 954
1758850 954
1758860 954
1758870 954
1758880 954
1758890 954
1758900 954
1758910 954
1758920 954
1758930 954
1758940 955
1758950 955
1758960 955
1758970 955
1758980 955
1758990 955
1759000 955
1759010 955
1759020 955
1759030 954
1759040 954
1759050 953
1759060 952
1759070 952
1759080 950
1759090 949
1759100 949
1759110 948
1759120 946
1759130 946
1759140 944
1759150 942
1759160 942
1759170 939
1759180 936
1759190 936
1759200 932
1759210 928
1759220 928
1759230 924
1759240 927
1759250 928
1759260 928
1759270 931
1759280 933
1759290 933
1759300 935
1759310 937
1759320 937
1759330 938
1759340 941
1759350 941
1759360 942
1759370 944
1759380 944
1759390 946
1759400 949
1759410 949
1759420 951
1759430 954
1759440 954
1759450 956
1759460 958
1759470 958
1759480 960
1759490 962
1759500 962
1759510 963
1759520 965
1759530 966
1759540 967
1759550 969
1759560 971
1759570 971
1759580 972
1759590 973
1759600 973
1759610 974
1759620 975
1759630 975
1759640 975
1759650 976
1759660 976
1759670 975
1759680 976
1759690 976
1759700 975
1759710 975
1759720 975
1759730 974
1759740 974
1759750 974
1759760 973
1759770 973
1759780 973
1759790 972
1759800 971
1759810 971
1759820 969
1759830 968
1759840 968
1759850 968
1759860 968
1759870 968
1759880 969
1759890 970
1759900 970
1759910 970
1759920 971
1759930 971
1759940 971
1759950 972
1759960 974
1759970 974
1759980 975
1759990 977
