1740000 1160
1740010 1160
1740020 1162
1740030 1164
1740040 1164
1740050 1166
1740060 1169
1740070 1169
1740080 1171
1740090 1173
1740100 1173
1740110 1174
1740120 1174
1740130 1174
1740140 1174
1740150 1172
1740160 1170
1740170 1170
1740180 1166
1740190 1163
1740200 1163
1740210 1159
1740220 1158
1740230 1158
1740240 1160
1740250 1161
1740260 1161
1740270 1163
1740280 1167
1740290 1160
1740300 1164
1740310 1168
1740320 1168
1740330 1171
1740340 1174
1740350 1174
1740360 1179
1740370 1184
1740380 1184
1740390 1190
1740400 1192
1740410 1192
1740420 1194
1740430 1188
1740440 1188
1740450 1180
1740460 1173
1740470 1173
1740480 1166
1740490 1160
1740500 1154
1740510 1154
1740520 1148
1740530 1143
1740540 1143
1740550 1140
1740560 1137
1740570 1137
1740580 1134
1740590 1130
1740600 1130
1740610 1135
1740620 1141
1740630 1141
1740640 1144
1740650 1146
1740660 1146
1740670 1148
1740680 1150
1740690 1150
1740700 1151
1740710 1151
1740720 1151
1740730 1151
1740740 1150
1740750 1150
1740760 1148
1740770 1145
1740780 1145
1740790 1140
1740800 1137
1740810 1137
1740820 1135
1740830 1131
1740840 1127
1740850 1127
1740860 1122
1740870 1117
1740880 1117
1740890 1113
1740900 1113
1740910 1113
1740920 1119
1740930 1128
1740940 1128
1740950 1136
1740960 1144
1740970 1144
1740980 1151
1740990 1159
1741000 1159
1741010 1166
1741020 1174
1741030 1174
1741040 1181
1741050 1191
1741060 1191
1741070 1197
1741080 1203
1741090 1203
1741100 1210
1741110 1214
1741120 1214
1741130 1215
1741140 1215
1741150 1215
1741160 1216
1741170 1218
1741180 1218
1741190 1220
1741200 1222
1741210 1225
1741220 1225
1741230 1228
1741240 1231
1741250 1231
1741260 1235
1741270 1237
1741280 1237
1741290 1238
1741300 1238
1741310 1238
1741320 1238
1741330 1237
1741340 1237
1741350 1238
1741360 1237
1741370 1237
1741380 1235
1741390 1234
1741400 1234
1741410 1230
1741420 1228
1741430 1228
1741440 1227
1741450 1225
1741460 1225
1741470 1222
1741480 1218
1741490 1218
1741500 1211
1741510 1204
1741520 1204
1741530 1196
1741540 1189
1741550 1179
1741560 1179
1741570 1175
1741580 1165
1741590 1165
1741600 1159
1741610 1155
1741620 1155
1741630 1155
1741640 1154
1741650 1154
1741660 1154
1741670 1154
1741680 1154
1741690 1156
1741700 1157
1741710 1157
1741720 1155
1741730 1144
1741740 1144
1741750 1137
1741760 1128
1741770 1128
1741780 1121
1741790 1115
1741800 1115
1741810 1116
1741820 1118
1741830 1118
1741840 1117
1741850 1114
1741860 1114
1741870 1111
1741880 1107
1741890 1107
1741900 1109
1741910 1114
1741920 1118
1741930 1118
1741940 1124
1741950 1127
1741960 1127
1741970 1131
1741980 1136
1741990 1136
1742000 1140
1742010 1144
1742020 1144
1742030 1150
1742040 1155
1742050 1155
1742060 1162
1742070 1170
1742080 1174
1742090 1182
1742100 1191
1742110 1191
1742120 1198
1742130 1205
1742140 1205
1742150 1212
1742160 1218
1742170 1218
1742180 1225
1742190 1231
1742200 1231
1742210 1238
1742220 1242
1742230 1242
1742240 1248
1742250 1251
1742260 1257
1742270 1257
1742280 1261
1742290 1264
1742300 1264
1742310 1268
1742320 1271
1742330 1271
1742340 1275
1742350 1278
1742360 1278
1742370 1282
1742380 1286
1742390 1286
1742400 1290
1742410 1294
1742420 1294
1742430 1298
1742440 1303
1742450 1303
1742460 1308
1742470 1313
1742480 1313
1742490 1319
1742500 1324
1742510 1324
1742520 1329
1742530 1334
1742540 1334
1742550 1339
1742560 1344
1742570 1344
1742580 1350
1742590 1354
1742600 1354
1742610 1359
1742620 1361
1742630 1364
1742640 1364
1742650 1366
1742660 1367
1742670 1367
1742680 1368
1742690 1368
1742700 1368
1742710 1369
1742720 1370
1742730 1370
1742740 1371
1742750 1371
1742760 1371
1742770 1373
1742780 1373
1742790 1373
1742800 1373
1742810 1372
1742820 1372
1742830 1369
1742840 1364
1742850 1364
1742860 1359
1742870 1353
1742880 1353
1742890 1353
1742900 1353
1742910 1353
1742920 1353
1742930 1353
1742940 1353
1742950 1353
1742960 1348
1742970 1341
1742980 1341
1742990 1339
1743000 1338
1743010 1338
1743020 1337
1743030 1334
1743040 1334
1743050 1334
1743060 1334
1743070 1334
1743080 1334
1743090 1335
1743100 1335
1743110 1334
1743120 1334
1743130 1334
1743140 1335
1743150 1333
1743160 1333
1743170 1331
1743180 1330
1743190 1330
1743200 1328
1743210 1329
1743220 1329
1743230 1330
1743240 1329
1743250 1329
1743260 1328
1743270 1328
1743280 1328
1743290 1330
1743300 1334
1743310 1334
1743320 1338
1743330 1341
1743340 1344
1743350 1344
1743360 1347
1743370 1348
1743380 1348
1743390 1352
1743400 1356
1743410 1356
1743420 1357
1743430 1358
1743440 1358
1743450 1359
1743460 1359
1743470 1359
1743480 1360
1743490 1361
1743500 1361
1743510 1361
1743520 1362
1743530 1362
1743540 1361
1743550 1362
1743560 1362
1743570 1362
1743580 1363
1743590 1363
1743600 1364
1743610 1364
1743620 1364
1743630 1366
1743640 1370
1743650 1370
1743660 1373
1743670 1373
1743680 1373
1743690 1372
1743700 1372
1743710 1373
1743720 1373
1743730 1373
1743740 1372
1743750 1372
1743760 1371
1743770 1370
1743780 1370
1743790 1369
1743800 1369
1743810 1369
1743820 1368
1743830 1368
1743840 1368
1743850 1368
1743860 1368
1743870 1368
1743880 1367
1743890 1367
1743900 1367
1743910 1366
1743920 1365
1743930 1365
1743940 1365
1743950 1364
1743960 1364
1743970 1363
1743980 1362
1743990 1362
1744000 1361
1744010 1361
1744020 1361
1744030 1360
1744040 1359
1744050 1359
1744060 1359
1744070 1358
1744080 1357
1744090 1357
1744100 1356
1744110 1356
1744120 1356
1744130 1355
1744140 1354
1744150 1354
1744160 1354
1744170 1354
1744180 1354
1744190 1353
1744200 1352
1744210 1352
1744220 1352
1744230 1351
1744240 1351
1744250 1351
1744260 1351
1744270 1351
1744280 1350
1744290 1349
1744300 1349
1744310 1349
1744320 1348
1744330 1348
1744340 1347
1744350 1347
1744360 1347
1744370 1346
1744380 1345
1744390 1345
1744400 1344
1744410 1343
1744420 1342
1744430 1342
1744440 1341
1744450 1340
1744460 1340
1744470 1340
1744480 1339
1744490 1339
1744500 1339
1744510 1338
1744520 1338
1744530 1338
1744540 1338
1744550 1338
1744560 1338
1744570 1339
1744580 1339
1744590 1339
1744600 1340
1744610 1340
1744620 1340
1744630 1341
1744640 1341
1744650 1341
1744660 1341
1744670 1341
1744680 1342
1744690 1342
1744700 1342
1744710 1343
1744720 1343
1744730 1343
1744740 1343
1744750 1342
1744760 1341
1744770 1341
1744780 1339
1744790 1337
1744800 1337
1744810 1334
1744820 1330
1744830 1330
1744840 1328
1744850 1326
1744860 1326
1744870 1322
1744880 1318
1744890 1318
1744900 1313
1744910 1309
1744920 1309
1744930 1307
1744940 1305
1744950 1305
1744960 1304
1744970 1304
1744980 1304
1744990 1304
1745000 1303
1745010 1303
1745020 1302
1745030 1301
1745040 1301
1745050 1300
1745060 1300
1745070 1300
1745080 1300
1745090 1298
1745100 1298
1745110 1295
1745120 1293
1745130 1291
1745140 1291
1745150 1290
1745160 1290
1745170 1290
1745180 1290
1745190 1290
1745200 1290
1745210 1288
1745220 1289
1745230 1289
1745240 1288
1745250 1286
1745260 1286
1745270 1282
1745280 1277
1745290 1277
1745300 1273
1745310 1269
1745320 1269
1745330 1264
1745340 1259
1745350 1259
1745360 1253
1745370 1249
1745380 1249
1745390 1246
1745400 1241
1745410 1241
1745420 1238
1745430 1238
1745440 1238
1745450 1239
1745460 1239
1745470 1240
1745480 1240
1745490 1242
1745500 1244
1745510 1244
1745520 1246
1745530 1249
1745540 1246
1745550 1246
1745560 1243
1745570 1243
1745580 1243
1745590 1247
1745600 1247
1745610 1250
1745620 1253
1745630 1253
1745640 1255
1745650 1256
1745660 1256
1745670 1257
1745680 1259
1745690 1259
1745700 1261
1745710 1262
1745720 1262
1745730 1263
1745740 1264
1745750 1264
1745760 1265
1745770 1265
1745780 1265
1745790 1265
1745800 1265
1745810 1265
1745820 1265
1745830 1266
1745840 1265
1745850 1265
1745860 1265
1745870 1264
1745880 1264
1745890 1265
1745900 1265
1745910 1265
1745920 1264
1745930 1263
1745940 1263
1745950 1262
1745960 1262
1745970 1262
1745980 1263
1745990 1264
1746000 1264
1746010 1265
1746020 1267
1746030 1267
1746040 1269
1746050 1268
1746060 1268
1746070 1268
1746080 1269
1746090 1269
1746100 1270
1746110 1269
1746120 1269
1746130 1269
1746140 1271
1746150 1271
1746160 1273
1746170 1274
1746180 1273
1746190 1273
1746200 1272
1746210 1270
1746220 1270
1746230 1268
1746240 1267
1746250 1267
1746260 1267
1746270 1267
1746280 1267
1746290 1267
1746300 1266
1746310 1266
1746320 1265
1746330 1263
1746340 1263
1746350 1263
1746360 1262
1746370 1262
1746380 1261
1746390 1260
1746400 1260
1746410 1259
1746420 1259
1746430 1259
1746440 1259
1746450 1259
1746460 1259
1746470 1260
1746480 1261
1746490 1261
1746500 1264
1746510 1267
1746520 1267
1746530 1270
1746540 1272
1746550 1275
1746560 1275
1746570 1276
1746580 1278
1746590 1278
1746600 1279
1746610 1280
1746620 1280
1746630 1280
1746640 1280
1746650 1280
1746660 1282
1746670 1283
1746680 1283
1746690 1284
1746700 1285
1746710 1285
1746720 1285
1746730 1285
1746740 1285
1746750 1284
1746760 1283
1746770 1283
1746780 1283
1746790 1283
1746800 1283
1746810 1283
1746820 1283
1746830 1283
1746840 1284
1746850 1284
1746860 1284
1746870 1285
1746880 1285
1746890 1285
1746900 1285
1746910 1285
1746920 1285
1746930 1285
1746940 1284
1746950 1284
1746960 1284
1746970 1283
1746980 1282
1746990 1282
1747000 1281
1747010 1279
1747020 1279
1747030 1278
1747040 1277
1747050 1277
1747060 1275
1747070 1274
1747080 1274
1747090 1273
1747100 1272
1747110 1272
1747120 1270
1747130 1268
1747140 1268
1747150 1267
1747160 1266
1747170 1266
1747180 1265
1747190 1261
1747200 1261
1747210 1257
1747220 1251
1747230 1251
1747240 1245
1747250 1238
1747260 1230
1747270 1230
1747280 1223
1747290 1225
1747300 1225
1747310 1224
1747320 1221
1747330 1221
1747340 1222
1747350 1220
1747360 1220
1747370 1217
1747380 1214
1747390 1214
1747400 1214
1747410 1215
1747420 1215
1747430 1217
1747440 1219
1747450 1219
1747460 1221
1747470 1220
1747480 1220
1747490 1222
1747500 1223
1747510 1223
1747520 1224
1747530 1225
1747540 1225
1747550 1227
1747560 1227
1747570 1227
1747580 1227
1747590 1225
1747600 1224
1747610 1224
1747620 1221
1747630 1219
1747640 1219
1747650 1216
1747660 1213
1747670 1213
1747680 1208
1747690 1200
1747700 1200
1747710 1199
1747720 1193
1747730 1193
1747740 1189
1747750 1185
1747760 1185
1747770 1181
1747780 1176
1747790 1176
1747800 1170
1747810 1165
1747820 1165
1747830 1159
1747840 1155
1747850 1155
1747860 1150
1747870 1147
1747880 1147
1747890 1144
1747900 1143
1747910 1143
1747920 1146
1747930 1151
1747940 1151
1747950 1154
1747960 1159
1747970 1163
1747980 1163
1747990 1168
1748000 1173
1748010 1173
1748020 1178
1748030 1183
1748040 1183
1748050 1187
1748060 1192
1748070 1192
1748080 1197
1748090 1202
1748100 1202
1748110 1206
1748120 1211
1748130 1211
1748140 1215
1748150 1220
1748160 1220
1748170 1224
1748180 1229
1748190 1229
1748200 1234
1748210 1239
1748220 1239
1748230 1241
1748240 1244
1748250 1244
1748260 1244
1748270 1243
1748280 1243
1748290 1241
1748300 1239
1748310 1239
1748320 1237
1748330 1234
1748340 1232
1748350 1232
1748360 1232
1748370 1231
1748380 1231
1748390 1229
1748400 1227
1748410 1227
1748420 1224
1748430 1220
1748440 1220
1748450 1214
1748460 1209
1748470 1209
1748480 1205
1748490 1202
1748500 1202
1748510 1200
1748520 1197
1748530 1197
1748540 1197
1748550 1198
1748560 1198
1748570 1203
1748580 1209
1748590 1209
1748600 1213
1748610 1218
1748620 1218
1748630 1224
1748640 1231
1748650 1231
1748660 1238
1748670 1244
1748680 1248
1748690 1248
1748700 1255
1748710 1259
1748720 1259
1748730 1264
1748740 1269
1748750 1269
1748760 1275
1748770 1281
1748780 1281
1748790 1286
1748800 1291
1748810 1291
1748820 1296
1748830 1302
1748840 1301
1748850 1305
1748860 1310
1748870 1310
1748880 1315
1748890 1320
1748900 1320
1748910 1323
1748920 1326
1748930 1326
1748940 1330
1748950 1335
1748960 1335
1748970 1339
1748980 1344
1748990 1344
1749000 1347
1749010 1351
1749020 1351
1749030 1354
1749040 1357
1749050 1361
1749060 1361
1749070 1365
1749080 1368
1749090 1368
1749100 1372
1749110 1374
1749120 1374
1749130 1377
1749140 1382
1749150 1382
1749160 1383
1749170 1383
1749180 1383
1749190 1387
1749200 1389
1749210 1389
1749220 1391
1749230 1393
1749240 1393
1749250 1395
1749260 1396
1749270 1396
1749280 1398
1749290 1399
1749300 1399
1749310 1400
1749320 1401
1749330 1401
1749340 1402
1749350 1405
1749360 1405
1749370 1407
1749380 1409
1749390 1410
1749400 1410
1749410 1410
1749420 1411
1749430 1411
1749440 1412
1749450 1413
1749460 1413
1749470 1414
1749480 1414
1749490 1414
1749500 1414
1749510 1415
1749520 1415
1749530 1415
1749540 1415
1749550 1415
1749560 1416
1749570 1417
1749580 1417
1749590 1420
1749600 1424
1749610 1424
1749620 1427
1749630 1430
1749640 1430
1749650 1433
1749660 1436
1749670 1436
1749680 1439
1749690 1442
1749700 1442
1749710 1445
1749720 1449
1749730 1449
1749740 1452
1749750 1456
1749760 1457
1749770 1457
1749780 1461
1749790 1463
1749800 1463
1749810 1467
1749820 1469
1749830 1469
1749840 1471
1749850 1474
1749860 1474
1749870 1476
1749880 1477
1749890 1477
1749900 1479
1749910 1482
1749920 1482
1749930 1483
1749940 1485
1749950 1485
1749960 1487
1749970 1490
1749980 1490
1749990 1492
1750000 1493
1750010 1493
1750020 1494
1750030 1496
1750040 1496
1750050 1498
1750060 1500
1750070 1500
1750080 1501
1750090 1502
1750100 1503
1750110 1503
1750120 1504
1750130 1505
1750140 1505
1750150 1506
1750160 1508
1750170 1508
1750180 1509
1750190 1510
1750200 1510
1750210 1510
1750220 1511
1750230 1511
1750240 1511
1750250 1512
1750260 1512
1750270 1512
1750280 1515
1750290 1515
1750300 1518
1750310 1520
1750320 1520
1750330 1522
1750340 1524
1750350 1524
1750360 1526
1750370 1527
1750380 1527
1750390 1528
1750400 1530
1750410 1530
1750420 1532
1750430 1533
1750440 1530
1750450 1532
1750460 1534
1750470 1536
1750480 1536
1750490 1538
1750500 1539
1750510 1539
1750520 1541
1750530 1543
1750540 1543
1750550 1545
1750560 1546
1750570 1546
1750580 1548
1750590 1549
1750600 1549
1750610 1551
1750620 1552
1750630 1552
1750640 1554
1750650 1555
1750660 1555
1750670 1556
1750680 1556
1750690 1556
1750700 1557
1750710 1557
1750720 1557
1750730 1557
1750740 1558
1750750 1558
1750760 1557
1750770 1557
1750780 1557
1750790 1557
1750800 1557
1750810 1556
1750820 1556
1750830 1555
1750840 1555
1750850 1555
1750860 1554
1750870 1553
1750880 1553
1750890 1552
1750900 1551
1750910 1551
1750920 1550
1750930 1549
1750940 1549
1750950 1548
1750960 1548
1750970 1548
1750980 1547
1750990 1546
1751000 1546
1751010 1545
1751020 1545
1751030 1545
1751040 1545
1751050 1544
1751060 1544
1751070 1545
1751080 1545
1751090 1545
1751100 1545
1751110 1545
1751120 1545
1751130 1546
1751140 1547
1751150 1547
1751160 1547
1751170 1548
1751180 1549
1751190 1549
1751200 1551
1751210 1551
1751220 1551
1751230 1551
1751240 1551
1751250 1551
1751260 1551
1751270 1551
1751280 1551
1751290 1551
1751300 1550
1751310 1550
1751320 1549
1751330 1549
1751340 1549
1751350 1549
1751360 1548
1751370 1548
1751380 1547
1751390 1546
1751400 1546
1751410 1546
1751420 1545
1751430 1545
1751440 1545
1751450 1545
1751460 1545
1751470 1544
1751480 1545
1751490 1545
1751500 1544
1751510 1544
1751520 1544
1751530 1544
1751540 1544
1751550 1544
1751560 1544
1751570 1543
1751580 1543
1751590 1543
1751600 1542
1751610 1542
1751620 1542
1751630 1541
1751640 1540
1751650 1540
1751660 1539
1751670 1539
1751680 1539
1751690 1538
1751700 1537
1751710 1537
1751720 1537
1751730 1535
1751740 1535
1751750 1534
1751760 1533
1751770 1533
1751780 1532
1751790 1530
1751800 1530
1751810 1530
1751820 1529
1751830 1529
1751840 1528
1751850 1527
1751860 1527
1751870 1526
1751880 1524
1751890 1523
1751900 1523
1751910 1521
1751920 1519
1751930 1519
1751940 1517
1751950 1516
1751960 1516
1751970 1514
1751980 1512
1751990 1512
1752000 1510
1752010 1509
1752020 1509
1752030 1507
1752040 1505
1752050 1505
1752060 1503
1752070 1501
1752080 1501
1752090 1498
1752100 1496
1752110 1496
1752120 1494
1752130 1490
1752140 1490
1752150 1489
1752160 1486
1752170 1486
1752180 1483
1752190 1480
1752200 1480
1752210 1477
1752220 1473
1752230 1471
1752240 1471
1752250 1468
1752260 1464
1752270 1464
1752280 1460
1752290 1457
1752300 1457
1752310 1454
1752320 1451
1752330 1451
1752340 1447
1752350 1443
1752360 1443
1752370 1439
1752380 1436
1752390 1436
1752400 1432
1752410 1429
1752420 1429
1752430 1426
1752440 1423
1752450 1423
1752460 1422
1752470 1417
1752480 1417
1752490 1414
1752500 1407
1752510 1407
1752520 1399
1752530 1402
1752540 1402
1752550 1404
1752560 1405
1752570 1405
1752580 1404
1752590 1403
1752600 1400
1752610 1400
1752620 1398
1752630 1397
1752640 1397
1752650 1395
1752660 1393
1752670 1393
1752680 1393
1752690 1391
1752700 1391
1752710 1388
1752720 1387
1752730 1387
1752740 1386
1752750 1385
1752760 1385
1752770 1384
1752780 1382
1752790 1382
1752800 1380
1752810 1379
1752820 1379
1752830 1377
1752840 1377
1752850 1377
1752860 1376
1752870 1374
1752880 1374
1752890 1372
1752900 1366
1752910 1366
1752920 1367
1752930 1371
1752940 1373
1752950 1373
1752960 1375
1752970 1376
1752980 1376
1752990 1377
1753000 1378
1753010 1378
1753020 1379
1753030 1380
1753040 1380
1753050 1381
1753060 1383
1753070 1383
1753080 1383
1753090 1384
1753100 1384
1753110 1385
1753120 1386
1753130 1386
1753140 1387
1753150 1388
1753160 1388
1753170 1388
1753180 1388
1753190 1388
1753200 1389
1753210 1388
1753220 1388
1753230 1388
1753240 1388
1753250 1388
1753260 1387
1753270 1387
1753280 1387
1753290 1386
1753300 1385
1753310 1384
1753320 1384
1753330 1383
1753340 1381
1753350 1381
1753360 1379
1753370 1377
1753380 1377
1753390 1375
1753400 1373
1753410 1373
1753420 1371
1753430 1369
1753440 1369
1753450 1364
1753460 1364
1753470 1364
1753480 1362
1753490 1358
1753500 1358
1753510 1356
1753520 1354
1753530 1354
1753540 1350
1753550 1347
1753560 1349
1753570 1345
1753580 1343
1753590 1343
1753600 1341
1753610 1338
1753620 1338
1753630 1336
1753640 1332
1753650 1332
1753660 1328
1753670 1325
1753680 1321
1753690 1321
1753700 1318
1753710 1316
1753720 1316
1753730 1313
1753740 1311
1753750 1311
1753760 1308
1753770 1305
1753780 1305
1753790 1300
1753800 1298
1753810 1298
1753820 1298
1753830 1296
1753840 1296
1753850 1293
1753860 1293
1753870 1293
1753880 1294
1753890 1295
1753900 1295
1753910 1295
1753920 1295
1753930 1295
1753940 1295
1753950 1297
1753960 1297
1753970 1297
1753980 1297
1753990 1297
1754000 1297
1754010 1298
1754020 1297
1754030 1297
1754040 1297
1754050 1297
1754060 1297
1754070 1297
1754080 1296
1754090 1296
1754100 1294
1754110 1293
1754120 1293
1754130 1291
1754140 1288
1754150 1288
1754160 1287
1754170 1284
1754180 1284
1754190 1281
1754200 1278
1754210 1278
1754220 1274
1754230 1270
1754240 1270
1754250 1266
1754260 1263
1754270 1263
1754280 1259
1754290 1255
1754300 1255
1754310 1251
1754320 1247
1754330 1247
1754340 1243
1754350 1238
1754360 1238
1754370 1234
1754380 1230
1754390 1225
1754400 1225
1754410 1220
1754420 1216
1754430 1216
1754440 1211
1754450 1207
1754460 1207
1754470 1203
1754480 1199
1754490 1199
1754500 1195
1754510 1191
1754520 1191
1754530 1186
1754540 1186
1754550 1186
1754560 1182
1754570 1178
1754580 1178
1754590 1175
1754600 1171
1754610 1171
1754620 1168
1754630 1164
1754640 1164
1754650 1160
1754660 1157
1754670 1157
1754680 1153
1754690 1149
1754700 1149
1754710 1145
1754720 1141
1754730 1137
1754740 1137
1754750 1132
1754760 1125
1754770 1125
1754780 1120
1754790 1115
1754800 1115
1754810 1114
1754820 1114
1754830 1114
1754840 1118
1754850 1128
1754860 1128
1754870 1133
1754880 1136
1754890 1136
1754900 1140
1754910 1143
1754920 1143
1754930 1146
1754940 1150
1754950 1150
1754960 1153
1754970 1154
1754980 1154
1754990 1158
1755000 1164
1755010 1164
1755020 1167
1755030 1170
1755040 1170
1755050 1173
1755060 1176
1755070 1177
1755080 1178
1755090 1180
1755100 1182
1755110 1182
1755120 1184
1755130 1187
1755140 1187
1755150 1189
1755160 1193
1755170 1193
1755180 1195
1755190 1197
1755200 1197
1755210 1198
1755220 1200
1755230 1200
1755240 1204
1755250 1206
1755260 1206
1755270 1210
1755280 1213
1755290 1213
1755300 1216
1755310 1219
1755320 1219
1755330 1222
1755340 1225
1755350 1225
1755360 1227
1755370 1229
1755380 1229
1755390 1232
1755400 1236
1755410 1236
1755420 1239
1755430 1243
1755440 1246
1755450 1246
1755460 1249
1755470 1251
1755480 1251
1755490 1253
1755500 1255
1755510 1255
1755520 1258
1755530 1261
1755540 1261
1755550 1263
1755560 1264
1755570 1264
1755580 1265
1755590 1266
1755600 1266
1755610 1268
1755620 1268
1755630 1268
1755640 1269
1755650 1271
1755660 1271
1755670 1271
1755680 1271
1755690 1271
1755700 1271
1755710 1272
1755720 1272
1755730 1271
1755740 1272
1755750 1272
1755760 1272
1755770 1271
1755780 1271
1755790 1272
1755800 1272
1755810 1272
1755820 1272
1755830 1271
1755840 1271
1755850 1271
1755860 1270
1755870 1269
1755880 1269
1755890 1269
1755900 1266
1755910 1266
1755920 1266
1755930 1265
1755940 1265
1755950 1263
1755960 1262
1755970 1262
1755980 1258
1755990 1256
1756000 1256
1756010 1252
1756020 1250
1756030 1250
1756040 1246
1756050 1242
1756060 1242
1756070 1239
1756080 1235
1756090 1235
1756100 1231
1756110 1227
1756120 1227
1756130 1223
1756140 1220
1756150 1215
1756160 1215
1756170 1211
1756180 1209
1756190 1209
1756200 1207
1756210 1205
1756220 1205
1756230 1202
1756240 1200
1756250 1200
1756260 1197
1756270 1194
1756280 1194
1756290 1192
1756300 1189
1756310 1189
1756320 1188
1756330 1187
1756340 1187
1756350 1185
1756360 1183
1756370 1183
1756380 1182
1756390 1181
1756400 1181
1756410 1180
1756420 1178
1756430 1178
1756440 1177
1756450 1176
1756460 1176
1756470 1174
1756480 1173
1756490 1173
1756500 1170
1756510 1168
1756520 1166
1756530 1166
1756540 1164
1756550 1162
1756560 1166
1756570 1164
1756580 1160
1756590 1160
1756600 1156
1756610 1152
1756620 1152
1756630 1147
1756640 1143
1756650 1143
1756660 1140
1756670 1138
1756680 1138
1756690 1135
1756700 1132
1756710 1132
1756720 1128
1756730 1123
1756740 1123
1756750 1120
1756760 1116
1756770 1116
1756780 1113
1756790 1109
1756800 1109
1756810 1105
1756820 1102
1756830 1102
1756840 1098
1756850 1095
1756860 1095
1756870 1095
1756880 1093
1756890 1089
1756900 1089
1756910 1083
1756920 1080
1756930 1080
1756940 1075
1756950 1070
1756960 1070
1756970 1065
1756980 1061
1756990 1061
1757000 1057
1757010 1052
1757020 1052
1757030 1048
1757040 1045
1757050 1045
1757060 1043
1757070 1038
1757080 1038
1757090 1033
1757100 1028
1757110 1028
1757120 1025
1757130 1022
1757140 1022
1757150 1019
1757160 1017
1757170 1017
1757180 1013
1757190 1011
1757200 1011
1757210 1008
1757220 1006
1757230 1004
1757240 1004
1757250 1001
1757260 997
1757270 997
1757280 994
1757290 990
1757300 990
1757310 986
1757320 981
1757330 981
1757340 975
1757350 968
1757360 968
1757370 964
1757380 959
1757390 959
1757400 952
1757410 949
1757420 949
1757430 950
1757440 951
1757450 951
1757460 950
1757470 951
1757480 951
1757490 956
1757500 963
1757510 963
1757520 966
1757530 972
1757540 972
1757550 978
1757560 984
1757570 990
1757580 990
1757590 996
1757600 1003
1757610 1003
1757620 1010
1757630 1015
1757640 1015
1757650 1020
1757660 1025
1757670 1025
1757680 1030
1757690 1035
1757700 1035
1757710 1040
1757720 1045
1757730 1045
1757740 1049
1757750 1051
1757760 1051
1757770 1054
1757780 1057
1757790 1057
1757800 1059
1757810 1060
1757820 1060
1757830 1061
1757840 1062
1757850 1062
1757860 1061
1757870 1062
1757880 1062
1757890 1061
1757900 1061
1757910 1061
1757920 1062
1757930 1062
1757940 1062
1757950 1062
1757960 1062
1757970 1061
1757980 1061
1757990 1060
1758000 1058
1758010 1058
1758020 1058
1758030 1055
1758040 1055
1758050 1053
1758060 1050
1758070 1050
1758080 1047
1758090 1043
1758100 1043
1758110 1039
1758120 1037
1758130 1037
1758140 1034
1758150 1031
1758160 1031
1758170 1027
1758180 1025
1758190 1025
1758200 1021
1758210 1019
1758220 1019
1758230 1016
1758240 1012
1758250 1012
1758260 1010
1758270 1008
1758280 1008
1758290 1005
1758300 1002
1758310 998
1758320 998
1758330 994
1758340 990
1758350 990
1758360 986
1758370 980
1758380 980
1758390 975
1758400 971
1758410 971
1758420 966
1758430 963
1758440 963
1758450 960
1758460 962
1758470 962
1758480 966
1758490 966
1758500 966
1758510 967
1758520 967
1758530 967
1758540 966
1758550 964
1758560 964
1758570 962
1758580 963
1758590 963
1758600 963
1758610 962
1758620 962
1758630 961
1758640 958
1758650 957
1758660 957
1758670 956
1758680 954
1758690 954
1758700 951
1758710 948
1758720 948
1758730 938
1758740 931
1758750 931
1758760 926
1758770 925
1758780 925
1758790 923
1758800 921
1758810 921
1758820 918
1758830 916
1758840 916
1758850 914
1758860 912
1758870 912
1758880 911
1758890 912
1758900 912
1758910 911
1758920 912
1758930 912
1758940 912
1758950 913
1758960 913
1758970 913
1758980 913
1758990 913
1759000 914
1759010 915
1759020 915
1759030 915
1759040 915
1759050 916
1759060 916
1759070 915
1759080 915
1759090 915
1759100 914
1759110 914
1759120 914
1759130 915
1759140 916
1759150 916
1759160 917
1759170 918
1759180 918
1759190 920
1759200 920
1759210 920
1759220 921
1759230 923
1759240 923
1759250 924
1759260 926
1759270 926
1759280 929
1759290 931
1759300 931
1759310 934
1759320 937
1759330 937
1759340 940
1759350 941
1759360 943
1759370 943
1759380 946
1759390 947
1759400 947
1759410 948
1759420 952
1759430 952
1759440 957
1759450 957
1759460 957
1759470 961
1759480 965
1759490 965
1759500 968
1759510 972
1759520 972
1759530 976
1759540 980
1759550 980
1759560 982
1759570 985
1759580 985
1759590 985
1759600 983
1759610 983
1759620 980
1759630 977
1759640 977
1759650 973
1759660 972
1759670 972
1759680 974
1759690 978
1759700 978
1759710 982
1759720 988
1759730 995
1759740 995
1759750 1001
1759760 1008
1759770 1008
1759780 1014
1759790 1021
1759800 1021
1759810 1028
1759820 1035
1759830 1035
1759840 1042
1759850 1048
1759860 1048
1759870 1055
1759880 1062
1759890 1062
1759900 1069
1759910 1075
1759920 1075
1759930 1081
1759940 1088
1759950 1088
1759960 1093
1759970 1097
1759980 1097
1759990 1102
