1740000 1131
1740010 1131
1740020 1133
1740030 1136
1740040 1136
1740050 1138
1740060 1141
1740070 1141
1740080 1144
1740090 1146
1740100 1146
1740110 1146
1740120 1145
1740130 1145
1740140 1144
1740150 1143
1740160 1140
1740170 1140
1740180 1139
1740190 1137
1740200 1137
1740210 1135
1740220 1131
1740230 1131
1740240 1131
1740250 1132
1740260 1132
1740270 1136
1740280 1140
1740290 1140
1740300 1144
1740310 1148
1740320 1148
1740330 1151
1740340 1153
1740350 1153
1740360 1158
1740370 1163
1740380 1163
1740390 1168
1740400 1173
1740410 1173
1740420 1179
1740430 1185
1740440 1185
1740450 1182
1740460 1174
1740470 1174
1740480 1166
1740490 1157
1740500 1157
1740510 1150
1740520 1143
1740530 1137
1740540 1137
1740550 1131
1740560 1124
1740570 1124
1740580 1121
1740590 1115
1740600 1115
1740610 1119
1740620 1122
1740630 1122
1740640 1125
1740650 1127
1740660 1127
1740670 1129
1740680 1130
1740690 1130
1740700 1131
1740710 1132
1740720 1132
1740730 1131
1740740 1130
1740750 1130
1740760 1127
1740770 1124
1740780 1124
1740790 1122
1740800 1117
1740810 1117
1740820 1112
1740830 1108
1740840 1108
1740850 1106
1740860 1104
1740870 1100
1740880 1100
1740890 1099
1740900 1107
1740910 1107
1740920 1115
1740930 1122
1740940 1122
1740950 1130
1740960 1137
1740970 1137
1740980 1145
1740990 1151
1741000 1151
1741010 1158
1741020 1165
1741030 1165
1741040 1172
1741050 1178
1741060 1178
1741070 1184
1741080 1189
1741090 1189
1741100 1191
1741110 1192
1741120 1192
1741130 1193
1741140 1193
1741150 1193
1741160 1195
1741170 1197
1741180 1197
1741190 1199
1741200 1202
1741210 1202
1741220 1205
1741230 1210
1741240 1214
1741250 1214
1741260 1219
1741270 1221
1741280 1221
1741290 1219
1741300 1218
1741310 1218
1741320 1216
1741330 1215
1741340 1215
1741350 1215
1741360 1217
1741370 1217
1741380 1213
1741390 1211
1741400 1211
1741410 1209
1741420 1207
1741430 1200
1741440 1199
1741450 1198
1741460 1198
1741470 1197
1741480 1196
1741490 1196
1741500 1195
1741510 1195
1741520 1195
1741530 1191
1741540 1185
1741550 1185
1741560 1179
1741570 1173
1741580 1171
1741590 1171
1741600 1163
1741610 1155
1741620 1155
1741630 1147
1741640 1139
1741650 1139
1741660 1130
1741670 1127
1741680 1127
1741690 1127
1741700 1127
1741710 1127
1741720 1128
1741730 1127
1741740 1127
1741750 1123
1741760 1115
1741770 1115
1741780 1109
1741790 1103
1741800 1103
1741810 1097
1741820 1094
1741830 1094
1741840 1093
1741850 1091
1741860 1091
1741870 1093
1741880 1098
1741890 1098
1741900 1104
1741910 1110
1741920 1110
1741930 1115
1741940 1120
1741950 1125
1741960 1125
1741970 1131
1741980 1137
1741990 1137
1742000 1145
1742010 1154
1742020 1154
1742030 1162
1742040 1170
1742050 1170
1742060 1176
1742070 1184
1742080 1184
1742090 1190
1742100 1197
1742110 1197
1742120 1204
1742130 1211
1742140 1211
1742150 1217
1742160 1224
1742170 1224
1742180 1232
1742190 1235
1742200 1235
1742210 1242
1742220 1247
1742230 1247
1742240 1251
1742250 1255
1742260 1255
1742270 1258
1742280 1263
1742290 1267
1742300 1267
1742310 1270
1742320 1273
1742330 1273
1742340 1276
1742350 1280
1742360 1280
1742370 1284
1742380 1288
1742390 1288
1742400 1291
1742410 1295
1742420 1295
1742430 1299
1742440 1303
1742450 1303
1742460 1307
1742470 1311
1742480 1311
1742490 1316
1742500 1320
1742510 1320
1742520 1325
1742530 1330
1742540 1330
1742550 1335
1742560 1339
1742570 1339
1742580 1343
1742590 1349
1742600 1349
1742610 1353
1742620 1357
1742630 1357
1742640 1359
1742650 1357
1742660 1356
1742670 1356
1742680 1355
1742690 1356
1742700 1356
1742710 1357
1742720 1357
1742730 1357
1742740 1357
1742750 1356
1742760 1356
1742770 1356
1742780 1356
1742790 1356
1742800 1355
1742810 1354
1742820 1354
1742830 1353
1742840 1350
1742850 1350
1742860 1347
1742870 1346
1742880 1346
1742890 1348
1742900 1347
1742910 1347
1742920 1344
1742930 1339
1742940 1339
1742950 1336
1742960 1330
1742970 1330
1742980 1326
1742990 1322
1743000 1322
1743010 1322
1743020 1323
1743030 1321
1743040 1321
1743050 1320
1743060 1321
1743070 1321
1743080 1322
1743090 1323
1743100 1323
1743110 1323
1743120 1322
1743130 1322
1743140 1323
1743150 1322
1743160 1322
1743170 1320
1743180 1320
1743190 1316
1743200 1316
1743210 1314
1743220 1314
1743230 1315
1743240 1316
1743250 1316
1743260 1317
1743270 1317
1743280 1317
1743290 1318
1743300 1321
1743310 1321
1743320 1324
1743330 1326
1743340 1326
1743350 1329
1743360 1333
1743370 1336
1743380 1336
1743390 1338
1743400 1343
1743410 1343
1743420 1347
1743430 1351
1743440 1351
1743450 1354
1743460 1358
1743470 1358
1743480 1362
1743490 1363
1743500 1363
1743510 1363
1743520 1361
1743530 1361
1743540 1360
1743550 1361
1743560 1361
1743570 1361
1743580 1364
1743590 1364
1743600 1366
1743610 1367
1743620 1367
1743630 1368
1743640 1369
1743650 1369
1743660 1371
1743670 1372
1743680 1372
1743690 1373
1743700 1374
1743710 1374
1743720 1377
1743730 1377
1743740 1377
1743750 1377
1743760 1376
1743770 1376
1743780 1376
1743790 1376
1743800 1375
1743810 1375
1743820 1374
1743830 1373
1743840 1373
1743850 1372
1743860 1371
1743870 1371
1743880 1370
1743890 1369
1743900 1369
1743910 1369
1743920 1368
1743930 1368
1743940 1368
1743950 1367
1743960 1367
1743970 1366
1743980 1366
1743990 1366
1744000 1365
1744010 1364
1744020 1364
1744030 1363
1744040 1363
1744050 1363
1744060 1363
1744070 1362
1744080 1361
1744090 1361
1744100 1361
1744110 1360
1744120 1360
1744130 1359
1744140 1359
1744150 1359
1744160 1358
1744170 1358
1744180 1358
1744190 1357
1744200 1357
1744210 1357
1744220 1357
1744230 1356
1744240 1356
1744250 1356
1744260 1356
1744270 1356
1744280 1355
1744290 1355
1744300 1355
1744310 1355
1744320 1354
1744330 1354
1744340 1353
1744350 1352
1744360 1352
1744370 1351
1744380 1351
1744390 1351
1744400 1349
1744410 1348
1744420 1348
1744430 1346
1744440 1345
1744450 1344
1744460 1344
1744470 1344
1744480 1343
1744490 1343
1744500 1342
1744510 1342
1744520 1342
1744530 1342
1744540 1342
1744550 1342
1744560 1341
1744570 1342
1744580 1342
1744590 1341
1744600 1341
1744610 1341
1744620 1341
1744630 1341
1744640 1341
1744650 1341
1744660 1341
1744670 1341
1744680 1342
1744690 1342
1744700 1342
1744710 1342
1744720 1341
1744730 1341
1744740 1338
1744750 1334
1744760 1334
1744770 1331
1744780 1329
1744790 1327
1744800 1327
1744810 1325
1744820 1322
1744830 1322
1744840 1318
1744850 1314
1744860 1314
1744870 1308
1744880 1302
1744890 1302
1744900 1300
1744910 1293
1744920 1293
1744930 1290
1744940 1288
1744950 1288
1744960 1287
1744970 1286
1744980 1286
1744990 1285
1745000 1285
1745010 1285
1745020 1285
1745030 1285
1745040 1285
1745050 1285
1745060 1286
1745070 1286
1745080 1287
1745090 1288
1745100 1288
1745110 1285
1745120 1282
1745130 1282
1745140 1280
1745150 1279
1745160 1276
1745170 1276
1745180 1275
1745190 1274
1745200 1274
1745210 1273
1745220 1274
1745230 1274
1745240 1275
1745250 1275
1745260 1275
1745270 1271
1745280 1267
1745290 1267
1745300 1262
1745310 1257
1745320 1257
1745330 1252
1745340 1248
1745350 1248
1745360 1244
1745370 1239
1745380 1239
1745390 1236
1745400 1232
1745410 1232
1745420 1229
1745430 1226
1745440 1226
1745450 1222
1745460 1223
1745470 1223
1745480 1226
1745490 1229
1745500 1232
1745510 1232
1745520 1234
1745530 1235
1745540 1235
1745550 1233
1745560 1232
1745570 1232
1745580 1235
1745590 1239
1745600 1239
1745610 1243
1745620 1245
1745630 1245
1745640 1247
1745650 1248
1745660 1248
1745670 1250
1745680 1251
1745690 1251
1745700 1255
1745710 1257
1745720 1257
1745730 1258
1745740 1259
1745750 1259
1745760 1259
1745770 1259
1745780 1259
1745790 1258
1745800 1257
1745810 1257
1745820 1256
1745830 1255
1745840 1255
1745850 1254
1745860 1254
1745870 1254
1745880 1254
1745890 1254
1745900 1253
1745910 1253
1745920 1252
1745930 1252
1745940 1252
1745950 1253
1745960 1254
1745970 1254
1745980 1255
1745990 1255
1746000 1255
1746010 1256
1746020 1256
1746030 1256
1746040 1258
1746050 1259
1746060 1259
1746070 1260
1746080 1260
1746090 1260
1746100 1261
1746110 1261
1746120 1261
1746130 1262
1746140 1262
1746150 1262
1746160 1261
1746170 1261
1746180 1261
1746190 1262
1746200 1262
1746210 1261
1746220 1261
1746230 1260
1746240 1260
1746250 1260
1746260 1260
1746270 1259
1746280 1259
1746290 1259
1746300 1259
1746310 1259
1746320 1257
1746330 1256
1746340 1256
1746350 1254
1746360 1254
1746370 1254
1746380 1253
1746390 1252
1746400 1252
1746410 1251
1746420 1251
1746430 1251
1746440 1252
1746450 1252
1746460 1252
1746470 1253
1746480 1254
1746490 1254
1746500 1257
1746510 1259
1746520 1259
1746530 1261
1746540 1262
1746550 1262
1746560 1264
1746570 1265
1746580 1266
1746590 1261
1746600 1262
1746610 1263
1746620 1263
1746630 1265
1746640 1265
1746650 1265
1746660 1266
1746670 1267
1746680 1267
1746690 1269
1746700 1271
1746710 1271
1746720 1272
1746730 1272
1746740 1272
1746750 1271
1746760 1271
1746770 1271
1746780 1271
1746790 1270
1746800 1270
1746810 1271
1746820 1273
1746830 1273
1746840 1277
1746850 1279
1746860 1279
1746870 1281
1746880 1282
1746890 1282
1746900 1282
1746910 1282
1746920 1282
1746930 1282
1746940 1281
1746950 1280
1746960 1280
1746970 1278
1746980 1277
1746990 1277
1747000 1274
1747010 1272
1747020 1272
1747030 1270
1747040 1268
1747050 1268
1747060 1266
1747070 1265
1747080 1265
1747090 1264
1747100 1263
1747110 1263
1747120 1262
1747130 1260
1747140 1260
1747150 1259
1747160 1257
1747170 1257
1747180 1255
1747190 1252
1747200 1252
1747210 1249
1747220 1245
1747230 1245
1747240 1241
1747250 1234
1747260 1234
1747270 1225
1747280 1216
1747290 1209
1747300 1209
1747310 1209
1747320 1206
1747330 1206
1747340 1209
1747350 1211
1747360 1211
1747370 1208
1747380 1203
1747390 1203
1747400 1205
1747410 1207
1747420 1207
1747430 1207
1747440 1208
1747450 1208
1747460 1209
1747470 1211
1747480 1211
1747490 1211
1747500 1212
1747510 1212
1747520 1212
1747530 1213
1747540 1213
1747550 1213
1747560 1212
1747570 1212
1747580 1214
1747590 1214
1747600 1214
1747610 1213
1747620 1213
1747630 1213
1747640 1209
1747650 1206
1747660 1203
1747670 1203
1747680 1203
1747690 1196
1747700 1196
1747710 1189
1747720 1183
1747730 1183
1747740 1179
1747750 1175
1747760 1175
1747770 1169
1747780 1164
1747790 1164
1747800 1157
1747810 1151
1747820 1151
1747830 1146
1747840 1140
1747850 1140
1747860 1138
1747870 1137
1747880 1137
1747890 1137
1747900 1142
1747910 1142
1747920 1148
1747930 1151
1747940 1151
1747950 1155
1747960 1159
1747970 1159
1747980 1162
1747990 1167
1748000 1172
1748010 1172
1748020 1178
1748030 1182
1748040 1182
1748050 1188
1748060 1194
1748070 1194
1748080 1199
1748090 1204
1748100 1204
1748110 1208
1748120 1213
1748130 1213
1748140 1217
1748150 1222
1748160 1222
1748170 1226
1748180 1230
1748190 1230
1748200 1233
1748210 1237
1748220 1237
1748230 1238
1748240 1236
1748250 1236
1748260 1234
1748270 1231
1748280 1231
1748290 1228
1748300 1226
1748310 1226
1748320 1223
1748330 1222
1748340 1222
1748350 1220
1748360 1218
1748370 1216
1748380 1216
1748390 1213
1748400 1210
1748410 1210
1748420 1206
1748430 1201
1748440 1201
1748450 1195
1748460 1190
1748470 1190
1748480 1185
1748490 1185
1748500 1185
1748510 1184
1748520 1187
1748530 1187
1748540 1190
1748550 1196
1748560 1196
1748570 1200
1748580 1206
1748590 1206
1748600 1214
1748610 1220
1748620 1220
1748630 1226
1748640 1232
1748650 1232
1748660 1238
1748670 1244
1748680 1244
1748690 1251
1748700 1257
1748710 1261
1748720 1261
1748730 1266
1748740 1271
1748750 1271
1748760 1276
1748770 1280
1748780 1280
1748790 1285
1748800 1289
1748810 1289
1748820 1294
1748830 1299
1748840 1299
1748850 1303
1748860 1308
1748870 1308
1748880 1312
1748890 1315
1748900 1315
1748910 1319
1748920 1322
1748930 1322
1748940 1326
1748950 1330
1748960 1330
1748970 1334
1748980 1338
1748990 1338
1749000 1342
1749010 1346
1749020 1346
1749030 1350
1749040 1352
1749050 1352
1749060 1354
1749070 1355
1749080 1358
1749090 1358
1749100 1361
1749110 1362
1749120 1362
1749130 1364
1749140 1366
1749150 1366
1749160 1369
1749170 1371
1749180 1371
1749190 1372
1749200 1374
1749210 1374
1749220 1376
1749230 1378
1749240 1378
1749250 1379
1749260 1381
1749270 1381
1749280 1381
1749290 1382
1749300 1382
1749310 1384
1749320 1386
1749330 1386
1749340 1387
1749350 1388
1749360 1388
1749370 1390
1749380 1391
1749390 1391
1749400 1392
1749410 1394
1749420 1395
1749430 1395
1749440 1396
1749450 1397
1749460 1397
1749470 1397
1749480 1397
1749490 1397
1749500 1397
1749510 1397
1749520 1397
1749530 1398
1749540 1398
1749550 1398
1749560 1398
1749570 1405
1749580 1405
1749590 1409
1749600 1414
1749610 1414
1749620 1417
1749630 1421
1749640 1421
1749650 1424
1749660 1428
1749670 1428
1749680 1431
1749690 1434
1749700 1434
1749710 1437
1749720 1440
1749730 1440
1749740 1443
1749750 1446
1749760 1446
1749770 1449
1749780 1452
1749790 1455
1749800 1455
1749810 1458
1749820 1458
1749830 1458
1749840 1460
1749850 1461
1749860 1458
1749870 1459
1749880 1462
1749890 1462
1749900 1464
1749910 1467
1749920 1467
1749930 1469
1749940 1471
1749950 1471
1749960 1473
1749970 1475
1749980 1475
1749990 1476
1750000 1477
1750010 1477
1750020 1478
1750030 1479
1750040 1479
1750050 1481
1750060 1482
1750070 1482
1750080 1483
1750090 1484
1750100 1484
1750110 1485
1750120 1487
1750130 1488
1750140 1488
1750150 1489
1750160 1490
1750170 1490
1750180 1491
1750190 1492
1750200 1492
1750210 1493
1750220 1493
1750230 1493
1750240 1494
1750250 1496
1750260 1496
1750270 1496
1750280 1499
1750290 1499
1750300 1502
1750310 1504
1750320 1504
1750330 1507
1750340 1510
1750350 1510
1750360 1512
1750370 1514
1750380 1514
1750390 1515
1750400 1517
1750410 1517
1750420 1518
1750430 1520
1750440 1520
1750450 1522
1750460 1523
1750470 1523
1750480 1525
1750490 1527
1750500 1529
1750510 1529
1750520 1531
1750530 1534
1750540 1534
1750550 1537
1750560 1540
1750570 1540
1750580 1542
1750590 1544
1750600 1544
1750610 1545
1750620 1547
1750630 1547
1750640 1548
1750650 1549
1750660 1549
1750670 1550
1750680 1551
1750690 1551
1750700 1551
1750710 1552
1750720 1552
1750730 1552
1750740 1552
1750750 1552
1750760 1553
1750770 1552
1750780 1552
1750790 1552
1750800 1552
1750810 1552
1750820 1551
1750830 1551
1750840 1550
1750850 1550
1750860 1550
1750870 1549
1750880 1549
1750890 1548
1750900 1548
1750910 1548
1750920 1547
1750930 1547
1750940 1547
1750950 1546
1750960 1545
1750970 1545
1750980 1545
1750990 1544
1751000 1544
1751010 1544
1751020 1543
1751030 1543
1751040 1543
1751050 1543
1751060 1543
1751070 1543
1751080 1544
1751090 1544
1751100 1544
1751110 1545
1751120 1545
1751130 1546
1751140 1546
1751150 1546
1751160 1547
1751170 1548
1751180 1548
1751190 1549
1751200 1551
1751210 1553
1751220 1553
1751230 1554
1751240 1554
1751250 1554
1751260 1555
1751270 1554
1751280 1554
1751290 1553
1751300 1553
1751310 1553
1751320 1551
1751330 1551
1751340 1551
1751350 1550
1751360 1550
1751370 1550
1751380 1549
1751390 1549
1751400 1549
1751410 1548
1751420 1548
1751430 1548
1751440 1549
1751450 1549
1751460 1549
1751470 1549
1751480 1549
1751490 1549
1751500 1550
1751510 1550
1751520 1550
1751530 1550
1751540 1550
1751550 1550
1751560 1550
1751570 1550
1751580 1549
1751590 1549
1751600 1548
1751610 1548
1751620 1548
1751630 1548
1751640 1547
1751650 1547
1751660 1547
1751670 1546
1751680 1546
1751690 1545
1751700 1544
1751710 1544
1751720 1543
1751730 1543
1751740 1543
1751750 1542
1751760 1540
1751770 1540
1751780 1539
1751790 1538
1751800 1538
1751810 1537
1751820 1535
1751830 1535
1751840 1534
1751850 1532
1751860 1532
1751870 1531
1751880 1530
1751890 1530
1751900 1528
1751910 1527
1751920 1525
1751930 1525
1751940 1524
1751950 1522
1751960 1522
1751970 1521
1751980 1519
1751990 1519
1752000 1517
1752010 1515
1752020 1515
1752030 1512
1752040 1510
1752050 1510
1752060 1508
1752070 1505
1752080 1505
1752090 1503
1752100 1501
1752110 1501
1752120 1499
1752130 1496
1752140 1496
1752150 1494
1752160 1491
1752170 1491
1752180 1488
1752190 1485
1752200 1485
1752210 1483
1752220 1480
1752230 1480
1752240 1477
1752250 1474
1752260 1474
1752270 1470
1752280 1467
1752290 1464
1752300 1464
1752310 1460
1752320 1457
1752330 1457
1752340 1453
1752350 1450
1752360 1450
1752370 1446
1752380 1441
1752390 1441
1752400 1439
1752410 1436
1752420 1436
1752430 1433
1752440 1429
1752450 1429
1752460 1426
1752470 1419
1752480 1419
1752490 1416
1752500 1419
1752510 1419
1752520 1419
1752530 1418
1752540 1418
1752550 1417
1752560 1415
1752570 1415
1752580 1413
1752590 1412
1752600 1412
1752610 1410
1752620 1408
1752630 1406
1752640 1406
1752650 1404
1752660 1402
1752670 1402
1752680 1401
1752690 1400
1752700 1400
1752710 1399
1752720 1398
1752730 1398
1752740 1397
1752750 1395
1752760 1395
1752770 1394
1752780 1392
1752790 1392
1752800 1391
1752810 1389
1752820 1389
1752830 1388
1752840 1387
1752850 1387
1752860 1385
1752870 1383
1752880 1383
1752890 1381
1752900 1377
1752910 1377
1752920 1372
1752930 1380
1752940 1380
1752950 1382
1752960 1383
1752970 1383
1752980 1385
1752990 1388
1753000 1389
1753010 1389
1753020 1390
1753030 1390
1753040 1390
1753050 1391
1753060 1393
1753070 1393
1753080 1394
1753090 1395
1753100 1395
1753110 1394
1753120 1395
1753130 1395
1753140 1396
1753150 1397
1753160 1397
1753170 1397
1753180 1397
1753190 1397
1753200 1397
1753210 1397
1753220 1397
1753230 1396
1753240 1397
1753250 1397
1753260 1395
1753270 1394
1753280 1394
1753290 1393
1753300 1392
1753310 1392
1753320 1390
1753330 1388
1753340 1387
1753350 1387
1753360 1385
1753370 1383
1753380 1383
1753390 1381
1753400 1379
1753410 1379
1753420 1376
1753430 1374
1753440 1374
1753450 1372
1753460 1369
1753470 1369
1753480 1368
1753490 1366
1753500 1366
1753510 1363
1753520 1360
1753530 1360
1753540 1359
1753550 1356
1753560 1356
1753570 1352
1753580 1349
1753590 1349
1753600 1346
1753610 1342
1753620 1342
1753630 1339
1753640 1336
1753650 1336
1753660 1333
1753670 1330
1753680 1330
1753690 1326
1753700 1323
1753710 1320
1753720 1320
1753730 1317
1753740 1315
1753750 1315
1753760 1313
1753770 1311
1753780 1311
1753790 1307
1753800 1307
1753810 1307
1753820 1306
1753830 1303
1753840 1303
1753850 1303
1753860 1303
1753870 1303
1753880 1303
1753890 1303
1753900 1303
1753910 1303
1753920 1303
1753930 1303
1753940 1305
1753950 1306
1753960 1306
1753970 1306
1753980 1306
1753990 1306
1754000 1306
1754010 1305
1754020 1305
1754030 1306
1754040 1306
1754050 1305
1754060 1305
1754070 1305
1754080 1304
1754090 1304
1754100 1303
1754110 1301
1754120 1301
1754130 1299
1754140 1296
1754150 1296
1754160 1294
1754170 1291
1754180 1291
1754190 1287
1754200 1284
1754210 1284
1754220 1280
1754230 1277
1754240 1277
1754250 1272
1754260 1268
1754270 1268
1754280 1264
1754290 1261
1754300 1261
1754310 1257
1754320 1253
1754330 1253
1754340 1249
1754350 1246
1754360 1246
1754370 1240
1754380 1236
1754390 1236
1754400 1231
1754410 1226
1754420 1221
1754430 1221
1754440 1218
1754450 1213
1754460 1213
1754470 1208
1754480 1203
1754490 1203
1754500 1201
1754510 1199
1754520 1199
1754530 1196
1754540 1191
1754550 1191
1754560 1190
1754570 1186
1754580 1186
1754590 1183
1754600 1180
1754610 1180
1754620 1175
1754630 1172
1754640 1172
1754650 1168
1754660 1164
1754670 1164
1754680 1161
1754690 1158
1754700 1158
1754710 1155
1754720 1151
1754730 1151
1754740 1146
1754750 1140
1754760 1135
1754770 1135
1754780 1129
1754790 1123
1754800 1123
1754810 1120
1754820 1119
1754830 1119
1754840 1119
1754850 1125
1754860 1125
1754870 1132
1754880 1137
1754890 1137
1754900 1142
1754910 1146
1754920 1146
1754930 1149
1754940 1152
1754950 1152
1754960 1156
1754970 1159
1754980 1159
1754990 1163
1755000 1168
1755010 1168
1755020 1170
1755030 1173
1755040 1173
1755050 1177
1755060 1179
1755070 1179
1755080 1181
1755090 1183
1755100 1183
1755110 1186
1755120 1188
1755130 1191
1755140 1191
1755150 1192
1755160 1193
1755170 1193
1755180 1196
1755190 1199
1755200 1199
1755210 1203
1755220 1206
1755230 1206
1755240 1207
1755250 1208
1755260 1208
1755270 1213
1755280 1215
1755290 1215
1755300 1218
1755310 1221
1755320 1221
1755330 1223
1755340 1226
1755350 1226
1755360 1229
1755370 1231
1755380 1231
1755390 1234
1755400 1235
1755410 1235
1755420 1239
1755430 1242
1755440 1242
1755450 1246
1755460 1249
1755470 1252
1755480 1252
1755490 1255
1755500 1258
1755510 1258
1755520 1260
1755530 1262
1755540 1262
1755550 1264
1755560 1266
1755570 1266
1755580 1268
1755590 1269
1755600 1269
1755610 1271
1755620 1272
1755630 1272
1755640 1273
1755650 1274
1755660 1274
1755670 1275
1755680 1276
1755690 1276
1755700 1276
1755710 1276
1755720 1276
1755730 1277
1755740 1277
1755750 1277
1755760 1277
1755770 1276
1755780 1276
1755790 1276
1755800 1276
1755810 1276
1755820 1277
1755830 1276
1755840 1276
1755850 1276
1755860 1275
1755870 1275
1755880 1275
1755890 1274
1755900 1273
1755910 1273
1755920 1272
1755930 1271
1755940 1271
1755950 1270
1755960 1267
1755970 1267
1755980 1265
1755990 1261
1756000 1261
1756010 1262
1756020 1259
1756030 1259
1756040 1256
1756050 1252
1756060 1252
1756070 1249
1756080 1246
1756090 1246
1756100 1243
1756110 1240
1756120 1240
1756130 1237
1756140 1234
1756150 1234
1756160 1230
1756170 1227
1756180 1224
1756190 1224
1756200 1222
1756210 1220
1756220 1220
1756230 1217
1756240 1215
1756250 1215
1756260 1214
1756270 1213
1756280 1213
1756290 1210
1756300 1208
1756310 1208
1756320 1205
1756330 1203
1756340 1203
1756350 1201
1756360 1199
1756370 1199
1756380 1198
1756390 1197
1756400 1197
1756410 1195
1756420 1194
1756430 1194
1756440 1192
1756450 1192
1756460 1192
1756470 1190
1756480 1188
1756490 1188
1756500 1186
1756510 1183
1756520 1183
1756530 1182
1756540 1179
1756550 1176
1756560 1176
1756570 1172
1756580 1168
1756590 1168
1756600 1164
1756610 1159
1756620 1159
1756630 1154
1756640 1150
1756650 1150
1756660 1145
1756670 1141
1756680 1141
1756690 1138
1756700 1135
1756710 1135
1756720 1131
1756730 1124
1756740 1124
1756750 1121
1756760 1118
1756770 1118
1756780 1114
1756790 1110
1756800 1110
1756810 1106
1756820 1102
1756830 1102
1756840 1098
1756850 1095
1756860 1095
1756870 1094
1756880 1092
1756890 1092
1756900 1088
1756910 1084
1756920 1080
1756930 1080
1756940 1077
1756950 1071
1756960 1071
1756970 1066
1756980 1062
1756990 1062
1757000 1056
1757010 1052
1757020 1052
1757030 1049
1757040 1045
1757050 1045
1757060 1041
1757070 1038
1757080 1038
1757090 1034
1757100 1030
1757110 1030
1757120 1025
1757130 1021
1757140 1021
1757150 1018
1757160 1015
1757170 1015
1757180 1012
1757190 1009
1757200 1009
1757210 1006
1757220 1004
1757230 1004
1757240 1002
1757250 998
1757260 994
1757270 994
1757280 991
1757290 988
1757300 988
1757310 984
1757320 979
1757330 979
1757340 974
1757350 969
1757360 969
1757370 965
1757380 959
1757390 959
1757400 953
1757410 953
1757420 953
1757430 952
1757440 952
1757450 952
1757460 955
1757470 961
1757480 964
1757490 971
1757500 975
1757510 975
1757520 982
1757530 988
1757540 988
1757550 994
1757560 999
1757570 999
1757580 1003
1757590 1008
1757600 1008
1757610 1012
1757620 1016
1757630 1021
1757640 1021
1757650 1026
1757660 1029
1757670 1029
1757680 1037
1757690 1043
1757700 1043
1757710 1047
1757720 1051
1757730 1051
1757740 1057
1757750 1061
1757760 1061
1757770 1064
1757780 1067
1757790 1067
1757800 1070
1757810 1072
1757820 1072
1757830 1074
1757840 1074
1757850 1074
1757860 1074
1757870 1073
1757880 1073
1757890 1073
1757900 1073
1757910 1073
1757920 1073
1757930 1072
1757940 1072
1757950 1071
1757960 1070
1757970 1070
1757980 1070
1757990 1069
1758000 1067
1758010 1067
1758020 1065
1758030 1062
1758040 1062
1758050 1058
1758060 1057
1758070 1057
1758080 1054
1758090 1053
1758100 1053
1758110 1052
1758120 1050
1758130 1050
1758140 1047
1758150 1043
1758160 1043
1758170 1040
1758180 1037
1758190 1037
1758200 1035
1758210 1030
1758220 1030
1758230 1030
1758240 1026
1758250 1026
1758260 1024
1758270 1021
1758280 1021
1758290 1019
1758300 1016
1758310 1016
1758320 1013
1758330 1009
1758340 1004
1758350 1004
1758360 996
1758370 989
1758380 989
1758390 982
1758400 975
1758410 975
1758420 971
1758430 972
1758440 972
1758450 971
1758460 971
1758470 971
1758480 972
1758490 973
1758500 973
1758510 974
1758520 975
1758530 975
1758540 974
1758550 973
1758560 973
1758570 971
1758580 971
1758590 971
1758600 970
1758610 969
1758620 969
1758630 968
1758640 965
1758650 965
1758660 965
1758670 960
1758680 955
1758690 955
1758700 950
1758710 946
1758720 946
1758730 937
1758740 936
1758750 936
1758760 936
1758770 936
1758780 936
1758790 935
1758800 934
1758810 934
1758820 933
1758830 931
1758840 931
1758850 930
1758860 927
1758870 927
1758880 924
1758890 922
1758900 922
1758910 919
1758920 918
1758930 922
1758940 921
1758950 920
1758960 920
1758970 920
1758980 920
1758990 920
1759000 920
1759010 919
1759020 919
1759030 918
1759040 918
1759050 918
1759060 918
1759070 918
1759080 918
1759090 918
1759100 916
1759110 914
1759120 914
1759130 916
1759140 916
1759150 916
1759160 916
1759170 918
1759180 918
1759190 919
1759200 921
1759210 921
1759220 922
1759230 923
1759240 923
1759250 924
1759260 925
1759270 925
1759280 928
1759290 928
1759300 928
1759310 930
1759320 931
1759330 931
1759340 932
1759350 933
1759360 933
1759370 936
1759380 937
1759390 938
1759400 938
1759410 941
1759420 942
1759430 942
1759440 944
1759450 947
1759460 947
1759470 950
1759480 953
1759490 953
1759500 955
1759510 957
1759520 957
1759530 959
1759540 961
1759550 961
1759560 962
1759570 963
1759580 963
1759590 963
1759600 964
1759610 964
1759620 965
1759630 967
1759640 967
1759650 970
1759660 975
1759670 975
1759680 980
1759690 985
1759700 985
1759710 990
1759720 995
1759730 995
1759740 1001
1759750 1007
1759760 1013
1759770 1013
1759780 1018
1759790 1025
1759800 1025
1759810 1031
1759820 1037
1759830 1037
1759840 1045
1759850 1050
1759860 1050
1759870 1058
1759880 1064
1759890 1064
1759900 1070
1759910 1077
1759920 1077
1759930 1083
1759940 1089
1759950 1089
1759960 1094
1759970 1097
1759980 1097
1759990 1099
