1740000 983
1740010 983
1740020 986
1740030 989
1740040 989
1740050 993
1740060 997
1740070 997
1740080 1000
1740090 1004
1740100 1004
1740110 1008
1740120 1012
1740130 1012
1740140 1015
1740150 1019
1740160 1019
1740170 1023
1740180 1026
1740190 1026
1740200 1030
1740210 1034
1740220 1034
1740230 1038
1740240 1042
1740250 1042
1740260 1045
1740270 1049
1740280 1049
1740290 1053
1740300 1056
1740310 1059
1740320 1059
1740330 1062
1740340 1065
1740350 1065
1740360 1068
1740370 1071
1740380 1071
1740390 1074
1740400 1077
1740410 1077
1740420 1079
1740430 1080
1740440 1080
1740450 1081
1740460 1078
1740470 1078
1740480 1073
1740490 1066
1740500 1066
1740510 1062
1740520 1059
1740530 1059
1740540 1058
1740550 1058
1740560 1058
1740570 1050
1740580 1043
1740590 1043
1740600 1040
1740610 1036
1740620 1036
1740630 1030
1740640 1023
1740650 1023
1740660 1017
1740670 1010
1740680 1004
1740690 1004
1740700 999
1740710 994
1740720 994
1740730 990
1740740 985
1740750 985
1740760 981
1740770 977
1740780 977
1740790 973
1740800 971
1740810 971
1740820 968
1740830 965
1740840 965
1740850 964
1740860 961
1740870 961
1740880 959
1740890 957
1740900 957
1740910 954
1740920 955
1740930 955
1740940 959
1740950 963
1740960 963
1740970 968
1740980 972
1740990 972
1741000 976
1741010 978
1741020 974
1741030 974
1741040 969
1741050 964
1741060 964
1741070 959
1741080 954
1741090 954
1741100 949
1741110 944
1741120 944
1741130 939
1741140 937
1741150 937
1741160 936
1741170 934
1741180 934
1741190 933
1741200 932
1741210 932
1741220 932
1741230 932
1741240 932
1741250 932
1741260 932
1741270 932
1741280 932
1741290 934
1741300 934
1741310 937
1741320 941
1741330 941
1741340 945
1741350 949
1741360 949
1741370 953
1741380 956
1741390 959
1741400 959
1741410 962
1741420 965
1741430 965
1741440 967
1741450 970
1741460 970
1741470 973
1741480 977
1741490 977
1741500 979
1741510 981
1741520 981
1741530 984
1741540 982
1741550 982
1741560 976
1741570 971
1741580 971
1741590 965
1741600 961
1741610 961
1741620 956
1741630 952
1741640 952
1741650 946
1741660 940
1741670 940
1741680 934
1741690 927
1741700 927
1741710 922
1741720 916
1741730 916
1741740 910
1741750 905
1741760 899
1741770 899
1741780 893
1741790 887
1741800 887
1741810 881
1741820 877
1741830 877
1741840 872
1741850 868
1741860 868
1741870 864
1741880 860
1741890 860
1741900 855
1741910 850
1741920 850
1741930 844
1741940 842
1741950 842
1741960 848
1741970 848
1741980 848
1741990 846
1742000 844
1742010 844
1742020 844
1742030 844
1742040 844
1742050 844
1742060 845
1742070 845
1742080 845
1742090 843
1742100 843
1742110 842
1742120 839
1742130 834
1742140 834
1742150 831
1742160 827
1742170 827
1742180 822
1742190 817
1742200 817
1742210 813
1742220 812
1742230 812
1742240 813
1742250 813
1742260 813
1742270 812
1742280 813
1742290 813
1742300 813
1742310 814
1742320 814
1742330 815
1742340 816
1742350 816
1742360 817
1742370 818
1742380 818
1742390 820
1742400 821
1742410 821
1742420 822
1742430 825
1742440 825
1742450 827
1742460 830
1742470 834
1742480 834
1742490 838
1742500 844
1742510 844
1742520 849
1742530 854
1742540 854
1742550 858
1742560 864
1742570 864
1742580 871
1742590 877
1742600 877
1742610 885
1742620 892
1742630 892
1742640 900
1742650 907
1742660 907
1742670 915
1742680 923
1742690 923
1742700 930
1742710 937
1742720 937
1742730 944
1742740 952
1742750 952
1742760 958
1742770 966
1742780 966
1742790 970
1742800 975
1742810 975
1742820 979
1742830 982
1742840 987
1742850 987
1742860 991
1742870 995
1742880 995
1742890 1002
1742900 999
1742910 999
1742920 995
1742930 993
1742940 993
1742950 991
1742960 994
1742970 994
1742980 994
1742990 991
1743000 991
1743010 992
1743020 995
1743030 995
1743040 998
1743050 998
1743060 998
1743070 997
1743080 999
1743090 999
1743100 1002
1743110 1003
1743120 1003
1743130 1000
1743140 998
1743150 998
1743160 996
1743170 995
1743180 995
1743190 995
1743200 993
1743210 992
1743220 992
1743230 989
1743240 988
1743250 988
1743260 986
1743270 986
1743280 986
1743290 984
1743300 982
1743310 982
1743320 982
1743330 980
1743340 980
1743350 979
1743360 978
1743370 978
1743380 978
1743390 980
1743400 980
1743410 984
1743420 987
1743430 987
1743440 989
1743450 995
1743460 995
1743470 1000
1743480 1004
1743490 1004
1743500 1011
1743510 1015
1743520 1015
1743530 1019
1743540 1023
1743550 1023
1743560 1028
1743570 1033
1743580 1037
1743590 1037
1743600 1041
1743610 1046
1743620 1046
1743630 1051
1743640 1055
1743650 1055
1743660 1061
1743670 1066
1743680 1066
1743690 1071
1743700 1076
1743710 1076
1743720 1082
1743730 1087
1743740 1087
1743750 1091
1743760 1095
1743770 1095
1743780 1095
1743790 1093
1743800 1093
1743810 1090
1743820 1088
1743830 1088
1743840 1087
1743850 1085
1743860 1085
1743870 1083
1743880 1081
1743890 1081
1743900 1081
1743910 1082
1743920 1083
1743930 1083
1743940 1085
1743950 1090
1743960 1090
1743970 1092
1743980 1097
1743990 1097
1744000 1103
1744010 1110
1744020 1110
1744030 1117
1744040 1124
1744050 1124
1744060 1131
1744070 1138
1744080 1138
1744090 1147
1744100 1152
1744110 1152
1744120 1160
1744130 1167
1744140 1167
1744150 1166
1744160 1164
1744170 1164
1744180 1161
1744190 1161
1744200 1161
1744210 1161
1744220 1158
1744230 1158
1744240 1157
1744250 1155
1744260 1155
1744270 1155
1744280 1154
1744290 1152
1744300 1152
1744310 1150
1744320 1148
1744330 1148
1744340 1147
1744350 1153
1744360 1153
1744370 1158
1744380 1164
1744390 1164
1744400 1171
1744410 1178
1744420 1178
1744430 1184
1744440 1191
1744450 1191
1744460 1198
1744470 1205
1744480 1205
1744490 1211
1744500 1218
1744510 1218
1744520 1225
1744530 1232
1744540 1232
1744550 1238
1744560 1245
1744570 1245
1744580 1252
1744590 1259
1744600 1259
1744610 1261
1744620 1260
1744630 1260
1744640 1259
1744650 1259
1744660 1250
1744670 1250
1744680 1240
1744690 1231
1744700 1231
1744710 1222
1744720 1213
1744730 1213
1744740 1204
1744750 1195
1744760 1195
1744770 1187
1744780 1179
1744790 1179
1744800 1172
1744810 1164
1744820 1164
1744830 1155
1744840 1151
1744850 1151
1744860 1142
1744870 1135
1744880 1135
1744890 1128
1744900 1121
1744910 1121
1744920 1115
1744930 1108
1744940 1108
1744950 1099
1744960 1090
1744970 1090
1744980 1073
1744990 1064
1745000 1064
1745010 1054
1745020 1048
1745030 1040
1745040 1040
1745050 1033
1745060 1029
1745070 1029
1745080 1025
1745090 1023
1745100 1023
1745110 1018
1745120 1012
1745130 1012
1745140 1007
1745150 1003
1745160 1003
1745170 998
1745180 992
1745190 992
1745200 988
1745210 983
1745220 983
1745230 978
1745240 976
1745250 976
1745260 972
1745270 970
1745280 970
1745290 966
1745300 962
1745310 962
1745320 956
1745330 947
1745340 947
1745350 940
1745360 943
1745370 945
1745380 945
1745390 948
1745400 950
1745410 950
1745420 950
1745430 952
1745440 952
1745450 954
1745460 956
1745470 956
1745480 959
1745490 961
1745500 961
1745510 964
1745520 965
1745530 965
1745540 965
1745550 966
1745560 966
1745570 966
1745580 966
1745590 966
1745600 968
1745610 971
1745620 971
1745630 973
1745640 974
1745650 974
1745660 977
1745670 980
1745680 980
1745690 983
1745700 983
1745710 983
1745720 984
1745730 984
1745740 986
1745750 986
1745760 989
1745770 990
1745780 990
1745790 991
1745800 992
1745810 992
1745820 992
1745830 993
1745840 993
1745850 993
1745860 992
1745870 992
1745880 991
1745890 989
1745900 989
1745910 987
1745920 986
1745930 986
1745940 984
1745950 983
1745960 983
1745970 981
1745980 978
1745990 978
1746000 978
1746010 978
1746020 978
1746030 976
1746040 975
1746050 975
1746060 974
1746070 974
1746080 974
1746090 972
1746100 970
1746110 968
1746120 968
1746130 966
1746140 965
1746150 965
1746160 963
1746170 963
1746180 963
1746190 963
1746200 960
1746210 960
1746220 956
1746230 954
1746240 954
1746250 954
1746260 951
1746270 951
1746280 949
1746290 947
1746300 947
1746310 944
1746320 940
1746330 940
1746340 936
1746350 932
1746360 932
1746370 928
1746380 926
1746390 926
1746400 925
1746410 923
1746420 923
1746430 918
1746440 916
1746450 916
1746460 916
1746470 916
1746480 918
1746490 918
1746500 920
1746510 921
1746520 921
1746530 921
1746540 921
1746550 921
1746560 920
1746570 917
1746580 917
1746590 912
1746600 907
1746610 907
1746620 899
1746630 894
1746640 894
1746650 890
1746660 890
1746670 890
1746680 888
1746690 891
1746700 891
1746710 892
1746720 899
1746730 899
1746740 903
1746750 907
1746760 907
1746770 910
1746780 913
1746790 913
1746800 915
1746810 920
1746820 926
1746830 926
1746840 932
1746850 933
1746860 933
1746870 935
1746880 940
1746890 940
1746900 941
1746910 945
1746920 945
1746930 949
1746940 953
1746950 953
1746960 956
1746970 959
1746980 959
1746990 963
1747000 967
1747010 967
1747020 971
1747030 974
1747040 974
1747050 976
1747060 980
1747070 980
1747080 981
1747090 984
1747100 984
1747110 985
1747120 987
1747130 987
1747140 988
1747150 989
1747160 989
1747170 991
1747180 994
1747190 996
1747200 996
1747210 998
1747220 1001
1747230 1001
1747240 1003
1747250 1007
1747260 1007
1747270 1009
1747280 1010
1747290 1010
1747300 1013
1747310 1014
1747320 1014
1747330 1016
1747340 1021
1747350 1021
1747360 1022
1747370 1024
1747380 1024
1747390 1026
1747400 1029
1747410 1029
1747420 1031
1747430 1033
1747440 1033
1747450 1035
1747460 1036
1747470 1036
1747480 1038
1747490 1039
1747500 1039
1747510 1042
1747520 1043
1747530 1043
1747540 1044
1747550 1046
1747560 1047
1747570 1047
1747580 1048
1747590 1051
1747600 1051
1747610 1054
1747620 1057
1747630 1057
1747640 1062
1747650 1066
1747660 1066
1747670 1070
1747680 1074
1747690 1074
1747700 1078
1747710 1081
1747720 1081
1747730 1085
1747740 1089
1747750 1089
1747760 1094
1747770 1097
1747780 1097
1747790 1101
1747800 1105
1747810 1105
1747820 1107
1747830 1113
1747840 1113
1747850 1116
1747860 1121
1747870 1121
1747880 1124
1747890 1128
1747900 1128
1747910 1132
1747920 1136
1747930 1140
1747940 1140
1747950 1143
1747960 1147
1747970 1147
1747980 1150
1747990 1154
1748000 1154
1748010 1157
1748020 1160
1748030 1160
1748040 1163
1748050 1167
1748060 1167
1748070 1170
1748080 1173
1748090 1173
1748100 1176
1748110 1179
1748120 1179
1748130 1182
1748140 1183
1748150 1183
1748160 1184
1748170 1187
1748180 1187
1748190 1188
1748200 1191
1748210 1191
1748220 1195
1748230 1197
1748240 1197
1748250 1200
1748260 1203
1748270 1206
1748280 1206
1748290 1208
1748300 1211
1748310 1211
1748320 1213
1748330 1216
1748340 1216
1748350 1219
1748360 1222
1748370 1222
1748380 1226
1748390 1229
1748400 1229
1748410 1232
1748420 1235
1748430 1235
1748440 1237
1748450 1239
1748460 1239
1748470 1241
1748480 1243
1748490 1243
1748500 1245
1748510 1247
1748520 1247
1748530 1249
1748540 1251
1748550 1251
1748560 1254
1748570 1257
1748580 1257
1748590 1259
1748600 1261
1748610 1261
1748620 1264
1748630 1266
1748640 1268
1748650 1268
1748660 1270
1748670 1272
1748680 1272
1748690 1273
1748700 1275
1748710 1275
1748720 1276
1748730 1277
1748740 1277
1748750 1278
1748760 1280
1748770 1280
1748780 1281
1748790 1283
1748800 1283
1748810 1284
1748820 1285
1748830 1285
1748840 1287
1748850 1289
1748860 1289
1748870 1290
1748880 1292
1748890 1292
1748900 1293
1748910 1294
1748920 1294
1748930 1295
1748940 1297
1748950 1297
1748960 1299
1748970 1302
1748980 1302
1748990 1305
1749000 1307
1749010 1310
1749020 1310
1749030 1313
1749040 1315
1749050 1315
1749060 1317
1749070 1319
1749080 1319
1749090 1321
1749100 1324
1749110 1324
1749120 1326
1749130 1330
1749140 1330
1749150 1332
1749160 1335
1749170 1335
1749180 1338
1749190 1341
1749200 1341
1749210 1344
1749220 1347
1749230 1347
1749240 1349
1749250 1352
1749260 1352
1749270 1355
1749280 1358
1749290 1358
1749300 1360
1749310 1363
1749320 1363
1749330 1366
1749340 1369
1749350 1369
1749360 1372
1749370 1375
1749380 1377
1749390 1377
1749400 1380
1749410 1382
1749420 1382
1749430 1385
1749440 1388
1749450 1388
1749460 1391
1749470 1394
1749480 1394
1749490 1396
1749500 1398
1749510 1398
1749520 1399
1749530 1401
1749540 1401
1749550 1402
1749560 1403
1749570 1403
1749580 1405
1749590 1406
1749600 1406
1749610 1408
1749620 1409
1749630 1409
1749640 1410
1749650 1412
1749660 1412
1749670 1413
1749680 1416
1749690 1416
1749700 1418
1749710 1420
1749720 1421
1749730 1421
1749740 1423
1749750 1424
1749760 1424
1749770 1425
1749780 1426
1749790 1426
1749800 1426
1749810 1426
1749820 1426
1749830 1425
1749840 1422
1749850 1422
1749860 1422
1749870 1422
1749880 1422
1749890 1425
1749900 1430
1749910 1430
1749920 1434
1749930 1437
1749940 1437
1749950 1440
1749960 1442
1749970 1442
1749980 1445
1749990 1448
1750000 1448
1750010 1450
1750020 1453
1750030 1453
1750040 1455
1750050 1459
1750060 1459
1750070 1461
1750080 1464
1750090 1467
1750100 1467
1750110 1469
1750120 1472
1750130 1472
1750140 1476
1750150 1476
1750160 1476
1750170 1479
1750180 1482
1750190 1482
1750200 1485
1750210 1489
1750220 1489
1750230 1492
1750240 1496
1750250 1496
1750260 1500
1750270 1504
1750280 1504
1750290 1507
1750300 1511
1750310 1511
1750320 1515
1750330 1519
1750340 1519
1750350 1522
1750360 1525
1750370 1525
1750380 1529
1750390 1533
1750400 1533
1750410 1536
1750420 1539
1750430 1539
1750440 1543
1750450 1546
1750460 1549
1750470 1549
1750480 1553
1750490 1557
1750500 1557
1750510 1560
1750520 1563
1750530 1563
1750540 1566
1750550 1569
1750560 1569
1750570 1572
1750580 1575
1750590 1575
1750600 1579
1750610 1583
1750620 1583
1750630 1585
1750640 1588
1750650 1588
1750660 1592
1750670 1594
1750680 1594
1750690 1597
1750700 1600
1750710 1600
1750720 1603
1750730 1606
1750740 1606
1750750 1607
1750760 1610
1750770 1610
1750780 1613
1750790 1615
1750800 1615
1750810 1618
1750820 1620
1750830 1622
1750840 1622
1750850 1625
1750860 1627
1750870 1627
1750880 1629
1750890 1632
1750900 1632
1750910 1635
1750920 1636
1750930 1636
1750940 1638
1750950 1639
1750960 1639
1750970 1641
1750980 1643
1750990 1643
1751000 1645
1751010 1646
1751020 1646
1751030 1647
1751040 1648
1751050 1648
1751060 1649
1751070 1649
1751080 1649
1751090 1649
1751100 1649
1751110 1649
1751120 1649
1751130 1648
1751140 1648
1751150 1646
1751160 1646
1751170 1645
1751180 1645
1751190 1644
1751200 1640
1751210 1640
1751220 1638
1751230 1637
1751240 1637
1751250 1635
1751260 1632
1751270 1632
1751280 1631
1751290 1626
1751300 1626
1751310 1621
1751320 1617
1751330 1617
1751340 1615
1751350 1612
1751360 1612
1751370 1609
1751380 1606
1751390 1606
1751400 1602
1751410 1598
1751420 1598
1751430 1593
1751440 1589
1751450 1589
1751460 1585
1751470 1581
1751480 1581
1751490 1577
1751500 1573
1751510 1573
1751520 1570
1751530 1566
1751540 1562
1751550 1562
1751560 1558
1751570 1557
1751580 1557
1751590 1555
1751600 1552
1751610 1552
1751620 1548
1751630 1545
1751640 1545
1751650 1543
1751660 1540
1751670 1540
1751680 1537
1751690 1535
1751700 1535
1751710 1532
1751720 1526
1751730 1526
1751740 1523
1751750 1520
1751760 1520
1751770 1517
1751780 1516
1751790 1516
1751800 1514
1751810 1511
1751820 1511
1751830 1509
1751840 1508
1751850 1508
1751860 1507
1751870 1506
1751880 1506
1751890 1505
1751900 1503
1751910 1500
1751920 1500
1751930 1497
1751940 1495
1751950 1495
1751960 1493
1751970 1489
1751980 1489
1751990 1487
1752000 1484
1752010 1484
1752020 1481
1752030 1478
1752040 1478
1752050 1474
1752060 1471
1752070 1471
1752080 1468
1752090 1464
1752100 1464
1752110 1458
1752120 1459
1752130 1459
1752140 1463
1752150 1470
1752160 1470
1752170 1476
1752180 1481
1752190 1481
1752200 1486
1752210 1490
1752220 1490
1752230 1495
1752240 1499
1752250 1499
1752260 1504
1752270 1508
1752280 1513
1752290 1513
1752300 1517
1752310 1522
1752320 1522
1752330 1527
1752340 1532
1752350 1532
1752360 1536
1752370 1541
1752380 1541
1752390 1546
1752400 1549
1752410 1549
1752420 1553
1752430 1557
1752440 1557
1752450 1560
1752460 1563
1752470 1563
1752480 1567
1752490 1572
1752500 1572
1752510 1577
1752520 1581
1752530 1581
1752540 1585
1752550 1588
1752560 1588
1752570 1591
1752580 1594
1752590 1594
1752600 1597
1752610 1599
1752620 1601
1752630 1601
1752640 1603
1752650 1605
1752660 1605
1752670 1607
1752680 1609
1752690 1609
1752700 1610
1752710 1612
1752720 1612
1752730 1614
1752740 1615
1752750 1615
1752760 1617
1752770 1618
1752780 1618
1752790 1620
1752800 1621
1752810 1621
1752820 1622
1752830 1623
1752840 1623
1752850 1625
1752860 1626
1752870 1626
1752880 1627
1752890 1628
1752900 1628
1752910 1630
1752920 1631
1752930 1631
1752940 1632
1752950 1633
1752960 1633
1752970 1633
1752980 1634
1752990 1635
1753000 1635
1753010 1635
1753020 1635
1753030 1635
1753040 1635
1753050 1635
1753060 1635
1753070 1634
1753080 1634
1753090 1634
1753100 1633
1753110 1633
1753120 1633
1753130 1633
1753140 1633
1753150 1633
1753160 1633
1753170 1633
1753180 1633
1753190 1632
1753200 1631
1753210 1631
1753220 1630
1753230 1629
1753240 1629
1753250 1628
1753260 1627
1753270 1628
1753280 1627
1753290 1627
1753300 1627
1753310 1626
1753320 1625
1753330 1625
1753340 1624
1753350 1623
1753360 1623
1753370 1623
1753380 1622
1753390 1621
1753400 1621
1753410 1620
1753420 1620
1753430 1620
1753440 1618
1753450 1617
1753460 1617
1753470 1616
1753480 1616
1753490 1616
1753500 1615
1753510 1614
1753520 1614
1753530 1612
1753540 1611
1753550 1611
1753560 1609
1753570 1607
1753580 1607
1753590 1606
1753600 1604
1753610 1604
1753620 1603
1753630 1601
1753640 1601
1753650 1599
1753660 1598
1753670 1598
1753680 1597
1753690 1595
1753700 1595
1753710 1593
1753720 1590
1753730 1587
1753740 1587
1753750 1585
1753760 1584
1753770 1584
1753780 1582
1753790 1580
1753800 1580
1753810 1578
1753820 1577
1753830 1577
1753840 1575
1753850 1573
1753860 1573
1753870 1572
1753880 1570
1753890 1570
1753900 1568
1753910 1566
1753920 1566
1753930 1565
1753940 1564
1753950 1564
1753960 1563
1753970 1561
1753980 1561
1753990 1559
1754000 1558
1754010 1558
1754020 1557
1754030 1555
1754040 1555
1754050 1554
1754060 1553
1754070 1551
1754080 1551
1754090 1549
1754100 1547
1754110 1547
1754120 1545
1754130 1544
1754140 1544
1754150 1542
1754160 1539
1754170 1539
1754180 1537
1754190 1535
1754200 1535
1754210 1534
1754220 1532
1754230 1532
1754240 1531
1754250 1531
1754260 1531
1754270 1529
1754280 1528
1754290 1528
1754300 1526
1754310 1525
1754320 1525
1754330 1523
1754340 1521
1754350 1521
1754360 1519
1754370 1517
1754380 1517
1754390 1515
1754400 1513
1754410 1513
1754420 1511
1754430 1509
1754440 1505
1754450 1505
1754460 1502
1754470 1499
1754480 1499
1754490 1496
1754500 1491
1754510 1491
1754520 1488
1754530 1487
1754540 1487
1754550 1484
1754560 1478
1754570 1478
1754580 1472
1754590 1466
1754600 1466
1754610 1460
1754620 1456
1754630 1456
1754640 1453
1754650 1450
1754660 1450
1754670 1447
1754680 1443
1754690 1443
1754700 1439
1754710 1436
1754720 1436
1754730 1435
1754740 1434
1754750 1434
1754760 1432
1754770 1430
1754780 1430
1754790 1428
1754800 1436
1754810 1439
1754820 1439
1754830 1442
1754840 1444
1754850 1444
1754860 1447
1754870 1449
1754880 1449
1754890 1452
1754900 1455
1754910 1455
1754920 1457
1754930 1460
1754940 1460
1754950 1462
1754960 1464
1754970 1464
1754980 1466
1754990 1467
1755000 1467
1755010 1469
1755020 1471
1755030 1471
1755040 1473
1755050 1473
1755060 1473
1755070 1475
1755080 1476
1755090 1476
1755100 1477
1755110 1477
1755120 1477
1755130 1479
1755140 1479
1755150 1479
1755160 1481
1755170 1481
1755180 1481
1755190 1481
1755200 1481
1755210 1481
1755220 1481
1755230 1482
1755240 1482
1755250 1482
1755260 1482
1755270 1482
1755280 1482
1755290 1482
1755300 1482
1755310 1482
1755320 1482
1755330 1482
1755340 1482
1755350 1481
1755360 1481
1755370 1481
1755380 1481
1755390 1480
1755400 1480
1755410 1480
1755420 1480
1755430 1480
1755440 1480
1755450 1479
1755460 1479
1755470 1479
1755480 1478
1755490 1478
1755500 1478
1755510 1477
1755520 1475
1755530 1475
1755540 1473
1755550 1471
1755560 1471
1755570 1469
1755580 1467
1755590 1467
1755600 1465
1755610 1463
1755620 1463
1755630 1460
1755640 1456
1755650 1456
1755660 1453
1755670 1452
1755680 1452
1755690 1449
1755700 1446
1755710 1446
1755720 1443
1755730 1441
1755740 1441
1755750 1438
1755760 1435
1755770 1435
1755780 1432
1755790 1429
1755800 1429
1755810 1426
1755820 1419
1755830 1419
1755840 1411
1755850 1403
1755860 1403
1755870 1395
1755880 1387
1755890 1382
1755900 1382
1755910 1377
1755920 1372
1755930 1372
1755940 1367
1755950 1361
1755960 1361
1755970 1355
1755980 1350
1755990 1350
1756000 1345
1756010 1339
1756020 1339
1756030 1326
1756040 1322
1756050 1322
1756060 1319
1756070 1317
1756080 1317
1756090 1313
1756100 1310
1756110 1310
1756120 1309
1756130 1308
1756140 1308
1756150 1306
1756160 1305
1756170 1305
1756180 1301
1756190 1296
1756200 1296
1756210 1289
1756220 1282
1756230 1282
1756240 1282
1756250 1287
1756260 1292
1756270 1292
1756280 1302
1756290 1303
1756300 1303
1756310 1305
1756320 1308
1756330 1308
1756340 1310
1756350 1312
1756360 1312
1756370 1315
1756380 1317
1756390 1317
1756400 1318
1756410 1316
1756420 1316
1756430 1316
1756440 1316
1756450 1316
1756460 1316
1756470 1312
1756480 1312
1756490 1310
1756500 1309
1756510 1309
1756520 1309
1756530 1309
1756540 1309
1756550 1310
1756560 1309
1756570 1309
1756580 1306
1756590 1304
1756600 1304
1756610 1303
1756620 1303
1756630 1303
1756640 1303
1756650 1303
1756660 1303
1756670 1303
1756680 1302
1756690 1301
1756700 1301
1756710 1300
1756720 1299
1756730 1299
1756740 1298
1756750 1298
1756760 1298
1756770 1299
1756780 1299
1756790 1299
1756800 1300
1756810 1300
1756820 1300
1756830 1301
1756840 1301
1756850 1301
1756860 1301
1756870 1300
1756880 1300
1756890 1299
1756900 1300
1756910 1300
1756920 1299
1756930 1301
1756940 1301
1756950 1302
1756960 1301
1756970 1302
1756980 1302
1756990 1301
1757000 1301
1757010 1301
1757020 1300
1757030 1298
1757040 1298
1757050 1296
1757060 1294
1757070 1294
1757080 1293
1757090 1292
1757100 1292
1757110 1291
1757120 1293
1757130 1293
1757140 1293
1757150 1292
1757160 1292
1757170 1292
1757180 1291
1757190 1291
1757200 1289
1757210 1287
1757220 1287
1757230 1286
1757240 1284
1757250 1284
1757260 1284
1757270 1282
1757280 1282
1757290 1282
1757300 1279
1757310 1279
1757320 1275
1757330 1276
1757340 1276
1757350 1276
1757360 1276
1757370 1276
1757380 1276
1757390 1277
1757400 1274
1757410 1274
1757420 1272
1757430 1271
1757440 1271
1757450 1271
1757460 1274
1757470 1274
1757480 1276
1757490 1278
1757500 1278
1757510 1280
1757520 1282
1757530 1282
1757540 1281
1757550 1279
1757560 1279
1757570 1280
1757580 1280
1757590 1280
1757600 1282
1757610 1283
1757620 1283
1757630 1285
1757640 1285
1757650 1285
1757660 1287
1757670 1289
1757680 1289
1757690 1291
1757700 1293
1757710 1295
1757720 1295
1757730 1296
1757740 1299
1757750 1299
1757760 1301
1757770 1303
1757780 1303
1757790 1305
1757800 1307
1757810 1307
1757820 1308
1757830 1309
1757840 1309
1757850 1310
1757860 1311
1757870 1311
1757880 1312
1757890 1313
1757900 1313
1757910 1313
1757920 1314
1757930 1314
1757940 1316
1757950 1318
1757960 1318
1757970 1321
1757980 1322
1757990 1322
1758000 1324
1758010 1325
1758020 1325
1758030 1328
1758040 1331
1758050 1331
1758060 1332
1758070 1334
1758080 1336
1758090 1336
1758100 1337
1758110 1338
1758120 1338
1758130 1340
1758140 1342
1758150 1342
1758160 1344
1758170 1346
1758180 1346
1758190 1348
1758200 1350
1758210 1350
1758220 1353
1758230 1354
1758240 1354
1758250 1357
1758260 1359
1758270 1359
1758280 1361
1758290 1363
1758300 1363
1758310 1364
1758320 1364
1758330 1364
1758340 1363
1758350 1362
1758360 1362
1758370 1361
1758380 1361
1758390 1361
1758400 1359
1758410 1358
1758420 1356
1758430 1356
1758440 1353
1758450 1351
1758460 1351
1758470 1348
1758480 1343
1758490 1343
1758500 1341
1758510 1338
1758520 1338
1758530 1336
1758540 1334
1758550 1334
1758560 1332
1758570 1329
1758580 1329
1758590 1327
1758600 1324
1758610 1324
1758620 1321
1758630 1317
1758640 1317
1758650 1314
1758660 1310
1758670 1310
1758680 1306
1758690 1302
1758700 1302
1758710 1298
1758720 1294
1758730 1294
1758740 1289
1758750 1283
1758760 1283
1758770 1278
1758780 1271
1758790 1266
1758800 1266
1758810 1261
1758820 1256
1758830 1256
1758840 1251
1758850 1245
1758860 1245
1758870 1241
1758880 1234
1758890 1234
1758900 1231
1758910 1225
1758920 1225
1758930 1220
1758940 1215
1758950 1215
1758960 1211
1758970 1207
1758980 1207
1758990 1203
1759000 1200
1759010 1200
1759020 1196
1759030 1192
1759040 1192
1759050 1188
1759060 1182
1759070 1182
1759080 1176
1759090 1171
1759100 1171
1759110 1167
1759120 1162
1759130 1162
1759140 1158
1759150 1155
1759160 1152
1759170 1152
1759180 1150
1759190 1150
1759200 1150
1759210 1146
1759220 1143
1759230 1143
1759240 1142
1759250 1139
1759260 1139
1759270 1135
1759280 1130
1759290 1130
1759300 1124
1759310 1118
1759320 1118
1759330 1113
1759340 1107
1759350 1107
1759360 1101
1759370 1097
1759380 1097
1759390 1091
1759400 1085
1759410 1085
1759420 1081
1759430 1076
1759440 1076
1759450 1071
1759460 1066
1759470 1066
1759480 1061
1759490 1056
1759500 1056
1759510 1052
1759520 1047
1759530 1042
1759540 1042
1759550 1040
1759560 1037
1759570 1037
1759580 1036
1759590 1034
1759600 1034
1759610 1033
1759620 1030
1759630 1030
1759640 1025
1759650 1019
1759660 1019
1759670 1012
1759680 1006
1759690 1006
1759700 1003
1759710 1002
1759720 1002
1759730 1001
1759740 1000
1759750 1000
1759760 1000
1759770 999
1759780 999
1759790 998
1759800 999
1759810 999
1759820 1002
1759830 1005
1759840 1005
1759850 1009
1759860 1012
1759870 1014
1759880 1014
1759890 1016
1759900 1018
1759910 1018
1759920 1021
1759930 1024
1759940 1024
1759950 1025
1759960 1028
1759970 1028
1759980 1030
1759990 1033
