1740000 974
1740010 975
1740020 975
1740030 976
1740040 979
1740050 979
1740060 979
1740070 981
1740080 981
1740090 983
1740100 984
1740110 984
1740120 986
1740130 987
1740140 987
1740150 988
1740160 988
1740170 988
1740180 988
1740190 988
1740200 988
1740210 988
1740220 989
1740230 990
1740240 990
1740250 991
1740260 993
1740270 993
1740280 994
1740290 995
1740300 998
1740310 998
1740320 999
1740330 999
1740340 998
1740350 1000
1740360 1000
1740370 1000
1740380 1000
1740390 1000
1740400 1001
1740410 1001
1740420 1001
1740430 1002
1740440 1003
1740450 1003
1740460 1003
1740470 1004
1740480 1004
1740490 1004
1740500 1005
1740510 1005
1740520 1005
1740530 1005
1740540 1005
1740550 1004
1740560 1003
1740570 1002
1740580 1002
1740590 1001
1740600 999
1740610 999
1740620 997
1740630 996
1740640 996
1740650 994
1740660 992
1740670 992
1740680 990
1740690 989
1740700 989
1740710 987
1740720 986
1740730 986
1740740 985
1740750 982
1740760 982
1740770 979
1740780 977
1740790 977
1740800 976
1740810 974
1740820 974
1740830 972
1740840 970
1740850 970
1740860 969
1740870 969
1740880 969
1740890 968
1740900 968
1740910 968
1740920 966
1740930 965
1740940 965
1740950 964
1740960 963
1740970 962
1740980 962
1740990 962
1741000 961
1741010 961
1741020 959
1741030 958
1741040 958
1741050 957
1741060 957
1741070 957
1741080 956
1741090 955
1741100 955
1741110 955
1741120 954
1741130 954
1741140 953
1741150 952
1741160 952
1741170 951
1741180 949
1741190 949
1741200 947
1741210 946
1741220 946
1741230 945
1741240 944
1741250 944
1741260 944
1741270 943
1741280 943
1741290 943
1741300 943
1741310 943
1741320 942
1741330 942
1741340 941
1741350 941
1741360 941
1741370 941
1741380 941
1741390 941
1741400 939
1741410 939
1741420 937
1741430 936
1741440 936
1741450 934
1741460 933
1741470 933
1741480 932
1741490 932
1741500 932
1741510 931
1741520 929
1741530 929
1741540 926
1741550 925
1741560 925
1741570 925
1741580 924
1741590 924
1741600 922
1741610 921
1741620 921
1741630 919
1741640 918
1741650 918
1741660 916
1741670 915
1741680 915
1741690 913
1741700 912
1741710 912
1741720 910
1741730 908
1741740 906
1741750 906
1741760 902
1741770 897
1741780 897
1741790 892
1741800 887
1741810 887
1741820 883
1741830 879
1741840 879
1741850 876
1741860 872
1741870 872
1741880 869
1741890 866
1741900 866
1741910 864
1741920 863
1741930 863
1741940 862
1741950 861
1741960 861
1741970 859
1741980 856
1741990 856
1742000 854
1742010 850
1742020 850
1742030 846
1742040 842
1742050 842
1742060 838
1742070 836
1742080 836
1742090 833
1742100 832
1742110 826
1742120 826
1742130 822
1742140 818
1742150 818
1742160 815
1742170 811
1742180 811
1742190 806
1742200 801
1742210 801
1742220 799
1742230 798
1742240 798
1742250 794
1742260 792
1742270 792
1742280 789
1742290 785
1742300 785
1742310 781
1742320 778
1742330 778
1742340 775
1742350 773
1742360 773
1742370 772
1742380 771
1742390 771
1742400 770
1742410 769
1742420 769
1742430 767
1742440 763
1742450 763
1742460 759
1742470 755
1742480 755
1742490 750
1742500 745
1742510 740
1742520 740
1742530 735
1742540 729
1742550 729
1742560 725
1742570 721
1742580 721
1742590 718
1742600 715
1742610 715
1742620 711
1742630 707
1742640 707
1742650 704
1742660 701
1742670 701
1742680 699
1742690 696
1742700 696
1742710 694
1742720 693
1742730 693
1742740 691
1742750 689
1742760 689
1742770 687
1742780 685
1742790 685
1742800 682
1742810 679
1742820 679
1742830 677
1742840 676
1742850 676
1742860 674
1742870 668
1742880 666
1742890 666
1742900 665
1742910 666
1742920 666
1742930 666
1742940 665
1742950 665
1742960 664
1742970 665
1742980 665
1742990 667
1743000 670
1743010 670
1743020 668
1743030 668
1743040 668
1743050 667
1743060 663
1743070 663
1743080 660
1743090 660
1743100 660
1743110 660
1743120 660
1743130 660
1743140 661
1743150 660
1743160 660
1743170 657
1743180 657
1743190 657
1743200 656
1743210 656
1743220 656
1743230 657
1743240 657
1743250 657
1743260 657
1743270 657
1743280 657
1743290 657
1743300 657
1743310 657
1743320 657
1743330 657
1743340 657
1743350 657
1743360 657
1743370 657
1743380 657
1743390 657
1743400 657
1743410 657
1743420 655
1743430 655
1743440 655
1743450 656
1743460 657
1743470 657
1743480 664
1743490 671
1743500 671
1743510 671
1743520 670
1743530 670
1743540 670
1743550 669
1743560 669
1743570 670
1743580 670
1743590 670
1743600 667
1743610 667
1743620 667
1743630 667
1743640 667
1743650 667
1743660 667
1743670 673
1743680 679
1743690 679
1743700 684
1743710 690
1743720 690
1743730 696
1743740 702
1743750 702
1743760 708
1743770 714
1743780 714
1743790 720
1743800 727
1743810 727
1743820 733
1743830 739
1743840 736
1743850 743
1743860 749
1743870 749
1743880 756
1743890 763
1743900 763
1743910 770
1743920 777
1743930 777
1743940 783
1743950 789
1743960 789
1743970 794
1743980 794
1743990 794
1744000 794
1744010 793
1744020 793
1744030 793
1744040 792
1744050 790
1744060 790
1744070 789
1744080 787
1744090 787
1744100 785
1744110 784
1744120 784
1744130 782
1744140 781
1744150 781
1744160 779
1744170 777
1744180 777
1744190 776
1744200 774
1744210 774
1744220 773
1744230 769
1744240 769
1744250 765
1744260 764
1744270 764
1744280 764
1744290 765
1744300 765
1744310 765
1744320 765
1744330 765
1744340 765
1744350 763
1744360 763
1744370 761
1744380 761
1744390 761
1744400 761
1744410 761
1744420 761
1744430 761
1744440 760
1744450 759
1744460 759
1744470 759
1744480 758
1744490 758
1744500 758
1744510 758
1744520 758
1744530 759
1744540 759
1744550 759
1744560 759
1744570 760
1744580 760
1744590 761
1744600 763
1744610 763
1744620 764
1744630 764
1744640 764
1744650 765
1744660 765
1744670 765
1744680 766
1744690 766
1744700 766
1744710 767
1744720 768
1744730 768
1744740 769
1744750 770
1744760 770
1744770 771
1744780 772
1744790 774
1744800 774
1744810 775
1744820 776
1744830 776
1744840 778
1744850 780
1744860 780
1744870 781
1744880 782
1744890 782
1744900 784
1744910 785
1744920 785
1744930 787
1744940 788
1744950 788
1744960 790
1744970 791
1744980 791
1744990 793
1745000 794
1745010 794
1745020 796
1745030 797
1745040 797
1745050 799
1745060 800
1745070 800
1745080 801
1745090 801
1745100 801
1745110 802
1745120 801
1745130 801
1745140 801
1745150 800
1745160 800
1745170 799
1745180 799
1745190 798
1745200 798
1745210 797
1745220 796
1745230 796
1745240 796
1745250 795
1745260 795
1745270 794
1745280 793
1745290 793
1745300 792
1745310 791
1745320 791
1745330 790
1745340 789
1745350 789
1745360 788
1745370 787
1745380 787
1745390 786
1745400 785
1745410 785
1745420 784
1745430 783
1745440 783
1745450 782
1745460 781
1745470 781
1745480 780
1745490 779
1745500 779
1745510 779
1745520 778
1745530 778
1745540 777
1745550 775
1745560 774
1745570 774
1745580 772
1745590 772
1745600 772
1745610 771
1745620 771
1745630 771
1745640 770
1745650 770
1745660 770
1745670 769
1745680 768
1745690 768
1745700 767
1745710 766
1745720 766
1745730 762
1745740 764
1745750 764
1745760 766
1745770 768
1745780 768
1745790 770
1745800 772
1745810 772
1745820 773
1745830 775
1745840 775
1745850 776
1745860 778
1745870 778
1745880 780
1745890 782
1745900 782
1745910 784
1745920 786
1745930 786
1745940 788
1745950 790
1745960 792
1745970 792
1745980 793
1745990 795
1746000 795
1746010 797
1746020 798
1746030 798
1746040 800
1746050 802
1746060 802
1746070 803
1746080 805
1746090 805
1746100 806
1746110 808
1746120 808
1746130 809
1746140 811
1746150 811
1746160 812
1746170 813
1746180 813
1746190 815
1746200 816
1746210 816
1746220 817
1746230 818
1746240 818
1746250 820
1746260 821
1746270 821
1746280 822
1746290 823
1746300 823
1746310 825
1746320 826
1746330 827
1746340 827
1746350 829
1746360 830
1746370 830
1746380 832
1746390 833
1746400 833
1746410 835
1746420 836
1746430 836
1746440 837
1746450 838
1746460 838
1746470 839
1746480 840
1746490 840
1746500 841
1746510 842
1746520 842
1746530 843
1746540 844
1746550 844
1746560 844
1746570 845
1746580 845
1746590 845
1746600 845
1746610 845
1746620 844
1746630 844
1746640 844
1746650 843
1746660 842
1746670 842
1746680 842
1746690 841
1746700 841
1746710 840
1746720 839
1746730 838
1746740 838
1746750 837
1746760 836
1746770 836
1746780 834
1746790 833
1746800 833
1746810 832
1746820 830
1746830 830
1746840 829
1746850 828
1746860 828
1746870 825
1746880 822
1746890 822
1746900 820
1746910 819
1746920 819
1746930 818
1746940 817
1746950 817
1746960 815
1746970 815
1746980 815
1746990 814
1747000 813
1747010 813
1747020 812
1747030 812
1747040 812
1747050 811
1747060 810
1747070 810
1747080 810
1747090 809
1747100 809
1747110 809
1747120 808
1747130 808
1747140 808
1747150 807
1747160 807
1747170 807
1747180 806
1747190 806
1747200 806
1747210 805
1747220 803
1747230 803
1747240 802
1747250 801
1747260 801
1747270 800
1747280 800
1747290 800
1747300 799
1747310 799
1747320 799
1747330 798
1747340 795
1747350 795
1747360 795
1747370 793
1747380 793
1747390 792
1747400 791
1747410 791
1747420 789
1747430 788
1747440 788
1747450 786
1747460 785
1747470 785
1747480 783
1747490 781
1747500 777
1747510 777
1747520 772
1747530 770
1747540 770
1747550 769
1747560 769
1747570 769
1747580 769
1747590 771
1747600 771
1747610 771
1747620 772
1747630 772
1747640 772
1747650 773
1747660 773
1747670 773
1747680 773
1747690 773
1747700 774
1747710 775
1747720 775
1747730 776
1747740 777
1747750 777
1747760 777
1747770 778
1747780 778
1747790 780
1747800 783
1747810 783
1747820 786
1747830 788
1747840 788
1747850 789
1747860 790
1747870 791
1747880 791
1747890 792
1747900 794
1747910 794
1747920 795
1747930 796
1747940 796
1747950 797
1747960 799
1747970 799
1747980 801
1747990 802
1748000 802
1748010 804
1748020 805
1748030 805
1748040 807
1748050 809
1748060 809
1748070 811
1748080 813
1748090 813
1748100 815
1748110 816
1748120 816
1748130 818
1748140 821
1748150 821
1748160 823
1748170 825
1748180 825
1748190 828
1748200 830
1748210 830
1748220 833
1748230 835
1748240 837
1748250 837
1748260 840
1748270 842
1748280 842
1748290 845
1748300 847
1748310 847
1748320 849
1748330 851
1748340 851
1748350 854
1748360 855
1748370 855
1748380 857
1748390 859
1748400 859
1748410 860
1748420 862
1748430 862
1748440 863
1748450 864
1748460 864
1748470 865
1748480 867
1748490 867
1748500 869
1748510 870
1748520 870
1748530 870
1748540 871
1748550 871
1748560 872
1748570 873
1748580 873
1748590 874
1748600 875
1748610 875
1748620 877
1748630 878
1748640 880
1748650 880
1748660 882
1748670 883
1748680 883
1748690 884
1748700 884
1748710 884
1748720 885
1748730 885
1748740 885
1748750 883
1748760 883
1748770 883
1748780 883
1748790 883
1748800 883
1748810 883
1748820 882
1748830 882
1748840 881
1748850 881
1748860 878
1748870 878
1748880 877
1748890 877
1748900 876
1748910 874
1748920 874
1748930 873
1748940 871
1748950 871
1748960 869
1748970 868
1748980 868
1748990 867
1749000 867
1749010 866
1749020 866
1749030 864
1749040 863
1749050 863
1749060 862
1749070 859
1749080 859
1749090 856
1749100 852
1749110 852
1749120 849
1749130 844
1749140 844
1749150 838
1749160 840
1749170 840
1749180 840
1749190 840
1749200 840
1749210 840
1749220 840
1749230 840
1749240 839
1749250 838
1749260 838
1749270 836
1749280 833
1749290 833
1749300 829
1749310 828
1749320 828
1749330 826
1749340 825
1749350 825
1749360 823
1749370 821
1749380 821
1749390 821
1749400 820
1749410 818
1749420 818
1749430 817
1749440 815
1749450 815
1749460 812
1749470 811
1749480 811
1749490 811
1749500 811
1749510 811
1749520 811
1749530 810
1749540 810
1749550 811
1749560 812
1749570 812
1749580 812
1749590 813
1749600 813
1749610 813
1749620 813
1749630 813
1749640 813
1749650 814
1749660 814
1749670 814
1749680 814
1749690 814
1749700 813
1749710 812
1749720 812
1749730 812
1749740 812
1749750 812
1749760 811
1749770 809
1749780 808
1749790 808
1749800 809
1749810 811
1749820 811
1749830 812
1749840 812
1749850 812
1749860 810
1749870 810
1749880 810
1749890 810
1749900 809
1749910 809
1749920 808
1749930 807
1749940 807
1749950 807
1749960 808
1749970 808
1749980 808
1749990 809
1750000 809
1750010 810
1750020 811
1750030 811
1750040 811
1750050 809
1750060 809
1750070 811
1750080 812
1750090 812
1750100 812
1750110 812
1750120 812
1750130 813
1750140 814
1750150 814
1750160 815
1750170 816
1750180 817
1750190 817
1750200 818
1750210 819
1750220 819
1750230 819
1750240 823
1750250 823
1750260 825
1750270 827
1750280 827
1750290 826
1750300 826
1750310 826
1750320 826
1750330 828
1750340 828
1750350 828
1750360 828
1750370 828
1750380 830
1750390 831
1750400 831
1750410 831
1750420 832
1750430 832
1750440 836
1750450 835
1750460 840
1750470 845
1750480 848
1750490 848
1750500 849
1750510 852
1750520 852
1750530 854
1750540 854
1750550 855
1750560 855
1750570 858
1750580 859
1750590 859
1750600 860
1750610 861
1750620 861
1750630 863
1750640 860
1750650 860
1750660 859
1750670 860
1750680 860
1750690 862
1750700 865
1750710 865
1750720 868
1750730 868
1750740 868
1750750 869
1750760 870
1750770 870
1750780 870
1750790 870
1750800 870
1750810 871
1750820 871
1750830 871
1750840 872
1750850 873
1750860 873
1750870 874
1750880 876
1750890 876
1750900 877
1750910 876
1750920 876
1750930 876
1750940 876
1750950 878
1750960 878
1750970 880
1750980 881
1750990 881
1751000 882
1751010 883
1751020 883
1751030 885
1751040 886
1751050 886
1751060 886
1751070 886
1751080 886
1751090 888
1751100 890
1751110 890
1751120 893
1751130 896
1751140 896
1751150 899
1751160 902
1751170 902
1751180 904
1751190 906
1751200 906
1751210 908
1751220 909
1751230 909
1751240 911
1751250 913
1751260 913
1751270 915
1751280 916
1751290 916
1751300 919
1751310 920
1751320 922
1751330 922
1751340 926
1751350 929
1751360 929
1751370 931
1751380 934
1751390 934
1751400 936
1751410 939
1751420 939
1751430 941
1751440 943
1751450 943
1751460 946
1751470 948
1751480 948
1751490 950
1751500 953
1751510 953
1751520 956
1751530 958
1751540 958
1751550 961
1751560 964
1751570 964
1751580 967
1751590 970
1751600 970
1751610 972
1751620 975
1751630 975
1751640 978
1751650 981
1751660 981
1751670 984
1751680 988
1751690 991
1751700 991
1751710 995
1751720 999
1751730 999
1751740 1002
1751750 1005
1751760 1005
1751770 1008
1751780 1010
1751790 1010
1751800 1013
1751810 1016
1751820 1016
1751830 1019
1751840 1022
1751850 1022
1751860 1024
1751870 1026
1751880 1026
1751890 1027
1751900 1028
1751910 1028
1751920 1028
1751930 1030
1751940 1030
1751950 1031
1751960 1031
1751970 1031
1751980 1031
1751990 1031
1752000 1031
1752010 1030
1752020 1028
1752030 1033
1752040 1031
1752050 1029
1752060 1029
1752070 1027
1752080 1026
1752090 1025
1752100 1025
1752110 1025
1752120 1025
1752130 1025
1752140 1026
1752150 1027
1752160 1027
1752170 1028
1752180 1028
1752190 1028
1752200 1030
1752210 1032
1752220 1032
1752230 1034
1752240 1035
1752250 1035
1752260 1037
1752270 1038
1752280 1038
1752290 1040
1752300 1042
1752310 1042
1752320 1045
1752330 1048
1752340 1048
1752350 1051
1752360 1054
1752370 1054
1752380 1057
1752390 1059
1752400 1059
1752410 1061
1752420 1064
1752430 1064
1752440 1067
1752450 1072
1752460 1074
1752470 1074
1752480 1078
1752490 1082
1752500 1082
1752510 1085
1752520 1088
1752530 1088
1752540 1089
1752550 1091
1752560 1091
1752570 1092
1752580 1095
1752590 1095
1752600 1097
1752610 1098
1752620 1098
1752630 1100
1752640 1102
1752650 1102
1752660 1103
1752670 1103
1752680 1103
1752690 1105
1752700 1105
1752710 1105
1752720 1105
1752730 1106
1752740 1106
1752750 1107
1752760 1107
1752770 1107
1752780 1109
1752790 1110
1752800 1110
1752810 1111
1752820 1111
1752830 1111
1752840 1112
1752850 1113
1752860 1114
1752870 1114
1752880 1115
1752890 1115
1752900 1115
1752910 1116
1752920 1117
1752930 1117
1752940 1118
1752950 1119
1752960 1119
1752970 1121
1752980 1123
1752990 1123
1753000 1124
1753010 1126
1753020 1126
1753030 1127
1753040 1129
1753050 1129
1753060 1130
1753070 1130
1753080 1130
1753090 1131
1753100 1133
1753110 1133
1753120 1135
1753130 1135
1753140 1135
1753150 1137
1753160 1139
1753170 1139
1753180 1140
1753190 1142
1753200 1142
1753210 1143
1753220 1145
1753230 1148
1753240 1148
1753250 1148
1753260 1151
1753270 1151
1753280 1152
1753290 1154
1753300 1154
1753310 1155
1753320 1157
1753330 1157
1753340 1159
1753350 1160
1753360 1160
1753370 1162
1753380 1164
1753390 1164
1753400 1165
1753410 1166
1753420 1166
1753430 1167
1753440 1168
1753450 1168
1753460 1169
1753470 1170
1753480 1170
1753490 1171
1753500 1172
1753510 1172
1753520 1173
1753530 1175
1753540 1175
1753550 1176
1753560 1176
1753570 1174
1753580 1175
1753590 1176
1753600 1176
1753610 1177
1753620 1178
1753630 1180
1753640 1180
1753650 1181
1753660 1183
1753670 1183
1753680 1186
1753690 1189
1753700 1189
1753710 1191
1753720 1194
1753730 1194
1753740 1196
1753750 1198
1753760 1198
1753770 1201
1753780 1203
1753790 1203
1753800 1205
1753810 1206
1753820 1206
1753830 1207
1753840 1208
1753850 1208
1753860 1207
1753870 1208
1753880 1208
1753890 1210
1753900 1211
1753910 1211
1753920 1212
1753930 1214
1753940 1214
1753950 1215
1753960 1217
1753970 1217
1753980 1219
1753990 1220
1754000 1222
1754010 1222
1754020 1224
1754030 1225
1754040 1225
1754050 1227
1754060 1229
1754070 1229
1754080 1230
1754090 1232
1754100 1232
1754110 1233
1754120 1234
1754130 1234
1754140 1235
1754150 1236
1754160 1236
1754170 1238
1754180 1240
1754190 1240
1754200 1242
1754210 1244
1754220 1244
1754230 1246
1754240 1248
1754250 1248
1754260 1250
1754270 1251
1754280 1251
1754290 1252
1754300 1253
1754310 1253
1754320 1255
1754330 1257
1754340 1257
1754350 1258
1754360 1260
1754370 1260
1754380 1261
1754390 1263
1754400 1265
1754410 1265
1754420 1267
1754430 1268
1754440 1268
1754450 1268
1754460 1269
1754470 1269
1754480 1270
1754490 1270
1754500 1270
1754510 1271
1754520 1272
1754530 1272
1754540 1273
1754550 1274
1754560 1274
1754570 1274
1754580 1275
1754590 1275
1754600 1276
1754610 1277
1754620 1277
1754630 1278
1754640 1279
1754650 1279
1754660 1280
1754670 1281
1754680 1281
1754690 1282
1754700 1283
1754710 1283
1754720 1284
1754730 1283
1754740 1283
1754750 1283
1754760 1284
1754770 1284
1754780 1284
1754790 1284
1754800 1284
1754810 1284
1754820 1285
1754830 1285
1754840 1285
1754850 1285
1754860 1286
1754870 1286
1754880 1285
1754890 1285
1754900 1285
1754910 1284
1754920 1284
1754930 1284
1754940 1283
1754950 1282
1754960 1282
1754970 1281
1754980 1281
1754990 1281
1755000 1281
1755010 1282
1755020 1282
1755030 1282
1755040 1281
1755050 1281
1755060 1281
1755070 1281
1755080 1279
1755090 1279
1755100 1278
1755110 1278
1755120 1278
1755130 1279
1755140 1279
1755150 1280
1755160 1281
1755170 1283
1755180 1283
1755190 1283
1755200 1284
1755210 1284
1755220 1285
1755230 1286
1755240 1286
1755250 1287
1755260 1288
1755270 1288
1755280 1289
1755290 1291
1755300 1291
1755310 1292
1755320 1293
1755330 1293
1755340 1294
1755350 1294
1755360 1294
1755370 1295
1755380 1297
1755390 1297
1755400 1297
1755410 1297
1755420 1297
1755430 1297
1755440 1296
1755450 1296
1755460 1295
1755470 1295
1755480 1295
1755490 1294
1755500 1292
1755510 1292
1755520 1289
1755530 1287
1755540 1284
1755550 1284
1755560 1281
1755570 1277
1755580 1277
1755590 1275
1755600 1271
1755610 1271
1755620 1267
1755630 1264
1755640 1264
1755650 1260
1755660 1256
1755670 1256
1755680 1253
1755690 1250
1755700 1250
1755710 1247
1755720 1243
1755730 1243
1755740 1240
1755750 1235
1755760 1235
1755770 1231
1755780 1226
1755790 1226
1755800 1221
1755810 1217
1755820 1217
1755830 1212
1755840 1207
1755850 1207
1755860 1202
1755870 1196
1755880 1196
1755890 1192
1755900 1186
1755910 1179
1755920 1179
1755930 1172
1755940 1165
1755950 1165
1755960 1160
1755970 1152
1755980 1152
1755990 1146
1756000 1141
1756010 1141
1756020 1136
1756030 1131
1756040 1131
1756050 1127
1756060 1123
1756070 1123
1756080 1119
1756090 1116
1756100 1116
1756110 1111
1756120 1108
1756130 1108
1756140 1105
1756150 1103
1756160 1103
1756170 1102
1756180 1102
1756190 1102
1756200 1101
1756210 1100
1756220 1100
1756230 1097
1756240 1094
1756250 1094
1756260 1091
1756270 1089
1756280 1089
1756290 1086
1756300 1084
1756310 1081
1756320 1081
1756330 1078
1756340 1075
1756350 1075
1756360 1072
1756370 1068
1756380 1068
1756390 1063
1756400 1065
1756410 1065
1756420 1072
1756430 1080
1756440 1080
1756450 1087
1756460 1095
1756470 1095
1756480 1101
1756490 1106
1756500 1106
1756510 1112
1756520 1118
1756530 1118
1756540 1124
1756550 1129
1756560 1129
1756570 1129
1756580 1131
1756590 1131
1756600 1133
1756610 1134
1756620 1134
1756630 1135
1756640 1135
1756650 1135
1756660 1133
1756670 1131
1756680 1129
1756690 1129
1756700 1127
1756710 1124
1756720 1124
1756730 1121
1756740 1117
1756750 1117
1756760 1113
1756770 1110
1756780 1110
1756790 1104
1756800 1100
1756810 1100
1756820 1095
1756830 1090
1756840 1090
1756850 1085
1756860 1080
1756870 1080
1756880 1073
1756890 1064
1756900 1064
1756910 1053
1756920 1046
1756930 1046
1756940 1039
1756950 1032
1756960 1032
1756970 1028
1756980 1027
1756990 1027
1757000 1028
1757010 1031
1757020 1031
1757030 1035
1757040 1038
1757050 1038
1757060 1040
1757070 1042
1757080 1042
1757090 1042
1757100 1044
1757110 1045
1757120 1045
1757130 1048
1757140 1050
1757150 1050
1757160 1054
1757170 1058
1757180 1058
1757190 1060
1757200 1064
1757210 1064
1757220 1067
1757230 1069
1757240 1069
1757250 1073
1757260 1076
1757270 1076
1757280 1079
1757290 1081
1757300 1081
1757310 1086
1757320 1090
1757330 1090
1757340 1093
1757350 1097
1757360 1097
1757370 1101
1757380 1106
1757390 1106
1757400 1110
1757410 1113
1757420 1113
1757430 1118
1757440 1121
1757450 1124
1757460 1124
1757470 1129
1757480 1132
1757490 1132
1757500 1135
1757510 1138
1757520 1138
1757530 1141
1757540 1143
1757550 1143
1757560 1146
1757570 1149
1757580 1149
1757590 1152
1757600 1155
1757610 1155
1757620 1157
1757630 1160
1757640 1160
1757650 1163
1757660 1166
1757670 1166
1757680 1168
1757690 1171
1757700 1171
1757710 1175
1757720 1181
1757730 1181
1757740 1185
1757750 1190
1757760 1190
1757770 1195
1757780 1200
1757790 1200
1757800 1206
1757810 1211
1757820 1211
1757830 1217
1757840 1222
1757850 1227
1757860 1227
1757870 1233
1757880 1239
1757890 1239
1757900 1244
1757910 1249
1757920 1249
1757930 1255
1757940 1260
1757950 1260
1757960 1265
1757970 1271
1757980 1271
1757990 1276
1758000 1280
1758010 1280
1758020 1285
1758030 1286
1758040 1286
1758050 1291
1758060 1296
1758070 1296
1758080 1301
1758090 1305
1758100 1305
1758110 1310
1758120 1314
1758130 1314
1758140 1318
1758150 1322
1758160 1322
1758170 1327
1758180 1331
1758190 1331
1758200 1336
1758210 1340
1758220 1344
1758230 1344
1758240 1349
1758250 1353
1758260 1353
1758270 1358
1758280 1363
1758290 1363
1758300 1368
1758310 1372
1758320 1372
1758330 1378
1758340 1382
1758350 1382
1758360 1387
1758370 1391
1758380 1391
1758390 1396
1758400 1400
1758410 1400
1758420 1404
1758430 1408
1758440 1408
1758450 1412
1758460 1416
1758470 1416
1758480 1420
1758490 1424
1758500 1424
1758510 1427
1758520 1430
1758530 1430
1758540 1434
1758550 1437
1758560 1437
1758570 1440
1758580 1442
1758590 1442
1758600 1445
1758610 1448
1758620 1449
1758630 1449
1758640 1451
1758650 1453
1758660 1453
1758670 1454
1758680 1453
1758690 1453
1758700 1451
1758710 1446
1758720 1446
1758730 1440
1758740 1434
1758750 1434
1758760 1427
1758770 1421
1758780 1421
1758790 1415
1758800 1408
1758810 1408
1758820 1402
1758830 1395
1758840 1395
1758850 1388
1758860 1382
1758870 1382
1758880 1376
1758890 1371
1758900 1371
1758910 1365
1758920 1359
1758930 1359
1758940 1353
1758950 1348
1758960 1348
1758970 1342
1758980 1337
1758990 1331
1759000 1331
1759010 1326
1759020 1320
1759030 1320
1759040 1315
1759050 1312
1759060 1312
1759070 1308
1759080 1306
1759090 1306
1759100 1305
1759110 1303
1759120 1303
1759130 1301
1759140 1300
1759150 1300
1759160 1298
1759170 1296
1759180 1296
1759190 1294
1759200 1291
1759210 1291
1759220 1289
1759230 1287
1759240 1287
1759250 1284
1759260 1282
1759270 1282
1759280 1279
1759290 1276
1759300 1276
1759310 1274
1759320 1271
1759330 1271
1759340 1268
1759350 1264
1759360 1264
1759370 1260
1759380 1256
1759390 1253
1759400 1253
1759410 1249
1759420 1245
1759430 1245
1759440 1239
1759450 1233
1759460 1233
1759470 1227
1759480 1220
1759490 1220
1759500 1214
1759510 1208
1759520 1208
1759530 1202
1759540 1197
1759550 1197
1759560 1190
1759570 1184
1759580 1184
1759590 1177
1759600 1171
1759610 1171
1759620 1164
1759630 1158
1759640 1158
1759650 1152
1759660 1150
1759670 1150
1759680 1155
1759690 1161
1759700 1161
1759710 1167
1759720 1172
1759730 1172
1759740 1177
1759750 1183
1759760 1189
1759770 1189
1759780 1195
1759790 1202
1759800 1202
1759810 1207
1759820 1213
1759830 1213
1759840 1219
1759850 1223
1759860 1223
1759870 1226
1759880 1230
1759890 1230
1759900 1234
1759910 1238
1759920 1238
1759930 1241
1759940 1244
1759950 1244
1759960 1248
1759970 1250
1759980 1250
1759990 1253
