1740000 1131
1740010 1128
1740020 1125
1740030 1125
1740040 1121
1740050 1118
1740060 1118
1740070 1114
1740080 1111
1740090 1111
1740100 1106
1740110 1102
1740120 1102
1740130 1099
1740140 1095
1740150 1095
1740160 1092
1740170 1087
1740180 1087
1740190 1082
1740200 1078
1740210 1078
1740220 1073
1740230 1068
1740240 1068
1740250 1064
1740260 1060
1740270 1060
1740280 1058
1740290 1055
1740300 1055
1740310 1052
1740320 1049
1740330 1049
1740340 1047
1740350 1045
1740360 1045
1740370 1042
1740380 1038
1740390 1034
1740400 1034
1740410 1031
1740420 1027
1740430 1027
1740440 1023
1740450 1020
1740460 1020
1740470 1016
1740480 1012
1740490 1012
1740500 1009
1740510 1006
1740520 1006
1740530 1003
1740540 1000
1740550 1000
1740560 997
1740570 994
1740580 994
1740590 991
1740600 988
1740610 988
1740620 984
1740630 979
1740640 979
1740650 974
1740660 969
1740670 969
1740680 964
1740690 960
1740700 960
1740710 957
1740720 952
1740730 952
1740740 949
1740750 946
1740760 946
1740770 939
1740780 934
1740790 930
1740800 930
1740810 926
1740820 923
1740830 923
1740840 923
1740850 929
1740860 929
1740870 936
1740880 941
1740890 941
1740900 945
1740910 949
1740920 950
1740930 954
1740940 957
1740950 957
1740960 959
1740970 960
1740980 960
1740990 962
1741000 965
1741010 965
1741020 967
1741030 968
1741040 968
1741050 970
1741060 972
1741070 972
1741080 974
1741090 976
1741100 976
1741110 978
1741120 982
1741130 982
1741140 984
1741150 986
1741160 988
1741170 988
1741180 990
1741190 991
1741200 991
1741210 992
1741220 993
1741230 993
1741240 993
1741250 994
1741260 994
1741270 995
1741280 1000
1741290 1000
1741300 1000
1741310 1003
1741320 1003
1741330 1005
1741340 1007
1741350 1007
1741360 1010
1741370 1012
1741380 1012
1741390 1013
1741400 1015
1741410 1015
1741420 1016
1741430 1017
1741440 1017
1741450 1016
1741460 1016
1741470 1016
1741480 1016
1741490 1020
1741500 1020
1741510 1021
1741520 1021
1741530 1021
1741540 1021
1741550 1023
1741560 1023
1741570 1023
1741580 1023
1741590 1023
1741600 1023
1741610 1023
1741620 1023
1741630 1023
1741640 1022
1741650 1019
1741660 1019
1741670 1017
1741680 1014
1741690 1014
1741700 1012
1741710 1010
1741720 1010
1741730 1009
1741740 1010
1741750 1010
1741760 1008
1741770 1009
1741780 1009
1741790 1011
1741800 1011
1741810 1011
1741820 1012
1741830 1011
1741840 1011
1741850 1010
1741860 1010
1741870 1010
1741880 1009
1741890 1009
1741900 1009
1741910 1009
1741920 1012
1741930 1012
1741940 1012
1741950 1015
1741960 1018
1741970 1018
1741980 1020
1741990 1022
1742000 1022
1742010 1025
1742020 1026
1742030 1026
1742040 1028
1742050 1029
1742060 1029
1742070 1031
1742080 1032
1742090 1032
1742100 1033
1742110 1033
1742120 1033
1742130 1033
1742140 1033
1742150 1033
1742160 1033
1742170 1032
1742180 1032
1742190 1030
1742200 1030
1742210 1030
1742220 1028
1742230 1027
1742240 1027
1742250 1026
1742260 1026
1742270 1026
1742280 1024
1742290 1023
1742300 1023
1742310 1021
1742320 1019
1742330 1018
1742340 1018
1742350 1015
1742360 1012
1742370 1012
1742380 1012
1742390 1009
1742400 1009
1742410 1006
1742420 1003
1742430 1003
1742440 1000
1742450 996
1742460 996
1742470 991
1742480 987
1742490 987
1742500 985
1742510 984
1742520 984
1742530 982
1742540 979
1742550 979
1742560 974
1742570 969
1742580 969
1742590 965
1742600 961
1742610 961
1742620 957
1742630 953
1742640 953
1742650 948
1742660 944
1742670 944
1742680 938
1742690 934
1742700 932
1742710 928
1742720 923
1742730 919
1742740 919
1742750 915
1742760 910
1742770 910
1742780 905
1742790 899
1742800 899
1742810 894
1742820 890
1742830 890
1742840 887
1742850 884
1742860 884
1742870 881
1742880 877
1742890 877
1742900 874
1742910 871
1742920 871
1742930 868
1742940 866
1742950 866
1742960 863
1742970 859
1742980 859
1742990 856
1743000 853
1743010 853
1743020 849
1743030 847
1743040 847
1743050 836
1743060 833
1743070 833
1743080 830
1743090 829
1743100 828
1743110 828
1743120 823
1743130 819
1743140 819
1743150 815
1743160 811
1743170 811
1743180 808
1743190 806
1743200 806
1743210 804
1743220 803
1743230 803
1743240 801
1743250 800
1743260 800
1743270 799
1743280 797
1743290 797
1743300 796
1743310 795
1743320 795
1743330 793
1743340 791
1743350 791
1743360 790
1743370 790
1743380 790
1743390 790
1743400 790
1743410 790
1743420 790
1743430 791
1743440 791
1743450 791
1743460 785
1743470 785
1743480 774
1743490 758
1743500 750
1743510 750
1743520 741
1743530 732
1743540 732
1743550 724
1743560 717
1743570 717
1743580 709
1743590 702
1743600 702
1743610 695
1743620 688
1743630 688
1743640 682
1743650 676
1743660 676
1743670 673
1743680 671
1743690 671
1743700 669
1743710 666
1743720 666
1743730 662
1743740 661
1743750 661
1743760 660
1743770 660
1743780 660
1743790 660
1743800 661
1743810 661
1743820 663
1743830 669
1743840 669
1743850 668
1743860 663
1743870 663
1743880 663
1743890 663
1743900 663
1743910 663
1743920 663
1743930 663
1743940 663
1743950 663
1743960 663
1743970 663
1743980 663
1743990 663
1744000 663
1744010 663
1744020 663
1744030 663
1744040 663
1744050 663
1744060 663
1744070 663
1744080 663
1744090 663
1744100 663
1744110 660
1744120 660
1744130 660
1744140 665
1744150 665
1744160 669
1744170 670
1744180 670
1744190 670
1744200 670
1744210 670
1744220 671
1744230 671
1744240 671
1744250 672
1744260 672
1744270 672
1744280 672
1744290 674
1744300 676
1744310 676
1744320 676
1744330 676
1744340 676
1744350 676
1744360 676
1744370 676
1744380 678
1744390 681
1744400 681
1744410 683
1744420 683
1744430 683
1744440 683
1744450 683
1744460 683
1744470 684
1744480 684
1744490 684
1744500 686
1744510 687
1744520 687
1744530 689
1744540 691
1744550 691
1744560 692
1744570 692
1744580 692
1744590 692
1744600 692
1744610 692
1744620 693
1744630 694
1744640 694
1744650 694
1744660 697
1744670 701
1744680 701
1744690 702
1744700 703
1744710 703
1744720 705
1744730 707
1744740 707
1744750 709
1744760 711
1744770 711
1744780 716
1744790 720
1744800 720
1744810 721
1744820 722
1744830 722
1744840 725
1744850 725
1744860 725
1744870 727
1744880 727
1744890 727
1744900 729
1744910 729
1744920 729
1744930 730
1744940 731
1744950 731
1744960 732
1744970 733
1744980 733
1744990 734
1745000 735
1745010 735
1745020 736
1745030 738
1745040 739
1745050 739
1745060 739
1745070 740
1745080 740
1745090 741
1745100 742
1745110 742
1745120 743
1745130 744
1745140 744
1745150 745
1745160 747
1745170 747
1745180 748
1745190 748
1745200 748
1745210 749
1745220 750
1745230 750
1745240 751
1745250 752
1745260 752
1745270 753
1745280 754
1745290 754
1745300 755
1745310 756
1745320 756
1745330 757
1745340 758
1745350 758
1745360 759
1745370 760
1745380 760
1745390 761
1745400 761
1745410 761
1745420 762
1745430 762
1745440 763
1745450 763
1745460 764
1745470 764
1745480 764
1745490 764
1745500 764
1745510 764
1745520 765
1745530 765
1745540 765
1745550 765
1745560 766
1745570 766
1745580 764
1745590 765
1745600 765
1745610 765
1745620 765
1745630 765
1745640 767
1745650 767
1745660 767
1745670 767
1745680 767
1745690 767
1745700 767
1745710 767
1745720 767
1745730 767
1745740 765
1745750 765
1745760 765
1745770 765
1745780 765
1745790 765
1745800 765
1745810 765
1745820 766
1745830 767
1745840 768
1745850 768
1745860 769
1745870 770
1745880 770
1745890 770
1745900 771
1745910 771
1745920 770
1745930 772
1745940 772
1745950 773
1745960 774
1745970 774
1745980 775
1745990 776
1746000 776
1746010 776
1746020 777
1746030 777
1746040 777
1746050 777
1746060 777
1746070 777
1746080 776
1746090 776
1746100 776
1746110 776
1746120 776
1746130 776
1746140 776
1746150 776
1746160 775
1746170 774
1746180 774
1746190 773
1746200 772
1746210 771
1746220 771
1746230 770
1746240 769
1746250 769
1746260 768
1746270 767
1746280 767
1746290 766
1746300 764
1746310 764
1746320 762
1746330 761
1746340 761
1746350 760
1746360 758
1746370 758
1746380 757
1746390 755
1746400 755
1746410 753
1746420 752
1746430 752
1746440 750
1746450 748
1746460 748
1746470 747
1746480 746
1746490 746
1746500 744
1746510 743
1746520 743
1746530 741
1746540 740
1746550 740
1746560 738
1746570 737
1746580 737
1746590 735
1746600 733
1746610 731
1746620 731
1746630 729
1746640 727
1746650 727
1746660 725
1746670 722
1746680 722
1746690 719
1746700 716
1746710 716
1746720 716
1746730 715
1746740 715
1746750 715
1746760 715
1746770 715
1746780 714
1746790 713
1746800 713
1746810 711
1746820 714
1746830 714
1746840 714
1746850 715
1746860 715
1746870 715
1746880 715
1746890 715
1746900 717
1746910 717
1746920 717
1746930 718
1746940 718
1746950 718
1746960 719
1746970 720
1746980 720
1746990 722
1747000 724
1747010 726
1747020 726
1747030 728
1747040 729
1747050 729
1747060 730
1747070 732
1747080 732
1747090 734
1747100 736
1747110 736
1747120 738
1747130 740
1747140 740
1747150 742
1747160 744
1747170 744
1747180 745
1747190 748
1747200 748
1747210 752
1747220 754
1747230 754
1747240 755
1747250 756
1747260 756
1747270 757
1747280 759
1747290 759
1747300 760
1747310 760
1747320 760
1747330 761
1747340 762
1747350 762
1747360 762
1747370 761
1747380 759
1747390 759
1747400 757
1747410 755
1747420 755
1747430 752
1747440 747
1747450 747
1747460 745
1747470 745
1747480 745
1747490 745
1747500 744
1747510 744
1747520 739
1747530 743
1747540 743
1747550 743
1747560 742
1747570 742
1747580 743
1747590 742
1747600 742
1747610 742
1747620 741
1747630 741
1747640 741
1747650 740
1747660 740
1747670 739
1747680 739
1747690 739
1747700 738
1747710 738
1747720 738
1747730 738
1747740 737
1747750 737
1747760 737
1747770 734
1747780 734
1747790 734
1747800 732
1747810 729
1747820 729
1747830 731
1747840 728
1747850 728
1747860 731
1747870 732
1747880 732
1747890 732
1747900 731
1747910 731
1747920 731
1747930 728
1747940 728
1747950 729
1747960 732
1747970 732
1747980 733
1747990 734
1748000 734
1748010 735
1748020 735
1748030 735
1748040 735
1748050 736
1748060 736
1748070 737
1748080 738
1748090 738
1748100 739
1748110 740
1748120 740
1748130 741
1748140 741
1748150 741
1748160 741
1748170 741
1748180 741
1748190 741
1748200 740
1748210 740
1748220 740
1748230 738
1748240 739
1748250 739
1748260 741
1748270 741
1748280 741
1748290 741
1748300 741
1748310 741
1748320 742
1748330 742
1748340 742
1748350 743
1748360 743
1748370 743
1748380 744
1748390 744
1748400 744
1748410 745
1748420 745
1748430 745
1748440 746
1748450 746
1748460 746
1748470 747
1748480 747
1748490 747
1748500 747
1748510 747
1748520 747
1748530 747
1748540 747
1748550 747
1748560 747
1748570 747
1748580 746
1748590 746
1748600 743
1748610 742
1748620 742
1748630 740
1748640 738
1748650 738
1748660 737
1748670 736
1748680 736
1748690 734
1748700 734
1748710 734
1748720 731
1748730 730
1748740 730
1748750 729
1748760 729
1748770 729
1748780 729
1748790 729
1748800 729
1748810 729
1748820 729
1748830 729
1748840 730
1748850 729
1748860 729
1748870 730
1748880 731
1748890 731
1748900 735
1748910 740
1748920 740
1748930 743
1748940 744
1748950 745
1748960 745
1748970 745
1748980 745
1748990 745
1749000 745
1749010 745
1749020 745
1749030 744
1749040 744
1749050 744
1749060 743
1749070 741
1749080 741
1749090 739
1749100 738
1749110 738
1749120 737
1749130 736
1749140 736
1749150 735
1749160 735
1749170 735
1749180 734
1749190 735
1749200 735
1749210 735
1749220 736
1749230 736
1749240 737
1749250 737
1749260 737
1749270 735
1749280 733
1749290 733
1749300 731
1749310 729
1749320 728
1749330 728
1749340 726
1749350 724
1749360 724
1749370 721
1749380 719
1749390 719
1749400 719
1749410 719
1749420 719
1749430 719
1749440 718
1749450 718
1749460 718
1749470 718
1749480 718
1749490 718
1749500 716
1749510 716
1749520 717
1749530 717
1749540 717
1749550 717
1749560 717
1749570 717
1749580 717
1749590 717
1749600 717
1749610 717
1749620 718
1749630 718
1749640 718
1749650 718
1749660 718
1749670 719
1749680 719
1749690 719
1749700 721
1749710 723
1749720 724
1749730 724
1749740 724
1749750 724
1749760 724
1749770 719
1749780 725
1749790 725
1749800 725
1749810 725
1749820 725
1749830 725
1749840 725
1749850 725
1749860 725
1749870 725
1749880 725
1749890 725
1749900 724
1749910 724
1749920 723
1749930 722
1749940 722
1749950 721
1749960 721
1749970 721
1749980 721
1749990 721
1750000 721
1750010 721
1750020 721
1750030 721
1750040 721
1750050 722
1750060 722
1750070 721
1750080 722
1750090 722
1750100 723
1750110 726
1750120 723
1750130 723
1750140 723
1750150 723
1750160 723
1750170 724
1750180 724
1750190 724
1750200 724
1750210 728
1750220 728
1750230 728
1750240 728
1750250 728
1750260 730
1750270 731
1750280 731
1750290 732
1750300 732
1750310 732
1750320 733
1750330 734
1750340 734
1750350 734
1750360 735
1750370 735
1750380 736
1750390 736
1750400 736
1750410 736
1750420 736
1750430 736
1750440 736
1750450 736
1750460 736
1750470 736
1750480 738
1750490 738
1750500 738
1750510 738
1750520 738
1750530 738
1750540 738
1750550 738
1750560 738
1750570 739
1750580 739
1750590 739
1750600 739
1750610 739
1750620 739
1750630 739
1750640 739
1750650 739
1750660 739
1750670 740
1750680 740
1750690 740
1750700 740
1750710 740
1750720 739
1750730 739
1750740 739
1750750 739
1750760 738
1750770 738
1750780 739
1750790 738
1750800 738
1750810 738
1750820 738
1750830 738
1750840 738
1750850 738
1750860 738
1750870 738
1750880 739
1750890 739
1750900 739
1750910 738
1750920 737
1750930 737
1750940 741
1750950 742
1750960 742
1750970 743
1750980 743
1750990 743
1751000 743
1751010 742
1751020 742
1751030 737
1751040 736
1751050 736
1751060 735
1751070 737
1751080 737
1751090 739
1751100 738
1751110 738
1751120 738
1751130 739
1751140 739
1751150 741
1751160 743
1751170 743
1751180 745
1751190 747
1751200 747
1751210 749
1751220 750
1751230 750
1751240 753
1751250 755
1751260 757
1751270 757
1751280 758
1751290 759
1751300 759
1751310 760
1751320 762
1751330 762
1751340 764
1751350 768
1751360 768
1751370 772
1751380 777
1751390 777
1751400 781
1751410 784
1751420 784
1751430 788
1751440 792
1751450 792
1751460 796
1751470 800
1751480 800
1751490 804
1751500 807
1751510 807
1751520 811
1751530 815
1751540 815
1751550 819
1751560 823
1751570 823
1751580 826
1751590 829
1751600 829
1751610 831
1751620 832
1751630 832
1751640 832
1751650 831
1751660 830
1751670 830
1751680 830
1751690 830
1751700 830
1751710 830
1751720 829
1751730 829
1751740 828
1751750 826
1751760 826
1751770 824
1751780 822
1751790 822
1751800 819
1751810 817
1751820 817
1751830 814
1751840 813
1751850 813
1751860 811
1751870 809
1751880 809
1751890 807
1751900 805
1751910 805
1751920 804
1751930 802
1751940 802
1751950 801
1751960 799
1751970 799
1751980 799
1751990 799
1752000 799
1752010 797
1752020 796
1752030 796
1752040 797
1752050 799
1752060 799
1752070 799
1752080 799
1752090 799
1752100 799
1752110 800
1752120 803
1752130 803
1752140 806
1752150 809
1752160 809
1752170 813
1752180 816
1752190 816
1752200 821
1752210 824
1752220 824
1752230 828
1752240 831
1752250 831
1752260 832
1752270 832
1752280 832
1752290 832
1752300 831
1752310 831
1752320 831
1752330 834
1752340 834
1752350 837
1752360 839
1752370 839
1752380 842
1752390 841
1752400 841
1752410 842
1752420 845
1752430 847
1752440 847
1752450 848
1752460 850
1752470 850
1752480 851
1752490 853
1752500 853
1752510 855
1752520 857
1752530 857
1752540 858
1752550 860
1752560 867
1752570 868
1752580 870
1752590 870
1752600 871
1752610 872
1752620 872
1752630 872
1752640 873
1752650 873
1752660 873
1752670 874
1752680 874
1752690 875
1752700 875
1752710 875
1752720 876
1752730 877
1752740 877
1752750 879
1752760 881
1752770 881
1752780 883
1752790 884
1752800 884
1752810 884
1752820 886
1752830 886
1752840 886
1752850 887
1752860 889
1752870 889
1752880 891
1752890 894
1752900 894
1752910 897
1752920 900
1752930 900
1752940 903
1752950 906
1752960 906
1752970 908
1752980 910
1752990 910
1753000 912
1753010 914
1753020 914
1753030 915
1753040 915
1753050 915
1753060 916
1753070 916
1753080 916
1753090 918
1753100 920
1753110 920
1753120 923
1753130 925
1753140 925
1753150 927
1753160 927
1753170 927
1753180 929
1753190 930
1753200 930
1753210 932
1753220 933
1753230 935
1753240 935
1753250 937
1753260 940
1753270 940
1753280 942
1753290 945
1753300 945
1753310 947
1753320 950
1753330 950
1753340 952
1753350 955
1753360 955
1753370 957
1753380 959
1753390 959
1753400 962
1753410 964
1753420 964
1753430 967
1753440 969
1753450 969
1753460 972
1753470 974
1753480 974
1753490 976
1753500 979
1753510 979
1753520 981
1753530 984
1753540 984
1753550 986
1753560 988
1753570 988
1753580 989
1753590 991
1753600 993
1753610 993
1753620 995
1753630 997
1753640 997
1753650 999
1753660 1001
1753670 1001
1753680 1002
1753690 1003
1753700 1003
1753710 1006
1753720 1008
1753730 1008
1753740 1010
1753750 1012
1753760 1012
1753770 1014
1753780 1014
1753790 1014
1753800 1014
1753810 1014
1753820 1014
1753830 1013
1753840 1013
1753850 1013
1753860 1012
1753870 1013
1753880 1013
1753890 1015
1753900 1015
1753910 1015
1753920 1015
1753930 1015
1753940 1015
1753950 1013
1753960 1012
1753970 1012
1753980 1010
1753990 1009
1754000 1009
1754010 1009
1754020 1009
1754030 1010
1754040 1010
1754050 1010
1754060 1010
1754070 1010
1754080 1011
1754090 1010
1754100 1010
1754110 1010
1754120 1011
1754130 1011
1754140 1011
1754150 1011
1754160 1011
1754170 1011
1754180 1011
1754190 1011
1754200 1011
1754210 1010
1754220 1010
1754230 1010
1754240 1011
1754250 1011
1754260 1011
1754270 1011
1754280 1011
1754290 1011
1754300 1012
1754310 1012
1754320 1011
1754330 1010
1754340 1010
1754350 1009
1754360 1008
1754370 1007
1754380 1007
1754390 1006
1754400 1005
1754410 1005
1754420 1004
1754430 1004
1754440 1004
1754450 1003
1754460 1003
1754470 1003
1754480 1002
1754490 1001
1754500 1001
1754510 999
1754520 999
1754530 999
1754540 998
1754550 996
1754560 996
1754570 995
1754580 994
1754590 994
1754600 993
1754610 993
1754620 993
1754630 992
1754640 991
1754650 991
1754660 990
1754670 989
1754680 989
1754690 987
1754700 985
1754710 985
1754720 984
1754730 983
1754740 983
1754750 982
1754760 981
1754770 981
1754780 981
1754790 979
1754800 978
1754810 978
1754820 977
1754830 976
1754840 976
1754850 976
1754860 975
1754870 975
1754880 975
1754890 975
1754900 975
1754910 974
1754920 972
1754930 972
1754940 972
1754950 971
1754960 971
1754970 970
1754980 969
1754990 969
1755000 967
1755010 965
1755020 965
1755030 961
1755040 957
1755050 957
1755060 954
1755070 951
1755080 951
1755090 946
1755100 942
1755110 942
1755120 939
1755130 941
1755140 941
1755150 944
1755160 949
1755170 951
1755180 951
1755190 952
1755200 952
1755210 952
1755220 956
1755230 959
1755240 959
1755250 962
1755260 964
1755270 964
1755280 967
1755290 968
1755300 968
1755310 968
1755320 967
1755330 967
1755340 967
1755350 968
1755360 968
1755370 967
1755380 967
1755390 967
1755400 966
1755410 964
1755420 964
1755430 962
1755440 961
1755450 961
1755460 960
1755470 960
1755480 960
1755490 959
1755500 958
1755510 958
1755520 957
1755530 955
1755540 952
1755550 952
1755560 950
1755570 949
1755580 949
1755590 942
1755600 940
1755610 940
1755620 938
1755630 936
1755640 936
1755650 935
1755660 934
1755670 934
1755680 933
1755690 933
1755700 933
1755710 933
1755720 931
1755730 931
1755740 932
1755750 931
1755760 931
1755770 931
1755780 930
1755790 930
1755800 928
1755810 928
1755820 928
1755830 927
1755840 925
1755850 925
1755860 923
1755870 921
1755880 921
1755890 919
1755900 918
1755910 918
1755920 917
1755930 916
1755940 915
1755950 915
1755960 913
1755970 908
1755980 908
1755990 904
1756000 898
1756010 898
1756020 899
1756030 903
1756040 903
1756050 910
1756060 912
1756070 912
1756080 913
1756090 914
1756100 914
1756110 915
1756120 916
1756130 916
1756140 921
1756150 924
1756160 924
1756170 928
1756180 932
1756190 932
1756200 933
1756210 938
1756220 938
1756230 943
1756240 946
1756250 946
1756260 952
1756270 956
1756280 956
1756290 961
1756300 967
1756310 967
1756320 972
1756330 977
1756340 980
1756350 980
1756360 982
1756370 984
1756380 984
1756390 986
1756400 987
1756410 987
1756420 989
1756430 989
1756440 989
1756450 989
1756460 989
1756470 989
1756480 990
1756490 992
1756500 992
1756510 994
1756520 996
1756530 996
1756540 998
1756550 999
1756560 999
1756570 1002
1756580 1006
1756590 1006
1756600 1011
1756610 1015
1756620 1015
1756630 1022
1756640 1025
1756650 1025
1756660 1028
1756670 1029
1756680 1029
1756690 1036
1756700 1038
1756710 1041
1756720 1041
1756730 1042
1756740 1043
1756750 1043
1756760 1045
1756770 1048
1756780 1048
1756790 1054
1756800 1059
1756810 1059
1756820 1063
1756830 1067
1756840 1067
1756850 1071
1756860 1076
1756870 1076
1756880 1080
1756890 1085
1756900 1085
1756910 1089
1756920 1094
1756930 1094
1756940 1100
1756950 1102
1756960 1102
1756970 1106
1756980 1110
1756990 1110
1757000 1113
1757010 1116
1757020 1116
1757030 1119
1757040 1121
1757050 1121
1757060 1124
1757070 1127
1757080 1127
1757090 1129
1757100 1131
1757110 1133
1757120 1133
1757130 1136
1757140 1138
1757150 1138
1757160 1140
1757170 1141
1757180 1141
1757190 1142
1757200 1143
1757210 1143
1757220 1146
1757230 1151
1757240 1151
1757250 1155
1757260 1157
1757270 1157
1757280 1160
1757290 1164
1757300 1164
1757310 1168
1757320 1172
1757330 1172
1757340 1177
1757350 1180
1757360 1180
1757370 1184
1757380 1188
1757390 1188
1757400 1192
1757410 1196
1757420 1196
1757430 1200
1757440 1203
1757450 1203
1757460 1207
1757470 1209
1757480 1209
1757490 1213
1757500 1216
1757510 1219
1757520 1219
1757530 1221
1757540 1222
1757550 1222
1757560 1223
1757570 1222
1757580 1222
1757590 1222
1757600 1221
1757610 1221
1757620 1219
1757630 1216
1757640 1216
1757650 1209
1757660 1203
1757670 1203
1757680 1198
1757690 1192
1757700 1192
1757710 1187
1757720 1181
1757730 1181
1757740 1176
1757750 1171
1757760 1171
1757770 1169
1757780 1165
1757790 1165
1757800 1162
1757810 1159
1757820 1159
1757830 1155
1757840 1152
1757850 1152
1757860 1151
1757870 1148
1757880 1146
1757890 1146
1757900 1144
1757910 1142
1757920 1142
1757930 1143
1757940 1145
1757950 1145
1757960 1150
1757970 1155
1757980 1155
1757990 1160
1758000 1165
1758010 1165
1758020 1169
1758030 1174
1758040 1174
1758050 1179
1758060 1181
1758070 1181
1758080 1184
1758090 1187
1758100 1187
1758110 1190
1758120 1192
1758130 1192
1758140 1195
1758150 1197
1758160 1197
1758170 1199
1758180 1200
1758190 1200
1758200 1201
1758210 1202
1758220 1202
1758230 1203
1758240 1203
1758250 1203
1758260 1204
1758270 1205
1758280 1206
1758290 1206
1758300 1206
1758310 1206
1758320 1206
1758330 1207
1758340 1208
1758350 1208
1758360 1208
1758370 1208
1758380 1208
1758390 1208
1758400 1209
1758410 1209
1758420 1210
1758430 1210
1758440 1210
1758450 1210
1758460 1210
1758470 1210
1758480 1211
1758490 1211
1758500 1211
1758510 1211
1758520 1207
1758530 1207
1758540 1207
1758550 1206
1758560 1206
1758570 1204
1758580 1202
1758590 1202
1758600 1200
1758610 1197
1758620 1197
1758630 1194
1758640 1192
1758650 1190
1758660 1190
1758670 1188
1758680 1187
1758690 1187
1758700 1189
1758710 1195
1758720 1195
1758730 1201
1758740 1207
1758750 1207
1758760 1212
1758770 1217
1758780 1217
1758790 1222
1758800 1227
1758810 1227
1758820 1231
1758830 1236
1758840 1236
1758850 1240
1758860 1245
1758870 1245
1758880 1248
1758890 1253
1758900 1253
1758910 1256
1758920 1259
1758930 1259
1758940 1261
1758950 1260
1758960 1260
1758970 1256
1758980 1250
1758990 1250
1759000 1245
1759010 1239
1759020 1239
1759030 1233
1759040 1227
1759050 1222
1759060 1222
1759070 1216
1759080 1210
1759090 1210
1759100 1203
1759110 1197
1759120 1197
1759130 1191
1759140 1185
1759150 1185
1759160 1179
1759170 1171
1759180 1171
1759190 1167
1759200 1160
1759210 1160
1759220 1154
1759230 1148
1759240 1148
1759250 1142
1759260 1137
1759270 1137
1759280 1131
1759290 1127
1759300 1127
1759310 1122
1759320 1119
1759330 1119
1759340 1115
1759350 1112
1759360 1112
1759370 1109
1759380 1105
1759390 1105
1759400 1102
1759410 1098
1759420 1098
1759430 1094
1759440 1089
1759450 1085
1759460 1085
1759470 1082
1759480 1078
1759490 1078
1759500 1075
1759510 1072
1759520 1072
1759530 1067
1759540 1062
1759550 1062
1759560 1058
1759570 1054
1759580 1054
1759590 1053
1759600 1051
1759610 1051
1759620 1049
1759630 1047
1759640 1047
1759650 1044
1759660 1043
1759670 1043
1759680 1041
1759690 1042
1759700 1042
1759710 1041
1759720 1039
1759730 1039
1759740 1038
1759750 1037
1759760 1037
1759770 1036
1759780 1036
1759790 1036
1759800 1035
1759810 1035
1759820 1035
1759830 1035
1759840 1034
1759850 1035
1759860 1035
1759870 1034
1759880 1034
1759890 1034
1759900 1033
1759910 1031
1759920 1031
1759930 1029
1759940 1027
1759950 1024
1759960 1022
1759970 1020
1759980 1020
1759990 1017
