1740000 1166
1740010 1166
1740020 1162
1740030 1158
1740040 1158
1740050 1154
1740060 1150
1740070 1150
1740080 1146
1740090 1142
1740100 1142
1740110 1139
1740120 1136
1740130 1136
1740140 1133
1740150 1131
1740160 1128
1740170 1128
1740180 1123
1740190 1121
1740200 1121
1740210 1117
1740220 1112
1740230 1112
1740240 1109
1740250 1105
1740260 1105
1740270 1101
1740280 1099
1740290 1099
1740300 1095
1740310 1093
1740320 1093
1740330 1089
1740340 1085
1740350 1085
1740360 1078
1740370 1074
1740380 1074
1740390 1067
1740400 1064
1740410 1064
1740420 1066
1740430 1068
1740440 1068
1740450 1068
1740460 1069
1740470 1069
1740480 1069
1740490 1072
1740500 1072
1740510 1073
1740520 1073
1740530 1073
1740540 1074
1740550 1076
1740560 1077
1740570 1077
1740580 1078
1740590 1080
1740600 1080
1740610 1081
1740620 1083
1740630 1083
1740640 1084
1740650 1085
1740660 1085
1740670 1087
1740680 1088
1740690 1088
1740700 1089
1740710 1090
1740720 1090
1740730 1092
1740740 1092
1740750 1092
1740760 1094
1740770 1096
1740780 1096
1740790 1099
1740800 1101
1740810 1101
1740820 1102
1740830 1104
1740840 1104
1740850 1106
1740860 1107
1740870 1107
1740880 1108
1740890 1107
1740900 1107
1740910 1107
1740920 1107
1740930 1107
1740940 1108
1740950 1109
1740960 1110
1740970 1110
1740980 1111
1740990 1112
1741000 1112
1741010 1113
1741020 1115
1741030 1115
1741040 1118
1741050 1120
1741060 1120
1741070 1122
1741080 1123
1741090 1123
1741100 1124
1741110 1124
1741120 1124
1741130 1125
1741140 1126
1741150 1126
1741160 1125
1741170 1125
1741180 1125
1741190 1126
1741200 1127
1741210 1127
1741220 1129
1741230 1130
1741240 1130
1741250 1132
1741260 1132
1741270 1132
1741280 1133
1741290 1134
1741300 1134
1741310 1135
1741320 1137
1741330 1137
1741340 1138
1741350 1139
1741360 1140
1741370 1140
1741380 1141
1741390 1142
1741400 1142
1741410 1143
1741420 1144
1741430 1144
1741440 1145
1741450 1146
1741460 1146
1741470 1147
1741480 1148
1741490 1148
1741500 1149
1741510 1150
1741520 1150
1741530 1151
1741540 1153
1741550 1153
1741560 1154
1741570 1155
1741580 1155
1741590 1156
1741600 1156
1741610 1156
1741620 1157
1741630 1157
1741640 1157
1741650 1156
1741660 1155
1741670 1155
1741680 1155
1741690 1154
1741700 1154
1741710 1153
1741720 1153
1741730 1153
1741740 1153
1741750 1152
1741760 1152
1741770 1152
1741780 1151
1741790 1149
1741800 1149
1741810 1148
1741820 1146
1741830 1146
1741840 1144
1741850 1142
1741860 1142
1741870 1141
1741880 1140
1741890 1140
1741900 1138
1741910 1135
1741920 1135
1741930 1133
1741940 1130
1741950 1130
1741960 1127
1741970 1124
1741980 1124
1741990 1120
1742000 1116
1742010 1116
1742020 1111
1742030 1106
1742040 1106
1742050 1102
1742060 1097
1742070 1097
1742080 1092
1742090 1086
1742100 1086
1742110 1081
1742120 1076
1742130 1072
1742140 1072
1742150 1068
1742160 1065
1742170 1065
1742180 1062
1742190 1058
1742200 1058
1742210 1055
1742220 1052
1742230 1052
1742240 1048
1742250 1045
1742260 1045
1742270 1042
1742280 1042
1742290 1042
1742300 1039
1742310 1036
1742320 1036
1742330 1032
1742340 1031
1742350 1031
1742360 1030
1742370 1028
1742380 1028
1742390 1025
1742400 1017
1742410 1017
1742420 1014
1742430 1009
1742440 1009
1742450 1005
1742460 1001
1742470 1001
1742480 998
1742490 994
1742500 994
1742510 992
1742520 989
1742530 987
1742540 987
1742550 983
1742560 979
1742570 979
1742580 975
1742590 972
1742600 972
1742610 969
1742620 966
1742630 966
1742640 964
1742650 960
1742660 960
1742670 957
1742680 954
1742690 954
1742700 952
1742710 950
1742720 950
1742730 949
1742740 948
1742750 948
1742760 949
1742770 948
1742780 948
1742790 947
1742800 946
1742810 946
1742820 944
1742830 942
1742840 942
1742850 940
1742860 938
1742870 938
1742880 936
1742890 935
1742900 935
1742910 934
1742920 933
1742930 932
1742940 932
1742950 931
1742960 931
1742970 931
1742980 930
1742990 930
1743000 930
1743010 930
1743020 929
1743030 929
1743040 929
1743050 930
1743060 930
1743070 929
1743080 928
1743090 928
1743100 927
1743110 924
1743120 924
1743130 920
1743140 915
1743150 915
1743160 909
1743170 903
1743180 903
1743190 897
1743200 892
1743210 892
1743220 887
1743230 883
1743240 883
1743250 879
1743260 873
1743270 873
1743280 868
1743290 862
1743300 856
1743310 856
1743320 852
1743330 847
1743340 847
1743350 843
1743360 838
1743370 838
1743380 834
1743390 830
1743400 830
1743410 827
1743420 822
1743430 822
1743440 816
1743450 808
1743460 808
1743470 800
1743480 789
1743490 789
1743500 785
1743510 783
1743520 783
1743530 780
1743540 775
1743550 775
1743560 770
1743570 767
1743580 767
1743590 763
1743600 760
1743610 760
1743620 757
1743630 754
1743640 754
1743650 750
1743660 746
1743670 746
1743680 743
1743690 739
1743700 734
1743710 734
1743720 732
1743730 729
1743740 729
1743750 725
1743760 721
1743770 721
1743780 714
1743790 712
1743800 712
1743810 709
1743820 705
1743830 705
1743840 701
1743850 700
1743860 700
1743870 698
1743880 696
1743890 696
1743900 694
1743910 692
1743920 692
1743930 691
1743940 689
1743950 689
1743960 687
1743970 686
1743980 686
1743990 685
1744000 683
1744010 683
1744020 683
1744030 680
1744040 680
1744050 672
1744060 665
1744070 665
1744080 665
1744090 665
1744100 665
1744110 665
1744120 665
1744130 665
1744140 665
1744150 666
1744160 667
1744170 667
1744180 667
1744190 666
1744200 666
1744210 666
1744220 665
1744230 665
1744240 663
1744250 664
1744260 664
1744270 664
1744280 668
1744290 668
1744300 670
1744310 667
1744320 667
1744330 667
1744340 667
1744350 667
1744360 667
1744370 667
1744380 667
1744390 669
1744400 668
1744410 668
1744420 669
1744430 669
1744440 669
1744450 669
1744460 669
1744470 669
1744480 669
1744490 669
1744500 669
1744510 669
1744520 669
1744530 669
1744540 669
1744550 669
1744560 669
1744570 669
1744580 669
1744590 669
1744600 669
1744610 669
1744620 669
1744630 669
1744640 669
1744650 670
1744660 670
1744670 669
1744680 669
1744690 669
1744700 669
1744710 671
1744720 671
1744730 671
1744740 671
1744750 671
1744760 671
1744770 671
1744780 671
1744790 672
1744800 672
1744810 672
1744820 672
1744830 671
1744840 671
1744850 671
1744860 672
1744870 672
1744880 672
1744890 672
1744900 672
1744910 672
1744920 672
1744930 672
1744940 672
1744950 672
1744960 673
1744970 673
1744980 672
1744990 672
1745000 672
1745010 672
1745020 672
1745030 672
1745040 673
1745050 673
1745060 673
1745070 673
1745080 673
1745090 673
1745100 673
1745110 673
1745120 673
1745130 674
1745140 674
1745150 674
1745160 674
1745170 674
1745180 674
1745190 674
1745200 673
1745210 673
1745220 673
1745230 673
1745240 673
1745250 674
1745260 674
1745270 674
1745280 674
1745290 674
1745300 674
1745310 674
1745320 674
1745330 674
1745340 674
1745350 674
1745360 674
1745370 674
1745380 674
1745390 674
1745400 674
1745410 673
1745420 673
1745430 673
1745440 673
1745450 674
1745460 674
1745470 674
1745480 674
1745490 674
1745500 675
1745510 675
1745520 675
1745530 676
1745540 676
1745550 676
1745560 678
1745570 678
1745580 678
1745590 678
1745600 678
1745610 678
1745620 678
1745630 678
1745640 678
1745650 678
1745660 678
1745670 678
1745680 678
1745690 678
1745700 678
1745710 678
1745720 679
1745730 678
1745740 678
1745750 678
1745760 678
1745770 678
1745780 678
1745790 679
1745800 679
1745810 680
1745820 680
1745830 680
1745840 679
1745850 681
1745860 681
1745870 681
1745880 681
1745890 681
1745900 681
1745910 681
1745920 681
1745930 681
1745940 682
1745950 682
1745960 682
1745970 682
1745980 682
1745990 682
1746000 682
1746010 682
1746020 682
1746030 682
1746040 682
1746050 682
1746060 682
1746070 684
1746080 684
1746090 685
1746100 684
1746110 684
1746120 682
1746130 681
1746140 681
1746150 682
1746160 684
1746170 684
1746180 682
1746190 682
1746200 682
1746210 682
1746220 682
1746230 682
1746240 682
1746250 683
1746260 683
1746270 684
1746280 684
1746290 684
1746300 684
1746310 684
1746320 684
1746330 684
1746340 684
1746350 684
1746360 684
1746370 684
1746380 684
1746390 684
1746400 684
1746410 684
1746420 685
1746430 685
1746440 684
1746450 684
1746460 685
1746470 685
1746480 685
1746490 686
1746500 686
1746510 686
1746520 686
1746530 686
1746540 686
1746550 686
1746560 686
1746570 686
1746580 686
1746590 687
1746600 687
1746610 688
1746620 688
1746630 688
1746640 689
1746650 689
1746660 689
1746670 689
1746680 689
1746690 689
1746700 689
1746710 689
1746720 689
1746730 689
1746740 689
1746750 689
1746760 689
1746770 689
1746780 689
1746790 689
1746800 689
1746810 689
1746820 689
1746830 689
1746840 689
1746850 689
1746860 689
1746870 689
1746880 689
1746890 690
1746900 690
1746910 690
1746920 690
1746930 690
1746940 690
1746950 690
1746960 690
1746970 690
1746980 690
1746990 690
1747000 690
1747010 690
1747020 691
1747030 691
1747040 689
1747050 688
1747060 688
1747070 690
1747080 692
1747090 692
1747100 692
1747110 692
1747120 692
1747130 693
1747140 693
1747150 693
1747160 692
1747170 692
1747180 692
1747190 692
1747200 693
1747210 693
1747220 694
1747230 696
1747240 695
1747250 695
1747260 696
1747270 696
1747280 696
1747290 696
1747300 697
1747310 697
1747320 698
1747330 701
1747340 701
1747350 704
1747360 707
1747370 707
1747380 733
1747390 740
1747400 740
1747410 739
1747420 738
1747430 738
1747440 739
1747450 740
1747460 740
1747470 741
1747480 744
1747490 744
1747500 746
1747510 750
1747520 750
1747530 752
1747540 753
1747550 753
1747560 755
1747570 757
1747580 757
1747590 756
1747600 757
1747610 759
1747620 759
1747630 760
1747640 762
1747650 762
1747660 763
1747670 764
1747680 764
1747690 765
1747700 766
1747710 766
1747720 766
1747730 765
1747740 765
1747750 765
1747760 764
1747770 764
1747780 763
1747790 761
1747800 761
1747810 760
1747820 760
1747830 760
1747840 758
1747850 755
1747860 755
1747870 753
1747880 751
1747890 751
1747900 748
1747910 743
1747920 743
1747930 736
1747940 733
1747950 733
1747960 736
1747970 736
1747980 736
1747990 735
1748000 735
1748010 737
1748020 737
1748030 738
1748040 740
1748050 740
1748060 742
1748070 744
1748080 744
1748090 747
1748100 749
1748110 749
1748120 751
1748130 752
1748140 752
1748150 754
1748160 755
1748170 755
1748180 757
1748190 757
1748200 757
1748210 759
1748220 757
1748230 757
1748240 755
1748250 754
1748260 754
1748270 754
1748280 754
1748290 754
1748300 754
1748310 755
1748320 755
1748330 755
1748340 754
1748350 754
1748360 754
1748370 752
1748380 752
1748390 751
1748400 749
1748410 748
1748420 748
1748430 747
1748440 745
1748450 745
1748460 745
1748470 747
1748480 747
1748490 748
1748500 751
1748510 751
1748520 752
1748530 752
1748540 752
1748550 751
1748560 751
1748570 751
1748580 751
1748590 751
1748600 751
1748610 752
1748620 755
1748630 755
1748640 757
1748650 758
1748660 758
1748670 760
1748680 762
1748690 762
1748700 763
1748710 764
1748720 764
1748730 765
1748740 765
1748750 765
1748760 766
1748770 765
1748780 765
1748790 764
1748800 763
1748810 762
1748820 762
1748830 764
1748840 763
1748850 763
1748860 766
1748870 769
1748880 769
1748890 769
1748900 771
1748910 771
1748920 772
1748930 772
1748940 772
1748950 772
1748960 775
1748970 775
1748980 779
1748990 780
1749000 780
1749010 781
1749020 781
1749030 788
1749040 788
1749050 786
1749060 786
1749070 786
1749080 787
1749090 787
1749100 791
1749110 794
1749120 794
1749130 798
1749140 804
1749150 804
1749160 811
1749170 814
1749180 813
1749190 813
1749200 812
1749210 811
1749220 811
1749230 810
1749240 811
1749250 811
1749260 811
1749270 811
1749280 811
1749290 811
1749300 811
1749310 811
1749320 812
1749330 814
1749340 814
1749350 814
1749360 815
1749370 815
1749380 815
1749390 814
1749400 814
1749410 814
1749420 814
1749430 814
1749440 813
1749450 814
1749460 814
1749470 817
1749480 815
1749490 815
1749500 814
1749510 813
1749520 813
1749530 812
1749540 812
1749550 812
1749560 811
1749570 809
1749580 808
1749590 808
1749600 807
1749610 806
1749620 806
1749630 805
1749640 805
1749650 805
1749660 805
1749670 804
1749680 804
1749690 804
1749700 804
1749710 804
1749720 805
1749730 806
1749740 806
1749750 807
1749760 807
1749770 807
1749780 807
1749790 807
1749800 807
1749810 807
1749820 806
1749830 806
1749840 807
1749850 807
1749860 807
1749870 808
1749880 810
1749890 810
1749900 811
1749910 812
1749920 812
1749930 813
1749940 813
1749950 813
1749960 814
1749970 815
1749980 812
1749990 812
1750000 811
1750010 809
1750020 809
1750030 807
1750040 805
1750050 805
1750060 803
1750070 800
1750080 800
1750090 797
1750100 794
1750110 794
1750120 792
1750130 790
1750140 790
1750150 788
1750160 786
1750170 786
1750180 785
1750190 783
1750200 783
1750210 780
1750220 779
1750230 779
1750240 776
1750250 773
1750260 773
1750270 771
1750280 771
1750290 771
1750300 769
1750310 769
1750320 769
1750330 768
1750340 768
1750350 769
1750360 769
1750370 768
1750380 768
1750390 768
1750400 769
1750410 770
1750420 770
1750430 773
1750440 776
1750450 776
1750460 780
1750470 781
1750480 781
1750490 783
1750500 785
1750510 785
1750520 786
1750530 788
1750540 788
1750550 789
1750560 790
1750570 790
1750580 791
1750590 792
1750600 792
1750610 793
1750620 795
1750630 795
1750640 796
1750650 797
1750660 797
1750670 799
1750680 800
1750690 800
1750700 800
1750710 801
1750720 801
1750730 802
1750740 802
1750750 803
1750760 803
1750770 804
1750780 805
1750790 805
1750800 806
1750810 807
1750820 807
1750830 808
1750840 809
1750850 809
1750860 810
1750870 811
1750880 811
1750890 812
1750900 813
1750910 813
1750920 814
1750930 815
1750940 815
1750950 816
1750960 818
1750970 818
1750980 819
1750990 821
1751000 821
1751010 822
1751020 823
1751030 823
1751040 825
1751050 826
1751060 826
1751070 827
1751080 828
1751090 828
1751100 828
1751110 828
1751120 828
1751130 828
1751140 824
1751150 821
1751160 821
1751170 817
1751180 814
1751190 814
1751200 811
1751210 809
1751220 809
1751230 807
1751240 807
1751250 807
1751260 803
1751270 800
1751280 800
1751290 798
1751300 795
1751310 795
1751320 793
1751330 791
1751340 791
1751350 788
1751360 785
1751370 785
1751380 783
1751390 781
1751400 781
1751410 780
1751420 778
1751430 778
1751440 776
1751450 774
1751460 774
1751470 769
1751480 764
1751490 764
1751500 758
1751510 758
1751520 758
1751530 760
1751540 758
1751550 757
1751560 757
1751570 757
1751580 757
1751590 757
1751600 757
1751610 754
1751620 754
1751630 750
1751640 747
1751650 747
1751660 746
1751670 744
1751680 744
1751690 746
1751700 748
1751710 748
1751720 749
1751730 748
1751740 748
1751750 748
1751760 749
1751770 749
1751780 749
1751790 750
1751800 750
1751810 750
1751820 750
1751830 750
1751840 750
1751850 749
1751860 749
1751870 748
1751880 748
1751890 748
1751900 748
1751910 749
1751920 754
1751930 754
1751940 756
1751950 758
1751960 758
1751970 758
1751980 759
1751990 759
1752000 760
1752010 763
1752020 763
1752030 764
1752040 766
1752050 766
1752060 768
1752070 769
1752080 769
1752090 771
1752100 773
1752110 773
1752120 775
1752130 776
1752140 776
1752150 779
1752160 781
1752170 781
1752180 784
1752190 783
1752200 783
1752210 785
1752220 788
1752230 788
1752240 790
1752250 792
1752260 792
1752270 794
1752280 797
1752290 797
1752300 800
1752310 803
1752320 806
1752330 806
1752340 809
1752350 812
1752360 812
1752370 815
1752380 818
1752390 818
1752400 820
1752410 823
1752420 823
1752430 826
1752440 829
1752450 829
1752460 833
1752470 836
1752480 836
1752490 839
1752500 841
1752510 841
1752520 844
1752530 846
1752540 846
1752550 848
1752560 849
1752570 849
1752580 851
1752590 855
1752600 855
1752610 857
1752620 859
1752630 859
1752640 861
1752650 864
1752660 864
1752670 866
1752680 868
1752690 868
1752700 870
1752710 872
1752720 875
1752730 875
1752740 876
1752750 877
1752760 877
1752770 878
1752780 879
1752790 879
1752800 880
1752810 881
1752820 881
1752830 881
1752840 882
1752850 882
1752860 882
1752870 882
1752880 882
1752890 882
1752900 882
1752910 882
1752920 882
1752930 882
1752940 882
1752950 881
1752960 881
1752970 881
1752980 880
1752990 880
1753000 880
1753010 880
1753020 880
1753030 880
1753040 880
1753050 882
1753060 882
1753070 882
1753080 885
1753090 885
1753100 887
1753110 889
1753120 891
1753130 891
1753140 892
1753150 895
1753160 895
1753170 897
1753180 897
1753190 897
1753200 899
1753210 900
1753220 900
1753230 901
1753240 901
1753250 901
1753260 901
1753270 901
1753280 901
1753290 901
1753300 900
1753310 900
1753320 899
1753330 899
1753340 899
1753350 898
1753360 897
1753370 897
1753380 895
1753390 894
1753400 894
1753410 894
1753420 893
1753430 893
1753440 892
1753450 891
1753460 891
1753470 890
1753480 890
1753490 889
1753500 889
1753510 888
1753520 887
1753530 887
1753540 887
1753550 886
1753560 886
1753570 884
1753580 885
1753590 885
1753600 884
1753610 883
1753620 883
1753630 882
1753640 882
1753650 882
1753660 882
1753670 881
1753680 881
1753690 881
1753700 879
1753710 879
1753720 878
1753730 875
1753740 875
1753750 876
1753760 876
1753770 876
1753780 875
1753790 875
1753800 875
1753810 875
1753820 874
1753830 874
1753840 873
1753850 872
1753860 872
1753870 872
1753880 871
1753890 870
1753900 870
1753910 870
1753920 869
1753930 869
1753940 869
1753950 869
1753960 869
1753970 869
1753980 869
1753990 869
1754000 869
1754010 868
1754020 868
1754030 868
1754040 868
1754050 868
1754060 867
1754070 867
1754080 867
1754090 867
1754100 867
1754110 867
1754120 866
1754130 864
1754140 864
1754150 865
1754160 864
1754170 864
1754180 863
1754190 863
1754200 863
1754210 862
1754220 862
1754230 862
1754240 861
1754250 860
1754260 860
1754270 860
1754280 861
1754290 862
1754300 862
1754310 862
1754320 861
1754330 861
1754340 859
1754350 858
1754360 858
1754370 857
1754380 855
1754390 855
1754400 853
1754410 854
1754420 854
1754430 851
1754440 850
1754450 850
1754460 849
1754470 848
1754480 848
1754490 849
1754500 849
1754510 849
1754520 846
1754530 844
1754540 844
1754550 842
1754560 841
1754570 841
1754580 841
1754590 841
1754600 841
1754610 843
1754620 842
1754630 842
1754640 839
1754650 838
1754660 837
1754670 837
1754680 835
1754690 834
1754700 834
1754710 833
1754720 832
1754730 832
1754740 831
1754750 830
1754760 830
1754770 830
1754780 830
1754790 830
1754800 831
1754810 830
1754820 830
1754830 831
1754840 831
1754850 831
1754860 830
1754870 831
1754880 831
1754890 832
1754900 832
1754910 832
1754920 833
1754930 833
1754940 833
1754950 835
1754960 835
1754970 835
1754980 836
1754990 837
1755000 837
1755010 839
1755020 841
1755030 841
1755040 843
1755050 843
1755060 844
1755070 844
1755080 843
1755090 844
1755100 844
1755110 847
1755120 850
1755130 850
1755140 853
1755150 855
1755160 855
1755170 858
1755180 862
1755190 862
1755200 867
1755210 873
1755220 873
1755230 876
1755240 886
1755250 886
1755260 889
1755270 894
1755280 894
1755290 899
1755300 905
1755310 905
1755320 910
1755330 913
1755340 913
1755350 914
1755360 916
1755370 916
1755380 918
1755390 919
1755400 919
1755410 920
1755420 921
1755430 921
1755440 921
1755450 922
1755460 923
1755470 923
1755480 926
1755490 929
1755500 929
1755510 933
1755520 938
1755530 938
1755540 941
1755550 943
1755560 943
1755570 948
1755580 950
1755590 950
1755600 950
1755610 952
1755620 952
1755630 954
1755640 958
1755650 958
1755660 959
1755670 959
1755680 959
1755690 962
1755700 965
1755710 965
1755720 968
1755730 970
1755740 970
1755750 973
1755760 975
1755770 975
1755780 978
1755790 980
1755800 980
1755810 981
1755820 984
1755830 984
1755840 989
1755850 993
1755860 997
1755870 997
1755880 1000
1755890 1004
1755900 1004
1755910 1006
1755920 1009
1755930 1009
1755940 1012
1755950 1014
1755960 1014
1755970 1015
1755980 1019
1755990 1019
1756000 1025
1756010 1031
1756020 1031
1756030 1036
1756040 1041
1756050 1041
1756060 1043
1756070 1045
1756080 1045
1756090 1047
1756100 1047
1756110 1047
1756120 1049
1756130 1049
1756140 1049
1756150 1050
1756160 1050
1756170 1050
1756180 1051
1756190 1051
1756200 1051
1756210 1051
1756220 1052
1756230 1053
1756240 1053
1756250 1053
1756260 1055
1756270 1055
1756280 1055
1756290 1055
1756300 1055
1756310 1055
1756320 1055
1756330 1055
1756340 1054
1756350 1056
1756360 1056
1756370 1058
1756380 1060
1756390 1060
1756400 1062
1756410 1063
1756420 1063
1756430 1064
1756440 1064
1756450 1064
1756460 1062
1756470 1058
1756480 1058
1756490 1056
1756500 1055
1756510 1055
1756520 1052
1756530 1050
1756540 1050
1756550 1048
1756560 1048
1756570 1048
1756580 1048
1756590 1046
1756600 1046
1756610 1046
1756620 1046
1756630 1045
1756640 1045
1756650 1043
1756660 1041
1756670 1041
1756680 1039
1756690 1037
1756700 1037
1756710 1036
1756720 1032
1756730 1032
1756740 1032
1756750 1031
1756760 1031
1756770 1030
1756780 1032
1756790 1032
1756800 1034
1756810 1035
1756820 1035
1756830 1035
1756840 1034
1756850 1034
1756860 1035
1756870 1035
1756880 1035
1756890 1033
1756900 1034
1756910 1034
1756920 1035
1756930 1032
1756940 1032
1756950 1033
1756960 1035
1756970 1035
1756980 1038
1756990 1040
1757000 1040
1757010 1042
1757020 1044
1757030 1046
1757040 1046
1757050 1048
1757060 1050
1757070 1050
1757080 1054
1757090 1056
1757100 1056
1757110 1058
1757120 1061
1757130 1061
1757140 1064
1757150 1067
1757160 1067
1757170 1071
1757180 1073
1757190 1073
1757200 1076
1757210 1077
1757220 1077
1757230 1078
1757240 1079
1757250 1079
1757260 1082
1757270 1083
1757280 1083
1757290 1085
1757300 1086
1757310 1086
1757320 1088
1757330 1090
1757340 1090
1757350 1091
1757360 1090
1757370 1090
1757380 1092
1757390 1093
1757400 1093
1757410 1093
1757420 1094
1757430 1093
1757440 1093
1757450 1091
1757460 1090
1757470 1090
1757480 1088
1757490 1084
1757500 1084
1757510 1078
1757520 1071
1757530 1071
1757540 1066
1757550 1060
1757560 1060
1757570 1054
1757580 1048
1757590 1048
1757600 1042
1757610 1036
1757620 1036
1757630 1031
1757640 1026
1757650 1026
1757660 1021
1757670 1016
1757680 1016
1757690 1013
1757700 1009
1757710 1009
1757720 1008
1757730 1004
1757740 1004
1757750 1001
1757760 998
1757770 998
1757780 996
1757790 996
1757800 996
1757810 996
1757820 998
1757830 1003
1757840 1003
1757850 1008
1757860 1015
1757870 1015
1757880 1019
1757890 1023
1757900 1023
1757910 1028
1757920 1034
1757930 1034
1757940 1039
1757950 1044
1757960 1044
1757970 1050
1757980 1056
1757990 1056
1758000 1061
1758010 1065
1758020 1065
1758030 1069
1758040 1074
1758050 1074
1758060 1078
1758070 1082
1758080 1082
1758090 1088
1758100 1093
1758110 1093
1758120 1099
1758130 1103
1758140 1103
1758150 1108
1758160 1113
1758170 1113
1758180 1118
1758190 1123
1758200 1128
1758210 1128
1758220 1133
1758230 1137
1758240 1137
1758250 1141
1758260 1146
1758270 1146
1758280 1150
1758290 1154
1758300 1154
1758310 1158
1758320 1162
1758330 1162
1758340 1166
1758350 1169
1758360 1169
1758370 1170
1758380 1171
1758390 1171
1758400 1171
1758410 1171
1758420 1171
1758430 1170
1758440 1169
1758450 1169
1758460 1167
1758470 1164
1758480 1164
1758490 1162
1758500 1159
1758510 1159
1758520 1154
1758530 1148
1758540 1148
1758550 1143
1758560 1136
1758570 1136
1758580 1130
1758590 1124
1758600 1119
1758610 1119
1758620 1114
1758630 1112
1758640 1112
1758650 1110
1758660 1108
1758670 1108
1758680 1106
1758690 1103
1758700 1103
1758710 1100
1758720 1097
1758730 1097
1758740 1093
1758750 1089
1758760 1089
1758770 1086
1758780 1083
1758790 1083
1758800 1081
1758810 1083
1758820 1083
1758830 1086
1758840 1086
1758850 1086
1758860 1084
1758870 1083
1758880 1083
1758890 1080
1758900 1078
1758910 1078
1758920 1077
1758930 1076
1758940 1076
1758950 1075
1758960 1074
1758970 1074
1758980 1075
1758990 1075
1759000 1074
1759010 1074
1759020 1074
1759030 1075
1759040 1075
1759050 1077
1759060 1078
1759070 1078
1759080 1077
1759090 1076
1759100 1076
1759110 1074
1759120 1070
1759130 1070
1759140 1068
1759150 1065
1759160 1065
1759170 1060
1759180 1057
1759190 1057
1759200 1055
1759210 1052
1759220 1052
1759230 1049
1759240 1044
1759250 1044
1759260 1041
1759270 1038
1759280 1038
1759290 1036
1759300 1033
1759310 1033
1759320 1031
1759330 1028
1759340 1028
1759350 1026
1759360 1024
1759370 1022
1759380 1022
1759390 1020
1759400 1017
1759410 1017
1759420 1016
1759430 1014
1759440 1014
1759450 1012
1759460 1009
1759470 1009
1759480 1008
1759490 1005
1759500 1005
1759510 1002
1759520 998
1759530 998
1759540 993
1759550 987
1759560 987
1759570 983
1759580 979
1759590 979
1759600 976
1759610 972
1759620 971
1759630 967
1759640 964
1759650 964
1759660 960
1759670 954
1759680 954
1759690 951
1759700 945
1759710 945
1759720 937
1759730 932
1759740 932
1759750 929
1759760 927
1759770 926
1759780 926
1759790 923
1759800 919
1759810 919
1759820 918
1759830 916
1759840 916
1759850 913
1759860 910
1759870 910
1759880 908
1759890 905
1759900 905
1759910 901
1759920 897
1759930 897
1759940 889
1759950 884
1759960 884
1759970 883
1759980 883
1759990 883
