1740000 1313
1740010 1312
1740020 1312
1740030 1310
1740040 1309
1740050 1309
1740060 1309
1740070 1308
1740080 1308
1740090 1307
1740100 1305
1740110 1305
1740120 1304
1740130 1303
1740140 1301
1740150 1301
1740160 1301
1740170 1300
1740180 1300
1740190 1298
1740200 1295
1740210 1295
1740220 1292
1740230 1293
1740240 1293
1740250 1291
1740260 1289
1740270 1289
1740280 1286
1740290 1284
1740300 1284
1740310 1283
1740320 1282
1740330 1282
1740340 1279
1740350 1275
1740360 1275
1740370 1272
1740380 1267
1740390 1267
1740400 1261
1740410 1256
1740420 1256
1740430 1251
1740440 1247
1740450 1247
1740460 1241
1740470 1239
1740480 1239
1740490 1237
1740500 1233
1740510 1233
1740520 1228
1740530 1223
1740540 1218
1740550 1218
1740560 1214
1740570 1209
1740580 1209
1740590 1203
1740600 1197
1740610 1197
1740620 1191
1740630 1186
1740640 1186
1740650 1182
1740660 1178
1740670 1178
1740680 1174
1740690 1171
1740700 1171
1740710 1168
1740720 1166
1740730 1166
1740740 1163
1740750 1160
1740760 1160
1740770 1156
1740780 1153
1740790 1153
1740800 1151
1740810 1150
1740820 1150
1740830 1150
1740840 1147
1740850 1147
1740860 1144
1740870 1139
1740880 1139
1740890 1135
1740900 1130
1740910 1130
1740920 1128
1740930 1126
1740940 1123
1740950 1123
1740960 1120
1740970 1115
1740980 1115
1740990 1111
1741000 1109
1741010 1109
1741020 1106
1741030 1102
1741040 1102
1741050 1097
1741060 1093
1741070 1093
1741080 1090
1741090 1088
1741100 1088
1741110 1087
1741120 1085
1741130 1085
1741140 1080
1741150 1077
1741160 1077
1741170 1076
1741180 1075
1741190 1075
1741200 1074
1741210 1072
1741220 1072
1741230 1068
1741240 1063
1741250 1063
1741260 1059
1741270 1056
1741280 1056
1741290 1056
1741300 1055
1741310 1055
1741320 1054
1741330 1051
1741340 1050
1741350 1050
1741360 1051
1741370 1050
1741380 1050
1741390 1049
1741400 1044
1741410 1044
1741420 1040
1741430 1037
1741440 1037
1741450 1033
1741460 1027
1741470 1027
1741480 1025
1741490 1022
1741500 1022
1741510 1018
1741520 1013
1741530 1010
1741540 1006
1741550 999
1741560 999
1741570 996
1741580 993
1741590 993
1741600 990
1741610 984
1741620 984
1741630 981
1741640 978
1741650 978
1741660 977
1741670 974
1741680 974
1741690 971
1741700 967
1741710 967
1741720 963
1741730 958
1741740 953
1741750 953
1741760 948
1741770 941
1741780 941
1741790 934
1741800 926
1741810 926
1741820 921
1741830 914
1741840 914
1741850 910
1741860 909
1741870 909
1741880 911
1741890 914
1741900 914
1741910 914
1741920 916
1741930 916
1741940 916
1741950 915
1741960 915
1741970 915
1741980 916
1741990 916
1742000 918
1742010 918
1742020 918
1742030 919
1742040 919
1742050 919
1742060 920
1742070 919
1742080 919
1742090 917
1742100 915
1742110 915
1742120 913
1742130 907
1742140 904
1742150 904
1742160 905
1742170 908
1742180 908
1742190 914
1742200 918
1742210 918
1742220 921
1742230 922
1742240 922
1742250 923
1742260 923
1742270 923
1742280 921
1742290 920
1742300 920
1742310 920
1742320 921
1742330 921
1742340 922
1742350 924
1742360 924
1742370 924
1742380 924
1742390 924
1742400 924
1742410 923
1742420 923
1742430 922
1742440 920
1742450 920
1742460 918
1742470 917
1742480 917
1742490 918
1742500 921
1742510 921
1742520 919
1742530 920
1742540 923
1742550 923
1742560 926
1742570 928
1742580 928
1742590 930
1742600 933
1742610 933
1742620 934
1742630 934
1742640 934
1742650 932
1742660 931
1742670 931
1742680 931
1742690 930
1742700 930
1742710 929
1742720 929
1742730 929
1742740 930
1742750 930
1742760 930
1742770 929
1742780 929
1742790 929
1742800 927
1742810 923
1742820 923
1742830 919
1742840 914
1742850 914
1742860 909
1742870 904
1742880 904
1742890 900
1742900 897
1742910 893
1742920 893
1742930 894
1742940 891
1742950 891
1742960 886
1742970 883
1742980 883
1742990 878
1743000 871
1743010 871
1743020 867
1743030 864
1743040 864
1743050 861
1743060 858
1743070 858
1743080 854
1743090 851
1743100 851
1743110 849
1743120 846
1743130 846
1743140 842
1743150 837
1743160 837
1743170 831
1743180 826
1743190 826
1743200 821
1743210 815
1743220 815
1743230 809
1743240 803
1743250 803
1743260 798
1743270 792
1743280 792
1743290 792
1743300 788
1743310 785
1743320 785
1743330 781
1743340 778
1743350 778
1743360 774
1743370 769
1743380 769
1743390 764
1743400 759
1743410 759
1743420 755
1743430 751
1743440 751
1743450 747
1743460 744
1743470 744
1743480 739
1743490 735
1743500 735
1743510 731
1743520 725
1743530 725
1743540 718
1743550 712
1743560 712
1743570 705
1743580 699
1743590 699
1743600 692
1743610 683
1743620 683
1743630 674
1743640 671
1743650 671
1743660 670
1743670 669
1743680 669
1743690 668
1743700 667
1743710 667
1743720 667
1743730 670
1743740 670
1743750 670
1743760 670
1743770 670
1743780 670
1743790 671
1743800 671
1743810 671
1743820 670
1743830 670
1743840 670
1743850 670
1743860 671
1743870 671
1743880 671
1743890 671
1743900 671
1743910 675
1743920 682
1743930 682
1743940 683
1743950 684
1743960 684
1743970 683
1743980 684
1743990 684
1744000 685
1744010 685
1744020 685
1744030 686
1744040 686
1744050 686
1744060 686
1744070 687
1744080 687
1744090 688
1744100 688
1744110 689
1744120 689
1744130 689
1744140 692
1744150 692
1744160 694
1744170 695
1744180 695
1744190 697
1744200 698
1744210 698
1744220 701
1744230 701
1744240 701
1744250 705
1744260 707
1744270 707
1744280 708
1744290 710
1744300 710
1744310 712
1744320 715
1744330 715
1744340 719
1744350 723
1744360 723
1744370 726
1744380 729
1744390 729
1744400 733
1744410 737
1744420 737
1744430 741
1744440 744
1744450 744
1744460 746
1744470 748
1744480 748
1744490 750
1744500 752
1744510 755
1744520 755
1744530 757
1744540 760
1744550 760
1744560 762
1744570 763
1744580 763
1744590 764
1744600 764
1744610 764
1744620 764
1744630 764
1744640 764
1744650 763
1744660 764
1744670 764
1744680 764
1744690 764
1744700 764
1744710 764
1744720 764
1744730 764
1744740 763
1744750 764
1744760 764
1744770 765
1744780 765
1744790 765
1744800 765
1744810 766
1744820 766
1744830 767
1744840 768
1744850 768
1744860 769
1744870 769
1744880 769
1744890 770
1744900 770
1744910 772
1744920 772
1744930 773
1744940 774
1744950 774
1744960 776
1744970 776
1744980 776
1744990 776
1745000 777
1745010 779
1745020 779
1745030 780
1745040 780
1745050 782
1745060 781
1745070 781
1745080 783
1745090 784
1745100 784
1745110 784
1745120 785
1745130 785
1745140 786
1745150 786
1745160 786
1745170 787
1745180 787
1745190 787
1745200 788
1745210 788
1745220 788
1745230 789
1745240 791
1745250 791
1745260 791
1745270 790
1745280 790
1745290 790
1745300 790
1745310 790
1745320 790
1745330 790
1745340 791
1745350 791
1745360 791
1745370 791
1745380 791
1745390 791
1745400 792
1745410 792
1745420 792
1745430 792
1745440 792
1745450 791
1745460 790
1745470 790
1745480 788
1745490 789
1745500 789
1745510 788
1745520 789
1745530 789
1745540 789
1745550 790
1745560 790
1745570 795
1745580 799
1745590 799
1745600 806
1745610 812
1745620 812
1745630 816
1745640 820
1745650 820
1745660 824
1745670 827
1745680 827
1745690 830
1745700 831
1745710 833
1745720 833
1745730 833
1745740 833
1745750 833
1745760 833
1745770 833
1745780 833
1745790 833
1745800 833
1745810 833
1745820 833
1745830 834
1745840 834
1745850 836
1745860 838
1745870 838
1745880 839
1745890 839
1745900 839
1745910 839
1745920 840
1745930 840
1745940 839
1745950 840
1745960 840
1745970 840
1745980 840
1745990 840
1746000 843
1746010 844
1746020 844
1746030 846
1746040 847
1746050 847
1746060 848
1746070 848
1746080 849
1746090 849
1746100 850
1746110 846
1746120 846
1746130 849
1746140 853
1746150 853
1746160 857
1746170 860
1746180 860
1746190 864
1746200 867
1746210 867
1746220 870
1746230 873
1746240 873
1746250 875
1746260 877
1746270 877
1746280 881
1746290 884
1746300 884
1746310 887
1746320 890
1746330 890
1746340 894
1746350 898
1746360 898
1746370 901
1746380 904
1746390 904
1746400 906
1746410 910
1746420 910
1746430 911
1746440 916
1746450 916
1746460 919
1746470 921
1746480 925
1746490 925
1746500 928
1746510 931
1746520 931
1746530 934
1746540 936
1746550 936
1746560 938
1746570 939
1746580 939
1746590 939
1746600 941
1746610 941
1746620 942
1746630 944
1746640 944
1746650 946
1746660 947
1746670 947
1746680 948
1746690 949
1746700 952
1746710 951
1746720 954
1746730 954
1746740 956
1746750 958
1746760 958
1746770 961
1746780 963
1746790 963
1746800 966
1746810 967
1746820 967
1746830 969
1746840 971
1746850 971
1746860 972
1746870 974
1746880 977
1746890 977
1746900 979
1746910 981
1746920 981
1746930 982
1746940 983
1746950 983
1746960 985
1746970 986
1746980 986
1746990 986
1747000 987
1747010 987
1747020 988
1747030 989
1747040 989
1747050 989
1747060 987
1747070 987
1747080 987
1747090 987
1747100 987
1747110 988
1747120 988
1747130 988
1747140 989
1747150 990
1747160 990
1747170 992
1747180 991
1747190 991
1747200 992
1747210 993
1747220 993
1747230 992
1747240 993
1747250 993
1747260 991
1747270 989
1747280 988
1747290 988
1747300 985
1747310 983
1747320 983
1747330 981
1747340 979
1747350 979
1747360 976
1747370 972
1747380 972
1747390 969
1747400 966
1747410 966
1747420 962
1747430 957
1747440 957
1747450 953
1747460 949
1747470 949
1747480 945
1747490 944
1747500 944
1747510 941
1747520 937
1747530 937
1747540 935
1747550 933
1747560 933
1747570 931
1747580 930
1747590 930
1747600 929
1747610 928
1747620 928
1747630 926
1747640 925
1747650 925
1747660 924
1747670 922
1747680 919
1747690 919
1747700 918
1747710 916
1747720 916
1747730 913
1747740 911
1747750 911
1747760 908
1747770 904
1747780 904
1747790 899
1747800 896
1747810 896
1747820 890
1747830 885
1747840 885
1747850 880
1747860 875
1747870 875
1747880 868
1747890 863
1747900 863
1747910 857
1747920 851
1747930 851
1747940 850
1747950 857
1747960 857
1747970 864
1747980 871
1747990 871
1748000 878
1748010 884
1748020 884
1748030 889
1748040 893
1748050 893
1748060 898
1748070 903
1748080 908
1748090 908
1748100 912
1748110 916
1748120 916
1748130 921
1748140 925
1748150 925
1748160 929
1748170 932
1748180 932
1748190 935
1748200 937
1748210 937
1748220 939
1748230 942
1748240 942
1748250 944
1748260 946
1748270 946
1748280 950
1748290 954
1748300 954
1748310 958
1748320 962
1748330 962
1748340 966
1748350 968
1748360 968
1748370 973
1748380 977
1748390 977
1748400 984
1748410 987
1748420 987
1748430 990
1748440 993
1748450 993
1748460 995
1748470 998
1748480 1000
1748490 1000
1748500 1003
1748510 1005
1748520 1005
1748530 1006
1748540 1007
1748550 1007
1748560 1009
1748570 1012
1748580 1012
1748590 1014
1748600 1016
1748610 1016
1748620 1018
1748630 1019
1748640 1019
1748650 1021
1748660 1023
1748670 1023
1748680 1025
1748690 1027
1748700 1027
1748710 1029
1748720 1033
1748730 1033
1748740 1036
1748750 1038
1748760 1038
1748770 1040
1748780 1040
1748790 1040
1748800 1038
1748810 1036
1748820 1036
1748830 1032
1748840 1028
1748850 1028
1748860 1023
1748870 1019
1748880 1014
1748890 1014
1748900 1010
1748910 1006
1748920 1006
1748930 1002
1748940 997
1748950 997
1748960 993
1748970 988
1748980 988
1748990 985
1749000 983
1749010 983
1749020 980
1749030 978
1749040 978
1749050 975
1749060 972
1749070 972
1749080 969
1749090 966
1749100 966
1749110 963
1749120 961
1749130 961
1749140 958
1749150 956
1749160 956
1749170 954
1749180 952
1749190 952
1749200 949
1749210 945
1749220 945
1749230 942
1749240 938
1749250 936
1749260 936
1749270 930
1749280 928
1749290 928
1749300 925
1749310 922
1749320 922
1749330 918
1749340 915
1749350 915
1749360 911
1749370 906
1749380 906
1749390 900
1749400 895
1749410 895
1749420 890
1749430 884
1749440 884
1749450 881
1749460 877
1749470 877
1749480 873
1749490 869
1749500 869
1749510 865
1749520 863
1749530 863
1749540 856
1749550 852
1749560 852
1749570 848
1749580 845
1749590 845
1749600 842
1749610 836
1749620 836
1749630 829
1749640 824
1749650 823
1749660 823
1749670 823
1749680 824
1749690 824
1749700 825
1749710 830
1749720 830
1749730 836
1749740 840
1749750 840
1749760 845
1749770 849
1749780 849
1749790 856
1749800 861
1749810 861
1749820 868
1749830 874
1749840 874
1749850 878
1749860 883
1749870 883
1749880 889
1749890 895
1749900 895
1749910 900
1749920 906
1749930 906
1749940 909
1749950 911
1749960 911
1749970 913
1749980 917
1749990 917
1750000 921
1750010 923
1750020 923
1750030 928
1750040 931
1750050 934
1750060 934
1750070 937
1750080 938
1750090 938
1750100 940
1750110 942
1750120 942
1750130 944
1750140 945
1750150 945
1750160 947
1750170 948
1750180 948
1750190 950
1750200 951
1750210 951
1750220 951
1750230 956
1750240 956
1750250 962
1750260 965
1750270 965
1750280 969
1750290 973
1750300 973
1750310 976
1750320 979
1750330 979
1750340 980
1750350 982
1750360 982
1750370 984
1750380 986
1750390 986
1750400 988
1750410 989
1750420 989
1750430 991
1750440 993
1750450 994
1750460 994
1750470 995
1750480 997
1750490 997
1750500 999
1750510 1002
1750520 1002
1750530 1005
1750540 1007
1750550 1007
1750560 1008
1750570 1011
1750580 1011
1750590 1014
1750600 1016
1750610 1016
1750620 1019
1750630 1021
1750640 1021
1750650 1023
1750660 1024
1750670 1024
1750680 1025
1750690 1025
1750700 1025
1750710 1026
1750720 1026
1750730 1026
1750740 1024
1750750 1025
1750760 1025
1750770 1023
1750780 1022
1750790 1022
1750800 1022
1750810 1020
1750820 1020
1750830 1020
1750840 1020
1750850 1020
1750860 1020
1750870 1019
1750880 1017
1750890 1017
1750900 1014
1750910 1012
1750920 1012
1750930 1009
1750940 1007
1750950 1007
1750960 1006
1750970 1004
1750980 1004
1750990 1003
1751000 1002
1751010 1002
1751020 1000
1751030 999
1751040 999
1751050 994
1751060 993
1751070 993
1751080 989
1751090 985
1751100 985
1751110 981
1751120 978
1751130 978
1751140 976
1751150 973
1751160 973
1751170 974
1751180 974
1751190 974
1751200 974
1751210 974
1751220 974
1751230 973
1751240 972
1751250 970
1751260 970
1751270 969
1751280 967
1751290 967
1751300 965
1751310 963
1751320 963
1751330 960
1751340 957
1751350 957
1751360 952
1751370 947
1751380 947
1751390 942
1751400 936
1751410 936
1751420 929
1751430 922
1751440 922
1751450 916
1751460 911
1751470 911
1751480 905
1751490 900
1751500 900
1751510 895
1751520 890
1751530 890
1751540 886
1751550 881
1751560 881
1751570 874
1751580 876
1751590 876
1751600 876
1751610 878
1751620 878
1751630 882
1751640 886
1751650 889
1751660 889
1751670 891
1751680 893
1751690 893
1751700 893
1751710 893
1751720 893
1751730 893
1751740 892
1751750 892
1751760 891
1751770 890
1751780 890
1751790 888
1751800 886
1751810 886
1751820 883
1751830 880
1751840 880
1751850 877
1751860 874
1751870 874
1751880 871
1751890 866
1751900 866
1751910 862
1751920 863
1751930 863
1751940 861
1751950 858
1751960 858
1751970 857
1751980 855
1751990 855
1752000 854
1752010 852
1752020 852
1752030 850
1752040 849
1752050 848
1752060 848
1752070 846
1752080 843
1752090 843
1752100 840
1752110 837
1752120 837
1752130 835
1752140 832
1752150 832
1752160 830
1752170 828
1752180 828
1752190 825
1752200 823
1752210 823
1752220 821
1752230 819
1752240 819
1752250 818
1752260 816
1752270 816
1752280 815
1752290 813
1752300 813
1752310 811
1752320 809
1752330 809
1752340 807
1752350 804
1752360 804
1752370 803
1752380 801
1752390 801
1752400 800
1752410 798
1752420 796
1752430 796
1752440 794
1752450 792
1752460 792
1752470 791
1752480 789
1752490 789
1752500 787
1752510 785
1752520 785
1752530 784
1752540 783
1752550 783
1752560 782
1752570 783
1752580 783
1752590 783
1752600 780
1752610 780
1752620 779
1752630 777
1752640 777
1752650 775
1752660 773
1752670 773
1752680 771
1752690 769
1752700 769
1752710 768
1752720 767
1752730 767
1752740 767
1752750 766
1752760 766
1752770 766
1752780 766
1752790 766
1752800 766
1752810 767
1752820 767
1752830 767
1752840 766
1752850 766
1752860 766
1752870 765
1752880 765
1752890 765
1752900 764
1752910 762
1752920 762
1752930 762
1752940 762
1752950 762
1752960 762
1752970 762
1752980 762
1752990 762
1753000 762
1753010 762
1753020 762
1753030 763
1753040 763
1753050 763
1753060 763
1753070 763
1753080 764
1753090 764
1753100 764
1753110 764
1753120 764
1753130 764
1753140 765
1753150 765
1753160 765
1753170 764
1753180 765
1753190 765
1753200 766
1753210 766
1753220 766
1753230 766
1753240 766
1753250 766
1753260 766
1753270 767
1753280 767
1753290 767
1753300 767
1753310 769
1753320 769
1753330 772
1753340 774
1753350 774
1753360 775
1753370 776
1753380 776
1753390 777
1753400 778
1753410 778
1753420 779
1753430 780
1753440 780
1753450 780
1753460 782
1753470 782
1753480 782
1753490 784
1753500 784
1753510 785
1753520 785
1753530 785
1753540 785
1753550 786
1753560 786
1753570 785
1753580 785
1753590 785
1753600 785
1753610 784
1753620 784
1753630 784
1753640 783
1753650 783
1753660 783
1753670 783
1753680 782
1753690 782
1753700 782
1753710 779
1753720 779
1753730 779
1753740 778
1753750 778
1753760 777
1753770 776
1753780 776
1753790 778
1753800 778
1753810 778
1753820 779
1753830 779
1753840 779
1753850 780
1753860 780
1753870 780
1753880 782
1753890 783
1753900 783
1753910 784
1753920 787
1753930 787
1753940 790
1753950 794
1753960 794
1753970 795
1753980 796
1753990 796
1754000 792
1754010 793
1754020 791
1754030 791
1754040 790
1754050 788
1754060 788
1754070 788
1754080 787
1754090 787
1754100 786
1754110 786
1754120 786
1754130 786
1754140 784
1754150 784
1754160 783
1754170 782
1754180 782
1754190 781
1754200 781
1754210 781
1754220 781
1754230 779
1754240 779
1754250 778
1754260 779
1754270 779
1754280 779
1754290 779
1754300 779
1754310 780
1754320 780
1754330 780
1754340 780
1754350 780
1754360 780
1754370 780
1754380 780
1754390 780
1754400 781
1754410 781
1754420 780
1754430 780
1754440 781
1754450 780
1754460 780
1754470 780
1754480 780
1754490 780
1754500 781
1754510 781
1754520 781
1754530 781
1754540 781
1754550 781
1754560 781
1754570 781
1754580 781
1754590 782
1754600 782
1754610 784
1754620 784
1754630 783
1754640 783
1754650 783
1754660 782
1754670 782
1754680 782
1754690 783
1754700 783
1754710 783
1754720 783
1754730 783
1754740 783
1754750 783
1754760 783
1754770 783
1754780 783
1754790 783
1754800 784
1754810 784
1754820 784
1754830 784
1754840 785
1754850 785
1754860 785
1754870 785
1754880 785
1754890 785
1754900 785
1754910 785
1754920 785
1754930 785
1754940 785
1754950 785
1754960 785
1754970 784
1754980 784
1754990 784
1755000 785
1755010 785
1755020 786
1755030 787
1755040 787
1755050 787
1755060 787
1755070 787
1755080 787
1755090 787
1755100 787
1755110 787
1755120 787
1755130 787
1755140 787
1755150 788
1755160 788
1755170 788
1755180 788
1755190 788
1755200 788
1755210 789
1755220 789
1755230 789
1755240 789
1755250 789
1755260 789
1755270 790
1755280 790
1755290 790
1755300 790
1755310 791
1755320 791
1755330 791
1755340 792
1755350 792
1755360 794
1755370 795
1755380 795
1755390 796
1755400 797
1755410 797
1755420 798
1755430 798
1755440 798
1755450 799
1755460 800
1755470 800
1755480 800
1755490 801
1755500 801
1755510 802
1755520 802
1755530 802
1755540 805
1755550 805
1755560 805
1755570 806
1755580 806
1755590 808
1755600 808
1755610 809
1755620 810
1755630 810
1755640 811
1755650 813
1755660 813
1755670 815
1755680 816
1755690 816
1755700 815
1755710 815
1755720 815
1755730 815
1755740 816
1755750 816
1755760 813
1755770 813
1755780 813
1755790 818
1755800 821
1755810 821
1755820 824
1755830 826
1755840 826
1755850 828
1755860 830
1755870 830
1755880 832
1755890 834
1755900 834
1755910 837
1755920 840
1755930 840
1755940 842
1755950 844
1755960 844
1755970 845
1755980 846
1755990 848
1756000 848
1756010 849
1756020 850
1756030 850
1756040 851
1756050 853
1756060 853
1756070 854
1756080 855
1756090 855
1756100 854
1756110 854
1756120 854
1756130 855
1756140 854
1756150 854
1756160 854
1756170 854
1756180 854
1756190 853
1756200 852
1756210 852
1756220 851
1756230 850
1756240 850
1756250 848
1756260 849
1756270 849
1756280 845
1756290 839
1756300 839
1756310 837
1756320 842
1756330 842
1756340 844
1756350 847
1756360 847
1756370 852
1756380 856
1756390 858
1756400 858
1756410 862
1756420 867
1756430 867
1756440 869
1756450 872
1756460 872
1756470 879
1756480 884
1756490 884
1756500 888
1756510 891
1756520 891
1756530 894
1756540 897
1756550 897
1756560 900
1756570 901
1756580 901
1756590 903
1756600 906
1756610 906
1756620 907
1756630 910
1756640 910
1756650 914
1756660 918
1756670 918
1756680 922
1756690 925
1756700 925
1756710 928
1756720 932
1756730 932
1756740 935
1756750 938
1756760 938
1756770 941
1756780 944
1756790 947
1756800 947
1756810 949
1756820 951
1756830 951
1756840 954
1756850 955
1756860 955
1756870 957
1756880 958
1756890 958
1756900 958
1756910 958
1756920 958
1756930 958
1756940 958
1756950 958
1756960 958
1756970 957
1756980 957
1756990 957
1757000 957
1757010 957
1757020 956
1757030 956
1757040 956
1757050 956
1757060 956
1757070 956
1757080 956
1757090 956
1757100 956
1757110 957
1757120 957
1757130 957
1757140 958
1757150 958
1757160 958
1757170 959
1757180 958
1757190 958
1757200 958
1757210 956
1757220 954
1757230 954
1757240 953
1757250 950
1757260 950
1757270 948
1757280 947
1757290 947
1757300 946
1757310 944
1757320 944
1757330 942
1757340 941
1757350 941
1757360 939
1757370 937
1757380 937
1757390 936
1757400 934
1757410 934
1757420 932
1757430 931
1757440 931
1757450 930
1757460 928
1757470 928
1757480 928
1757490 929
1757500 929
1757510 928
1757520 926
1757530 926
1757540 926
1757550 924
1757560 924
1757570 921
1757580 921
1757590 921
1757600 921
1757610 921
1757620 921
1757630 921
1757640 921
1757650 921
1757660 921
1757670 921
1757680 921
1757690 921
1757700 921
1757710 920
1757720 920
1757730 919
1757740 919
1757750 919
1757760 918
1757770 918
1757780 918
1757790 918
1757800 918
1757810 918
1757820 917
1757830 916
1757840 916
1757850 912
1757860 909
1757870 909
1757880 904
1757890 902
1757900 902
1757910 901
1757920 900
1757930 900
1757940 899
1757950 899
1757960 899
1757970 898
1757980 897
1757990 896
1758000 896
1758010 893
1758020 890
1758030 890
1758040 886
1758050 882
1758060 882
1758070 879
1758080 875
1758090 875
1758100 874
1758110 873
1758120 873
1758130 880
1758140 886
1758150 886
1758160 893
1758170 900
1758180 900
1758190 907
1758200 915
1758210 915
1758220 922
1758230 929
1758240 929
1758250 932
1758260 932
1758270 932
1758280 930
1758290 927
1758300 927
1758310 925
1758320 922
1758330 922
1758340 919
1758350 915
1758360 915
1758370 912
1758380 908
1758390 904
1758400 904
1758410 901
1758420 896
1758430 896
1758440 891
1758450 891
1758460 891
1758470 888
1758480 886
1758490 886
1758500 884
1758510 884
1758520 884
1758530 881
1758540 879
1758550 879
1758560 879
1758570 878
1758580 878
1758590 878
1758600 878
1758610 878
1758620 877
1758630 875
1758640 875
1758650 872
1758660 870
1758670 870
1758680 866
1758690 863
1758700 863
1758710 861
1758720 858
1758730 858
1758740 849
1758750 845
1758760 845
1758770 845
1758780 846
1758790 846
1758800 846
1758810 847
1758820 848
1758830 848
1758840 853
1758850 855
1758860 855
1758870 862
1758880 868
1758890 868
1758900 875
1758910 878
1758920 878
1758930 885
1758940 889
1758950 889
1758960 894
1758970 898
1758980 898
1758990 903
1759000 907
1759010 907
1759020 916
1759030 921
1759040 921
1759050 925
1759060 930
1759070 930
1759080 932
1759090 933
1759100 933
1759110 934
1759120 938
1759130 938
1759140 945
1759150 952
1759160 959
1759170 959
1759180 966
1759190 973
1759200 973
1759210 980
1759220 987
1759230 987
1759240 993
1759250 998
1759260 998
1759270 1004
1759280 1009
1759290 1009
1759300 1014
1759310 1020
1759320 1020
1759330 1022
1759340 1028
1759350 1028
1759360 1032
1759370 1037
1759380 1037
1759390 1041
1759400 1045
1759410 1045
1759420 1050
1759430 1053
1759440 1053
1759450 1057
1759460 1061
1759470 1061
1759480 1064
1759490 1068
1759500 1068
1759510 1072
1759520 1075
1759530 1075
1759540 1077
1759550 1078
1759560 1078
1759570 1078
1759580 1075
1759590 1072
1759600 1072
1759610 1070
1759620 1069
1759630 1069
1759640 1066
1759650 1066
1759660 1066
1759670 1067
1759680 1069
1759690 1069
1759700 1070
1759710 1071
1759720 1071
1759730 1072
1759740 1073
1759750 1073
1759760 1073
1759770 1073
1759780 1073
1759790 1073
1759800 1073
1759810 1073
1759820 1073
1759830 1072
1759840 1072
1759850 1072
1759860 1073
1759870 1073
1759880 1073
1759890 1074
1759900 1074
1759910 1075
1759920 1078
1759930 1078
1759940 1082
1759950 1088
1759960 1095
1759970 1095
1759980 1103
1759990 1110
