1740000 1312
1740010 1312
1740020 1312
1740030 1311
1740040 1311
1740050 1311
1740060 1309
1740070 1307
1740080 1307
1740090 1306
1740100 1305
1740110 1304
1740120 1304
1740130 1303
1740140 1302
1740150 1302
1740160 1301
1740170 1301
1740180 1301
1740190 1300
1740200 1299
1740210 1299
1740220 1298
1740230 1298
1740240 1298
1740250 1295
1740260 1293
1740270 1293
1740280 1292
1740290 1290
1740300 1290
1740310 1289
1740320 1288
1740330 1288
1740340 1285
1740350 1281
1740360 1281
1740370 1276
1740380 1272
1740390 1272
1740400 1267
1740410 1262
1740420 1262
1740430 1258
1740440 1254
1740450 1254
1740460 1251
1740470 1248
1740480 1248
1740490 1245
1740500 1240
1740510 1235
1740520 1235
1740530 1230
1740540 1226
1740550 1226
1740560 1220
1740570 1214
1740580 1214
1740590 1209
1740600 1205
1740610 1205
1740620 1202
1740630 1198
1740640 1198
1740650 1192
1740660 1187
1740670 1187
1740680 1181
1740690 1177
1740700 1177
1740710 1174
1740720 1173
1740730 1173
1740740 1172
1740750 1171
1740760 1171
1740770 1169
1740780 1166
1740790 1166
1740800 1161
1740810 1156
1740820 1156
1740830 1152
1740840 1148
1740850 1148
1740860 1143
1740870 1138
1740880 1138
1740890 1133
1740900 1131
1740910 1127
1740920 1127
1740930 1123
1740940 1121
1740950 1121
1740960 1118
1740970 1115
1740980 1115
1740990 1113
1741000 1111
1741010 1111
1741020 1106
1741030 1103
1741040 1103
1741050 1100
1741060 1096
1741070 1096
1741080 1093
1741090 1089
1741100 1089
1741110 1084
1741120 1081
1741130 1081
1741140 1078
1741150 1075
1741160 1075
1741170 1074
1741180 1074
1741190 1074
1741200 1074
1741210 1073
1741220 1073
1741230 1071
1741240 1070
1741250 1070
1741260 1068
1741270 1066
1741280 1066
1741290 1066
1741300 1060
1741310 1058
1741320 1058
1741330 1057
1741340 1056
1741350 1056
1741360 1054
1741370 1052
1741380 1052
1741390 1050
1741400 1050
1741410 1050
1741420 1047
1741430 1042
1741440 1042
1741450 1037
1741460 1034
1741470 1034
1741480 1030
1741490 1026
1741500 1026
1741510 1022
1741520 1018
1741530 1018
1741540 1014
1741550 1010
1741560 1010
1741570 1007
1741580 1005
1741590 1005
1741600 1001
1741610 997
1741620 997
1741630 992
1741640 988
1741650 988
1741660 982
1741670 974
1741680 970
1741690 970
1741700 965
1741710 959
1741720 959
1741730 953
1741740 946
1741750 946
1741760 940
1741770 935
1741780 935
1741790 930
1741800 926
1741810 926
1741820 925
1741830 927
1741840 927
1741850 929
1741860 935
1741870 935
1741880 937
1741890 935
1741900 935
1741910 936
1741920 937
1741930 937
1741940 938
1741950 940
1741960 940
1741970 941
1741980 940
1741990 940
1742000 939
1742010 938
1742020 938
1742030 937
1742040 937
1742050 937
1742060 936
1742070 934
1742080 934
1742090 934
1742100 932
1742110 929
1742120 929
1742130 926
1742140 925
1742150 925
1742160 927
1742170 930
1742180 930
1742190 933
1742200 937
1742210 937
1742220 939
1742230 941
1742240 941
1742250 942
1742260 943
1742270 943
1742280 942
1742290 943
1742300 943
1742310 943
1742320 944
1742330 944
1742340 943
1742350 944
1742360 944
1742370 945
1742380 945
1742390 945
1742400 945
1742410 943
1742420 943
1742430 940
1742440 939
1742450 939
1742460 937
1742470 935
1742480 933
1742490 933
1742500 934
1742510 935
1742520 935
1742530 939
1742540 941
1742550 941
1742560 943
1742570 946
1742580 946
1742590 950
1742600 953
1742610 953
1742620 953
1742630 953
1742640 953
1742650 952
1742660 950
1742670 950
1742680 947
1742690 943
1742700 943
1742710 940
1742720 941
1742730 941
1742740 940
1742750 938
1742760 938
1742770 934
1742780 931
1742790 931
1742800 929
1742810 927
1742820 927
1742830 922
1742840 917
1742850 917
1742860 913
1742870 910
1742880 905
1742890 905
1742900 907
1742910 904
1742920 904
1742930 901
1742940 896
1742950 896
1742960 892
1742970 885
1742980 885
1742990 884
1743000 883
1743010 883
1743020 879
1743030 874
1743040 874
1743050 872
1743060 866
1743070 866
1743080 861
1743090 856
1743100 856
1743110 851
1743120 845
1743130 845
1743140 839
1743150 833
1743160 833
1743170 827
1743180 820
1743190 820
1743200 814
1743210 809
1743220 809
1743230 801
1743240 793
1743250 793
1743260 789
1743270 782
1743280 776
1743290 776
1743300 771
1743310 766
1743320 766
1743330 762
1743340 756
1743350 756
1743360 752
1743370 747
1743380 747
1743390 742
1743400 737
1743410 737
1743420 733
1743430 727
1743440 727
1743450 723
1743460 721
1743470 721
1743480 721
1743490 720
1743500 720
1743510 719
1743520 718
1743530 718
1743540 719
1743550 717
1743560 717
1743570 716
1743580 712
1743590 712
1743600 708
1743610 703
1743620 703
1743630 696
1743640 689
1743650 689
1743660 680
1743670 672
1743680 670
1743690 670
1743700 669
1743710 669
1743720 669
1743730 668
1743740 667
1743750 667
1743760 667
1743770 670
1743780 670
1743790 670
1743800 670
1743810 670
1743820 670
1743830 670
1743840 670
1743850 670
1743860 670
1743870 670
1743880 670
1743890 670
1743900 670
1743910 671
1743920 671
1743930 671
1743940 671
1743950 675
1743960 675
1743970 675
1743980 679
1743990 679
1744000 682
1744010 683
1744020 683
1744030 685
1744040 685
1744050 685
1744060 685
1744070 685
1744080 685
1744090 685
1744100 688
1744110 688
1744120 688
1744130 689
1744140 689
1744150 689
1744160 692
1744170 693
1744180 693
1744190 698
1744200 700
1744210 700
1744220 701
1744230 701
1744240 701
1744250 704
1744260 706
1744270 706
1744280 707
1744290 708
1744300 708
1744310 710
1744320 711
1744330 711
1744340 712
1744350 715
1744360 715
1744370 717
1744380 720
1744390 720
1744400 723
1744410 726
1744420 726
1744430 729
1744440 731
1744450 734
1744460 734
1744470 737
1744480 739
1744490 739
1744500 741
1744510 743
1744520 745
1744530 747
1744540 750
1744550 750
1744560 752
1744570 754
1744580 754
1744590 754
1744600 753
1744610 753
1744620 752
1744630 752
1744640 752
1744650 752
1744660 752
1744670 752
1744680 752
1744690 752
1744700 752
1744710 753
1744720 753
1744730 753
1744740 754
1744750 754
1744760 754
1744770 755
1744780 756
1744790 756
1744800 757
1744810 758
1744820 758
1744830 759
1744840 761
1744850 762
1744860 762
1744870 763
1744880 764
1744890 764
1744900 766
1744910 767
1744920 767
1744930 768
1744940 769
1744950 769
1744960 770
1744970 771
1744980 771
1744990 772
1745000 773
1745010 773
1745020 773
1745030 774
1745040 774
1745050 775
1745060 776
1745070 776
1745080 776
1745090 777
1745100 777
1745110 778
1745120 779
1745130 779
1745140 779
1745150 779
1745160 779
1745170 779
1745180 779
1745190 779
1745200 778
1745210 778
1745220 778
1745230 779
1745240 780
1745250 782
1745260 782
1745270 783
1745280 782
1745290 782
1745300 784
1745310 784
1745320 784
1745330 783
1745340 783
1745350 783
1745360 783
1745370 784
1745380 784
1745390 784
1745400 784
1745410 784
1745420 784
1745430 779
1745440 779
1745450 775
1745460 775
1745470 775
1745480 773
1745490 774
1745500 774
1745510 776
1745520 779
1745530 779
1745540 780
1745550 783
1745560 783
1745570 785
1745580 787
1745590 787
1745600 789
1745610 792
1745620 792
1745630 795
1745640 799
1745650 803
1745660 803
1745670 805
1745680 807
1745690 807
1745700 808
1745710 809
1745720 809
1745730 810
1745740 809
1745750 809
1745760 809
1745770 810
1745780 810
1745790 811
1745800 813
1745810 813
1745820 814
1745830 815
1745840 815
1745850 817
1745860 817
1745870 817
1745880 820
1745890 822
1745900 822
1745910 823
1745920 825
1745930 825
1745940 827
1745950 827
1745960 827
1745970 828
1745980 829
1745990 829
1746000 829
1746010 831
1746020 831
1746030 832
1746040 836
1746050 841
1746060 841
1746070 846
1746080 850
1746090 850
1746100 854
1746110 859
1746120 859
1746130 863
1746140 865
1746150 865
1746160 868
1746170 872
1746180 872
1746190 876
1746200 879
1746210 877
1746220 879
1746230 882
1746240 882
1746250 885
1746260 886
1746270 886
1746280 887
1746290 888
1746300 888
1746310 890
1746320 892
1746330 892
1746340 895
1746350 897
1746360 897
1746370 900
1746380 902
1746390 902
1746400 905
1746410 907
1746420 907
1746430 908
1746440 911
1746450 912
1746460 912
1746470 913
1746480 914
1746490 914
1746500 916
1746510 918
1746520 918
1746530 923
1746540 922
1746550 922
1746560 924
1746570 925
1746580 925
1746590 928
1746600 929
1746610 929
1746620 931
1746630 932
1746640 932
1746650 933
1746660 935
1746670 935
1746680 937
1746690 939
1746700 939
1746710 939
1746720 942
1746730 942
1746740 943
1746750 944
1746760 944
1746770 945
1746780 949
1746790 949
1746800 950
1746810 951
1746820 951
1746830 954
1746840 955
1746850 956
1746860 956
1746870 957
1746880 958
1746890 958
1746900 960
1746910 961
1746920 961
1746930 961
1746940 961
1746950 961
1746960 960
1746970 961
1746980 961
1746990 961
1747000 960
1747010 960
1747020 959
1747030 959
1747040 959
1747050 959
1747060 959
1747070 959
1747080 960
1747090 960
1747100 960
1747110 961
1747120 964
1747130 964
1747140 969
1747150 973
1747160 973
1747170 975
1747180 977
1747190 977
1747200 979
1747210 980
1747220 980
1747230 980
1747240 980
1747250 979
1747260 979
1747270 977
1747280 975
1747290 975
1747300 971
1747310 969
1747320 969
1747330 967
1747340 967
1747350 967
1747360 964
1747370 961
1747380 961
1747390 958
1747400 955
1747410 955
1747420 951
1747430 948
1747440 948
1747450 943
1747460 939
1747470 939
1747480 935
1747490 932
1747500 932
1747510 930
1747520 927
1747530 927
1747540 925
1747550 923
1747560 923
1747570 921
1747580 919
1747590 919
1747600 918
1747610 915
1747620 912
1747630 912
1747640 909
1747650 907
1747660 907
1747670 904
1747680 902
1747690 902
1747700 899
1747710 897
1747720 897
1747730 893
1747740 890
1747750 890
1747760 887
1747770 884
1747780 884
1747790 879
1747800 876
1747810 876
1747820 872
1747830 869
1747840 869
1747850 865
1747860 861
1747870 865
1747880 860
1747890 854
1747900 854
1747910 848
1747920 845
1747930 845
1747940 852
1747950 860
1747960 860
1747970 866
1747980 874
1747990 874
1748000 880
1748010 886
1748020 893
1748030 893
1748040 899
1748050 904
1748060 904
1748070 909
1748080 913
1748090 913
1748100 916
1748110 920
1748120 920
1748130 923
1748140 922
1748150 922
1748160 922
1748170 923
1748180 923
1748190 925
1748200 926
1748210 926
1748220 931
1748230 937
1748240 937
1748250 942
1748260 946
1748270 946
1748280 949
1748290 952
1748300 952
1748310 956
1748320 959
1748330 959
1748340 963
1748350 967
1748360 967
1748370 971
1748380 976
1748390 976
1748400 980
1748410 982
1748420 985
1748430 985
1748440 987
1748450 989
1748460 989
1748470 992
1748480 994
1748490 994
1748500 997
1748510 999
1748520 999
1748530 1002
1748540 1004
1748550 1004
1748560 1006
1748570 1007
1748580 1007
1748590 1009
1748600 1010
1748610 1010
1748620 1011
1748630 1012
1748640 1012
1748650 1012
1748660 1014
1748670 1014
1748680 1015
1748690 1016
1748700 1016
1748710 1018
1748720 1022
1748730 1022
1748740 1026
1748750 1028
1748760 1028
1748770 1030
1748780 1031
1748790 1031
1748800 1030
1748810 1030
1748820 1029
1748830 1029
1748840 1027
1748850 1025
1748860 1025
1748870 1021
1748880 1018
1748890 1018
1748900 1015
1748910 1012
1748920 1012
1748930 1009
1748940 1006
1748950 1006
1748960 1004
1748970 1001
1748980 1001
1748990 997
1749000 994
1749010 994
1749020 990
1749030 987
1749040 987
1749050 983
1749060 980
1749070 980
1749080 977
1749090 974
1749100 974
1749110 970
1749120 967
1749130 967
1749140 964
1749150 961
1749160 961
1749170 958
1749180 954
1749190 954
1749200 952
1749210 948
1749220 946
1749230 946
1749240 943
1749250 939
1749260 939
1749270 934
1749280 929
1749290 929
1749300 924
1749310 920
1749320 920
1749330 916
1749340 913
1749350 913
1749360 910
1749370 908
1749380 908
1749390 905
1749400 900
1749410 900
1749420 896
1749430 891
1749440 891
1749450 888
1749460 885
1749470 885
1749480 881
1749490 876
1749500 876
1749510 870
1749520 865
1749530 865
1749540 860
1749550 856
1749560 856
1749570 853
1749580 849
1749590 849
1749600 843
1749610 836
1749620 830
1749630 830
1749640 823
1749650 821
1749660 821
1749670 821
1749680 821
1749690 821
1749700 823
1749710 822
1749720 822
1749730 824
1749740 830
1749750 830
1749760 835
1749770 842
1749780 842
1749790 849
1749800 856
1749810 856
1749820 864
1749830 871
1749840 871
1749850 880
1749860 885
1749870 885
1749880 891
1749890 897
1749900 897
1749910 903
1749920 909
1749930 909
1749940 913
1749950 918
1749960 918
1749970 922
1749980 925
1749990 926
1750000 926
1750010 928
1750020 929
1750030 929
1750040 931
1750050 932
1750060 932
1750070 934
1750080 935
1750090 935
1750100 936
1750110 937
1750120 937
1750130 937
1750140 937
1750150 937
1750160 937
1750170 942
1750180 942
1750190 948
1750200 952
1750210 952
1750220 956
1750230 958
1750240 958
1750250 960
1750260 963
1750270 963
1750280 964
1750290 966
1750300 966
1750310 967
1750320 970
1750330 970
1750340 972
1750350 973
1750360 973
1750370 975
1750380 976
1750390 977
1750400 977
1750410 979
1750420 981
1750430 981
1750440 983
1750450 985
1750460 985
1750470 987
1750480 989
1750490 989
1750500 990
1750510 992
1750520 992
1750530 994
1750540 995
1750550 995
1750560 996
1750570 999
1750580 999
1750590 1002
1750600 1005
1750610 1005
1750620 1007
1750630 1009
1750640 1009
1750650 1011
1750660 1013
1750670 1013
1750680 1015
1750690 1016
1750700 1016
1750710 1017
1750720 1018
1750730 1018
1750740 1018
1750750 1018
1750760 1018
1750770 1018
1750780 1018
1750790 1016
1750800 1016
1750810 1016
1750820 1014
1750830 1014
1750840 1012
1750850 1010
1750860 1010
1750870 1009
1750880 1007
1750890 1007
1750900 1005
1750910 1003
1750920 1003
1750930 1000
1750940 999
1750950 999
1750960 998
1750970 993
1750980 993
1750990 991
1751000 987
1751010 987
1751020 985
1751030 980
1751040 980
1751050 977
1751060 971
1751070 971
1751080 970
1751090 965
1751100 965
1751110 960
1751120 956
1751130 956
1751140 954
1751150 953
1751160 953
1751170 954
1751180 956
1751190 957
1751200 957
1751210 957
1751220 957
1751230 957
1751240 958
1751250 956
1751260 956
1751270 957
1751280 955
1751290 955
1751300 955
1751310 954
1751320 954
1751330 952
1751340 949
1751350 949
1751360 947
1751370 942
1751380 942
1751390 938
1751400 933
1751410 933
1751420 927
1751430 921
1751440 921
1751450 915
1751460 909
1751470 909
1751480 903
1751490 898
1751500 898
1751510 893
1751520 888
1751530 888
1751540 884
1751550 880
1751560 880
1751570 876
1751580 872
1751590 868
1751600 868
1751610 864
1751620 860
1751630 860
1751640 857
1751650 860
1751660 860
1751670 864
1751680 865
1751690 865
1751700 865
1751710 863
1751720 863
1751730 862
1751740 861
1751750 861
1751760 859
1751770 858
1751780 858
1751790 855
1751800 852
1751810 852
1751820 850
1751830 849
1751840 849
1751850 846
1751860 844
1751870 844
1751880 842
1751890 842
1751900 842
1751910 841
1751920 841
1751930 841
1751940 840
1751950 839
1751960 839
1751970 838
1751980 837
1751990 835
1752000 835
1752010 834
1752020 834
1752030 834
1752040 833
1752050 833
1752060 833
1752070 832
1752080 831
1752090 831
1752100 829
1752110 827
1752120 827
1752130 825
1752140 822
1752150 822
1752160 820
1752170 818
1752180 818
1752190 816
1752200 814
1752210 814
1752220 812
1752230 811
1752240 811
1752250 808
1752260 806
1752270 806
1752280 804
1752290 801
1752300 801
1752310 799
1752320 796
1752330 796
1752340 794
1752350 793
1752360 793
1752370 791
1752380 789
1752390 787
1752400 787
1752410 786
1752420 784
1752430 784
1752440 783
1752450 782
1752460 782
1752470 782
1752480 782
1752490 782
1752500 781
1752510 780
1752520 780
1752530 779
1752540 778
1752550 778
1752560 776
1752570 774
1752580 774
1752590 773
1752600 770
1752610 770
1752620 768
1752630 766
1752640 768
1752650 766
1752660 765
1752670 765
1752680 764
1752690 763
1752700 763
1752710 762
1752720 762
1752730 762
1752740 762
1752750 762
1752760 762
1752770 762
1752780 762
1752790 762
1752800 762
1752810 760
1752820 759
1752830 759
1752840 759
1752850 759
1752860 759
1752870 760
1752880 761
1752890 761
1752900 761
1752910 762
1752920 762
1752930 762
1752940 760
1752950 760
1752960 760
1752970 762
1752980 762
1752990 762
1753000 762
1753010 762
1753020 762
1753030 762
1753040 762
1753050 763
1753060 763
1753070 763
1753080 763
1753090 764
1753100 764
1753110 765
1753120 765
1753130 765
1753140 765
1753150 765
1753160 766
1753170 766
1753180 766
1753190 767
1753200 767
1753210 768
1753220 770
1753230 770
1753240 771
1753250 773
1753260 773
1753270 774
1753280 775
1753290 775
1753300 776
1753310 778
1753320 778
1753330 778
1753340 780
1753350 780
1753360 781
1753370 783
1753380 783
1753390 786
1753400 787
1753410 787
1753420 788
1753430 787
1753440 787
1753450 788
1753460 788
1753470 788
1753480 789
1753490 789
1753500 789
1753510 789
1753520 789
1753530 789
1753540 789
1753550 790
1753560 791
1753570 791
1753580 790
1753590 789
1753600 789
1753610 790
1753620 790
1753630 790
1753640 789
1753650 789
1753660 789
1753670 789
1753680 788
1753690 788
1753700 788
1753710 787
1753720 787
1753730 786
1753740 785
1753750 785
1753760 785
1753770 784
1753780 784
1753790 783
1753800 782
1753810 782
1753820 782
1753830 782
1753840 782
1753850 782
1753860 782
1753870 782
1753880 782
1753890 782
1753900 782
1753910 782
1753920 783
1753930 783
1753940 786
1753950 789
1753960 791
1753970 791
1753980 792
1753990 797
1754000 797
1754010 798
1754020 799
1754030 799
1754040 799
1754050 800
1754060 800
1754070 800
1754080 800
1754090 800
1754100 799
1754110 799
1754120 799
1754130 799
1754140 798
1754150 798
1754160 798
1754170 794
1754180 794
1754190 794
1754200 793
1754210 793
1754220 793
1754230 792
1754240 792
1754250 790
1754260 788
1754270 788
1754280 787
1754290 787
1754300 787
1754310 787
1754320 786
1754330 786
1754340 786
1754350 786
1754360 787
1754370 787
1754380 788
1754390 788
1754400 788
1754410 789
1754420 789
1754430 789
1754440 788
1754450 787
1754460 787
1754470 787
1754480 790
1754490 790
1754500 791
1754510 791
1754520 791
1754530 790
1754540 788
1754550 788
1754560 788
1754570 788
1754580 788
1754590 788
1754600 786
1754610 786
1754620 786
1754630 787
1754640 787
1754650 786
1754660 786
1754670 786
1754680 786
1754690 786
1754700 786
1754710 787
1754720 786
1754730 786
1754740 786
1754750 788
1754760 785
1754770 785
1754780 785
1754790 784
1754800 784
1754810 784
1754820 784
1754830 784
1754840 784
1754850 784
1754860 784
1754870 784
1754880 785
1754890 785
1754900 785
1754910 785
1754920 785
1754930 785
1754940 785
1754950 785
1754960 786
1754970 786
1754980 786
1754990 786
1755000 787
1755010 787
1755020 787
1755030 787
1755040 787
1755050 788
1755060 788
1755070 788
1755080 788
1755090 788
1755100 788
1755110 789
1755120 789
1755130 789
1755140 789
1755150 789
1755160 790
1755170 790
1755180 791
1755190 791
1755200 791
1755210 793
1755220 795
1755230 795
1755240 796
1755250 798
1755260 798
1755270 800
1755280 802
1755290 802
1755300 802
1755310 803
1755320 803
1755330 803
1755340 804
1755350 804
1755360 805
1755370 805
1755380 805
1755390 806
1755400 806
1755410 806
1755420 807
1755430 807
1755440 807
1755450 807
1755460 808
1755470 808
1755480 808
1755490 809
1755500 809
1755510 812
1755520 812
1755530 812
1755540 817
1755550 820
1755560 821
1755570 821
1755580 822
1755590 824
1755600 824
1755610 827
1755620 827
1755630 827
1755640 827
1755650 830
1755660 830
1755670 829
1755680 829
1755690 829
1755700 829
1755710 829
1755720 829
1755730 828
1755740 828
1755750 828
1755760 830
1755770 829
1755780 829
1755790 826
1755800 829
1755810 829
1755820 832
1755830 836
1755840 836
1755850 839
1755860 841
1755870 841
1755880 844
1755890 847
1755900 847
1755910 850
1755920 853
1755930 856
1755940 856
1755950 858
1755960 859
1755970 859
1755980 860
1755990 861
1756000 861
1756010 863
1756020 864
1756030 864
1756040 865
1756050 866
1756060 866
1756070 866
1756080 867
1756090 867
1756100 867
1756110 867
1756120 867
1756130 867
1756140 868
1756150 868
1756160 870
1756170 871
1756180 871
1756190 872
1756200 872
1756210 872
1756220 871
1756230 870
1756240 870
1756250 867
1756260 864
1756270 864
1756280 860
1756290 858
1756300 858
1756310 855
1756320 849
1756330 846
1756340 846
1756350 846
1756360 852
1756370 852
1756380 853
1756390 856
1756400 856
1756410 859
1756420 866
1756430 866
1756440 873
1756450 878
1756460 878
1756470 883
1756480 885
1756490 885
1756500 891
1756510 895
1756520 895
1756530 899
1756540 903
1756550 903
1756560 907
1756570 911
1756580 911
1756590 916
1756600 920
1756610 920
1756620 924
1756630 926
1756640 926
1756650 930
1756660 933
1756670 933
1756680 937
1756690 940
1756700 940
1756710 943
1756720 947
1756730 951
1756740 951
1756750 954
1756760 958
1756770 958
1756780 960
1756790 964
1756800 964
1756810 967
1756820 969
1756830 969
1756840 971
1756850 973
1756860 973
1756870 975
1756880 976
1756890 976
1756900 978
1756910 979
1756920 979
1756930 980
1756940 980
1756950 980
1756960 981
1756970 980
1756980 980
1756990 980
1757000 980
1757010 980
1757020 979
1757030 979
1757040 979
1757050 976
1757060 976
1757070 976
1757080 975
1757090 974
1757100 974
1757110 973
1757120 974
1757130 975
1757140 975
1757150 973
1757160 973
1757170 973
1757180 973
1757190 972
1757200 972
1757210 972
1757220 971
1757230 971
1757240 970
1757250 968
1757260 968
1757270 966
1757280 964
1757290 964
1757300 961
1757310 959
1757320 959
1757330 957
1757340 955
1757350 955
1757360 952
1757370 950
1757380 950
1757390 948
1757400 946
1757410 946
1757420 943
1757430 942
1757440 942
1757450 940
1757460 939
1757470 939
1757480 939
1757490 937
1757500 937
1757510 937
1757520 936
1757530 935
1757540 935
1757550 935
1757560 934
1757570 934
1757580 933
1757590 932
1757600 932
1757610 932
1757620 931
1757630 931
1757640 931
1757650 931
1757660 931
1757670 932
1757680 932
1757690 932
1757700 933
1757710 934
1757720 934
1757730 934
1757740 935
1757750 935
1757760 936
1757770 937
1757780 937
1757790 937
1757800 935
1757810 935
1757820 931
1757830 927
1757840 927
1757850 923
1757860 919
1757870 919
1757880 917
1757890 914
1757900 914
1757910 912
1757920 910
1757930 910
1757940 910
1757950 908
1757960 908
1757970 908
1757980 907
1757990 905
1758000 905
1758010 904
1758020 899
1758030 899
1758040 894
1758050 889
1758060 889
1758070 882
1758080 880
1758090 880
1758100 879
1758110 882
1758120 882
1758130 889
1758140 895
1758150 895
1758160 903
1758170 910
1758180 910
1758190 917
1758200 924
1758210 924
1758220 931
1758230 938
1758240 938
1758250 945
1758260 950
1758270 950
1758280 950
1758290 948
1758300 948
1758310 946
1758320 943
1758330 940
1758340 940
1758350 937
1758360 933
1758370 933
1758380 929
1758390 925
1758400 925
1758410 920
1758420 915
1758430 915
1758440 910
1758450 907
1758460 907
1758470 906
1758480 903
1758490 903
1758500 903
1758510 901
1758520 901
1758530 898
1758540 897
1758550 897
1758560 894
1758570 894
1758580 894
1758590 894
1758600 892
1758610 892
1758620 891
1758630 889
1758640 889
1758650 885
1758660 882
1758670 882
1758680 877
1758690 874
1758700 874
1758710 871
1758720 866
1758730 860
1758740 860
1758750 853
1758760 848
1758770 848
1758780 847
1758790 846
1758800 846
1758810 847
1758820 847
1758830 847
1758840 848
1758850 848
1758860 848
1758870 854
1758880 861
1758890 861
1758900 864
1758910 868
1758920 868
1758930 872
1758940 876
1758950 876
1758960 880
1758970 882
1758980 882
1758990 884
1759000 885
1759010 885
1759020 887
1759030 892
1759040 892
1759050 901
1759060 908
1759070 908
1759080 915
1759090 920
1759100 926
1759110 926
1759120 932
1759130 938
1759140 938
1759150 943
1759160 949
1759170 949
1759180 954
1759190 959
1759200 959
1759210 964
1759220 969
1759230 969
1759240 974
1759250 978
1759260 978
1759270 982
1759280 986
1759290 986
1759300 990
1759310 994
1759320 994
1759330 998
1759340 1002
1759350 1002
1759360 1005
1759370 1009
1759380 1009
1759390 1013
1759400 1017
1759410 1017
1759420 1020
1759430 1025
1759440 1025
1759450 1027
1759460 1031
1759470 1031
1759480 1036
1759490 1039
1759500 1042
1759510 1042
1759520 1045
1759530 1048
1759540 1048
1759550 1050
1759560 1051
1759570 1051
1759580 1051
1759590 1048
1759600 1048
1759610 1045
1759620 1042
1759630 1042
1759640 1039
1759650 1035
1759660 1035
1759670 1037
1759680 1038
1759690 1038
1759700 1039
1759710 1040
1759720 1040
1759730 1040
1759740 1040
1759750 1040
1759760 1040
1759770 1040
1759780 1040
1759790 1040
1759800 1040
1759810 1040
1759820 1039
1759830 1039
1759840 1039
1759850 1044
1759860 1050
1759870 1050
1759880 1056
1759890 1062
1759900 1070
1759910 1070
1759920 1077
1759930 1084
1759940 1084
1759950 1090
1759960 1097
1759970 1097
1759980 1104
1759990 1111
