1740000 916
1740010 917
1740020 917
1740030 917
1740040 918
1740050 918
1740060 918
1740070 919
1740080 919
1740090 920
1740100 920
1740110 920
1740120 921
1740130 921
1740140 921
1740150 922
1740160 923
1740170 923
1740180 923
1740190 924
1740200 924
1740210 926
1740220 926
1740230 926
1740240 926
1740250 927
1740260 927
1740270 927
1740280 927
1740290 927
1740300 926
1740310 925
1740320 924
1740330 924
1740340 923
1740350 922
1740360 922
1740370 919
1740380 916
1740390 916
1740400 915
1740410 914
1740420 914
1740430 912
1740440 910
1740450 910
1740460 908
1740470 905
1740480 905
1740490 902
1740500 899
1740510 899
1740520 896
1740530 894
1740540 894
1740550 891
1740560 888
1740570 888
1740580 885
1740590 881
1740600 881
1740610 880
1740620 877
1740630 877
1740640 873
1740650 870
1740660 870
1740670 867
1740680 863
1740690 863
1740700 858
1740710 856
1740720 852
1740730 852
1740740 850
1740750 847
1740760 847
1740770 844
1740780 841
1740790 841
1740800 837
1740810 834
1740820 834
1740830 830
1740840 827
1740850 827
1740860 823
1740870 820
1740880 820
1740890 818
1740900 811
1740910 811
1740920 811
1740930 808
1740940 808
1740950 805
1740960 801
1740970 801
1740980 797
1740990 795
1741000 795
1741010 788
1741020 783
1741030 783
1741040 778
1741050 774
1741060 774
1741070 769
1741080 764
1741090 764
1741100 757
1741110 750
1741120 750
1741130 745
1741140 741
1741150 737
1741160 737
1741170 734
1741180 733
1741190 733
1741200 732
1741210 733
1741220 733
1741230 733
1741240 733
1741250 733
1741260 733
1741270 734
1741280 734
1741290 736
1741300 740
1741310 740
1741320 743
1741330 746
1741340 746
1741350 749
1741360 754
1741370 754
1741380 759
1741390 764
1741400 764
1741410 769
1741420 772
1741430 772
1741440 776
1741450 780
1741460 780
1741470 784
1741480 787
1741490 787
1741500 791
1741510 794
1741520 794
1741530 797
1741540 800
1741550 800
1741560 802
1741570 804
1741580 806
1741590 806
1741600 808
1741610 809
1741620 809
1741630 810
1741640 810
1741650 810
1741660 812
1741670 813
1741680 813
1741690 814
1741700 815
1741710 815
1741720 816
1741730 820
1741740 820
1741750 820
1741760 820
1741770 820
1741780 820
1741790 820
1741800 820
1741810 819
1741820 818
1741830 818
1741840 817
1741850 817
1741860 817
1741870 817
1741880 817
1741890 817
1741900 816
1741910 815
1741920 815
1741930 813
1741940 811
1741950 811
1741960 809
1741970 807
1741980 807
1741990 805
1742000 802
1742010 800
1742020 800
1742030 800
1742040 799
1742050 799
1742060 798
1742070 799
1742080 799
1742090 798
1742100 799
1742110 799
1742120 799
1742130 800
1742140 800
1742150 801
1742160 801
1742170 801
1742180 801
1742190 802
1742200 802
1742210 802
1742220 802
1742230 802
1742240 801
1742250 801
1742260 801
1742270 802
1742280 803
1742290 803
1742300 803
1742310 804
1742320 804
1742330 804
1742340 804
1742350 804
1742360 806
1742370 806
1742380 806
1742390 808
1742400 809
1742410 809
1742420 811
1742430 810
1742440 809
1742450 809
1742460 808
1742470 805
1742480 805
1742490 805
1742500 806
1742510 806
1742520 808
1742530 809
1742540 809
1742550 809
1742560 810
1742570 810
1742580 810
1742590 812
1742600 812
1742610 814
1742620 816
1742630 816
1742640 818
1742650 820
1742660 820
1742670 821
1742680 823
1742690 823
1742700 823
1742710 824
1742720 824
1742730 824
1742740 824
1742750 824
1742760 823
1742770 821
1742780 821
1742790 818
1742800 813
1742810 813
1742820 807
1742830 801
1742840 801
1742850 795
1742860 788
1742870 781
1742880 781
1742890 774
1742900 770
1742910 770
1742920 767
1742930 766
1742940 766
1742950 773
1742960 777
1742970 777
1742980 778
1742990 779
1743000 779
1743010 781
1743020 783
1743030 783
1743040 784
1743050 786
1743060 786
1743070 788
1743080 790
1743090 790
1743100 793
1743110 796
1743120 796
1743130 798
1743140 801
1743150 801
1743160 803
1743170 805
1743180 805
1743190 809
1743200 812
1743210 812
1743220 816
1743230 820
1743240 820
1743250 824
1743260 828
1743270 828
1743280 831
1743290 835
1743300 838
1743310 838
1743320 841
1743330 844
1743340 844
1743350 846
1743360 849
1743370 849
1743380 852
1743390 855
1743400 855
1743410 856
1743420 859
1743430 859
1743440 861
1743450 862
1743460 862
1743470 863
1743480 869
1743490 869
1743500 870
1743510 872
1743520 872
1743530 873
1743540 876
1743550 876
1743560 877
1743570 880
1743580 880
1743590 883
1743600 883
1743610 883
1743620 884
1743630 884
1743640 884
1743650 885
1743660 886
1743670 886
1743680 888
1743690 890
1743700 892
1743710 892
1743720 893
1743730 894
1743740 894
1743750 896
1743760 897
1743770 897
1743780 899
1743790 900
1743800 900
1743810 902
1743820 903
1743830 903
1743840 904
1743850 906
1743860 906
1743870 907
1743880 909
1743890 909
1743900 910
1743910 911
1743920 911
1743930 912
1743940 914
1743950 914
1743960 915
1743970 916
1743980 916
1743990 919
1744000 921
1744010 921
1744020 923
1744030 926
1744040 926
1744050 928
1744060 930
1744070 930
1744080 932
1744090 934
1744100 934
1744110 936
1744120 938
1744130 940
1744140 940
1744150 942
1744160 943
1744170 943
1744180 945
1744190 947
1744200 947
1744210 948
1744220 949
1744230 949
1744240 950
1744250 951
1744260 951
1744270 953
1744280 954
1744290 954
1744300 955
1744310 956
1744320 956
1744330 955
1744340 954
1744350 954
1744360 954
1744370 952
1744380 952
1744390 951
1744400 950
1744410 950
1744420 949
1744430 948
1744440 948
1744450 947
1744460 945
1744470 945
1744480 944
1744490 943
1744500 943
1744510 942
1744520 941
1744530 941
1744540 939
1744550 936
1744560 935
1744570 935
1744580 932
1744590 930
1744600 930
1744610 927
1744620 924
1744630 924
1744640 922
1744650 919
1744660 919
1744670 916
1744680 912
1744690 912
1744700 907
1744710 902
1744720 902
1744730 898
1744740 892
1744750 892
1744760 888
1744770 882
1744780 882
1744790 879
1744800 875
1744810 875
1744820 871
1744830 869
1744840 869
1744850 868
1744860 868
1744870 868
1744880 867
1744890 864
1744900 864
1744910 860
1744920 857
1744930 857
1744940 854
1744950 852
1744960 852
1744970 850
1744980 848
1744990 845
1745000 845
1745010 840
1745020 835
1745030 835
1745040 834
1745050 840
1745060 840
1745070 841
1745080 842
1745090 842
1745100 844
1745110 847
1745120 847
1745130 850
1745140 854
1745150 854
1745160 855
1745170 859
1745180 859
1745190 862
1745200 864
1745210 864
1745220 865
1745230 866
1745240 866
1745250 869
1745260 871
1745270 871
1745280 872
1745290 875
1745300 875
1745310 877
1745320 879
1745330 879
1745340 881
1745350 883
1745360 883
1745370 885
1745380 887
1745390 887
1745400 885
1745410 884
1745420 889
1745430 889
1745440 893
1745450 896
1745460 896
1745470 898
1745480 901
1745490 901
1745500 903
1745510 905
1745520 905
1745530 906
1745540 908
1745550 908
1745560 909
1745570 911
1745580 911
1745590 913
1745600 914
1745610 914
1745620 916
1745630 917
1745640 917
1745650 918
1745660 919
1745670 919
1745680 920
1745690 921
1745700 921
1745710 922
1745720 923
1745730 923
1745740 924
1745750 925
1745760 925
1745770 926
1745780 927
1745790 927
1745800 928
1745810 929
1745820 929
1745830 930
1745840 932
1745850 933
1745860 933
1745870 933
1745880 933
1745890 933
1745900 933
1745910 934
1745920 934
1745930 935
1745940 936
1745950 936
1745960 936
1745970 937
1745980 937
1745990 937
1746000 938
1746010 938
1746020 939
1746030 940
1746040 940
1746050 941
1746060 942
1746070 942
1746080 943
1746090 943
1746100 943
1746110 944
1746120 945
1746130 945
1746140 947
1746150 948
1746160 948
1746170 948
1746180 949
1746190 949
1746200 950
1746210 951
1746220 951
1746230 951
1746240 952
1746250 952
1746260 952
1746270 953
1746280 953
1746290 953
1746300 954
1746310 954
1746320 954
1746330 955
1746340 955
1746350 955
1746360 955
1746370 955
1746380 955
1746390 955
1746400 955
1746410 955
1746420 955
1746430 955
1746440 955
1746450 955
1746460 954
1746470 954
1746480 953
1746490 953
1746500 953
1746510 952
1746520 951
1746530 951
1746540 950
1746550 949
1746560 949
1746570 947
1746580 945
1746590 945
1746600 944
1746610 942
1746620 942
1746630 940
1746640 938
1746650 938
1746660 935
1746670 932
1746680 929
1746690 929
1746700 927
1746710 925
1746720 925
1746730 923
1746740 923
1746750 923
1746760 921
1746770 920
1746780 920
1746790 919
1746800 916
1746810 916
1746820 914
1746830 910
1746840 910
1746850 907
1746860 906
1746870 906
1746880 907
1746890 906
1746900 906
1746910 906
1746920 904
1746930 904
1746940 902
1746950 900
1746960 900
1746970 899
1746980 897
1746990 897
1747000 896
1747010 895
1747020 895
1747030 894
1747040 892
1747050 892
1747060 890
1747070 888
1747080 888
1747090 886
1747100 883
1747110 880
1747120 880
1747130 878
1747140 875
1747150 875
1747160 873
1747170 871
1747180 871
1747190 871
1747200 870
1747210 870
1747220 871
1747230 871
1747240 871
1747250 871
1747260 871
1747270 871
1747280 872
1747290 872
1747300 872
1747310 873
1747320 873
1747330 873
1747340 873
1747350 872
1747360 872
1747370 871
1747380 870
1747390 870
1747400 870
1747410 870
1747420 870
1747430 871
1747440 871
1747450 871
1747460 872
1747470 872
1747480 872
1747490 873
1747500 873
1747510 873
1747520 873
1747530 873
1747540 873
1747550 873
1747560 873
1747570 871
1747580 871
1747590 872
1747600 873
1747610 873
1747620 873
1747630 872
1747640 872
1747650 872
1747660 870
1747670 870
1747680 871
1747690 871
1747700 871
1747710 872
1747720 872
1747730 872
1747740 873
1747750 873
1747760 873
1747770 875
1747780 877
1747790 877
1747800 880
1747810 882
1747820 882
1747830 885
1747840 888
1747850 888
1747860 891
1747870 894
1747880 894
1747890 897
1747900 899
1747910 899
1747920 902
1747930 907
1747940 907
1747950 911
1747960 915
1747970 920
1747980 920
1747990 923
1748000 925
1748010 925
1748020 930
1748030 934
1748040 934
1748050 938
1748060 944
1748070 944
1748080 949
1748090 953
1748100 953
1748110 956
1748120 959
1748130 959
1748140 962
1748150 966
1748160 966
1748170 969
1748180 973
1748190 973
1748200 976
1748210 978
1748220 978
1748230 978
1748240 974
1748250 974
1748260 968
1748270 962
1748280 962
1748290 957
1748300 953
1748310 953
1748320 948
1748330 942
1748340 942
1748350 938
1748360 936
1748370 936
1748380 937
1748390 939
1748400 945
1748410 945
1748420 951
1748430 957
1748440 957
1748450 964
1748460 972
1748470 972
1748480 978
1748490 985
1748500 985
1748510 991
1748520 995
1748530 995
1748540 998
1748550 1001
1748560 1001
1748570 1002
1748580 1004
1748590 1004
1748600 1007
1748610 1010
1748620 1010
1748630 1012
1748640 1014
1748650 1014
1748660 1016
1748670 1018
1748680 1018
1748690 1019
1748700 1020
1748710 1020
1748720 1020
1748730 1020
1748740 1020
1748750 1020
1748760 1020
1748770 1020
1748780 1020
1748790 1021
1748800 1021
1748810 1021
1748820 1022
1748830 1022
1748840 1022
1748850 1022
1748860 1022
1748870 1022
1748880 1022
1748890 1022
1748900 1022
1748910 1021
1748920 1021
1748930 1021
1748940 1020
1748950 1020
1748960 1020
1748970 1020
1748980 1019
1748990 1019
1749000 1018
1749010 1018
1749020 1018
1749030 1017
1749040 1017
1749050 1017
1749060 1017
1749070 1016
1749080 1016
1749090 1016
1749100 1015
1749110 1015
1749120 1015
1749130 1014
1749140 1014
1749150 1015
1749160 1015
1749170 1015
1749180 1014
1749190 1014
1749200 1014
1749210 1014
1749220 1014
1749230 1014
1749240 1014
1749250 1013
1749260 1012
1749270 1012
1749280 1012
1749290 1010
1749300 1010
1749310 1010
1749320 1010
1749330 1010
1749340 1009
1749350 1010
1749360 1010
1749370 1010
1749380 1010
1749390 1010
1749400 1011
1749410 1011
1749420 1011
1749430 1012
1749440 1012
1749450 1012
1749460 1014
1749470 1016
1749480 1016
1749490 1016
1749500 1016
1749510 1016
1749520 1016
1749530 1014
1749540 1014
1749550 1011
1749560 1013
1749570 1013
1749580 1016
1749590 1020
1749600 1020
1749610 1025
1749620 1026
1749630 1026
1749640 1030
1749650 1032
1749660 1032
1749670 1033
1749680 1034
1749690 1035
1749700 1035
1749710 1037
1749720 1037
1749730 1037
1749740 1037
1749750 1038
1749760 1038
1749770 1038
1749780 1039
1749790 1039
1749800 1040
1749810 1040
1749820 1040
1749830 1042
1749840 1041
1749850 1041
1749860 1041
1749870 1041
1749880 1041
1749890 1039
1749900 1043
1749910 1043
1749920 1045
1749930 1047
1749940 1047
1749950 1050
1749960 1052
1749970 1052
1749980 1053
1749990 1055
1750000 1055
1750010 1058
1750020 1059
1750030 1059
1750040 1061
1750050 1063
1750060 1063
1750070 1064
1750080 1064
1750090 1065
1750100 1065
1750110 1069
1750120 1073
1750130 1069
1750140 1074
1750150 1077
1750160 1077
1750170 1078
1750180 1077
1750190 1077
1750200 1080
1750210 1084
1750220 1084
1750230 1088
1750240 1091
1750250 1091
1750260 1095
1750270 1098
1750280 1098
1750290 1100
1750300 1102
1750310 1102
1750320 1105
1750330 1106
1750340 1106
1750350 1107
1750360 1108
1750370 1108
1750380 1109
1750390 1109
1750400 1109
1750410 1109
1750420 1110
1750430 1110
1750440 1111
1750450 1111
1750460 1111
1750470 1112
1750480 1112
1750490 1112
1750500 1111
1750510 1108
1750520 1110
1750530 1110
1750540 1110
1750550 1113
1750560 1113
1750570 1116
1750580 1118
1750590 1118
1750600 1119
1750610 1119
1750620 1119
1750630 1120
1750640 1120
1750650 1120
1750660 1122
1750670 1122
1750680 1122
1750690 1124
1750700 1125
1750710 1125
1750720 1126
1750730 1127
1750740 1127
1750750 1128
1750760 1130
1750770 1130
1750780 1133
1750790 1134
1750800 1134
1750810 1134
1750820 1134
1750830 1134
1750840 1137
1750850 1139
1750860 1139
1750870 1141
1750880 1142
1750890 1142
1750900 1143
1750910 1144
1750920 1144
1750930 1145
1750940 1146
1750950 1148
1750960 1148
1750970 1150
1750980 1152
1750990 1152
1751000 1154
1751010 1156
1751020 1156
1751030 1157
1751040 1159
1751050 1159
1751060 1162
1751070 1165
1751080 1165
1751090 1167
1751100 1168
1751110 1168
1751120 1168
1751130 1167
1751140 1167
1751150 1165
1751160 1166
1751170 1166
1751180 1164
1751190 1163
1751200 1163
1751210 1162
1751220 1158
1751230 1158
1751240 1155
1751250 1150
1751260 1150
1751270 1146
1751280 1148
1751290 1148
1751300 1139
1751310 1134
1751320 1134
1751330 1127
1751340 1123
1751350 1123
1751360 1117
1751370 1115
1751380 1107
1751390 1107
1751400 1107
1751410 1095
1751420 1095
1751070 1161
1751080 1163
1751090 1164
1751100 1165
1751110 1166
1751120 1165
1751130 1165
1751140 1164
1751150 1163
1751160 1163
1751170 1162
1751180 1161
1751190 1160
1751200 1159
1751210 1158
1751220 1156
1751230 1154
1751240 1152
1751250 1149
1751260 1146
1751270 1143
1751280 1141
1751290 1139
1751300 1136
1751310 1131
1751320 1127
1751330 1123
1751340 1121
1751350 1118
1751360 1114
1751370 1111
1751380 1108
1751390 1106
1751400 1103
1751410 1097
1751420 1092
1751430 1087
1751440 1084
1751450 1081
1751460 1078
1751470 1076
1751480 1073
1751490 1071
1751500 1069
1751510 1067
1751520 1065
1751530 1064
1751540 1063
1751550 1061
1751560 1060
1751570 1059
1751580 1058
1751590 1057
1751600 1056
1751610 1054
1751620 1053
1751630 1051
1751640 1049
1751650 1047
1751660 1045
1751670 1043
1751680 1042
1751690 1042
1751700 1042
1751710 1043
1751720 1044
1751730 1046
1751740 1048
1751750 1048
1751760 1049
1751770 1050
1751780 1050
1751790 1050
1751800 1049
1751810 1049
1751820 1049
1751830 1050
1751840 1049
1751850 1049
1751860 1048
1751870 1046
1751880 1046
1751890 1048
1751900 1049
1751910 1048
1751920 1047
1751930 1045
1751940 1043
1751950 1042
1751960 1043
1751970 1043
1751980 1044
1751990 1043
1752000 1041
1752010 1039
1752020 1036
1752030 1034
1752040 1032
1752050 1031
1752060 1029
1752070 1028
1752080 1025
1752090 1023
1752100 1021
1752110 1020
1752120 1018
1752130 1016
1752140 1016
1752150 1016
1752160 1017
1752170 1016
1752180 1014
1752190 1011
1752200 1008
1752210 1001
1752220 992
1752230 982
1752240 974
1752250 968
1752260 965
1752270 963
1752280 961
1752290 958
1752300 956
1752310 953
1752320 951
1752330 948
1752340 947
1752350 945
1752360 943
1752370 943
1752380 944
1752390 943
1752400 941
1752410 939
1752420 936
1752430 935
1752440 933
1752450 932
1752460 930
1752470 928
1752480 926
1752490 924
1752500 922
1752510 921
1752520 921
1752530 920
1752540 920
1752550 919
1752560 918
1752570 917
1752580 915
1752590 914
1752600 912
1752610 911
1752620 910
1752630 908
1752640 907
1752650 905
1752660 904
1752670 902
1752680 900
1752690 898
1752700 896
1752710 895
1752720 893
1752730 892
1752740 892
1752750 891
1752760 891
1752770 891
1752780 892
1752790 892
1752800 890
1752810 887
1752820 882
1752830 879
1752840 876
1752850 874
1752860 873
1752870 873
1752880 874
1752890 874
1752900 876
1752910 877
1752920 879
1752930 881
1752940 886
1752950 891
1752960 897
1752970 903
1752980 907
1752990 911
1753000 916
1753010 920
1753020 925
1753030 930
1753040 935
1753050 939
1753060 944
1753070 951
1753080 957
1753090 963
1753100 965
1753110 967
1753120 972
1753130 975
1753140 978
1753150 980
1753160 983
1753170 985
1753180 988
1753190 989
1753200 990
1753210 991
1753220 991
1753230 990
1753240 988
1753250 981
1753260 975
1753270 968
1753280 963
1753290 959
1753300 955
1753310 957
1753320 960
1753330 962
1753340 964
1753350 966
1753360 969
1753370 973
1753380 977
1753390 981
1753400 985
1753410 989
1753420 993
1753430 998
1753440 1002
1753450 1006
1753460 1010
1753470 1012
1753480 1013
1753490 1011
1753500 1008
1753510 1006
1753520 1006
1753530 1008
1753540 1011
1753550 1014
1753560 1016
1753570 1017
1753580 1016
1753590 1014
1753600 1013
1753610 1012
1753620 1012
1753630 1013
1753640 1014
1753650 1012
1753660 1011
1753670 1013
1753680 1014
1753690 1014
1753700 1014
1753710 1017
1753720 1022
1753730 1027
1753740 1033
1753750 1038
1753760 1042
1753770 1045
1753780 1047
1753790 1048
1753800 1049
1753810 1050
1753820 1050
1753830 1050
1753840 1048
1753850 1045
1753860 1040
1753870 1036
1753880 1031
1753890 1026
1753900 1022
1753910 1019
1753920 1018
1753930 1018
1753940 1019
1753950 1022
1753960 1024
1753970 1025
1753980 1025
1753990 1024
1754000 1023
1754010 1020
1754020 1018
1754030 1016
1754040 1013
1754050 1011
1754060 1010
1754070 1010
1754080 1010
1754090 1012
1754100 1014
1754110 1020
1754120 1026
1754130 1033
1754140 1038
1754150 1043
1754160 1047
1754170 1052
1754180 1057
1754190 1061
1754200 1066
1754210 1071
1754220 1075
1754230 1080
1754240 1085
1754250 1090
1754260 1094
1754270 1099
1754280 1103
1754290 1108
1754300 1113
1754310 1118
1754320 1122
1754330 1126
1754340 1129
1754350 1130
1754360 1131
1754370 1132
1754380 1133
1754390 1133
1754400 1133
1754410 1133
1754420 1132
1754430 1131
1754440 1130
1754450 1130
1754460 1131
1754470 1132
1754480 1133
1754490 1134
1754500 1136
1754510 1137
1754520 1138
1754530 1139
1754540 1139
1754550 1140
1754560 1140
1754570 1138
1754580 1136
1754590 1134
1754600 1130
1754610 1127
1754620 1124
1754630 1120
1754640 1116
1754650 1112
1754660 1108
1754670 1103
1754680 1098
1754690 1093
1754700 1089
1754710 1084
1754720 1080
1754730 1077
1754740 1074
1754750 1074
1754760 1076
1754770 1080
1754780 1084
1754790 1088
1754800 1091
1754810 1094
1754820 1096
1754830 1098
1754840 1096
1754850 1093
1754860 1090
1754870 1088
1754880 1089
1754890 1091
1754900 1094
1754910 1098
1754920 1100
1754930 1102
1754940 1102
1754950 1104
1754960 1107
1754970 1108
1754980 1107
1754990 1106
1755000 1105
1755010 1104
1755020 1104
1755030 1105
1755040 1107
1755050 1108
1755060 1110
1755070 1110
1755080 1111
1755090 1112
1755100 1112
1755110 1111
1755120 1109
1755130 1107
1755140 1105
1755150 1105
1755160 1106
1755170 1109
1755180 1111
1755190 1114
1755200 1116
1755210 1118
1755220 1119
1755230 1120
1755240 1122
1755250 1123
1755260 1124
1755270 1125
1755280 1126
1755290 1126
1755300 1126
1755310 1125
1755320 1123
1755330 1121
1755340 1118
1755350 1115
1755360 1113
1755370 1111
1755380 1108
1755390 1105
1755400 1102
1755410 1099
1755420 1095
1755430 1092
1755440 1090
1755450 1089
1755460 1088
1755470 1088
1755480 1087
1755490 1086
1755500 1086
1755510 1086
1755520 1086
1755530 1086
1755540 1087
1755550 1087
1755560 1088
1755570 1089
1755580 1089
1755590 1088
1755600 1087
1755610 1086
1755620 1084
1755630 1083
1755640 1083
1755650 1082
1755660 1081
1755670 1080
1755680 1079
1755690 1078
1755700 1078
1755710 1078
1755720 1078
1755730 1079
1755740 1078
1755750 1078
1755760 1078
1755770 1078
1755780 1078
1755790 1078
1755800 1078
1755810 1078
1755820 1078
1755830 1078
1755840 1079
1755850 1078
1755860 1078
1755870 1077
1755880 1076
1755890 1075
1755900 1075
1755910 1074
1755920 1074
1755930 1073
1755940 1073
1755950 1072
1755960 1072
1755970 1073
1755980 1073
1755990 1074
1756000 1074
1756010 1074
1756020 1075
1756030 1075
1756040 1075
1756050 1075
1756060 1075
1756070 1074
1756080 1074
1756090 1073
1756100 1073
1756110 1072
1756120 1071
1756130 1071
1756140 1070
1756150 1069
1756160 1069
1756170 1068
1756180 1067
1756190 1066
1756200 1065
1756210 1064
1756220 1062
1756230 1061
1756240 1060
1756250 1059
1756260 1058
1756270 1058
1756280 1057
1756290 1056
1756300 1055
1756310 1055
1756320 1054
1756330 1054
1756340 1054
1756350 1053
1756360 1053
1756370 1053
1756380 1053
1756390 1053
1756400 1054
1756410 1054
1756420 1055
1756430 1055
1756440 1056
1756450 1056
1756460 1057
1756470 1058
1756480 1059
1756490 1060
1756500 1060
1756510 1061
1756520 1062
1756530 1063
1756540 1064
1756550 1065
1756560 1066
1756570 1067
1756580 1068
1756590 1069
1756600 1070
1756610 1071
1756620 1072
1756630 1073
1756640 1074
1756650 1075
1756660 1077
1756670 1078
1756680 1079
1756690 1081
1756700 1083
1756710 1084
1756720 1086
1756730 1088
1756740 1089
1756750 1091
1756760 1093
1756770 1095
1756780 1096
1756790 1098
1756800 1100
1756810 1101
1756820 1103
1756830 1104
1756840 1105
1756850 1107
1756860 1108
1756870 1110
1756880 1113
1756890 1115
1756900 1117
1756910 1119
1756920 1121
1756930 1123
1756940 1124
1756950 1125
1756960 1123
1756970 1120
1756980 1117
1756990 1114
1757000 1110
1757010 1107
1757020 1105
1757030 1103
1757040 1101
1757050 1098
1757060 1097
1757070 1095
1757080 1093
1757090 1091
1757100 1089
1757110 1087
1757120 1085
1757130 1083
1757140 1080
1757150 1078
1757160 1075
1757170 1073
1757180 1071
1757190 1069
1757200 1066
1757210 1065
1757220 1063
1757230 1060
1757240 1058
1757250 1056
1757260 1053
1757270 1050
1757280 1047
1757290 1044
1757300 1042
1757310 1039
1757320 1036
1757330 1033
1757340 1030
1757350 1028
1757360 1024
1757370 1021
1757380 1018
1757390 1016
1757400 1013
1757410 1011
1757420 1008
1757430 1005
1757440 1002
1757450 999
1757460 997
1757470 995
1757480 993
1757490 991
1757500 988
1757510 986
1757520 984
1757530 982
1757540 981
1757550 980
1757560 979
1757570 978
1757580 977
1757590 977
1757600 976
1757610 975
1757620 974
1757630 974
1757640 973
1757650 973
1757660 973
1757670 973
1757680 974
1757690 975
1757700 975
1757710 976
1757720 977
1757730 980
1757740 981
1757750 983
1757760 984
1757770 985
1757780 985
1757790 986
1757800 988
1757810 989
1757820 991
1757830 993
1757840 995
1757850 996
1757860 998
1757870 1000
1757880 1001
1757890 1002
1757900 1002
1757910 1002
1757920 1003
1757930 1003
1757940 1004
1757950 1004
1757960 1004
1757970 1004
1757980 1003
1757990 1003
1758000 1002
1758010 1002
1758020 1001
1758030 1000
1758040 999
1758050 998
1758060 996
1758070 994
1758080 992
1758090 989
1758100 986
1758110 984
1758120 981
1758130 978
1758140 976
1758150 973
1758160 971
1758170 969
1758180 967
1758190 965
1758200 963
1758210 961
1758220 959
1758230 957
1758240 954
1758250 951
1758260 948
1758270 945
1758280 942
1758290 938
1758300 934
1758310 931
1758320 927
1758330 924
1758340 922
1758350 919
1758360 917
1758370 914
1758380 911
1758390 908
1758400 904
1758410 902
1758420 899
1758430 896
1758440 893
1758450 890
1758460 887
1758470 884
1758480 880
1758490 876
1758500 873
1758510 870
1758520 867
1758530 865
1758540 864
1758550 863
1758560 862
1758570 861
1758580 861
1758590 860
1758600 859
1758610 858
1758620 857
1758630 856
1758640 855
1758650 855
1758660 856
1758670 857
1758680 857
1758690 857
1758700 857
1758710 856
1758720 855
1758730 854
1758740 853
1758750 851
1758760 850
1758770 848
1758780 847
1758790 845
1758800 843
1758810 842
1758820 840
1758830 839
1758840 837
1758850 836
1758860 835
1758870 833
1758880 831
1758890 829
1758900 826
1758910 823
1758920 820
1758930 817
1758940 815
1758950 814
1758960 816
1758970 818
1758980 822
1758990 826
1759000 831
1759010 835
1759020 839
1759030 843
1759040 846
1759050 849
1759060 852
1759070 854
1759080 855
1759090 857
1759100 858
1759110 858
1759120 858
1759130 859
1759140 859
1759150 859
1759160 859
1759170 859
1759180 859
1759190 858
1759200 857
1759210 854
1759220 851
1759230 849
1759240 847
1759250 845
1759260 843
1759270 841
1759280 840
1759290 839
1759300 839
1759310 839
1759320 840
1759330 841
1759340 842
1759350 842
1759360 843
1759370 844
1759380 845
1759390 846
1759400 848
1759410 850
1759420 852
1759430 854
1759440 855
1759450 857
1759460 859
1759470 861
1759480 863
1759490 866
1759500 868
1759510 870
1759520 872
1759530 875
1759540 877
1759550 880
1759560 883
1759570 886
1759580 888
1759590 890
1759600 893
1759610 896
1759620 898
1759630 902
1759640 905
1759650 908
1759660 911
1759670 915
1759680 918
1759690 921
1759700 924
1759710 928
1759720 931
1759730 934
1759740 936
1759750 938
1759760 940
1759770 941
1759780 942
1759790 943
1759800 944
1759810 944
1759820 944
1759830 944
1759840 944
1759850 944
1759860 943
1759870 943
1759880 942
1759890 941
1759900 939
1759910 936
1759920 934
1759930 932
1759940 929
1759950 927
1759960 925
1759970 924
1759980 923
1759990 922
