1740000 948
1740010 947
1740020 945
1740030 945
1740040 943
1740050 943
1740060 943
1740070 942
1740080 940
1740090 940
1740100 940
1740110 940
1740120 940
1740130 940
1740140 941
1740150 941
1740160 941
1740170 941
1740180 941
1740190 938
1740200 936
1740210 936
1740220 934
1740230 932
1740240 932
1740250 931
1740260 929
1740270 927
1740280 927
1740290 926
1740300 924
1740310 924
1740320 923
1740330 922
1740340 922
1740350 921
1740360 919
1740370 919
1740380 919
1740390 919
1740400 919
1740410 919
1740420 919
1740430 919
1740440 920
1740450 922
1740460 922
1740470 922
1740480 927
1740490 927
1740500 925
1740510 923
1740520 923
1740530 921
1740540 918
1740550 918
1740560 915
1740570 912
1740580 912
1740590 910
1740600 908
1740610 908
1740620 906
1740630 904
1740640 904
1740650 901
1740660 898
1740670 898
1740680 895
1740690 891
1740700 891
1740710 888
1740720 885
1740730 881
1740740 881
1740750 878
1740760 877
1740770 877
1740780 875
1740790 872
1740800 872
1740810 869
1740820 868
1740830 868
1740840 865
1740850 864
1740860 864
1740870 861
1740880 859
1740890 859
1740900 856
1740910 854
1740920 854
1740930 851
1740940 848
1740950 848
1740960 846
1740970 843
1740980 843
1740990 840
1741000 837
1741010 837
1741020 834
1741030 831
1741040 831
1741050 828
1741060 827
1741070 827
1741080 825
1741090 823
1741100 823
1741110 821
1741120 818
1741130 818
1741140 816
1741150 814
1741160 812
1741170 812
1741180 808
1741190 805
1741200 805
1741210 804
1741220 801
1741230 801
1741240 799
1741250 795
1741260 795
1741270 793
1741280 791
1741290 791
1741300 790
1741310 789
1741320 789
1741330 789
1741340 786
1741350 786
1741360 785
1741370 785
1741380 785
1741390 785
1741400 784
1741410 784
1741420 783
1741430 783
1741440 783
1741450 782
1741460 782
1741470 782
1741480 782
1741490 782
1741500 782
1741510 782
1741520 782
1741530 782
1741540 782
1741550 781
1741560 781
1741570 782
1741580 782
1741590 782
1741600 782
1741610 785
1741620 787
1741630 787
1741640 789
1741650 791
1741660 791
1741670 794
1741680 797
1741690 797
1741700 801
1741710 804
1741720 804
1741730 807
1741740 811
1741750 811
1741760 815
1741770 819
1741780 819
1741790 823
1741800 828
1741810 828
1741820 832
1741830 837
1741840 837
1741850 842
1741860 847
1741870 847
1741880 853
1741890 859
1741900 859
1741910 864
1741920 869
1741930 869
1741940 873
1741950 877
1741960 877
1741970 880
1741980 883
1741990 883
1742000 886
1742010 889
1742020 889
1742030 893
1742040 899
1742050 903
1742060 903
1742070 907
1742080 911
1742090 911
1742100 914
1742110 917
1742120 917
1742130 921
1742140 926
1742150 926
1742160 931
1742170 937
1742180 937
1742190 943
1742200 950
1742210 950
1742220 955
1742230 959
1742240 959
1742250 963
1742260 968
1742270 968
1742280 973
1742290 978
1742300 978
1742310 983
1742320 987
1742330 987
1742340 990
1742350 994
1742360 994
1742370 998
1742380 1002
1742390 1002
1742400 1006
1742410 1010
1742420 1010
1742430 1013
1742440 1015
1742450 1015
1742460 1020
1742470 1023
1742480 1026
1742490 1026
1742500 1031
1742510 1036
1742520 1036
1742530 1040
1742540 1043
1742550 1043
1742560 1047
1742570 1049
1742580 1049
1742590 1051
1742600 1052
1742610 1052
1742620 1052
1742630 1054
1742640 1054
1742650 1053
1742660 1053
1742670 1053
1742680 1052
1742690 1052
1742700 1052
1742710 1051
1742720 1051
1742730 1051
1742740 1051
1742750 1051
1742760 1051
1742770 1051
1742780 1052
1742790 1052
1742800 1052
1742810 1053
1742820 1053
1742830 1053
1742840 1054
1742850 1054
1742860 1054
1742870 1055
1742880 1055
1742890 1056
1742900 1056
1742910 1057
1742920 1057
1742930 1059
1742940 1060
1742950 1060
1742960 1062
1742970 1063
1742980 1063
1742990 1066
1743000 1067
1743010 1067
1743020 1069
1743030 1071
1743040 1071
1743050 1074
1743060 1076
1743070 1076
1743080 1079
1743090 1081
1743100 1081
1743110 1083
1743120 1086
1743130 1086
1743140 1089
1743150 1091
1743160 1091
1743170 1093
1743180 1095
1743190 1095
1743200 1098
1743210 1100
1743220 1100
1743230 1103
1743240 1107
1743250 1107
1743260 1111
1743270 1114
1743280 1114
1743290 1118
1743300 1121
1743310 1121
1743320 1124
1743330 1128
1743340 1130
1743350 1130
1743360 1133
1743370 1136
1743380 1136
1743390 1138
1743400 1140
1743410 1140
1743420 1142
1743430 1146
1743440 1146
1743450 1149
1743460 1152
1743470 1152
1743480 1155
1743490 1158
1743500 1158
1743510 1161
1743520 1163
1743530 1163
1743540 1164
1743550 1167
1743560 1167
1743570 1169
1743580 1172
1743590 1172
1743600 1175
1743610 1176
1743620 1176
1743630 1179
1743640 1181
1743650 1181
1743660 1183
1743670 1185
1743680 1185
1743690 1187
1743700 1189
1743710 1189
1743720 1191
1743730 1192
1743740 1192
1743750 1194
1743760 1195
1743770 1195
1743780 1197
1743790 1198
1743800 1199
1743810 1199
1743820 1201
1743830 1203
1743840 1203
1743850 1204
1743860 1206
1743870 1206
1743880 1207
1743890 1209
1743900 1209
1743910 1211
1743920 1212
1743930 1212
1743940 1213
1743950 1214
1743960 1214
1743970 1216
1743980 1217
1743990 1217
1744000 1217
1744010 1219
1744020 1219
1744030 1218
1744040 1218
1744050 1218
1744060 1217
1744070 1216
1744080 1216
1744090 1215
1744100 1213
1744110 1213
1744120 1211
1744130 1209
1744140 1209
1744150 1207
1744160 1204
1744170 1204
1744180 1202
1744190 1200
1744200 1200
1744210 1198
1744220 1195
1744230 1192
1744240 1192
1744250 1190
1744260 1187
1744270 1187
1744280 1185
1744290 1183
1744300 1183
1744310 1182
1744320 1179
1744330 1179
1744340 1177
1744350 1175
1744360 1175
1744370 1173
1744380 1170
1744390 1170
1744400 1168
1744410 1165
1744420 1165
1744430 1163
1744440 1161
1744450 1161
1744460 1160
1744470 1158
1744480 1158
1744490 1156
1744500 1155
1744510 1155
1744520 1154
1744530 1154
1744540 1154
1744550 1154
1744560 1155
1744570 1155
1744580 1157
1744590 1159
1744600 1159
1744610 1160
1744620 1162
1744630 1162
1744640 1162
1744650 1163
1744660 1166
1744670 1166
1744680 1167
1744690 1168
1744700 1168
1744710 1170
1744720 1172
1744730 1172
1744740 1173
1744750 1176
1744760 1176
1744770 1178
1744780 1181
1744790 1181
1744800 1183
1744810 1184
1744820 1184
1744830 1185
1744840 1187
1744850 1187
1744860 1188
1744870 1189
1744880 1189
1744890 1189
1744900 1188
1744910 1188
1744920 1188
1744930 1187
1744940 1187
1744950 1186
1744960 1184
1744970 1184
1744980 1182
1744990 1181
1745000 1181
1745010 1180
1745020 1178
1745030 1178
1745040 1177
1745050 1177
1745060 1177
1745070 1176
1745080 1176
1745090 1176
1745100 1174
1745110 1175
1745120 1178
1745130 1178
1745140 1181
1745150 1183
1745160 1183
1745170 1186
1745180 1189
1745190 1189
1745200 1193
1745210 1195
1745220 1195
1745230 1198
1745240 1202
1745250 1202
1745260 1205
1745270 1208
1745280 1208
1745290 1212
1745300 1215
1745310 1215
1745320 1218
1745330 1222
1745340 1222
1745350 1226
1745360 1230
1745370 1230
1745380 1234
1745390 1238
1745400 1238
1745410 1243
1745420 1248
1745430 1248
1745440 1253
1745450 1258
1745460 1258
1745470 1262
1745480 1266
1745490 1266
1745500 1269
1745510 1272
1745520 1272
1745530 1275
1745540 1279
1745550 1282
1745560 1282
1745570 1285
1745580 1289
1745590 1289
1745600 1292
1745610 1295
1745620 1295
1745630 1298
1745640 1300
1745650 1300
1745660 1302
1745670 1302
1745680 1302
1745690 1303
1745700 1303
1745710 1306
1745720 1306
1745730 1305
1745740 1305
1745750 1304
1745760 1304
1745770 1304
1745780 1303
1745790 1302
1745800 1302
1745810 1301
1745820 1301
1745830 1301
1745840 1300
1745850 1299
1745860 1299
1745870 1297
1745880 1295
1745890 1295
1745900 1294
1745910 1293
1745920 1293
1745930 1291
1745940 1288
1745950 1288
1745960 1291
1745970 1292
1745980 1293
1745990 1293
1746000 1294
1746010 1295
1746020 1295
1746030 1297
1746040 1298
1746050 1298
1746060 1298
1746070 1300
1746080 1300
1746090 1301
1746100 1301
1746110 1301
1746120 1301
1746130 1301
1746140 1301
1746150 1302
1746160 1302
1746170 1302
1746180 1302
1746190 1298
1746200 1298
1746210 1294
1746220 1294
1746230 1294
1746240 1295
1746250 1294
1746260 1294
1746270 1295
1746280 1296
1746290 1296
1746300 1296
1746310 1296
1746320 1296
1746330 1296
1746340 1297
1746350 1297
1746360 1298
1746370 1298
1746380 1298
1746390 1299
1746400 1300
1746410 1300
1746420 1301
1746430 1302
1746440 1302
1746450 1302
1746460 1299
1746470 1302
1746480 1302
1746490 1305
1746500 1306
1746510 1306
1746520 1307
1746530 1309
1746540 1309
1746550 1311
1746560 1313
1746570 1313
1746580 1314
1746590 1316
1746600 1316
1746610 1317
1746620 1318
1746630 1318
1746640 1320
1746650 1321
1746660 1321
1746670 1322
1746680 1323
1746690 1323
1746700 1323
1746710 1323
1746720 1323
1746730 1323
1746740 1325
1746750 1325
1746760 1327
1746770 1329
1746780 1329
1746790 1331
1746800 1333
1746810 1333
1746820 1334
1746830 1335
1746840 1335
1746850 1336
1746860 1335
1746870 1334
1746880 1334
1746890 1332
1746900 1329
1746910 1329
1746920 1328
1746930 1325
1746940 1325
1746950 1323
1746960 1322
1746970 1322
1746980 1320
1746990 1320
1747000 1320
1747010 1318
1747020 1317
1747030 1317
1747040 1316
1747050 1315
1747060 1315
1747070 1314
1747080 1312
1747090 1312
1747100 1311
1747110 1308
1747120 1308
1747130 1309
1747140 1310
1747150 1310
1747160 1312
1747170 1314
1747180 1314
1747190 1313
1747200 1315
1747210 1315
1747220 1316
1747230 1316
1747240 1316
1747250 1316
1747260 1316
1747270 1316
1747280 1316
1747290 1316
1747300 1315
1747310 1315
1747320 1315
1747330 1314
1747340 1314
1747350 1314
1747360 1313
1747370 1313
1747380 1315
1747390 1312
1747400 1312
1747410 1308
1747420 1304
1747430 1304
1747440 1302
1747450 1300
1747460 1300
1747470 1300
1747480 1300
1747490 1300
1747500 1302
1747510 1305
1747520 1305
1747530 1309
1747540 1312
1747550 1312
1747560 1315
1747570 1316
1747580 1316
1747590 1312
1747600 1305
1747610 1305
1747620 1301
1747630 1299
1747640 1299
1747650 1298
1747660 1297
1747670 1297
1747680 1296
1747690 1296
1747700 1296
1747710 1300
1747720 1303
1747730 1305
1747740 1305
1747750 1308
1747760 1310
1747770 1310
1747780 1313
1747790 1317
1747800 1317
1747810 1322
1747820 1327
1747830 1327
1747840 1332
1747850 1334
1747860 1334
1747870 1335
1747880 1335
1747890 1335
1747900 1336
1747910 1335
1747920 1335
1747930 1334
1747940 1333
1747950 1333
1747960 1331
1747970 1330
1747980 1330
1747990 1328
1748000 1325
1748010 1325
1748020 1323
1748030 1321
1748040 1321
1748050 1319
1748060 1318
1748070 1318
1748080 1317
1748090 1316
1748100 1316
1748110 1315
1748120 1315
1748130 1315
1748140 1315
1748150 1314
1748160 1314
1748170 1313
1748180 1312
1748190 1312
1748200 1312
1748210 1311
1748220 1310
1748230 1310
1748240 1310
1748250 1312
1748260 1312
1748270 1314
1748280 1317
1748290 1317
1748300 1319
1748310 1322
1748320 1322
1748330 1326
1748340 1329
1748350 1329
1748360 1331
1748370 1334
1748380 1334
1748390 1336
1748400 1339
1748410 1339
1748420 1342
1748430 1346
1748440 1346
1748450 1350
1748460 1352
1748470 1352
1748480 1355
1748490 1358
1748500 1358
1748510 1360
1748520 1362
1748530 1362
1748540 1363
1748550 1364
1748560 1364
1748570 1365
1748580 1367
1748590 1367
1748600 1367
1748610 1367
1748620 1367
1748630 1367
1748640 1366
1748650 1365
1748660 1365
1748670 1363
1748680 1362
1748690 1362
1748700 1360
1748710 1358
1748720 1358
1748730 1357
1748740 1354
1748750 1354
1748760 1352
1748770 1348
1748780 1348
1748790 1345
1748800 1343
1748810 1343
1748820 1340
1748830 1338
1748840 1338
1748850 1335
1748860 1330
1748870 1330
1748880 1325
1748890 1319
1748900 1319
1748910 1314
1748920 1308
1748930 1308
1748940 1301
1748950 1295
1748960 1295
1748970 1290
1748980 1285
1748990 1285
1749000 1281
1749010 1276
1749020 1276
1749030 1273
1749040 1269
1749050 1265
1749060 1265
1749070 1261
1749080 1257
1749090 1257
1749100 1253
1749110 1249
1749120 1249
1749130 1245
1749140 1242
1749150 1242
1749160 1237
1749170 1232
1749180 1232
1749190 1227
1749200 1222
1749210 1222
1749220 1216
1749230 1209
1749240 1209
1749250 1204
1749260 1201
1749270 1201
1749280 1200
1749290 1199
1749300 1199
1749310 1199
1749320 1198
1749330 1198
1749340 1197
1749350 1195
1749360 1195
1749370 1193
1749380 1192
1749390 1192
1749400 1190
1749410 1189
1749420 1189
1749430 1188
1749440 1187
1749450 1187
1749460 1186
1749470 1185
1749480 1185
1749490 1184
1749500 1184
1749510 1184
1749520 1184
1749530 1185
1749540 1186
1749550 1186
1749560 1187
1749570 1187
1749580 1187
1749590 1186
1749600 1185
1749610 1185
1749620 1183
1749630 1180
1749640 1180
1749650 1176
1749660 1173
1749670 1173
1749680 1173
1749690 1170
1749700 1170
1749710 1167
1749720 1163
1749730 1163
1749740 1161
1749750 1160
1749760 1160
1749770 1159
1749780 1156
1749790 1156
1749800 1154
1749810 1152
1749820 1152
1749830 1150
1749840 1147
1749850 1147
1749860 1146
1749870 1143
1749880 1143
1749890 1141
1749900 1139
1749910 1139
1749920 1137
1749930 1135
1749940 1132
1749950 1132
1749960 1131
1749970 1128
1749980 1128
1749990 1125
1750000 1124
1750010 1124
1750020 1122
1750030 1120
1750040 1120
1750050 1118
1750060 1115
1750070 1115
1750080 1112
1750090 1109
1750100 1109
1750110 1104
1750120 1099
1750130 1099
1750140 1094
1750150 1091
1750160 1091
1750170 1086
1750180 1083
1750190 1083
1750200 1078
1750210 1075
1750220 1075
1750230 1071
1750240 1068
1750250 1068
1750260 1064
1750270 1060
1750280 1060
1750290 1054
1750300 1051
1750310 1051
1750320 1047
1750330 1045
1750340 1045
1750350 1042
1750360 1040
1750370 1038
1750380 1038
1750390 1035
1750400 1033
1750410 1033
1750420 1031
1750430 1028
1750440 1028
1750450 1025
1750460 1021
1750470 1021
1750480 1020
1750490 1017
1750500 1017
1750510 1015
1750520 1012
1750530 1012
1750540 1010
1750550 1007
1750560 1007
1750570 1003
1750580 998
1750590 998
1750600 993
1750610 984
1750620 984
1750630 978
1750640 973
1750650 973
1750660 969
1750670 967
1750680 967
1750690 967
1750700 965
1750710 965
1750720 961
1750730 955
1750740 955
1750750 953
1750760 951
1750770 951
1750780 947
1750790 949
1750800 949
1750810 947
1750820 944
1750830 940
1750840 940
1750850 935
1750860 928
1750870 928
1750880 927
1750890 930
1750900 930
1750910 935
1750920 938
1750930 938
1750940 939
1750950 938
1750960 938
1750970 940
1750980 940
1750990 940
1751000 944
1751010 945
1751020 945
1751030 942
1751040 943
1751050 943
1751060 944
1751070 944
1751080 944
1751090 944
1751100 943
1751110 943
1751120 944
1751130 944
1751140 944
1751150 944
1751160 943
1751170 943
1751180 942
1751190 942
1751200 942
1751210 944
1751220 945
1751230 945
1751240 945
1751250 946
1751260 948
1751270 948
1751280 949
1751290 950
1751300 950
1751310 949
1751320 948
1751330 948
1751340 947
1751350 945
1751360 945
1751370 943
1750380 1035
1750390 1033
1750400 1032
1750410 1030
1750420 1029
1750430 1027
1750440 1025
1750450 1022
1750460 1020
1750470 1017
1750480 1016
1750490 1014
1750500 1013
1750510 1012
1750520 1011
1750530 1010
1750540 1008
1750550 1006
1750560 1004
1750570 1002
1750580 999
1750590 996
1750600 992
1750610 988
1750620 984
1750630 980
1750640 976
1750650 972
1750660 970
1750670 968
1750680 967
1750690 967
1750700 966
1750710 965
1750720 962
1750730 959
1750740 956
1750750 953
1750760 952
1750770 950
1750780 948
1750790 948
1750800 948
1750810 947
1750820 946
1750830 943
1750840 941
1750850 937
1750860 934
1750870 931
1750880 929
1750890 929
1750900 931
1750910 933
1750920 936
1750930 938
1750940 938
1750950 939
1750960 939
1750970 940
1750980 940
1750990 941
1751000 943
1751010 945
1751020 945
1751030 943
1751040 943
1751050 944
1751060 945
1751070 945
1751080 944
1751090 944
1751100 944
1751110 944
1751120 944
1751130 944
1751140 944
1751150 944
1751160 944
1751170 944
1751180 943
1751190 943
1751200 944
1751210 944
1751220 945
1751230 945
1751240 946
1751250 946
1751260 947
1751270 948
1751280 949
1751290 949
1751300 950
1751310 950
1751320 949
1751330 949
1751340 948
1751350 947
1751360 946
1751370 945
1751380 944
1751390 943
1751400 941
1751410 940
1751420 939
1751430 938
1751440 937
1751450 936
1751460 935
1751470 933
1751480 932
1751490 931
1751500 929
1751510 928
1751520 926
1751530 925
1751540 923
1751550 922
1751560 921
1751570 920
1751580 919
1751590 918
1751600 917
1751610 917
1751620 916
1751630 915
1751640 914
1751650 912
1751660 911
1751670 910
1751680 909
1751690 908
1751700 907
1751710 906
1751720 905
1751730 904
1751740 902
1751750 901
1751760 900
1751770 899
1751780 897
1751790 895
1751800 894
1751810 892
1751820 889
1751830 887
1751840 886
1751850 884
1751860 883
1751870 881
1751880 880
1751890 879
1751900 876
1751910 874
1751920 871
1751930 869
1751940 868
1751950 870
1751960 871
1751970 873
1751980 874
1751990 876
1752000 878
1752010 881
1752020 883
1752030 885
1752040 888
1752050 891
1752060 894
1752070 897
1752080 899
1752090 902
1752100 904
1752110 906
1752120 908
1752130 909
1752140 910
1752150 911
1752160 911
1752170 910
1752180 907
1752190 902
1752200 897
1752210 891
1752220 887
1752230 881
1752240 877
1752250 872
1752260 868
1752270 863
1752280 859
1752290 855
1752300 850
1752310 846
1752320 842
1752330 838
1752340 834
1752350 830
1752360 827
1752370 824
1752380 820
1752390 816
1752400 813
1752410 809
1752420 805
1752430 802
1752440 798
1752450 795
1752460 791
1752470 788
1752480 785
1752490 782
1752500 779
1752510 777
1752520 775
1752530 775
1752540 774
1752550 773
1752560 772
1752570 772
1752580 771
1752590 771
1752600 771
1752610 771
1752620 770
1752630 770
1752640 769
1752650 767
1752660 766
1752670 767
1752680 768
1752690 769
1752700 769
1752710 770
1752720 772
1752730 775
1752740 778
1752750 780
1752760 782
1752770 782
1752780 783
1752790 784
1752800 785
1752810 785
1752820 786
1752830 786
1752840 786
1752850 787
1752860 787
1752870 787
1752880 788
1752890 788
1752900 789
1752910 789
1752920 790
1752930 791
1752940 793
1752950 794
1752960 795
1752970 796
1752980 797
1752990 797
1753000 798
1753010 799
1753020 799
1753030 800
1753040 800
1753050 801
1753060 802
1753070 802
1753080 802
1753090 803
1753100 803
1753110 803
1753120 804
1753130 804
1753140 804
1753150 805
1753160 805
1753170 806
1753180 807
1753190 808
1753200 809
1753210 809
1753220 811
1753230 812
1753240 813
1753250 814
1753260 814
1753270 815
1753280 816
1753290 816
1753300 817
1753310 818
1753320 819
1753330 821
1753340 822
1753350 824
1753360 826
1753370 828
1753380 831
1753390 833
1753400 835
1753410 837
1753420 838
1753430 840
1753440 842
1753450 844
1753460 845
1753470 847
1753480 848
1753490 849
1753500 849
1753510 849
1753520 847
1753530 846
1753540 844
1753550 843
1753560 841
1753570 840
1753580 838
1753590 837
1753600 836
1753610 835
1753620 833
1753630 832
1753640 831
1753650 830
1753660 829
1753670 828
1753680 828
1753690 827
1753700 827
1753710 826
1753720 826
1753730 826
1753740 826
1753750 827
1753760 827
1753770 828
1753780 828
1753790 828
1753800 827
1753810 826
1753820 824
1753830 823
1753840 821
1753850 820
1753860 819
1753870 819
1753880 818
1753890 817
1753900 816
1753910 814
1753920 813
1753930 812
1753940 811
1753950 811
1753960 811
1753970 811
1753980 810
1753990 810
1754000 809
1754010 809
1754020 808
1754030 807
1754040 807
1754050 806
1754060 806
1754070 805
1754080 803
1754090 802
1754100 801
1754110 799
1754120 798
1754130 797
1754140 796
1754150 794
1754160 792
1754170 790
1754180 787
1754190 784
1754200 781
1754210 778
1754220 776
1754230 774
1754240 772
1754250 770
1754260 769
1754270 768
1754280 768
1754290 769
1754300 770
1754310 771
1754320 773
1754330 774
1754340 775
1754350 777
1754360 779
1754370 781
1754380 782
1754390 782
1754400 783
1754410 783
1754420 783
1754430 783
1754440 783
1754450 783
1754460 782
1754470 782
1754480 781
1754490 782
1754500 782
1754510 781
1754520 781
1754530 781
1754540 780
1754550 779
1754560 778
1754570 777
1754580 776
1754590 775
1754600 774
1754610 772
1754620 771
1754630 770
1754640 768
1754650 766
1754660 764
1754670 762
1754680 760
1754690 759
1754700 757
1754710 755
1754720 753
1754730 752
1754740 750
1754750 749
1754760 747
1754770 745
1754780 744
1754790 744
1754800 744
1754810 744
1754820 744
1754830 742
1754840 741
1754850 741
1754860 740
1754870 741
1754880 741
1754890 742
1754900 743
1754910 743
1754920 743
1754930 742
1754940 741
1754950 740
1754960 740
1754970 738
1754980 736
1754990 735
1755000 734
1755010 733
1755020 731
1755030 730
1755040 730
1755050 729
1755060 728
1755070 727
1755080 726
1755090 724
1755100 723
1755110 722
1755120 721
1755130 720
1755140 719
1755150 718
1755160 717
1755170 716
1755180 715
1755190 714
1755200 713
1755210 712
1755220 711
1755230 709
1755240 707
1755250 705
1755260 703
1755270 700
1755280 699
1755290 697
1755300 696
1755310 695
1755320 695
1755330 694
1755340 693
1755350 693
1755360 692
1755370 692
1755380 691
1755390 690
1755400 688
1755410 687
1755420 686
1755430 685
1755440 684
1755450 682
1755460 681
1755470 680
1755480 679
1755490 678
1755500 676
1755510 676
1755520 675
1755530 674
1755540 673
1755550 672
1755560 671
1755570 670
1755580 669
1755590 668
1755600 667
1755610 666
1755620 666
1755630 666
1755640 665
1755650 665
1755660 664
1755670 664
1755680 663
1755690 663
1755700 662
1755710 661
1755720 660
1755730 658
1755740 657
1755750 656
1755760 656
1755770 655
1755780 655
1755790 654
1755800 653
1755810 652
1755820 652
1755830 651
1755840 650
1755850 649
1755860 647
1755870 645
1755880 643
1755890 641
1755900 640
1755910 638
1755920 637
1755930 636
1755940 634
1755950 633
1755960 632
1755970 632
1755980 631
1755990 630
1756000 629
1756010 629
1756020 628
1756030 628
1756040 627
1756050 626
1756060 626
1756070 625
1756080 624
1756090 624
1756100 623
1756110 623
1756120 622
1756130 622
1756140 622
1756150 621
1756160 621
1756170 620
1756180 620
1756190 620
1756200 620
1756210 620
1756220 620
1756230 620
1756240 620
1756250 620
1756260 620
1756270 620
1756280 620
1756290 620
1756300 620
1756310 620
1756320 620
1756330 620
1756340 620
1756350 620
1756360 619
1756370 619
1756380 619
1756390 619
1756400 619
1756410 619
1756420 619
1756430 618
1756440 618
1756450 617
1756460 617
1756470 617
1756480 617
1756490 617
1756500 617
1756510 616
1756520 617
1756530 617
1756540 617
1756550 616
1756560 616
1756570 616
1756580 615
1756590 615
1756600 615
1756610 615
1756620 615
1756630 614
1756640 614
1756650 614
1756660 614
1756670 615
1756680 616
1756690 617
1756700 619
1756710 620
1756720 621
1756730 623
1756740 624
1756750 625
1756760 626
1756770 628
1756780 629
1756790 631
1756800 632
1756810 633
1756820 635
1756830 636
1756840 637
1756850 638
1756860 640
1756870 642
1756880 643
1756890 646
1756900 648
1756910 650
1756920 653
1756930 655
1756940 658
1756950 660
1756960 662
1756970 665
1756980 668
1756990 671
1757000 673
1757010 676
1757020 678
1757030 681
1757040 683
1757050 686
1757060 689
1757070 691
1757080 694
1757090 696
1757100 699
1757110 702
1757120 704
1757130 707
1757140 709
1757150 711
1757160 712
1757170 714
1757180 714
1757190 714
1757200 712
1757210 709
1757220 707
1757230 704
1757240 702
1757250 699
1757260 697
1757270 694
1757280 691
1757290 688
1757300 685
1757310 683
1757320 680
1757330 678
1757340 675
1757350 674
1757360 672
1757370 670
1757380 669
1757390 667
1757400 666
1757410 665
1757420 664
1757430 662
1757440 664
1757450 665
1757460 666
1757470 666
1757480 667
1757490 667
1757500 668
1757510 669
1757520 670
1757530 671
1757540 672
1757550 673
1757560 674
1757570 675
1757580 676
1757590 678
1757600 679
1757610 679
1757620 680
1757630 681
1757640 681
1757650 681
1757660 682
1757670 682
1757680 683
1757690 685
1757700 686
1757710 688
1757720 690
1757730 692
1757740 695
1757750 698
1757760 701
1757770 704
1757780 706
1757790 708
1757800 709
1757810 709
1757820 710
1757830 711
1757840 712
1757850 713
1757860 714
1757870 715
1757880 716
1757890 717
1757900 718
1757910 720
1757920 721
1757930 723
1757940 724
1757950 726
1757960 727
1757970 728
1757980 729
1757990 730
1758000 732
1758010 734
1758020 736
1758030 738
1758040 739
1758050 741
1758060 742
1758070 742
1758080 744
1758090 745
1758100 747
1758110 750
1758120 752
1758130 755
1758140 759
1758150 762
1758160 765
1758170 767
1758180 769
1758190 770
1758200 772
1758210 774
1758220 775
1758230 777
1758240 779
1758250 780
1758260 781
1758270 783
1758280 786
1758290 788
1758300 791
1758310 794
1758320 797
1758330 799
1758340 802
1758350 804
1758360 805
1758370 807
1758380 809
1758390 810
1758400 808
1758410 805
1758420 801
1758430 796
1758440 792
1758450 787
1758460 783
1758470 779
1758480 775
1758490 771
1758500 768
1758510 764
1758520 761
1758530 757
1758540 754
1758550 751
1758560 748
1758570 745
1758580 743
1758590 740
1758600 737
1758610 733
1758620 732
1758630 732
1758640 738
1758650 742
1758660 746
1758670 749
1758680 752
1758690 756
1758700 760
1758710 764
1758720 768
1758730 772
1758740 776
1758750 780
1758760 783
1758770 787
1758780 790
1758790 792
1758800 794
1758810 794
1758820 796
1758830 796
1758840 797
1758850 798
1758860 799
1758870 799
1758880 800
1758890 802
1758900 803
1758910 805
1758920 806
1758930 808
1758940 809
1758950 811
1758960 813
1758970 815
1758980 817
1758990 818
1759000 818
1759010 818
1759020 818
1759030 819
1759040 819
1759050 820
1759060 822
1759070 824
1759080 825
1759090 827
1759100 828
1759110 830
1759120 831
1759130 832
1759140 834
1759150 835
1759160 837
1759170 839
1759180 841
1759190 843
1759200 845
1759210 848
1759220 850
1759230 852
1759240 854
1759250 856
1759260 857
1759270 858
1759280 860
1759290 860
1759300 862
1759310 863
1759320 864
1759330 865
1759340 866
1759350 866
1759360 867
1759370 867
1759380 868
1759390 869
1759400 870
1759410 871
1759420 872
1759430 873
1759440 874
1759450 875
1759460 875
1759470 876
1759480 876
1759490 877
1759500 878
1759510 879
1759520 880
1759530 882
1759540 883
1759550 884
1759560 885
1759570 886
1759580 886
1759590 886
1759600 886
1759610 886
1759620 886
1759630 887
1759640 887
1759650 887
1759660 888
1759670 888
1759680 888
1759690 888
1759700 888
1759710 888
1759720 887
1759730 886
1759740 884
1759750 882
1759760 880
1759770 878
1759780 876
1759790 874
1759800 872
1759810 870
1759820 868
1759830 865
1759840 863
1759850 861
1759860 859
1759870 857
1759880 855
1759890 853
1759900 850
1759910 848
1759920 845
1759930 843
1759940 841
1759950 839
1759960 837
1759970 834
1759980 831
1759990 828
