1740000 967
1740010 965
1740020 966
1740030 969
1740040 967
1740050 965
1740060 965
1740070 967
1740080 968
1740090 968
1740100 968
1740110 969
1740120 969
1740130 969
1740140 969
1740150 969
1740160 970
1740170 972
1740180 973
1740190 973
1740200 973
1740210 974
1740220 974
1740230 974
1740240 975
1740250 975
1740260 975
1740270 976
1740280 976
1740290 976
1740300 977
1740310 977
1740320 978
1740330 978
1740340 978
1740350 978
1740360 979
1740370 979
1740380 981
1740390 983
1740400 983
1740410 985
1740420 984
1740430 984
1740440 983
1740450 980
1740460 980
1740470 978
1740480 976
1740490 976
1740500 975
1740510 974
1740520 974
1740530 973
1740540 973
1740550 973
1740560 972
1740570 971
1740580 971
1740590 970
1740600 969
1740610 969
1740620 969
1740630 969
1740640 968
1740650 968
1740660 969
1740670 968
1740680 968
1740690 968
1740700 968
1740710 968
1740720 968
1740730 968
1740740 968
1740750 968
1740760 969
1740770 969
1740780 969
1740790 969
1740800 969
1740810 969
1740820 969
1740830 969
1740840 969
1740850 969
1740860 969
1740870 969
1740880 969
1740890 969
1740900 969
1740910 969
1740920 969
1740930 970
1740940 970
1740950 970
1740960 970
1740970 970
1740980 970
1740990 970
1741000 971
1741010 971
1741020 971
1741030 971
1741040 971
1741050 971
1741060 971
1741070 972
1741080 972
1741090 972
1741100 972
1741110 972
1741120 973
1741130 973
1741140 973
1741150 973
1741160 973
1741170 973
1741180 973
1741190 973
1741200 973
1741210 973
1741220 973
1741230 973
1741240 973
1741250 973
1741260 973
1741270 973
1741280 971
1741290 971
1741300 968
1741310 966
1741320 966
1741330 963
1741340 961
1741350 961
1741360 958
1741370 957
1741380 957
1741390 956
1741400 954
1741410 954
1741420 953
1741430 951
1741440 951
1741450 949
1741460 945
1741470 945
1741480 941
1741490 936
1741500 931
1741510 931
1741520 925
1741530 920
1741540 920
1741550 915
1741560 912
1741570 912
1741580 909
1741590 905
1741600 905
1741610 901
1741620 896
1741630 896
1741640 891
1741650 886
1741660 886
1741670 880
1741680 875
1741690 875
1741700 870
1741710 866
1741720 866
1741730 861
1741740 857
1741750 857
1741760 851
1741770 847
1741780 847
1741790 841
1741800 835
1741810 835
1741820 830
1741830 824
1741840 824
1741850 820
1741860 818
1741870 818
1741880 818
1741890 820
1741900 820
1741910 821
1741920 821
1741930 821
1741940 822
1741950 821
1741960 821
1741970 821
1741980 821
1741990 820
1742000 820
1742010 820
1742020 823
1742030 823
1742040 824
1742050 828
1742060 828
1742070 832
1742080 835
1742090 835
1742100 837
1742110 842
1742120 842
1742130 845
1742140 849
1742150 849
1742160 853
1742170 856
1742180 856
1742190 858
1742200 861
1742210 861
1742220 864
1742230 866
1742240 866
1742250 869
1742260 872
1742270 872
1742280 875
1742290 877
1742300 877
1742310 880
1742320 883
1742330 883
1742340 885
1742350 886
1742360 886
1742370 888
1742380 890
1742390 893
1742400 893
1742410 895
1742420 896
1742430 896
1742440 897
1742450 899
1742460 899
1742470 901
1742480 903
1742490 903
1742500 904
1742510 905
1742520 905
1742530 907
1742540 907
1742550 907
1742560 909
1742570 911
1742580 911
1742590 913
1742600 917
1742610 917
1742620 917
1742630 920
1742640 920
1742650 923
1742660 926
1742670 926
1742680 929
1742690 932
1742700 932
1742710 935
1742720 936
1742730 936
1742740 938
1742750 940
1742760 940
1742770 942
1742780 946
1742790 946
1742800 948
1742810 949
1742820 949
1742830 951
1742840 955
1742850 959
1742860 959
1742870 962
1742880 965
1742890 965
1742900 967
1742910 970
1742920 970
1742930 972
1742940 974
1742950 974
1742960 977
1742970 980
1742980 980
1742990 983
1743000 986
1743010 986
1743020 989
1743030 992
1743040 992
1743050 995
1743060 999
1743070 999
1743080 1002
1743090 1006
1743100 1006
1743110 1009
1743120 1013
1743130 1013
1743140 1017
1743150 1020
1743160 1020
1743170 1024
1743180 1028
1743190 1028
1743200 1031
1743210 1034
1743220 1034
1743230 1037
1743240 1039
1743250 1039
1743260 1043
1743270 1047
1743280 1047
1743290 1050
1743300 1054
1743310 1058
1743320 1058
1743330 1061
1743340 1064
1743350 1064
1743360 1068
1743370 1073
1743380 1073
1743390 1078
1743400 1083
1743410 1083
1743420 1086
1743430 1090
1743440 1090
1743450 1092
1743460 1095
1743470 1095
1743480 1098
1743490 1101
1743500 1101
1743510 1105
1743520 1109
1743530 1109
1743540 1113
1743550 1117
1743560 1117
1743570 1122
1743580 1127
1743590 1127
1743600 1132
1743610 1135
1743620 1135
1743630 1139
1743640 1141
1743650 1141
1743660 1144
1743670 1146
1743680 1146
1743690 1148
1743700 1150
1743710 1150
1743720 1152
1743730 1155
1743740 1157
1743750 1157
1743760 1161
1743770 1165
1743780 1165
1743790 1169
1743800 1172
1743810 1172
1743820 1177
1743830 1181
1743840 1181
1743850 1185
1743860 1189
1743870 1189
1743880 1193
1743890 1197
1743900 1197
1743910 1202
1743920 1206
1743930 1206
1743940 1209
1743950 1213
1743960 1213
1743970 1217
1743980 1222
1743990 1222
1744000 1225
1744010 1229
1744020 1229
1744030 1232
1744040 1237
1744050 1237
1744060 1241
1744070 1245
1744080 1245
1744090 1249
1744100 1254
1744110 1254
1744120 1258
1744130 1262
1744140 1262
1744150 1266
1744160 1270
1744170 1270
1744180 1273
1744190 1277
1744200 1282
1744210 1282
1744220 1285
1744230 1289
1744240 1289
1744250 1293
1744260 1296
1744270 1296
1744280 1300
1744290 1303
1744300 1303
1744310 1307
1744320 1311
1744330 1311
1744340 1314
1744350 1317
1744360 1317
1744370 1320
1744380 1323
1744390 1323
1744400 1326
1744410 1329
1744420 1329
1744430 1331
1744440 1332
1744450 1332
1744460 1332
1744470 1331
1744480 1331
1744490 1330
1744500 1329
1744510 1329
1744520 1328
1744530 1327
1744540 1327
1744550 1326
1744560 1325
1744570 1325
1744580 1324
1744590 1324
1744600 1324
1744610 1321
1744620 1321
1744630 1322
1744640 1322
1744650 1323
1744660 1325
1744670 1325
1744680 1326
1744690 1326
1744700 1326
1744710 1326
1744720 1325
1744730 1325
1744740 1324
1744750 1325
1744760 1325
1744770 1326
1744780 1328
1744790 1328
1744800 1331
1744810 1336
1744820 1336
1744830 1341
1744840 1344
1744850 1344
1744860 1349
1744870 1352
1744880 1352
1744890 1357
1744900 1361
1744910 1361
1744920 1366
1744930 1370
1744940 1370
1744950 1374
1744960 1378
1744970 1378
1744980 1382
1744990 1387
1745000 1387
1745010 1393
1745020 1398
1745030 1398
1745040 1403
1745050 1407
1745060 1407
1745070 1411
1745080 1415
1745090 1419
1745100 1419
1745110 1424
1745120 1430
1745130 1430
1745140 1438
1745150 1453
1745160 1453
1745170 1458
1745180 1465
1745190 1465
1745200 1471
1745210 1482
1745220 1482
1745230 1482
1745240 1485
1745250 1485
1745260 1490
1745270 1498
1745280 1498
1745290 1508
1745300 1529
1745310 1529
1745320 1537
1745330 1544
1745340 1544
1745350 1550
1745360 1556
1745370 1556
1745380 1563
1745390 1569
1745400 1569
1745410 1574
1745420 1580
1745430 1580
1745440 1585
1745450 1588
1745460 1588
1745470 1592
1745480 1594
1745490 1594
1745500 1597
1745510 1601
1745520 1613
1745530 1613
1745540 1615
1745550 1616
1745560 1616
1745570 1621
1745580 1625
1745590 1625
1745600 1633
1745610 1641
1745620 1641
1745630 1652
1745640 1655
1745650 1655
1745660 1663
1745670 1672
1745680 1672
1745690 1658
1745700 1673
1745710 1673
1745720 1696
1745730 1701
1745740 1701
1745750 1703
1745760 1712
1745770 1712
1745780 1714
1745790 1719
1745800 1719
1745810 1724
1745820 1732
1745830 1732
1745840 1740
1745850 1746
1745860 1746
1745870 1754
1745880 1761
1745890 1761
1745900 1768
1745910 1776
1745920 1776
1745930 1783
1745940 1791
1745950 1791
1745960 1799
1745970 1807
1745980 1815
1745990 1815
1746000 1823
1746010 1834
1746020 1834
1746030 1843
1746040 1851
1746050 1851
1746060 1858
1746070 1865
1746080 1865
1746090 1872
1746100 1878
1746110 1878
1746120 1886
1746130 1894
1746140 1894
1746150 1900
1746160 1906
1746170 1906
1746180 1912
1746190 1919
1746200 1919
1746210 1927
1746220 1935
1746230 1935
1746240 1939
1746250 1942
1746260 1942
1746270 1946
1746280 1950
1746290 1950
1746300 1954
1746310 1959
1746320 1959
1746330 1964
1746340 1967
1746350 1967
1746360 1968
1746370 1969
1746380 1969
1746390 1970
1746400 1970
1746410 1971
1746420 1971
1746430 1971
1746440 1972
1746450 1972
1746460 1972
1746470 1972
1746480 1972
1746490 1972
1746500 1972
1746510 1972
1746520 1972
1746530 1972
1746540 1972
1746550 1972
1746560 1971
1746570 1971
1746580 1972
1746590 1971
1746600 1971
1746610 1971
1746620 1971
1746630 1971
1746640 1970
1746650 1969
1746660 1969
1746670 1969
1746680 1969
1746690 1969
1746700 1969
1746710 1969
1746720 1969
1746730 1969
1746740 1969
1746750 1969
1746760 1969
1746770 1969
1746780 1969
1746790 1968
1746800 1968
1746810 1968
1746820 1967
1746830 1966
1746840 1966
1746850 1965
1746860 1965
1746870 1965
1746880 1965
1746890 1965
1746900 1965
1746910 1965
1746920 1965
1746930 1965
1746940 1965
1746950 1966
1746960 1966
1746970 1968
1746980 1969
1746990 1969
1747000 1969
1747010 1970
1747020 1970
1747030 1970
1747040 1970
1747050 1970
1747060 1970
1747070 1968
1747080 1965
1747090 1965
1747100 1962
1747110 1959
1747120 1959
1747130 1957
1747140 1954
1747150 1954
1747160 1951
1747170 1948
1747180 1948
1747190 1945
1747200 1942
1747210 1942
1747220 1939
1747230 1936
1747240 1936
1747250 1932
1747260 1929
1747270 1929
1747280 1926
1747290 1922
1747300 1922
1747310 1918
1747320 1912
1747330 1905
1747340 1905
1747350 1897
1747360 1891
1747370 1891
1747380 1884
1747390 1879
1747400 1879
1747410 1875
1747420 1871
1747430 1871
1747440 1873
1747450 1878
1747460 1878
1747470 1877
1747480 1874
1747490 1874
1747500 1871
1747510 1869
1747520 1869
1747530 1866
1747540 1862
1747550 1862
1747560 1858
1747570 1855
1747580 1855
1747590 1852
1747600 1849
1747610 1849
1747620 1847
1747630 1844
1747640 1844
1747650 1841
1747660 1838
1747670 1838
1747680 1835
1747690 1833
1747700 1833
1747710 1830
1747720 1828
1747730 1828
1747740 1825
1747750 1823
1747760 1820
1747770 1820
1747780 1818
1747790 1816
1747800 1816
1747810 1814
1747820 1813
1747830 1813
1747840 1811
1747850 1810
1747860 1810
1747870 1809
1747880 1808
1747890 1808
1747900 1807
1747910 1806
1747920 1806
1747930 1805
1747940 1805
1747950 1805
1747960 1804
1747970 1804
1747980 1804
1747990 1804
1748000 1804
1748010 1804
1748020 1804
1748030 1804
1748040 1804
1748050 1804
1748060 1804
1748070 1804
1748080 1804
1748090 1804
1748100 1804
1748110 1804
1748120 1803
1748130 1803
1748140 1803
1748150 1803
1748160 1803
1748170 1803
1748180 1802
1748190 1802
1748200 1802
1748210 1801
1748220 1801
1748230 1801
1748240 1800
1748250 1800
1748260 1800
1748270 1799
1748280 1797
1748290 1797
1748300 1796
1748310 1793
1748320 1793
1748330 1787
1748340 1775
1748350 1775
1748360 1767
1748370 1759
1748380 1759
1748390 1754
1748400 1748
1748410 1748
1748420 1742
1748430 1736
1748440 1736
1748450 1730
1748460 1725
1748470 1725
1748480 1718
1748490 1711
1748500 1711
1748510 1706
1748520 1700
1748530 1700
1748540 1695
1748550 1690
1748560 1690
1748570 1688
1748580 1678
1748590 1678
1748600 1659
1748610 1649
1748620 1649
1748630 1643
1748640 1636
1748650 1630
1748660 1630
1748670 1625
1748680 1617
1748690 1617
1748700 1590
1748710 1583
1748720 1583
1748730 1569
1748740 1558
1748750 1558
1748760 1550
1748770 1543
1748780 1543
1748790 1535
1748800 1529
1748810 1529
1748820 1522
1748830 1515
1748840 1515
1748850 1509
1748860 1502
1748870 1502
1748880 1496
1748890 1489
1748900 1489
1748910 1483
1748920 1477
1748930 1477
1748940 1470
1748950 1463
1748960 1463
1748970 1457
1748980 1450
1748990 1450
1749000 1444
1749010 1438
1749020 1438
1749030 1432
1749040 1425
1749050 1425
1749060 1420
1749070 1413
1749080 1413
1749090 1407
1749100 1402
1749110 1397
1749120 1397
1749130 1393
1749140 1389
1749150 1389
1749160 1387
1749170 1385
1749180 1385
1749190 1383
1749200 1380
1749210 1380
1749220 1380
1749230 1378
1749240 1378
1749250 1375
1749260 1372
1749270 1372
1749280 1370
1749290 1367
1749300 1367
1749310 1364
1749320 1362
1749330 1362
1749340 1359
1749350 1357
1749360 1357
1749370 1355
1749380 1352
1749390 1352
1749400 1350
1749410 1349
1749420 1349
1749430 1347
1749440 1346
1749450 1346
1749460 1343
1749470 1344
1749480 1344
1749490 1346
1749500 1353
1749510 1353
1749520 1358
1749530 1362
1749540 1364
1749550 1364
1749560 1363
1749570 1365
1749580 1365
1749590 1369
1749600 1371
1749610 1371
1749620 1375
1749630 1377
1749640 1377
1749650 1380
1749660 1386
1749670 1386
1749680 1392
1749690 1398
1749700 1398
1749710 1404
1749720 1409
1749730 1409
1749740 1414
1749750 1414
1749760 1414
1749770 1411
1749780 1410
1749790 1410
1749800 1408
1749810 1407
1749820 1407
1749830 1406
1749840 1405
1749850 1405
1749860 1407
1749870 1408
1749880 1408
1749890 1406
1749900 1404
1749910 1404
1749920 1403
1749930 1399
1749940 1399
1749950 1396
1749960 1394
1749970 1394
1749980 1392
1749990 1390
1750000 1388
1750010 1388
1750020 1386
1750030 1382
1750040 1382
1750050 1375
1750060 1372
1750070 1372
1750080 1369
1750090 1366
1750100 1366
1750110 1363
1750120 1361
1750130 1361
1750140 1361
1750150 1361
1750160 1361
1750170 1363
1750180 1362
1750190 1362
1750200 1357
1750210 1352
1750220 1357
1750230 1353
1750240 1348
1750250 1348
1750260 1344
1750270 1344
1750280 1344
1750290 1342
1750300 1340
1750310 1340
1750320 1337
1750330 1335
1750340 1335
1750350 1332
1750360 1329
1750370 1329
1750380 1328
1750390 1325
1750400 1325
1750410 1321
1750420 1318
1750430 1313
1750440 1313
1750450 1309
1750460 1305
1750470 1305
1750480 1302
1750490 1299
1750500 1299
1750510 1295
1750520 1292
1750530 1292
1750540 1289
1750550 1287
1750560 1287
1750570 1285
1750580 1282
1750590 1282
1750600 1279
1750610 1276
1750620 1276
1750630 1274
1750640 1271
1750650 1271
1750660 1265
1750670 1261
1750680 1261
1750690 1258
1750700 1255
1750710 1255
1750720 1252
1750730 1248
1750740 1248
1750750 1244
1750760 1241
1750770 1241
1750780 1238
1750790 1235
1750800 1235
1750810 1235
1750820 1237
1750830 1237
1750840 1238
1750850 1239
1750860 1239
1750870 1242
1750880 1244
1750890 1248
1750900 1248
1750910 1249
1750920 1251
1750930 1251
1750940 1251
1750950 1250
1750960 1250
1750970 1250
1750980 1249
1750990 1249
1751000 1248
1751010 1245
1751020 1245
1751030 1243
1751040 1239
1751050 1239
1751060 1236
1751070 1233
1751080 1233
1751090 1229
1751100 1225
1751110 1225
1751120 1222
1751130 1219
1751140 1219
1751150 1216
1751160 1212
1751170 1212
1751180 1209
1751190 1207
1751200 1207
1751210 1204
1751220 1201
1751230 1201
1751240 1198
1751250 1196
1751260 1196
1751270 1192
1751280 1188
1751290 1188
1751300 1185
1751310 1181
1751320 1181
1751330 1177
1751340 1173
1751350 1170
1751360 1170
