1740000 1771
1740010 1764
1740020 1764
1740030 1757
1740040 1750
1740050 1750
1740060 1742
1740070 1735
1740080 1735
1740090 1729
1740100 1724
1740110 1724
1740120 1721
1740130 1722
1740140 1722
1740150 1721
1740160 1713
1740170 1713
1740180 1706
1740190 1700
1740200 1700
1740210 1687
1740220 1679
1740230 1679
1740240 1671
1740250 1662
1740260 1662
1740270 1658
1740280 1649
1740290 1649
1740300 1642
1740310 1636
1740320 1636
1740330 1627
1740340 1622
1740350 1622
1740360 1616
1740370 1610
1740380 1610
1740390 1606
1740400 1603
1740410 1597
1740420 1597
1740430 1594
1740440 1591
1740450 1591
1740460 1588
1740470 1584
1740480 1584
1740490 1580
1740500 1576
1740510 1576
1740520 1571
1740530 1567
1740540 1567
1740550 1565
1740560 1560
1740570 1560
1740580 1555
1740590 1552
1740600 1552
1740610 1549
1740620 1545
1740630 1545
1740640 1539
1740650 1537
1740660 1537
1740670 1535
1740680 1532
1740690 1532
1740700 1530
1740710 1527
1740720 1527
1740730 1524
1740740 1522
1740750 1522
1740760 1520
1740770 1519
1740780 1519
1740790 1518
1740800 1518
1740810 1518
1740820 1517
1740830 1516
1740840 1516
1740850 1514
1740860 1510
1740870 1506
1740880 1506
1740890 1502
1740900 1498
1740910 1498
1740920 1496
1740930 1495
1740940 1495
1740950 1493
1740960 1491
1740970 1491
1740980 1490
1740990 1489
1741000 1489
1741010 1491
1741020 1492
1741030 1492
1741040 1494
1741050 1496
1741060 1496
1741070 1499
1741080 1500
1741090 1500
1741100 1499
1741110 1493
1741120 1493
1741130 1487
1741140 1482
1741150 1482
1741160 1477
1741170 1464
1741180 1464
1741190 1455
1741200 1453
1741210 1453
1741220 1448
1741230 1411
1741240 1411
1741250 1407
1741260 1402
1741270 1402
1741280 1396
1741290 1390
1741300 1390
1741310 1384
1741320 1379
1741330 1373
1741340 1373
1741350 1368
1741360 1361
1741370 1361
1741380 1356
1741390 1350
1741400 1350
1741410 1345
1741420 1339
1741430 1339
1741440 1334
1741450 1331
1741460 1331
1741470 1329
1741480 1326
1741490 1326
1741500 1324
1741510 1322
1741520 1322
1741530 1320
1741540 1318
1741550 1318
1741560 1317
1741570 1315
1741580 1315
1741590 1313
1741600 1310
1741610 1314
1741620 1310
1741630 1304
1741640 1304
1741650 1300
1741660 1295
1741670 1295
1741680 1290
1741690 1284
1741700 1284
1741710 1278
1741720 1273
1741730 1273
1741740 1266
1741750 1259
1741760 1259
1741770 1252
1741780 1245
1741790 1238
1741800 1238
1741810 1232
1741820 1225
1741830 1225
1741840 1220
1741850 1213
1741860 1213
1741870 1207
1741880 1202
1741890 1202
1741900 1195
1741910 1188
1741920 1188
1741930 1179
1741940 1171
1741950 1171
1741960 1165
1741970 1159
1741980 1159
1741990 1153
1742000 1146
1742010 1146
1742020 1139
1742030 1134
1742040 1134
1742050 1128
1742060 1122
1742070 1122
1742080 1116
1742090 1110
1742100 1110
1742110 1103
1742120 1098
1742130 1098
1742140 1096
1742150 1095
1742160 1095
1742170 1092
1742180 1088
1742190 1088
1742200 1085
1742210 1081
1742220 1081
1742230 1077
1742240 1074
1742250 1070
1742260 1070
1742270 1066
1742280 1062
1742290 1062
1742300 1058
1742310 1054
1742320 1054
1742330 1050
1742340 1045
1742350 1045
1742360 1041
1742370 1036
1742380 1036
1742390 1030
1742400 1027
1742410 1027
1742420 1020
1742430 1015
1742440 1015
1742450 1009
1742460 1003
1742470 1003
1742480 997
1742490 990
1742500 990
1742510 985
1742520 983
1742530 983
1742540 981
1742550 982
1742560 982
1742570 986
1742580 988
1742590 988
1742600 990
1742610 991
1742620 991
1742630 991
1742640 990
1742650 990
1742660 988
1742670 986
1742680 986
1742690 984
1742700 981
1742710 978
1742720 978
1742730 974
1742740 969
1742750 969
1742760 964
1742770 959
1742780 959
1742790 954
1742800 951
1742810 951
1742820 949
1742830 949
1742840 949
1742850 948
1742860 948
1742870 948
1742880 950
1742890 951
1742900 951
1742910 957
1742920 963
1742930 963
1742940 969
1742950 974
1742960 974
1742970 979
1742980 984
1742990 984
1743000 988
1743010 992
1743020 992
1743030 997
1743040 1002
1743050 1002
1743060 1007
1743070 1012
1743080 1012
1743090 1017
1743100 1022
1743110 1022
1743120 1027
1743130 1032
1743140 1032
1743150 1036
1743160 1039
1743170 1043
1743180 1043
1743190 1044
1743200 1047
1743210 1047
1743220 1049
1743230 1050
1743240 1050
1743250 1051
1743260 1051
1743270 1051
1743280 1053
1743290 1053
1743300 1053
1743310 1054
1743320 1058
1743330 1058
1743340 1062
1743350 1066
1743360 1066
1743370 1070
1743380 1075
1743390 1075
1743400 1080
1743410 1085
1743420 1085
1743430 1090
1743440 1092
1743450 1092
1743460 1096
1743470 1099
1743480 1099
1743490 1103
1743500 1107
1743510 1107
1743520 1112
1743530 1115
1743540 1115
1743550 1119
1743560 1122
1743570 1122
1743580 1125
1743590 1129
1743600 1129
1743610 1132
1743620 1135
1743630 1138
1743640 1138
1743650 1141
1743660 1145
1743670 1145
1743680 1150
1743690 1156
1743700 1156
1743710 1163
1743720 1169
1743730 1169
1743740 1177
1743750 1182
1743760 1182
1743770 1201
1743780 1208
1743790 1208
1743800 1215
1743810 1209
1743820 1209
1743830 1204
1743840 1204
1743850 1204
1743860 1206
1743870 1209
1743880 1209
1743890 1213
1743900 1217
1743910 1217
1743920 1219
1743930 1222
1743940 1222
1743950 1223
1743960 1225
1743970 1225
1743980 1225
1743990 1225
1744000 1225
1744010 1222
1744020 1218
1744030 1218
1744040 1209
1744050 1203
1744060 1203
1744070 1199
1744080 1199
1744090 1207
1744100 1207
1744110 1220
1744120 1230
1744130 1230
1744140 1244
1744150 1266
1744160 1266
1744170 1295
1744180 1314
1744190 1314
1744200 1317
1744210 1323
1744220 1323
1744230 1327
1744240 1328
1744250 1328
1744260 1328
1744270 1329
1744280 1329
1744290 1332
1744300 1336
1744310 1336
1744320 1337
1744330 1340
1744340 1340
1744350 1345
1744360 1349
1744370 1349
1744380 1354
1744390 1358
1744400 1358
1744410 1361
1744420 1366
1744430 1366
1744440 1371
1744450 1377
1744460 1377
1744470 1383
1744480 1390
1744490 1390
1744500 1395
1744510 1401
1744520 1401
1744530 1407
1744540 1414
1744550 1419
1744560 1419
1744570 1426
1744580 1432
1744590 1432
1744600 1439
1744610 1446
1744620 1446
1744630 1452
1744640 1460
1744650 1460
1744660 1470
1744670 1476
1744680 1476
1744690 1486
1744700 1491
1744710 1491
1744720 1499
1744730 1503
1744740 1503
1744750 1508
1744760 1512
1744770 1512
1744780 1516
1744790 1501
1744800 1501
1744810 1491
1744820 1485
1744830 1485
1744840 1479
1744850 1473
1744860 1473
1744870 1469
1744880 1464
1744890 1464
1744900 1461
1744910 1459
1744920 1459
1744930 1453
1744940 1446
1744950 1446
1744960 1441
1744970 1434
1744980 1434
1744990 1429
1745000 1426
1745010 1425
1745020 1425
1745030 1422
1745040 1420
1745050 1420
1745060 1411
1745070 1403
1745080 1403
1745090 1392
1745100 1386
1745110 1386
1745120 1379
1745130 1366
1745140 1366
1745150 1353
1745160 1328
1745170 1328
1745180 1335
1745190 1344
1745200 1344
1745210 1351
1745220 1341
1745230 1341
1745240 1343
1745250 1328
1745260 1328
1745270 1320
1745280 1314
1745290 1314
1745300 1310
1745310 1307
1745320 1307
1745330 1289
1745340 1285
1745350 1285
1745360 1293
1745370 1301
1745380 1301
1745390 1304
1745400 1306
1745410 1306
1745420 1309
1745430 1311
1745440 1311
1745450 1315
1745460 1317
1745470 1317
1745480 1317
1745490 1316
1745500 1332
1745510 1332
1745520 1348
1745530 1341
1745540 1341
1745550 1373
1745560 1388
1745570 1388
1745580 1391
1745590 1401
1745600 1401
1745610 1410
1745620 1418
1745630 1418
1745640 1424
1745650 1429
1745660 1429
1745670 1440
1745680 1448
1745690 1448
1745700 1453
1745710 1459
1745720 1459
1745730 1483
1745740 1506
1745750 1506
1745760 1517
1745770 1507
1745780 1507
1745790 1497
1745800 1489
1745810 1489
1745820 1484
1745830 1476
1745840 1476
1745850 1467
1745860 1469
1745870 1469
1745880 1510
1745890 1546
1745900 1546
1745910 1557
1745920 1566
1745930 1579
1745940 1579
1745950 1643
1745960 1677
1745970 1677
1745980 1683
1745990 1687
1746000 1687
1746010 1683
1746020 1680
1746030 1680
1746040 1676
1746050 1671
1746060 1671
1746070 1666
1746080 1661
1746090 1661
1746100 1656
1746110 1652
1746120 1652
1746130 1647
1746140 1640
1746150 1640
1746160 1634
1746170 1628
1746180 1628
1746190 1624
1746200 1620
1746210 1620
1746220 1616
1746230 1612
1746240 1612
1746250 1608
1746260 1609
1746270 1609
1746280 1608
1746290 1607
1746300 1607
1746310 1607
1746320 1610
1746330 1610
1746340 1613
1746350 1619
1746360 1619
1746370 1625
1746380 1629
1746390 1625
1746400 1625
1746410 1629
1746420 1631
1746430 1631
1746440 1634
1746450 1637
1746460 1637
1746470 1639
1746480 1642
1746490 1642
1746500 1645
1746510 1647
1746520 1647
1746530 1650
1746540 1652
1746550 1652
1746560 1654
1746570 1655
1746580 1655
1746590 1656
1746600 1656
1746610 1656
1746620 1655
1746630 1653
1746640 1653
1746650 1651
1746660 1647
1746670 1647
1746680 1642
1746690 1638
1746700 1638
1746710 1634
1746720 1627
1746730 1627
1746740 1620
1746750 1613
1746760 1613
1746770 1601
1746780 1594
1746790 1594
1746800 1584
1746810 1577
1746820 1577
1746830 1569
1746840 1564
1746850 1559
1746860 1559
1746870 1553
1746880 1547
1746890 1547
1746900 1544
1746910 1543
1746920 1543
1746930 1542
1746940 1539
1746950 1539
1746960 1533
1746970 1536
1746980 1536
1746990 1541
1747000 1547
1747010 1547
1747020 1552
1747030 1556
1747040 1556
1747050 1561
1747060 1566
1747070 1566
1747080 1571
1747090 1576
1747100 1576
1747110 1582
1747120 1588
1747130 1588
1747140 1594
1747150 1599
1747160 1599
1747170 1604
1747180 1609
1747190 1609
1747200 1615
1747210 1621
1747220 1621
1747230 1626
1747240 1630
1747250 1630
1747260 1635
1747270 1639
1747280 1639
1747290 1644
1747300 1648
1747310 1653
1747320 1653
1747330 1657
1747340 1662
1747350 1662
1747360 1665
1747370 1669
1747380 1669
1747390 1672
1747400 1675
1747410 1675
1747420 1678
1747430 1681
1747440 1681
1747450 1683
1747460 1682
1747470 1682
1747480 1677
1747490 1675
1747500 1675
1747510 1668
1747520 1663
1747530 1663
1747540 1658
1747550 1651
1747560 1651
1747570 1642
1747580 1631
1747590 1631
1747600 1627
1747610 1622
1747620 1622
1747630 1619
1747640 1617
1747650 1617
1747660 1625
1747670 1636
1747680 1636
1747690 1643
1747700 1650
1747710 1650
1747720 1656
1747730 1663
1747740 1663
1747750 1669
1747760 1674
1747770 1679
1747780 1679
1747790 1684
1747800 1688
1747810 1688
1747820 1690
1747830 1690
1747840 1690
1747850 1690
1747860 1689
1747870 1689
1747880 1688
1747890 1687
1747900 1687
1747910 1685
1747920 1683
1747930 1683
1747940 1681
1747950 1678
1747960 1678
1747970 1674
1747980 1671
1747990 1671
1748000 1669
1748010 1667
1748020 1667
1748030 1665
1748040 1664
1748050 1664
1748060 1665
1748070 1666
1748080 1666
1748090 1667
1748100 1669
1748110 1669
1748120 1670
1748130 1671
1748140 1671
1748150 1670
1748160 1672
1748170 1672
1748180 1675
1748190 1677
1748200 1677
1748210 1680
1748220 1684
1748230 1686
1748240 1686
1748250 1689
1748260 1691
1748270 1691
1748280 1692
1748290 1693
1748300 1693
1748310 1698
1748320 1703
1748330 1703
1748340 1709
1748350 1712
1748360 1712
1748370 1716
1748380 1721
1748390 1721
1748400 1725
1748410 1730
1748420 1734
1748430 1738
1748440 1742
1748450 1742
1748460 1746
1748470 1751
1748480 1751
1748490 1756
1748500 1761
1748510 1761
1748520 1765
1748530 1769
1748540 1769
1748550 1773
1748560 1777
1748570 1777
1748580 1781
1748590 1785
1748600 1785
1748610 1789
1748620 1791
1748630 1791
1748640 1796
1748650 1800
1748660 1800
1748670 1802
1748680 1805
1748690 1807
1748700 1807
1748710 1809
1748720 1810
1748730 1810
1748740 1811
1748750 1812
1748760 1812
1748770 1813
1748780 1815
1748790 1815
1748800 1815
1748810 1816
1748820 1816
1748830 1815
1748840 1816
1748850 1816
1748860 1816
1748870 1817
1748880 1817
1748890 1818
1748900 1820
1748910 1820
1748920 1821
1748930 1824
1748940 1824
1748950 1825
1748960 1828
1748970 1828
1748980 1830
1748990 1832
1749000 1832
1749010 1835
1749020 1837
1749030 1837
1749040 1839
1749050 1842
1749060 1842
1749070 1846
1749080 1849
1749090 1849
1749100 1852
1749110 1856
1749120 1856
1749130 1859
1749140 1862
1749150 1864
1749160 1864
1749170 1865
1749180 1865
1749190 1865
1749200 1866
1749210 1866
1749220 1866
1749230 1867
1749240 1867
1749250 1867
1749260 1869
1749270 1871
1749280 1871
1749290 1872
1749300 1873
1749310 1873
1749320 1873
1749330 1874
1749340 1874
1749350 1874
1749360 1873
1749370 1873
1749380 1874
1749390 1874
1749400 1874
1749410 1874
1749420 1874
1749430 1874
1749440 1873
1749450 1872
1749460 1872
1749470 1871
1749480 1868
1749490 1868
1749500 1863
1749510 1864
1749520 1864
1749530 1863
1749540 1865
1749550 1865
1749560 1864
1749570 1863
1749580 1863
1749590 1863
1749600 1863
1749610 1863
1749620 1863
1749630 1862
1749640 1862
1749650 1862
1749660 1861
1749670 1860
1749680 1860
1749690 1859
1749700 1857
1749710 1857
1749720 1856
1749730 1852
1749740 1852
1749750 1852
1749760 1849
1749770 1849
1749780 1846
1749790 1842
1749800 1842
1749810 1839
1749820 1837
1749830 1837
1749840 1835
1749850 1834
1749860 1834
1749870 1831
1749880 1828
1749890 1828
1749900 1823
1749910 1820
1749920 1820
1749930 1814
1749940 1806
1749950 1806
1749960 1800
1749970 1793
1749980 1793
1749990 1791
1750000 1791
1750010 1791
1750020 1795
1750030 1795
1750040 1795
1750050 1796
1750060 1794
1750070 1790
1750080 1790
1750090 1786
1750100 1782
1750110 1782
1750120 1778
1750130 1778
1750140 1778
1750150 1774
1750160 1773
1750170 1773
1750180 1771
1750190 1768
1750200 1768
1750210 1763
1750220 1760
1750230 1760
1750240 1757
1750250 1755
1750260 1755
1750270 1751
1750280 1746
1750290 1746
1750300 1741
1750310 1735
1750320 1735
1750330 1731
1750340 1725
1750350 1725
1750360 1721
1750370 1716
1750380 1716
1750390 1713
1750400 1710
1750410 1710
1750420 1707
1750430 1704
1750440 1704
1750450 1701
1750460 1699
1750470 1699
1750480 1699
1750490 1698
1750500 1698
1750510 1697
1750520 1696
1750530 1696
1750540 1696
1750550 1694
1750560 1692
1750570 1692
1750580 1690
1750590 1688
1750600 1688
1750610 1682
1750620 1678
1750630 1678
1750640 1672
1750650 1668
1750660 1668
1750670 1664
1750680 1659
1750690 1659
1750700 1657
1750710 1655
1750720 1655
1750730 1653
1750740 1652
1750750 1652
1750760 1652
1750770 1653
1750780 1653
1750790 1653
1750800 1654
1750810 1654
1750820 1656
1750830 1656
1750840 1656
1750850 1654
1750860 1652
1750870 1652
1750880 1652
1750890 1654
1750900 1654
1750910 1654
1750920 1655
1750930 1655
1750940 1656
1750950 1658
1750960 1658
1750970 1660
1750980 1661
1750990 1663
1751000 1663
1751010 1664
1751020 1666
1751030 1666
1751040 1668
1751050 1668
1751060 1668
1751070 1669
1751080 1669
1751090 1669
1751100 1670
1751110 1673
1751120 1673
1751130 1675
1751140 1677
1751150 1677
1751160 1678
1751170 1678
1751180 1678
1751190 1679
1751200 1678
1751210 1678
1751220 1680
1751230 1682
1751240 1682
1751250 1682
1751260 1684
1751270 1684
1751280 1686
1751290 1685
1751300 1685
1751310 1685
1751320 1687
1751330 1687
1751340 1688
1745050 1413
1745060 1410
1745070 1405
1745080 1400
1745090 1396
1745100 1391
1745110 1386
1745120 1381
1745130 1374
1745140 1363
1745150 1352
1745160 1341
1745170 1332
1745180 1334
1745190 1338
1745200 1343
1745210 1346
1745220 1347
1745230 1344
1745240 1341
1745250 1336
1745260 1328
1745270 1323
1745280 1318
1745290 1314
1745300 1312
1745310 1308
1745320 1303
1745330 1293
1745340 1288
1745350 1287
1745360 1292
1745370 1297
1745380 1302
1745390 1304
1745400 1305
1745410 1307
1745420 1308
1745430 1310
1745440 1312
1745450 1314
1745460 1315
1745470 1316
1745480 1316
1745490 1316
1745500 1319
1745510 1329
1745520 1339
1745530 1346
1745540 1347
1745550 1359
1745560 1374
1745570 1385
1745580 1389
1745590 1393
1745600 1400
1745610 1406
1745620 1411
1745630 1417
1745640 1421
1745650 1425
1745660 1429
1745670 1435
1745680 1442
1745690 1446
1745700 1450
1745710 1455
1745720 1462
1745730 1476
1745740 1490
1745750 1505
1745760 1511
1745770 1511
1745780 1505
1745790 1499
1745800 1493
1745810 1486
1745820 1482
1745830 1478
1745840 1474
1745850 1470
1745860 1471
1745870 1479
1745880 1504
1745890 1527
1745900 1548
1745910 1555
1745920 1561
1745930 1569
1745940 1586
1745950 1613
1745960 1644
1745970 1665
1745980 1676
1745990 1683
1746000 1686
1746010 1685
1746020 1683
1746030 1680
1746040 1677
1746050 1675
1746060 1672
1746070 1668
1746080 1665
1746090 1661
1746100 1658
1746110 1655
1746120 1652
1746130 1648
1746140 1644
1746150 1640
1746160 1636
1746170 1632
1746180 1628
1746190 1625
1746200 1622
1746210 1620
1746220 1617
1746230 1615
1746240 1612
1746250 1610
1746260 1608
1746270 1606
1746280 1606
1746290 1605
1746300 1604
1746310 1605
1746320 1605
1746330 1607
1746340 1607
1746350 1609
1746360 1612
1746370 1618
1746380 1622
1746390 1625
1746400 1623
1746410 1623
1746420 1625
1746430 1627
1746440 1629
1746450 1631
1749780 1850
1749790 1848
1749800 1846
1749810 1845
1749820 1843
1749830 1841
1749840 1839
1749850 1837
1749860 1836
1749870 1834
1749880 1832
1749890 1830
1749900 1828
1749910 1826
1749920 1824
1749930 1821
1749940 1818
1749950 1815
1749960 1812
1749970 1808
1749980 1804
1749990 1800
1750000 1797
1750010 1796
1750020 1796
1750030 1796
1750040 1796
1750050 1795
1750060 1794
1750070 1793
1750080 1790
1750090 1788
1750100 1785
1750110 1783
1750120 1780
1750130 1778
1750140 1777
1750150 1776
1750160 1774
1750170 1773
1750180 1772
1750190 1770
1750200 1768
1750210 1765
1750220 1763
1750230 1760
1750240 1758
1750250 1756
1750260 1754
1750270 1752
1750280 1750
1750290 1746
1750300 1743
1750310 1739
1750320 1736
1750330 1732
1750340 1729
1750350 1725
1750360 1722
1750370 1719
1750380 1717
1750390 1714
1750400 1712
1750410 1710
1750420 1708
1750430 1706
1750440 1704
1750450 1703
1750460 1702
1750470 1701
1750480 1700
1750490 1700
1750500 1699
1750510 1698
1750520 1697
1750530 1696
1750540 1696
1750550 1695
1750560 1693
1750570 1693
1750580 1692
1750590 1691
1750600 1688
1750610 1685
1750620 1682
1750630 1679
1750640 1675
1750650 1671
1750660 1668
1750670 1665
1750680 1663
1750690 1660
1750700 1658
1750710 1657
1750720 1655
1750730 1654
1750740 1653
1750750 1653
1750760 1653
1750770 1653
1750780 1653
1750790 1654
1750800 1654
1750810 1655
1750820 1656
1750830 1656
1750840 1656
1750850 1655
1750860 1654
1750870 1653
1750880 1653
1750890 1653
1750900 1653
1750910 1653
1750920 1653
1750930 1654
1750940 1656
1750950 1657
1750960 1658
1750970 1659
1750980 1660
1750990 1661
1751000 1661
1751010 1663
1751020 1665
1751030 1666
1751040 1667
1751050 1669
1751060 1669
1751070 1669
1751080 1669
1751090 1670
1751100 1670
1751110 1671
1751120 1673
1751130 1674
1751140 1676
1751150 1677
1751160 1678
1751170 1678
1751180 1679
1751190 1679
1751200 1680
1751210 1680
1751220 1681
1751230 1682
1751240 1682
1751250 1683
1751260 1683
1751270 1684
1751280 1685
1751290 1686
1751300 1687
1751310 1688
1751320 1688
1751330 1688
1751340 1689
1751350 1690
1751360 1692
1751370 1693
1751380 1694
1751390 1694
1751400 1693
1751410 1693
1751420 1694
1751430 1694
1751440 1695
1751450 1697
1751460 1698
1751470 1700
1751480 1702
1751490 1703
1751500 1705
1751510 1707
1751520 1710
1751530 1712
1751540 1715
1751550 1716
1751560 1718
1751570 1719
1751580 1720
1751590 1721
1751600 1721
1751610 1721
1751620 1721
1751630 1721
1751640 1721
1751650 1720
1751660 1719
1751670 1717
1751680 1715
1751690 1714
1751700 1715
1751710 1715
1751720 1715
1751730 1716
1751740 1717
1751750 1718
1751760 1718
1751770 1719
1751780 1720
1751790 1721
1751800 1723
1751810 1725
1751820 1727
1751830 1729
1751840 1731
1751850 1733
1751860 1734
1751870 1735
1751880 1736
1751890 1737
1751900 1738
1751910 1739
1751920 1740
1751930 1740
1751940 1740
1751950 1740
1751960 1740
1751970 1740
1751980 1741
1751990 1741
1752000 1742
1752010 1743
1752020 1743
1752030 1744
1752040 1745
1752050 1746
1752060 1747
1752070 1748
1752080 1749
1752090 1751
1752100 1752
1752110 1753
1752120 1754
1752130 1755
1752140 1757
1752150 1758
1752160 1760
1752170 1761
1752180 1763
1752190 1764
1752200 1766
1752210 1767
1752220 1769
1752230 1770
1752240 1770
1752250 1771
1752260 1772
1752270 1773
1752280 1773
1752290 1773
1752300 1771
1752310 1770
1752320 1770
1752330 1769
1752340 1770
1752350 1770
1752360 1770
1752370 1769
1752380 1769
1752390 1769
1752400 1769
1752410 1769
1752420 1769
1752430 1769
1752440 1769
1752450 1769
1752460 1769
1752470 1768
1752480 1768
1752490 1768
1752500 1767
1752510 1767
1752520 1766
1752530 1766
1752540 1766
1752550 1766
1752560 1766
1752570 1766
1752580 1766
1752590 1766
1752600 1767
1752610 1767
1752620 1768
1752630 1769
1752640 1769
1752650 1771
1752660 1772
1752670 1772
1752680 1772
1752690 1770
1752700 1768
1752710 1765
1752720 1762
1752730 1760
1752740 1756
1752750 1746
1752760 1735
1752770 1726
1752780 1721
1752790 1716
1752800 1709
1752810 1703
1752820 1697
1752830 1693
1752840 1690
1752850 1686
1752860 1682
1752870 1677
1752880 1672
1752890 1669
1752900 1665
1752910 1661
1752920 1655
1752930 1651
1752940 1648
1752950 1645
1752960 1640
1752970 1637
1752980 1634
1752990 1630
1753000 1627
1753010 1624
1753020 1619
1753030 1612
1753040 1604
1753050 1598
1753060 1592
1753070 1585
1753080 1578
1753090 1572
1753100 1568
1753110 1565
1753120 1562
1753130 1559
1753140 1555
1753150 1552
1753160 1548
1753170 1546
1753180 1543
1753190 1541
1753200 1538
1753210 1536
1753220 1535
1753230 1535
1753240 1534
1753250 1533
1753260 1532
1753270 1530
1753280 1528
1753290 1526
1753300 1524
1753310 1524
1753320 1525
1753330 1526
1753340 1524
1753350 1520
1753360 1515
1753370 1510
1753380 1505
1753390 1501
1753400 1498
1753410 1495
1753420 1493
1753430 1491
1753440 1489
1753450 1485
1753460 1481
1753470 1477
1753480 1475
1753490 1473
1753500 1471
1753510 1468
1753520 1466
1753530 1464
1753540 1463
1753550 1464
1753560 1465
1753570 1463
1753580 1460
1753590 1456
1753600 1451
1753610 1447
1753620 1442
1753630 1437
1753640 1433
1753650 1428
1753660 1423
1753670 1418
1753680 1414
1753690 1412
1753700 1410
1753710 1408
1753720 1406
1753730 1402
1753740 1399
1753750 1396
1753760 1395
1753770 1395
1753780 1396
1753790 1396
1753800 1395
1753810 1393
1753820 1390
1753830 1386
1753840 1382
1753850 1377
1753860 1372
1753870 1367
1753880 1362
1753890 1356
1753900 1349
1753910 1340
1753920 1332
1753930 1323
1753940 1315
1753950 1310
1753960 1306
1753970 1305
1753980 1308
1753990 1314
1754000 1320
1754010 1323
1754020 1322
1754030 1320
1754040 1317
1754050 1312
1754060 1305
1754070 1296
1754080 1287
1754090 1277
1754100 1267
1754110 1258
1754120 1251
1754130 1242
1754140 1234
1754150 1228
1754160 1225
1754170 1222
1754180 1218
1754190 1214
1754200 1209
1754210 1205
1754220 1202
1754230 1197
1754240 1191
1754250 1185
1754260 1180
1754270 1177
1754280 1176
1754290 1174
1754300 1173
1754310 1171
1754320 1170
1754330 1168
1754340 1165
1754350 1162
1754360 1158
1754370 1155
1754380 1151
1754390 1146
1754400 1142
1754410 1137
1754420 1131
1754430 1125
1754440 1119
1754450 1113
1754460 1108
1754470 1104
1754480 1101
1754490 1098
1754500 1096
1754510 1095
1754520 1092
1754530 1088
1754540 1084
1754550 1079
1754560 1075
1754570 1071
1754580 1068
1754590 1065
1754600 1062
1754610 1060
1754620 1058
1754630 1057
1754640 1055
1754650 1053
1754660 1050
1754670 1048
1754680 1046
1754690 1044
1754700 1042
1754710 1040
1754720 1038
1754730 1035
1754740 1033
1754750 1030
1754760 1028
1754770 1025
1754780 1023
1754790 1021
1754800 1020
1754810 1018
1754820 1015
1754830 1012
1754840 1010
1754850 1007
1754860 1005
1754870 1003
1754880 1001
1754890 1000
1754900 998
1754910 998
1754920 997
1754930 996
1754940 995
1754950 994
1754960 993
1754970 992
1754980 991
1754990 989
1755000 987
1755010 986
1755020 985
1755030 983
1755040 982
1755050 981
1755060 980
1755070 980
1755080 979
1755090 979
1755100 978
1755110 978
1755120 977
1755130 975
1755140 973
1755150 972
1755160 970
1755170 968
1755180 966
1755190 964
1755200 963
1755210 963
1755220 962
1755230 962
1755240 961
1755250 961
1755260 960
1755270 959
1755280 959
1755290 958
1755300 958
1755310 958
1755320 958
1755330 957
1755340 956
1755350 956
1755360 956
1755370 955
1755380 955
1755390 955
1755400 954
1755410 954
1755420 953
1755430 953
1755440 952
1755450 952
1755460 953
1755470 953
1755480 953
1755490 954
1755500 954
1755510 955
1755520 956
1755530 957
1755540 958
1755550 959
1755560 959
1755570 959
1755580 957
1755590 955
1755600 952
1755610 949
1755620 946
1755630 944
1755640 942
1755650 940
1755660 939
1755670 938
1755680 938
1755690 937
1755700 937
1755710 937
1755720 937
1755730 938
1755740 938
1755750 938
1755760 938
1755770 939
1755780 940
1755790 941
1755800 943
1755810 944
1755820 946
1755830 946
1755840 947
1755850 947
1755860 947
1755870 947
1755880 947
1755890 947
1755900 947
1755910 947
1755920 947
1755930 946
1755940 945
1755950 943
1755960 939
1755970 936
1755980 932
1755990 929
1756000 926
1756010 923
1756020 919
1756030 915
1756040 910
1756050 905
1756060 901
1756070 897
1756080 893
1756090 889
1756100 886
1756110 883
1756120 880
1756130 877
1756140 875
1756150 875
1756160 876
1756170 879
1756180 883
1756190 886
1756200 890
1756210 894
1756220 897
1756230 901
1756240 905
1756250 909
1756260 912
1756270 912
1756280 912
1756290 911
1756300 909
1756310 908
1756320 907
1756330 907
1756340 908
1756350 908
1756360 908
1756370 908
1756380 907
1756390 907
1756400 907
1756410 906
1756420 906
1756430 905
1756440 905
1756450 904
1756460 903
1756470 902
1756480 900
1756490 899
1756500 897
1756510 895
1756520 893
1756530 891
1756540 889
1756550 887
1756560 885
1756570 882
1756580 879
1756590 877
1756600 874
1756610 871
1756620 867
1756630 863
1756640 860
1756650 856
1756660 852
1756670 849
1756680 845
1756690 841
1756700 838
1756710 834
1756720 831
1756730 828
1756740 824
1756750 821
1756760 818
1756770 815
1756780 812
1756790 810
1756800 809
1756810 808
1756820 807
1756830 806
1756840 806
1756850 808
1756860 811
1756870 814
1756880 817
1756890 820
1756900 822
1756910 824
1756920 825
1756930 826
1756940 827
1756950 827
1756960 827
1756970 825
1756980 823
1756990 821
1757000 819
1757010 816
1757020 814
1757030 812
1757040 809
1757050 805
1757060 802
1757070 801
1757080 800
1757090 801
1757100 802
1757110 803
1757120 803
1757130 804
1757140 805
1757150 806
1757160 808
1757170 810
1757180 812
1757190 814
1757200 816
1757210 818
1757220 820
1757230 822
1757240 823
1757250 825
1757260 827
1757270 829
1757280 832
1757290 834
1757300 836
1757310 838
1757320 840
1757330 843
1757340 845
1757350 847
1757360 849
1757370 851
1757380 853
1757390 855
1757400 858
1757410 860
1757420 862
1757430 864
1757440 866
1757450 868
1757460 870
1757470 872
1757480 874
1757490 876
1757500 879
1757510 881
1757520 883
1757530 885
1757540 887
1757550 889
1757560 891
1757570 893
1757580 895
1757590 897
1757600 899
1757610 900
1757620 901
1757630 902
1757640 902
1757650 903
1757660 903
1757670 904
1757680 904
1757690 904
1757700 905
1757710 905
1757720 905
1757730 904
1757740 904
1757750 903
1757760 902
1757770 902
1757780 901
1757790 900
1757800 900
1757810 899
1757820 898
1757830 897
1757840 896
1757850 895
1757860 895
1757870 894
1757880 894
1757890 894
1757900 893
1757910 893
1757920 892
1757930 890
1757940 888
1757950 886
1757960 884
1757970 882
1757980 879
1757990 877
1758000 875
1758010 873
1758020 871
1758030 869
1758040 866
1758050 864
1758060 862
1758070 859
1758080 857
1758090 854
1758100 852
1758110 849
1758120 847
1758130 845
1758140 843
1758150 841
1758160 839
1758170 837
1758180 835
1758190 833
1758200 831
1758210 828
1758220 825
1758230 822
1758240 818
1758250 815
1758260 811
1758270 807
1758280 803
1758290 799
1758300 796
1758310 793
1758320 789
1758330 786
1758340 782
1758350 778
1758360 774
1758370 771
1758380 767
1758390 763
1758400 759
1758410 756
1758420 753
1758430 749
1758440 746
1758450 743
1758460 740
1758470 738
1758480 736
1758490 735
1758500 733
1758510 732
1758520 730
1758530 728
1758540 727
1758550 726
1758560 725
1758570 724
1758580 723
1758590 722
1758600 721
1758610 721
1758620 721
1758630 720
1758640 720
1758650 719
1758660 718
1758670 717
1758680 716
1758690 715
1758700 714
1758710 714
1758720 713
1758730 711
1758740 710
1758750 709
1758760 707
1758770 706
1758780 705
1758790 704
1758800 702
1758810 701
1758820 699
1758830 698
1758840 696
1758850 695
1758860 693
1758870 691
1758880 690
1758890 689
1758900 688
1758910 688
1758920 687
1758930 685
1758940 684
1758950 683
1758960 682
1758970 681
1758980 679
1758990 678
1759000 676
1759010 675
1759020 673
1759030 672
1759040 672
1759050 672
1759060 672
1759070 672
1759080 672
1759090 670
1759100 669
1759110 667
1759120 664
1759130 662
1759140 659
1759150 656
1759160 653
1759170 650
1759180 647
1759190 644
1759200 641
1759210 638
1759220 635
1759230 631
1759240 628
1759250 624
1759260 621
1759270 617
1759280 613
1759290 610
1759300 607
1759310 604
1759320 600
1759330 597
1759340 595
1759350 592
1759360 590
1759370 587
1759380 584
1759390 581
1759400 578
1759410 575
1759420 573
1759430 571
1759440 569
1759450 567
1759460 565
1759470 563
1759480 561
1759490 559
1759500 557
1759510 555
1759520 553
1759530 551
1759540 550
1759550 548
1759560 547
1759570 545
1759580 544
1759590 543
1759600 542
1759610 540
1759620 539
1759630 536
1759640 535
1759650 533
1759660 532
1759670 530
1759680 529
1759690 528
1759700 527
1759710 525
1759720 524
1759730 523
1759740 522
1759750 522
1759760 521
1759770 520
1759780 519
1759790 518
1759800 517
1759810 516
1759820 514
1759830 513
1759840 512
1759850 511
1759860 509
1759870 508
1759880 506
1759890 504
1759900 503
1759910 503
1759920 503
1759930 503
1759940 503
1759950 502
1759960 502
1759970 501
1759980 501
1759990 500
