1740000 1416
1740010 1416
1740020 1411
1740030 1406
1740040 1406
1740050 1400
1740060 1394
1740070 1394
1740080 1389
1740090 1383
1740100 1383
1740110 1377
1740120 1371
1740130 1371
1740140 1364
1740150 1359
1740160 1359
1740170 1353
1740180 1347
1740190 1347
1740200 1340
1740210 1334
1740220 1334
1740230 1327
1740240 1321
1740250 1314
1740260 1314
1740270 1307
1740280 1298
1740290 1298
1740300 1291
1740310 1286
1740320 1286
1740330 1278
1740340 1273
1740350 1273
1740360 1267
1740370 1260
1740380 1260
1740390 1256
1740400 1251
1740410 1251
1740420 1246
1740430 1239
1740440 1239
1740450 1234
1740460 1229
1740470 1229
1740480 1223
1740490 1219
1740500 1219
1740510 1212
1740520 1204
1740530 1204
1740540 1195
1740550 1186
1740560 1186
1740570 1179
1740580 1171
1740590 1171
1740600 1164
1740610 1157
1740620 1157
1740630 1150
1740640 1144
1740650 1144
1740660 1138
1740670 1131
1740680 1131
1740690 1119
1740700 1110
1740710 1102
1740720 1102
1740730 1093
1740740 1085
1740750 1085
1740760 1079
1740770 1070
1740780 1070
1740790 1064
1740800 1056
1740810 1056
1740820 1054
1740830 1050
1740840 1050
1740850 1047
1740860 1042
1740870 1042
1740880 1037
1740890 1031
1740900 1031
1740910 1025
1740920 1020
1740930 1020
1740940 1015
1740950 1012
1740960 1012
1740970 1006
1740980 1001
1740990 1001
1741000 998
1741010 993
1741020 993
1741030 983
1741040 975
1741050 975
1741060 968
1741070 960
1741080 960
1741090 951
1741100 939
1741110 939
1741120 942
1741130 944
1741140 944
1741150 941
1741160 936
1741170 936
1741180 930
1741190 918
1741200 915
1741210 915
1741220 925
1741230 931
1741240 931
1741250 932
1741260 933
1741270 933
1741280 931
1741290 930
1741300 930
1741310 926
1741320 923
1741330 923
1741340 921
1741350 918
1741360 918
1741370 917
1741380 916
1741390 916
1741400 919
1741410 919
1741420 919
1741430 924
1741440 929
1741450 929
1741460 934
1741470 937
1741480 937
1741490 937
1741500 940
1741510 940
1741520 941
1741530 943
1741540 943
1741550 948
1741560 953
1741570 953
1741580 966
1741590 953
1741600 953
1741610 937
1741620 920
1741630 920
1741640 910
1741650 904
1741660 904
1741670 912
1741680 922
1741690 933
1741700 933
1741710 944
1741720 948
1741730 948
1741740 954
1741750 958
1741760 958
1741770 964
1741780 970
1741790 970
1741800 975
1741810 982
1741820 982
1741830 988
1741840 994
1741850 994
1741860 1001
1741870 1009
1741880 1009
1741890 1016
1741900 1024
1741910 1024
1741920 1031
1741930 1039
1741940 1039
1741950 1046
1741960 1053
1741970 1053
1741980 1061
1741990 1069
1742000 1069
1742010 1076
1742020 1083
1742030 1083
1742040 1089
1742050 1094
1742060 1094
1742070 1089
1742080 1083
1742090 1083
1742100 1077
1742110 1071
1742120 1071
1742130 1065
1742140 1059
1742150 1059
1742160 1052
1742170 1046
1742180 1042
1742190 1042
1742200 1039
1742210 1039
1742220 1039
1742230 1037
1742240 1038
1742250 1038
1742260 1039
1742270 1040
1742280 1040
1742290 1040
1742300 1041
1742310 1041
1742320 1042
1742330 1043
1742340 1043
1742350 1045
1742360 1047
1742370 1047
1742380 1049
1742390 1051
1742400 1051
