1740000 1386
1740010 1379
1740020 1379
1740030 1371
1740040 1365
1740050 1365
1740060 1357
1740070 1352
1740080 1352
1740090 1346
1740100 1340
1740110 1340
1740120 1333
1740130 1327
1740140 1327
1740150 1322
1740160 1317
1740170 1317
1740180 1313
1740190 1304
1740200 1304
1740210 1298
1740220 1287
1740230 1287
1740240 1278
1740250 1267
1740260 1267
1740270 1260
1740280 1252
1740290 1252
1740300 1246
1740310 1240
1740320 1240
1740330 1237
1740340 1233
1740350 1233
1740360 1228
1740370 1222
1740380 1217
1740390 1217
1740400 1211
1740410 1206
1740420 1206
1740430 1205
1740440 1202
1740450 1202
1740460 1198
1740470 1195
1740480 1195
1740490 1189
1740500 1181
1740510 1181
1740520 1174
1740530 1168
1740540 1168
1740550 1163
1740560 1161
1740570 1161
1740580 1160
1740590 1155
1740600 1155
1740610 1152
1740620 1152
1740630 1152
1740640 1152
1740650 1151
1740660 1151
1740670 1151
1740680 1151
1740690 1151
1740700 1154
1740710 1157
1740720 1157
1740730 1160
1740740 1164
1740750 1164
1740760 1166
1740770 1168
1740780 1168
1740790 1169
1740800 1170
1740810 1170
1740820 1171
1740830 1174
1740840 1176
1740850 1176
1740860 1176
1740870 1175
1740880 1175
1740890 1167
1740900 1159
1740910 1159
1740920 1151
1740930 1143
1740940 1143
1740950 1134
1740960 1126
1740970 1126
1740980 1117
1740990 1107
1741000 1107
1741010 1098
1741020 1090
1741030 1090
1741040 1083
1741050 1076
1741060 1076
1741070 1068
1741080 1060
1741090 1060
1741100 1053
1741110 1044
1741120 1044
1741130 1037
1741140 1032
1741150 1032
1741160 1032
1741170 1033
1741180 1033
1741190 1041
1741200 1043
1741210 1043
1741220 1046
1741230 1054
1741240 1054
1741250 1062
1741260 1064
1741270 1064
1741280 1066
1741290 1070
1741300 1070
1741310 1074
1741320 1078
1741330 1082
1741340 1078
1741350 1083
1741360 1089
1741370 1089
1741380 1096
1741390 1103
1741400 1103
1741410 1112
1741420 1118
1741430 1118
1741440 1130
1741450 1138
1741460 1138
1741470 1151
1741480 1162
1741490 1162
1741500 1182
1741510 1165
1741520 1165
1741530 1156
1741540 1144
1741550 1144
1741560 1136
1741570 1134
1741580 1134
1741590 1128
1741600 1120
1741610 1120
1741620 1111
1741630 1103
1741640 1103
1741650 1096
1741660 1093
1741670 1093
1741680 1092
1741690 1091
1741700 1091
1741710 1079
1741720 1075
1741730 1075
1741740 1073
1741750 1072
1741760 1072
1741770 1067
1741780 1067
1741790 1079
1741800 1079
1741810 1086
1741820 1096
1741830 1096
1741840 1114
1741850 1124
1741860 1124
1741870 1130
1741880 1137
1741890 1137
1741900 1144
1741910 1152
1741920 1152
1741930 1160
1741940 1174
1741950 1174
1741960 1187
1741970 1197
1741980 1197
1741990 1206
1742000 1202
1742010 1202
1742020 1199
1742030 1199
1742040 1199
1742050 1199
1742060 1199
1742070 1199
1742080 1199
1742090 1200
1742100 1200
1742110 1202
1742120 1204
1742130 1204
1742140 1207
1742150 1209
1742160 1209
1742170 1211
1742180 1213
1742190 1213
1742200 1215
1742210 1218
1742220 1218
1742230 1221
1742240 1228
1742250 1228
1742260 1212
1742270 1193
1742280 1184
1742290 1184
1742300 1176
1742310 1167
1742320 1167
1742330 1159
1742340 1151
1742350 1151
1742360 1143
1742370 1136
1742380 1136
1742390 1130
1742400 1125
1742410 1125
