1740000 1403
1740010 1394
1740020 1394
1740030 1385
1740040 1377
1740050 1377
1740060 1369
1740070 1361
1740080 1361
1740090 1355
1740100 1348
1740110 1348
1740120 1341
1740130 1334
1740140 1334
1740150 1328
1740160 1321
1740170 1321
1740180 1313
1740190 1308
1740200 1308
1740210 1303
1740220 1299
1740230 1299
1740240 1295
1740250 1292
1740260 1292
1740270 1288
1740280 1278
1740290 1278
1740300 1268
1740310 1260
1740320 1260
1740330 1251
1740340 1244
1740350 1244
1740360 1237
1740370 1230
1740380 1230
1740390 1224
1740400 1217
1740410 1217
1740420 1212
1740430 1206
1740440 1206
1740450 1201
1740460 1198
1740470 1198
1740480 1192
1740490 1183
1740500 1177
1740510 1177
1740520 1170
1740530 1163
1740540 1163
1740550 1153
1740560 1145
1740570 1145
1740580 1138
1740590 1129
1740600 1129
1740610 1122
1740620 1114
1740630 1114
1740640 1107
1740650 1100
1740660 1100
1740670 1094
1740680 1084
1740690 1084
1740700 1075
1740710 1065
1740720 1065
1740730 1069
1740740 1080
1740750 1080
1740760 1082
1740770 1082
1740780 1082
1740790 1082
1740800 1082
1740810 1082
1740820 1082
1740830 1083
1740840 1083
1740850 1083
1740860 1086
1740870 1086
1740880 1089
1740890 1092
1740900 1092
1740910 1093
1740920 1093
1740930 1093
1740940 1092
1740950 1091
1740960 1091
1740970 1089
1740980 1085
1740990 1080
1741000 1080
1741010 1074
1741020 1067
1741030 1067
1741040 1061
1741050 1054
1741060 1054
1741070 1047
1741080 1039
1741090 1039
1741100 1032
1741110 1024
1741120 1024
1741130 1017
1741140 1009
1741150 1009
1741160 1002
1741170 996
1741180 996
1741190 991
1741200 988
1741210 988
1741220 990
1741230 988
1741240 988
1741250 995
1741260 1005
1741270 1005
1741280 1012
1741290 1017
1741300 1017
1741310 1022
1741320 1026
1741330 1026
1741340 1032
1741350 1038
1741360 1038
1741370 1044
1741380 1051
1741390 1051
1741400 1060
1741410 1068
1741420 1068
1741430 1082
1741440 1091
1741450 1100
1741460 1100
1741470 1096
1741480 1089
1741490 1089
1741500 1081
1741510 1074
1741520 1074
1741530 1068
1741540 1063
1741550 1063
1741560 1058
1741570 1054
1741580 1054
1741590 1050
1741600 1044
1741610 1044
1741620 1039
1741630 1033
1741640 1033
1741650 1026
1741660 1021
1741670 1021
1741680 1015
1741690 1007
1741700 1007
1741710 1000
1741720 1010
1741730 1010
1741740 1016
1741750 1022
1741760 1022
1741770 1031
1741780 1037
1741790 1037
1741800 1049
1741810 1053
1741820 1053
1741830 1056
1741840 1060
1741850 1060
1741860 1067
1741870 1071
1741880 1071
1741890 1077
1741900 1084
1741910 1084
1741920 1091
1741930 1098
1741940 1105
1741950 1105
1741960 1112
1741970 1119
1741980 1119
1741990 1126
1742000 1135
1742010 1135
1742020 1141
1742030 1141
1742040 1141
1742050 1140
1742060 1139
1742070 1139
1742080 1138
1742090 1136
1742100 1136
1742110 1138
1742120 1139
1742130 1139
1742140 1142
1742150 1144
1742160 1144
1742170 1146
1742180 1148
1742190 1148
1742200 1151
1742210 1153
1742220 1153
1742230 1155
1742240 1158
1742250 1158
1742260 1160
1742270 1161
1742280 1161
1742290 1161
1742300 1161
1742310 1161
1742320 1160
1742330 1154
1742340 1154
1742350 1146
1742360 1138
1742370 1138
1742380 1132
1742390 1125
1742400 1125
1742410 1117
