1740000 1048
1740010 1050
1740020 1052
1740030 1055
1740040 1058
1740050 1061
1740060 1064
1740070 1067
1740080 1070
1740090 1074
1740100 1077
1740110 1080
1740120 1083
1740130 1086
1740140 1089
1740150 1093
1740160 1096
1740170 1099
1740180 1102
1740190 1106
1740200 1109
1740210 1112
1740220 1114
1740230 1116
1740240 1116
1740250 1115
1740260 1113
1740270 1110
1740280 1108
1740290 1105
1740300 1102
1740310 1099
1740320 1097
1740330 1094
1740340 1092
1740350 1088
1740360 1085
1740370 1082
1740380 1078
1740390 1075
1740400 1072
1740410 1070
1740420 1069
1740430 1072
1740440 1076
1740450 1079
1740460 1084
1740470 1088
1740480 1092
1740490 1096
1740500 1100
1740510 1104
1740520 1107
1740530 1108
1740540 1106
1740550 1102
1740560 1099
1740570 1095
1740580 1091
1740590 1087
1740600 1083
1740610 1079
1740620 1075
1740630 1070
1740640 1066
1740650 1062
1740660 1057
1740670 1052
1740680 1048
1740690 1044
1740700 1039
1740710 1034
1740720 1029
1740730 1025
1740740 1021
1740750 1016
1740760 1015
1740770 1018
1740780 1022
1740790 1026
1740800 1029
1740810 1032
1740820 1035
1740830 1038
1740840 1041
1740850 1045
1740860 1048
1740870 1052
1740880 1057
1740890 1061
1740900 1065
1740910 1070
1740920 1074
1740930 1078
1740940 1083
1740950 1087
1740960 1092
1740970 1096
1740980 1100
1740990 1104
1741000 1109
1741010 1112
1741020 1116
1741030 1119
1741040 1121
1741050 1122
1741060 1122
1741070 1121
1741080 1119
1741090 1117
1741100 1114
1741110 1111
1741120 1108
1741130 1105
1741140 1102
1741150 1099
1741160 1096
1741170 1093
1741180 1090
1741190 1087
1741200 1084
1741210 1080
1741220 1076
1741230 1073
1741240 1069
1741250 1066
1741260 1063
1741270 1059
1741280 1055
1741290 1051
1741300 1047
1741310 1045
1741320 1044
1741330 1045
1741340 1047
1741350 1050
1741360 1054
1741370 1057
1741380 1060
1741390 1064
1741400 1068
1741410 1072
1741420 1075
1741430 1079
1741440 1083
1741450 1087
1741460 1092
1741470 1096
1741480 1100
1741490 1104
1741500 1108
1741510 1112
1741520 1116
1741530 1116
1741540 1116
1741550 1113
1741560 1113
1741570 1114
1741580 1116
1741590 1118
1741600 1121
1741610 1125
1741620 1128
1741630 1132
1741640 1136
1741650 1140
1741660 1144
1741670 1149
1741680 1153
1741690 1157
1741700 1162
1741710 1166
1741720 1171
1741730 1175
1741740 1179
1741750 1184
1741760 1188
1741770 1192
1741780 1195
1741790 1199
1741800 1202
1741810 1205
1741820 1208
1741830 1211
1741840 1213
1741850 1216
1741860 1218
1741870 1220
1741880 1222
1741890 1223
1741900 1222
1741910 1220
1741920 1216
1741930 1212
1741940 1208
1741950 1203
1741960 1199
1741970 1195
1741980 1190
1741990 1186
1742000 1181
1742010 1177
1742020 1172
1742030 1168
1742040 1163
1742050 1160
1742060 1156
1742070 1153
1742080 1151
1742090 1148
1742100 1146
1742110 1143
1742120 1139
1742130 1136
1742140 1133
1742150 1130
1742160 1127
1742170 1123
1742180 1121
1742190 1119
1742200 1118
1742210 1117
1742220 1115
1742230 1113
1742240 1110
1742250 1108
1742260 1105
1742270 1104
1742280 1103
1742290 1105
1742300 1106
1742310 1108
1742320 1110
1742330 1113
1742340 1115
1742350 1118
1742360 1122
1742370 1125
1742380 1129
1742390 1133
1742400 1136
1742410 1138
1742420 1141
1742430 1144
1742440 1148
1742450 1151
1742460 1155
1742470 1159
1742480 1162
1742490 1165
1742500 1169
1742510 1173
1742520 1177
1742530 1181
1742540 1184
1742550 1188
1742560 1193
1742570 1198
1742580 1203
1742590 1207
1742600 1208
1742610 1205
1742620 1200
1742630 1194
1742640 1189
1742650 1183
1742660 1178
1742670 1172
1742680 1168
1742690 1163
1742700 1158
1742710 1154
1742720 1149
1742730 1145
1742740 1141
1742750 1136
1742760 1132
1742770 1127
1742780 1123
1742790 1119
1742800 1114
1742810 1110
1742820 1105
1742830 1100
1742840 1096
1742850 1091
1742860 1086
1742870 1081
1742880 1077
1742890 1072
1742900 1068
1742910 1064
1742920 1060
1742930 1056
1742940 1052
1742950 1048
1742960 1044
1742970 1041
1742980 1037
1742990 1033
1743000 1028
1743010 1023
1743020 1019
1743030 1017
1743040 1017
1743050 1019
1743060 1022
1743070 1025
1743080 1028
1743090 1031
1743100 1033
1743110 1035
1743120 1038
1743130 1040
1743140 1043
1743150 1046
1743160 1048
1743170 1051
1743180 1053
1743190 1056
1743200 1059
1743210 1062
1743220 1065
1743230 1068
1743240 1070
1743250 1073
1743260 1076
1743270 1079
1743280 1081
1743290 1083
1743300 1086
1743310 1089
1743320 1092
1743330 1095
1743340 1098
1743350 1101
1743360 1105
1743370 1108
1743380 1112
1743390 1116
1743400 1120
1743410 1124
1743420 1128
1743430 1132
1743440 1135
1743450 1140
1743460 1144
1743470 1148
1743480 1152
1743490 1155
1743500 1158
1743510 1159
1743520 1158
1743530 1155
1743540 1152
1743550 1148
1743560 1144
1743570 1139
1743580 1135
1743590 1130
1743600 1125
1743610 1121
1743620 1116
1743630 1111
1743640 1107
1743650 1102
1743660 1097
1743670 1093
1743680 1088
1743690 1083
1743700 1078
1743710 1074
1743720 1069
1743730 1064
1743740 1060
1743750 1055
1743760 1050
1743770 1046
1743780 1042
1743790 1038
1743800 1034
1743810 1032
1743820 1030
1743830 1028
1743840 1027
1743850 1025
1743860 1023
1743870 1021
1743880 1019
1743890 1018
1743900 1018
1743910 1017
1743920 1016
1743930 1015
1743940 1014
1743950 1015
1743960 1015
1743970 1016
1743980 1016
1743990 1016
1744000 1016
1744010 1016
1744020 1017
1744030 1017
1744040 1018
1744050 1019
1744060 1020
1744070 1021
1744080 1022
1744090 1022
1744100 1022
1744110 1021
1744120 1018
1744130 1014
1744140 1010
1744150 1006
1744160 1002
1744170 998
1744180 994
1744190 990
1744200 986
1744210 982
1744220 978
1744230 974
1744240 970
1744250 966
1744260 962
1744270 958
1744280 954
1744290 949
1744300 945
1744310 941
1744320 936
1744330 932
1744340 927
1744350 923
1744360 918
1744370 914
1744380 909
1744390 905
1744400 901
1744410 896
1744420 892
1744430 887
1744440 883
1744450 879
1744460 874
1744470 869
1744480 865
1744490 860
1744500 856
1744510 851
1744520 847
1744530 843
1744540 839
1744550 835
1744560 831
1744570 827
1744580 823
1744590 819
1744600 815
1744610 811
1744620 806
1744630 801
1744640 797
1744650 793
1744660 788
1744670 784
1744680 780
1744690 777
1744700 773
1744710 770
1744720 767
1744730 764
1744740 761
1744750 758
1744760 756
1744770 755
1744780 754
1744790 755
1744800 755
1744810 757
1744820 758
1744830 760
1744840 761
1744850 763
1744860 764
1744870 766
1744880 768
1744890 770
1744900 772
1744910 774
1744920 776
1744930 777
1744940 779
1744950 780
1744960 782
1744970 783
1744980 785
1744990 786
1745000 788
1745010 790
1745020 791
1745030 793
1745040 795
1745050 796
1745060 798
1745070 799
1745080 800
1745090 801
1745100 800
1745110 798
1745120 796
1745130 794
1745140 791
1745150 788
1745160 786
1745170 783
1745180 780
1745190 776
1745200 773
1745210 769
1745220 765
1745230 762
1745240 758
1745250 754
1745260 750
1745270 746
1745280 741
1745290 737
1745300 733
1745310 729
1745320 725
1745330 721
1745340 716
1745350 713
1745360 709
1745370 705
1745380 701
1745390 697
1745400 693
1745410 690
1745420 686
1745430 683
1745440 680
1745450 677
1745460 675
1745470 672
1745480 668
1745490 663
1745500 662
1745510 662
1745520 664
1745530 667
1745540 670
1745550 673
1745560 677
1745570 680
1745580 683
1745590 685
1745600 688
1745610 690
1745620 693
1745630 695
1745640 698
1745650 700
1745660 703
1745670 706
1745680 708
1745690 711
1745700 714
1745710 717
1745720 720
1745730 723
1745740 726
1745750 729
1745760 732
1745770 735
1745780 739
1745790 742
1745800 745
1745810 749
1745820 752
1745830 755
1745840 759
1745850 762
1745860 766
1745870 769
1745880 772
1745890 776
1745900 779
1745910 783
1745920 787
1745930 791
1745940 795
1745950 800
1745960 804
1745970 807
1745980 811
1745990 812
1746000 813
1746010 813
1746020 814
1746030 816
1746040 818
1746050 821
1746060 823
1746070 826
1746080 828
1746090 830
1746100 832
1746110 833
1746120 834
1746130 835
1746140 836
1746150 836
1746160 837
1746170 838
1746180 838
1746190 839
1746200 841
1746210 843
1746220 844
1746230 846
1746240 848
1746250 851
1746260 853
1746270 856
1746280 859
1746290 862
1746300 864
1746310 867
1746320 869
1746330 871
1746340 873
1746350 875
1746360 877
1746370 879
1746380 882
1746390 884
1746400 887
1746410 888
1746420 889
1746430 890
1746440 892
1746450 894
1746460 898
1746470 904
1746480 908
1746490 912
1746500 917
1746510 922
1746520 927
1746530 933
1746540 938
1746550 943
1746560 944
1746570 946
1746580 947
1746590 948
1746600 949
1746610 949
1746620 949
1746630 948
1746640 948
1746650 949
1746660 951
1746670 953
1746680 955
1746690 958
1746700 960
1746710 963
1746720 965
1746730 968
1746740 970
1746750 973
1746760 975
1746770 978
1746780 981
1746790 983
1746800 985
1746810 988
1746820 991
1746830 996
1746840 999
1746850 1003
1746860 1007
1746870 1011
1746880 1016
1746890 1019
1746900 1023
1746910 1026
1746920 1030
1746930 1034
1746940 1038
1746950 1042
1746960 1046
1746970 1050
1746980 1055
1746990 1058
1747000 1061
1747010 1065
1747020 1069
1747030 1073
1747040 1076
1747050 1080
1747060 1083
1747070 1087
1747080 1090
1747090 1093
1747100 1096
1747110 1099
1747120 1102
1747130 1105
1747140 1107
1747150 1110
1747160 1112
1747170 1114
1747180 1116
1747190 1118
1747200 1120
1747210 1121
1747220 1123
1747230 1124
1747240 1125
1747250 1127
1747260 1128
1747270 1128
1747280 1128
1747290 1127
1747300 1127
1747310 1125
1747320 1124
1747330 1122
1747340 1121
1747350 1119
1747360 1117
1747370 1115
1747380 1113
1747390 1111
1747400 1110
1747410 1108
1747420 1107
1747430 1106
1747440 1105
1747450 1103
1747460 1102
1747470 1100
1747480 1098
1747490 1096
1747500 1093
1747510 1091
1747520 1088
1747530 1086
1747540 1084
1747550 1081
1747560 1079
1747570 1076
1747580 1074
1747590 1071
1747600 1069
1747610 1066
1747620 1063
1747630 1061
1747640 1059
1747650 1056
1747660 1053
1747670 1051
1747680 1048
1747690 1046
1747700 1044
1747710 1042
1747720 1039
1747730 1037
1747740 1035
1747750 1034
1747760 1032
1747770 1030
1747780 1028
1747790 1026
1747800 1025
1747810 1023
1747820 1021
1747830 1020
1747840 1018
1747850 1016
1747860 1014
1747870 1012
1747880 1011
1747890 1009
1747900 1007
1747910 1006
1747920 1004
1747930 1002
1747940 1001
1747950 999
1747960 997
1747970 995
1747980 994
1747990 993
1748000 994
1748010 995
1748020 995
1748030 996
1748040 996
1748050 997
1748060 997
1748070 997
1748080 998
1748090 998
1748100 998
1748110 998
1748120 998
1748130 999
1748140 1000
1748150 1000
1748160 1001
1748170 1001
1748180 1001
1748190 1002
1748200 1002
1748210 1002
1748220 1003
1748230 1004
1748240 1006
1748250 1008
1748260 1010
1748270 1011
1748280 1014
1748290 1016
1748300 1018
1748310 1020
1748320 1022
1748330 1024
1748340 1026
1748350 1028
1748360 1030
1748370 1032
1748380 1034
1748390 1036
1748400 1038
1748410 1041
1748420 1043
1748430 1046
1748440 1048
1748450 1051
1748460 1053
1748470 1056
1748480 1058
1748490 1061
1748500 1063
1748510 1066
1748520 1068
1748530 1071
1748540 1073
1748550 1075
1748560 1077
1748570 1079
1748580 1082
1748590 1084
1748600 1086
1748610 1088
1748620 1089
1748630 1091
1748640 1092
1748650 1092
1748660 1092
1748670 1091
1748680 1091
1748690 1090
1748700 1089
1748710 1088
1748720 1087
1748730 1086
1748740 1085
1748750 1084
1748760 1083
1748770 1082
1748780 1081
1748790 1078
1748800 1077
1748810 1076
1748820 1076
1748830 1076
1748840 1076
1748850 1076
1748860 1077
1748870 1078
1748880 1078
1748890 1079
1748900 1079
1748910 1079
1748920 1079
1748930 1079
1748940 1079
1748950 1079
1748960 1079
1748970 1080
1748980 1081
1748990 1082
1749000 1082
1749010 1084
1749020 1085
1749030 1086
1749040 1087
1749050 1088
1749060 1089
1749070 1090
1749080 1090
1749090 1090
1749100 1089
1749110 1088
1749120 1086
1749130 1084
1749140 1082
1749150 1080
1749160 1078
1749170 1076
1749180 1073
1749190 1071
1749200 1069
1749210 1068
1749220 1065
1749230 1063
1749240 1061
1749250 1059
1749260 1057
1749270 1055
1749280 1053
1749290 1051
1749300 1049
1749310 1047
1749320 1046
1749330 1044
1749340 1042
1749350 1040
1749360 1039
1749370 1037
1749380 1035
1749390 1033
1749400 1031
1749410 1029
1749420 1028
1749430 1026
1749440 1024
1749450 1021
1749460 1019
1749470 1017
1749480 1015
1749490 1012
1749500 1010
1749510 1008
1749520 1005
1749530 1001
1749540 997
1749550 993
1749560 988
1749570 984
1749580 980
1749590 978
1749600 977
1749610 976
1749620 975
1749630 975
1749640 975
1749650 975
1749660 975
1749670 976
1749680 974
1749690 972
1749700 968
1749710 963
1749720 958
1749730 953
1749740 948
1749750 942
1749760 937
1749770 932
1749780 927
1749790 922
1749800 915
1749810 909
1749820 904
1749830 898
1749840 893
1749850 888
1749860 883
1749870 879
1749880 874
1749890 869
1749900 865
1749910 862
1749920 859
1749930 857
1749940 856
1749950 854
1749960 852
1749970 850
1749980 848
1749990 846
1750000 844
1750010 842
1750020 838
1750030 833
1750040 827
1750050 821
1750060 815
1750070 809
1750080 803
1750090 798
1750100 794
1750110 791
1750120 789
1750130 788
1750140 787
1750150 785
1750160 782
1750170 778
1750180 776
1750190 775
1750200 773
1750210 772
1750220 770
1750230 772
1750240 775
1750250 778
1750260 781
1750270 785
1750280 789
1750290 793
1750300 794
1750310 793
1750320 786
1750330 780
1750340 773
1750350 768
1750360 763
1750370 759
1750380 755
1750390 754
1750400 756
1750410 759
1750420 762
1750430 765
1750440 768
1750450 771
1750460 773
1750470 776
1750480 778
1750490 781
1750500 786
1750510 793
1750520 799
1750530 803
1750540 805
1750550 805
1750560 806
1750570 807
1750580 809
1750590 809
1750600 807
1750610 804
1750620 801
1750630 797
1750640 794
1750650 790
1750660 786
1750670 782
1750680 778
1750690 775
1750700 771
1750710 768
1750720 765
1750730 762
1750740 759
1750750 756
1750760 752
1750770 748
1750780 743
1750790 738
1750800 733
1750810 727
1750820 721
1750830 715
1750840 709
1750850 703
1750860 697
1750870 692
1750880 686
1750890 681
1750900 674
1750910 668
1750920 661
1750930 656
1750940 653
1750950 651
1750960 645
1750970 643
1750980 643
1750990 644
1751000 643
1751010 641
1751020 641
1751030 641
1751040 642
1751050 641
1751060 637
1751070 634
1751080 631
1751090 630
1751100 628
1751110 626
1751120 624
1751130 622
1751140 621
1751150 620
1751160 619
1751170 619
1751180 618
1751190 618
1751200 619
1751210 620
1751220 620
1751230 620
1751240 621
1751250 622
1751260 623
1751270 624
1751280 623
1751290 620
1751300 616
1751310 612
1751320 609
1751330 603
1751340 598
1751350 594
1751360 591
1751370 588
1751380 586
1751390 585
1751400 584
1751410 583
1751420 585
1751430 586
1751440 589
1751450 594
1751460 599
1751470 603
1751480 607
1751490 611
1751500 616
1751510 620
1751520 624
1751530 628
1751540 632
1751550 635
1751560 638
1751570 641
1751580 644
1751590 647
1751600 650
1751610 654
1751620 657
1751630 660
1751640 662
1751650 665
1751660 668
1751670 670
1751680 672
1751690 674
1751700 676
1751710 678
1751720 680
1751730 682
1751740 684
1751750 686
1751760 689
1751770 692
1751780 695
1751790 697
1751800 700
1751810 704
1751820 707
1751830 710
1751840 713
1751850 717
1751860 720
1751870 724
1751880 728
1751890 732
1751900 735
1751910 739
1751920 742
1751930 745
1751940 749
1751950 752
1751960 756
1751970 760
1751980 764
1751990 768
1752000 773
1752010 777
1752020 779
1752030 781
1752040 782
1752050 782
1752060 784
1752070 786
1752080 788
1752090 790
1752100 791
1752110 792
1752120 793
1752130 794
1752140 796
1752150 798
1752160 800
1752170 802
1752180 805
1752190 808
1752200 813
1752210 817
1752220 822
1752230 826
1752240 829
1752250 831
1752260 833
1752270 836
1752280 838
1752290 841
1752300 844
1752310 848
1752320 852
1752330 855
1752340 859
1752350 863
1752360 867
1752370 871
1752380 875
1752390 878
1752400 882
1752410 886
1752420 890
1752430 895
1752440 899
1752450 904
1752460 909
1752470 914
1752480 920
1752490 926
1752500 933
1752510 940
1752520 946
1752530 952
1752540 959
1752550 965
1752560 970
1752570 975
1752580 980
1752590 985
1752600 990
1752610 994
1752620 998
1752630 1003
1752640 1006
1752650 1011
1752660 1015
1752670 1018
1752680 1022
1752690 1025
1752700 1029
1752710 1034
1752720 1040
1752730 1047
1752740 1053
1752750 1058
1752760 1065
1752770 1074
1752780 1082
1752790 1089
1752800 1093
1752810 1097
1752820 1100
1752830 1102
1752840 1105
1752850 1107
1752860 1110
1752870 1113
1752880 1116
1752890 1120
1752900 1123
1752910 1127
1752920 1132
1752930 1136
1752940 1140
1752950 1145
1752960 1149
1752970 1154
1752980 1159
1752990 1164
1753000 1169
1753010 1174
1753020 1179
1753030 1185
1753040 1193
1753050 1200
1753060 1205
1753070 1210
1753080 1214
1753090 1219
1753100 1224
1753110 1228
1753120 1232
1753130 1236
1753140 1239
1753150 1242
1753160 1246
1753170 1250
1753180 1255
1753190 1259
1753200 1264
1753210 1269
1753220 1275
1753230 1279
1753240 1283
1753250 1287
1753260 1289
1753270 1292
1753280 1294
1753290 1297
1753300 1299
1753310 1302
1753320 1304
1753330 1306
1753340 1309
1753350 1312
1753360 1314
1753370 1317
1753380 1319
1753390 1321
1753400 1323
1753410 1325
1753420 1326
1753430 1328
1753440 1330
1753450 1331
1753460 1333
1753470 1336
1753480 1338
1753490 1340
1753500 1342
1753510 1344
1753520 1345
1753530 1347
1753540 1349
1753550 1351
1753560 1354
1753570 1356
1753580 1358
1753590 1360
1753600 1362
1753610 1364
1753620 1367
1753630 1369
1753640 1371
1753650 1373
1753660 1375
1753670 1377
1753680 1379
1753690 1380
1753700 1382
1753710 1384
1753720 1385
1753730 1386
1753740 1387
1753750 1388
1753760 1389
1753770 1389
1753780 1390
1753790 1391
1753800 1391
1753810 1392
1753820 1393
1753830 1394
1753840 1394
1753850 1394
1753860 1394
1753870 1394
1753880 1394
1753890 1395
1753900 1395
1753910 1396
1753920 1397
1753930 1398
1753940 1399
1753950 1399
1753960 1400
1753970 1401
1753980 1402
1753990 1404
1754000 1405
1754010 1405
1754020 1406
1754030 1407
1754040 1408
1754050 1409
1754060 1410
1754070 1411
1754080 1412
1754090 1413
1754100 1415
1754110 1415
1754120 1415
1754130 1416
1754140 1416
1754150 1417
1754160 1417
1754170 1418
1754180 1418
1754190 1418
1754200 1419
1754210 1419
1754220 1420
1754230 1419
1754240 1419
1754250 1419
1754260 1418
1754270 1417
1754280 1416
1754290 1417
1754300 1419
1754310 1420
1754320 1422
1754330 1424
1754340 1425
1754350 1426
1754360 1428
1754370 1430
1754380 1431
1754390 1433
1754400 1435
1754410 1437
1754420 1439
1754430 1441
1754440 1443
1754450 1445
1754460 1446
1754470 1448
1754480 1449
1754490 1449
1754500 1449
1754510 1450
1754520 1450
1754530 1451
1754540 1451
1754550 1452
1754560 1453
1754570 1453
1754580 1454
1754590 1455
1754600 1455
1754610 1456
1754620 1457
1754630 1457
1754640 1457
1754650 1457
1754660 1457
1754670 1457
1754680 1457
1754690 1459
1754700 1460
1754710 1460
1754720 1461
1754730 1462
1754740 1462
1754750 1462
1754760 1461
1754770 1460
1754780 1459
1754790 1458
1754800 1457
1754810 1455
1754820 1453
1754830 1451
1754840 1448
1754850 1445
1754860 1443
1754870 1441
1754880 1439
1754890 1438
1754900 1438
1754910 1438
1754920 1437
1754930 1434
1754940 1432
1754950 1431
1754960 1430
1754970 1429
1754980 1428
1754990 1427
1755000 1426
1755010 1427
1755020 1427
1755030 1429
1755040 1430
1755050 1432
1755060 1434
1755070 1437
1755080 1439
1755090 1441
1755100 1443
1755110 1445
1755120 1447
1755130 1449
1755140 1451
1755150 1453
1755160 1455
1755170 1457
1755180 1458
1755190 1460
1755200 1461
1755210 1461
1755220 1462
1755230 1462
1755240 1463
1755250 1464
1755260 1466
1755270 1468
1755280 1470
1755290 1472
1755300 1474
1755310 1476
1755320 1477
1755330 1478
1755340 1479
1755350 1481
1755360 1482
1755370 1484
1755380 1485
1755390 1487
1755400 1488
1755410 1490
1755420 1492
1755430 1494
1755440 1496
1755450 1498
1755460 1500
1755470 1502
1755480 1503
1755490 1504
1755500 1506
1755510 1507
1755520 1508
1755530 1510
1755540 1511
1755550 1512
1755560 1513
1755570 1515
1755580 1516
1755590 1517
1755600 1518
1755610 1518
1755620 1519
1755630 1519
1755640 1520
1755650 1520
1755660 1519
1755670 1519
1755680 1519
1755690 1518
1755700 1516
1755710 1514
1755720 1513
1755730 1511
1755740 1510
1755750 1508
1755760 1506
1755770 1504
1755780 1502
1755790 1499
1755800 1497
1755810 1496
1755820 1496
1755830 1496
1755840 1495
1755850 1494
1755860 1493
1755870 1493
1755880 1492
1755890 1491
1755900 1490
1755910 1490
1755920 1489
1755930 1488
1755940 1487
1755950 1485
1755960 1484
1755970 1483
1755980 1481
1755990 1480
1756000 1479
1756010 1478
1756020 1476
1756030 1476
1756040 1475
1756050 1474
1756060 1474
1756070 1474
1756080 1474
1756090 1474
1756100 1475
1756110 1475
1756120 1477
1756130 1478
1756140 1479
1756150 1479
1756160 1481
1756170 1482
1756180 1484
1756190 1486
1756200 1488
1756210 1491
1756220 1493
1756230 1495
1756240 1497
1756250 1498
1756260 1498
1756270 1497
1756280 1496
1756290 1495
1756300 1493
1756310 1495
1756320 1496
1756330 1499
1756340 1501
1756350 1503
1756360 1505
1756370 1507
1756380 1508
1756390 1509
1756400 1511
1756410 1512
1756420 1513
1756430 1514
1756440 1516
1756450 1517
1756460 1519
1756470 1520
1756480 1521
1756490 1523
1756500 1523
1756510 1523
1756520 1523
1756530 1522
1756540 1521
1756550 1521
1756560 1521
1756570 1521
1756580 1521
1756590 1520
1756600 1520
1756610 1520
1756620 1520
1756630 1521
1756640 1522
1756650 1522
1756660 1522
1756670 1521
1756680 1521
1756690 1521
1756700 1521
1756710 1521
1756720 1521
1756730 1521
1756740 1521
1756750 1521
1756760 1520
1756770 1518
1756780 1517
1756790 1517
1756800 1515
1756810 1514
1756820 1514
1756830 1514
1756840 1513
1756850 1513
1756860 1513
1756870 1513
1756880 1513
1756890 1513
1756900 1513
1756910 1512
1756920 1511
1756930 1511
1756940 1510
1756950 1510
1756960 1510
1756970 1510
1756980 1510
1756990 1509
1757000 1509
1757010 1508
1757020 1506
1757030 1504
1757040 1503
1757050 1501
1757060 1499
1757070 1498
1757080 1497
1757090 1495
1757100 1492
1757110 1488
1757120 1485
1757130 1483
1757140 1481
1757150 1479
1757160 1478
1757170 1476
1757180 1475
1757190 1473
1757200 1471
1757210 1470
1757220 1469
1757230 1466
1757240 1464
1757250 1462
1757260 1462
1757270 1463
1757280 1463
1757290 1463
1757300 1464
1757310 1464
1757320 1466
1757330 1467
1757340 1469
1757350 1470
1757360 1471
1757370 1472
1757380 1473
1757390 1475
1757400 1477
1757410 1479
1757420 1481
1757430 1483
1757440 1485
1757450 1488
1757460 1491
1757470 1493
1757480 1494
1757490 1494
1757500 1495
1757510 1497
1757520 1499
1757530 1501
1757540 1502
1757550 1503
1757560 1502
1757570 1499
1757580 1496
1757590 1494
1757600 1492
1757610 1491
1757620 1491
1757630 1490
1757640 1489
1757650 1489
1757660 1488
1757670 1488
1757680 1488
1757690 1488
1757700 1487
1757710 1487
1757720 1485
1757730 1484
1757740 1481
1757750 1479
1757760 1476
1757770 1475
1757780 1474
1757790 1473
1757800 1473
1757810 1471
1757820 1469
1757830 1468
1757840 1468
1757850 1470
1757860 1471
1757870 1470
1757880 1466
1757890 1454
1757900 1444
1757910 1435
1757920 1425
1757930 1415
1757940 1404
1757950 1394
1757960 1384
1757970 1374
1757980 1364
1757990 1353
1758000 1345
1758010 1339
1758020 1333
1758030 1328
1758040 1323
1758050 1318
1758060 1312
1758070 1307
1758080 1301
1758090 1296
1758100 1292
1758110 1287
1758120 1283
1758130 1279
1758140 1275
1758150 1272
1758160 1268
1758170 1264
1758180 1260
1758190 1256
1758200 1252
1758210 1248
1758220 1245
1758230 1243
1758240 1242
1758250 1242
1758260 1242
1758270 1243
1758280 1243
1758290 1243
1758300 1243
1758310 1244
1758320 1244
1758330 1245
1758340 1246
1758350 1248
1758360 1250
1758370 1253
1758380 1255
1758390 1257
1758400 1260
1758410 1264
1758420 1268
1758430 1272
1758440 1276
1758450 1280
1758460 1284
1758470 1288
1758480 1292
1758490 1296
1758500 1300
1758510 1305
1758520 1309
1758530 1313
1758540 1318
1758550 1322
1758560 1326
1758570 1331
1758580 1335
1758590 1339
1758600 1344
1758610 1348
1758620 1352
1758630 1357
1758640 1361
1758650 1365
1758660 1369
1758670 1373
1758680 1377
1758690 1382
1758700 1388
1758710 1393
1758720 1398
1758730 1404
1758740 1411
1758750 1415
1758760 1420
1758770 1424
1758780 1429
1758790 1435
1758800 1441
1758810 1447
1758820 1454
1758830 1460
1758840 1466
1758850 1472
1758860 1476
1758870 1474
1758880 1471
1758890 1468
1758900 1466
1758910 1465
1758920 1466
1758930 1466
1758940 1466
1758950 1466
1758960 1467
1758970 1468
1758980 1469
1758990 1470
1759000 1472
1759010 1474
1759020 1476
1759030 1479
1759040 1482
1759050 1488
1759060 1495
1759070 1497
1759080 1494
1759090 1492
1759100 1491
1759110 1493
1759120 1494
1759130 1494
1759140 1495
1759150 1498
1759160 1501
1759170 1504
1759180 1507
1759190 1512
1759200 1519
1759210 1531
1759220 1541
1759230 1548
1759240 1551
1759250 1550
1759260 1545
1759270 1540
1759280 1539
1759290 1541
1759300 1545
1759310 1550
1759320 1556
1759330 1564
1759340 1574
1759350 1583
1759360 1588
1759370 1591
1759380 1593
1759390 1593
1759400 1593
1759410 1593
1759420 1595
1759430 1596
1759440 1597
1759450 1590
1759460 1584
1759470 1579
1759480 1581
1759490 1586
1759500 1591
1759510 1593
1759520 1593
1759530 1591
1759540 1588
1759550 1584
1759560 1581
1759570 1579
1759580 1584
1759590 1589
1759600 1589
1759610 1592
1759620 1595
1759630 1596
1759640 1596
1759650 1594
1759660 1593
1759670 1595
1759680 1596
1759690 1598
1759700 1601
1759710 1603
1759720 1602
1759730 1590
1759740 1582
1759750 1578
1759760 1576
1759770 1572
1759780 1568
1759790 1567
1759800 1567
1759810 1567
1759820 1567
1759830 1568
1759840 1569
1759850 1571
1759860 1573
1759870 1575
1759880 1577
1759890 1581
1759900 1586
1759910 1591
1759920 1593
1759930 1592
1759940 1591
1759950 1589
1759960 1588
1759970 1587
1759980 1585
1759990 1584
