1740000 997
1740010 999
1740020 1002
1740030 1004
1740040 1005
1740050 1008
1740060 1010
1740070 1013
1740080 1016
1740090 1019
1740100 1022
1740110 1025
1740120 1027
1740130 1030
1740140 1033
1740150 1035
1740160 1038
1740170 1041
1740180 1044
1740190 1046
1740200 1049
1740210 1051
1740220 1053
1740230 1054
1740240 1055
1740250 1055
1740260 1052
1740270 1049
1740280 1046
1740290 1042
1740300 1039
1740310 1035
1740320 1032
1740330 1028
1740340 1025
1740350 1022
1740360 1020
1740370 1019
1740380 1021
1740390 1023
1740400 1027
1740410 1030
1740420 1034
1740430 1038
1740440 1042
1740450 1046
1740460 1051
1740470 1055
1740480 1059
1740490 1063
1740500 1066
1740510 1070
1740520 1073
1740530 1075
1740540 1073
1740550 1070
1740560 1066
1740570 1061
1740580 1056
1740590 1050
1740600 1045
1740610 1040
1740620 1035
1740630 1031
1740640 1027
1740650 1022
1740660 1017
1740670 1013
1740680 1008
1740690 1003
1740700 998
1740710 994
1740720 990
1740730 986
1740740 982
1740750 982
1740760 985
1740770 989
1740780 993
1740790 996
1740800 1000
1740810 1003
1740820 1007
1740830 1011
1740840 1014
1740850 1018
1740860 1022
1740870 1026
1740880 1030
1740890 1034
1740900 1038
1740910 1042
1740920 1045
1740930 1048
1740940 1051
1740950 1054
1740960 1057
1740970 1060
1740980 1063
1740990 1066
1741000 1069
1741010 1072
1741020 1074
1741030 1074
1741040 1073
1741050 1071
1741060 1068
1741070 1065
1741080 1062
1741090 1060
1741100 1056
1741110 1053
1741120 1049
1741130 1045
1741140 1041
1741150 1037
1741160 1033
1741170 1028
1741180 1024
1741190 1020
1741200 1016
1741210 1011
1741220 1006
1741230 1001
1741240 996
1741250 992
1741260 988
1741270 989
1741280 991
1741290 995
1741300 999
1741310 1002
1741320 1006
1741330 1010
1741340 1014
1741350 1019
1741360 1023
1741370 1027
1741380 1031
1741390 1035
1741400 1040
1741410 1044
1741420 1049
1741430 1054
1741440 1058
1741450 1062
1741460 1067
1741470 1071
1741480 1075
1741490 1075
1741500 1074
1741510 1071
1741520 1067
1741530 1064
1741540 1062
1741550 1063
1741560 1065
1741570 1069
1741580 1073
1741590 1077
1741600 1080
1741610 1084
1741620 1088
1741630 1092
1741640 1096
1741650 1099
1741660 1103
1741670 1106
1741680 1110
1741690 1114
1741700 1118
1741710 1122
1741720 1126
1741730 1130
1741740 1134
1741750 1138
1741760 1142
1741770 1146
1741780 1149
1741790 1152
1741800 1156
1741810 1159
1741820 1162
1741830 1165
1741840 1168
1741850 1170
1741860 1171
1741870 1173
1741880 1174
1741890 1175
1741900 1176
1741910 1176
1741920 1176
1741930 1176
1741940 1175
1741950 1173
1741960 1170
1741970 1166
1741980 1161
1741990 1155
1742000 1150
1742010 1145
1742020 1139
1742030 1134
1742040 1129
1742050 1124
1742060 1120
1742070 1115
1742080 1110
1742090 1105
1742100 1101
1742110 1096
1742120 1091
1742130 1087
1742140 1083
1742150 1079
1742160 1074
1742170 1070
1742180 1067
1742190 1064
1742200 1061
1742210 1058
1742220 1055
1742230 1053
1742240 1051
1742250 1050
1742260 1051
1742270 1052
1742280 1053
1742290 1054
1742300 1056
1742310 1058
1742320 1060
1742330 1064
1742340 1067
1742350 1070
1742360 1073
1742370 1078
1742380 1083
1742390 1088
1742400 1092
1742410 1095
1742420 1097
1742430 1099
1742440 1101
1742450 1103
1742460 1106
1742470 1108
1742480 1111
1742490 1113
1742500 1116
1742510 1118
1742520 1120
1742530 1123
1742540 1125
1742550 1129
1742560 1132
1742570 1135
1742580 1137
1742590 1140
1742600 1142
1742610 1144
1742620 1144
1742630 1143
1742640 1140
1742650 1138
1742660 1135
1742670 1131
1742680 1127
1742690 1124
1742700 1120
1742710 1115
1742720 1111
1742730 1108
1742740 1104
1742750 1099
1742760 1095
1742770 1091
1742780 1087
1742790 1082
1742800 1077
1742810 1072
1742820 1068
1742830 1063
1742840 1058
1742850 1053
1742860 1048
1742870 1044
1742880 1038
1742890 1034
1742900 1029
1742910 1025
1742920 1020
1742930 1015
1742940 1009
1742950 1004
1742960 999
1742970 994
1742980 989
1742990 984
1743000 979
1743010 974
1743020 969
1743030 965
1743040 963
1743050 964
1743060 967
1743070 971
1743080 975
1743090 977
1743100 979
1743110 980
1743120 982
1743130 984
1743140 986
1743150 989
1743160 992
1743170 995
1743180 998
1743190 1001
1743200 1004
1743210 1007
1743220 1010
1743230 1014
1743240 1017
1743250 1020
1743260 1024
1743270 1027
1743280 1030
1743290 1033
1743300 1036
1743310 1040
1743320 1043
1743330 1046
1743340 1050
1743350 1054
1743360 1058
1743370 1062
1743380 1066
1743390 1071
1743400 1075
1743410 1080
1743420 1085
1743430 1089
1743440 1094
1743450 1098
1743460 1103
1743470 1107
1743480 1111
1743490 1116
1743500 1119
1743510 1122
1743520 1125
1743530 1126
1743540 1126
1743550 1124
1743560 1121
1743570 1118
1743580 1114
1743590 1111
1743600 1108
1743610 1104
1743620 1101
1743630 1097
1743640 1094
1743650 1090
1743660 1086
1743670 1083
1743680 1079
1743690 1075
1743700 1071
1743710 1067
1743720 1063
1743730 1059
1743740 1055
1743750 1051
1743760 1047
1743770 1042
1743780 1038
1743790 1033
1743800 1030
1743810 1025
1743820 1021
1743830 1016
1743840 1012
1743850 1007
1743860 1003
1743870 998
1743880 993
1743890 989
1743900 984
1743910 979
1743920 974
1743930 969
1743940 965
1743950 961
1743960 956
1743970 952
1743980 946
1743990 944
1744000 943
1744010 943
1744020 945
1744030 947
1744040 948
1744050 949
1744060 949
1744070 950
1744080 950
1744090 951
1744100 951
1744110 952
1744120 952
1744130 953
1744140 953
1744150 954
1744160 954
1744170 955
1744180 956
1744190 956
1744200 957
1744210 958
1744220 958
1744230 959
1744240 959
1744250 959
1744260 959
1744270 959
1744280 958
1744290 958
1744300 956
1744310 955
1744320 953
1744330 950
1744340 947
1744350 944
1744360 940
1744370 936
1744380 932
1744390 927
1744400 923
1744410 919
1744420 915
1744430 911
1744440 907
1744450 904
1744460 901
1744470 897
1744480 894
1744490 891
1744500 889
1744510 886
1744520 883
1744530 880
1744540 877
1744550 874
1744560 870
1744570 867
1744580 863
1744590 859
1744600 855
1744610 851
1744620 847
1744630 843
1744640 839
1744650 835
1744660 830
1744670 826
1744680 821
1744690 817
1744700 812
1744710 808
1744720 804
1744730 800
1744740 796
1744750 792
1744760 789
1744770 785
1744780 782
1744790 778
1744800 775
1744810 771
1744820 767
1744830 762
1744840 759
1744850 755
1744860 751
1744870 747
1744880 744
1744890 740
1744900 736
1744910 733
1744920 731
1744930 730
1744940 729
1744950 729
1744960 729
1744970 731
1744980 732
1744990 734
1745000 735
1745010 737
1745020 739
1745030 741
1745040 742
1745050 744
1745060 746
1745070 748
1745080 749
1745090 751
1745100 753
1745110 755
1745120 756
1745130 757
1745140 759
1745150 760
1745160 760
1745170 759
1745180 757
1745190 755
1745200 752
1745210 749
1745220 745
1745230 741
1745240 737
1745250 732
1745260 728
1745270 724
1745280 720
1745290 716
1745300 711
1745310 707
1745320 703
1745330 699
1745340 694
1745350 691
1745360 687
1745370 684
1745380 681
1745390 678
1745400 675
1745410 671
1745420 668
1745430 667
1745440 667
1745450 671
1745460 675
1745470 679
1745480 682
1745490 685
1745500 690
1745510 694
1745520 698
1745530 702
1745540 707
1745550 711
1745560 716
1745570 720
1745580 724
1745590 728
1745600 732
1745610 736
1745620 740
1745630 744
1745640 748
1745650 751
1745660 754
1745670 758
1745680 761
1745690 765
1745700 770
1745710 775
1745720 779
1745730 782
1745740 786
1745750 789
1745760 792
1745770 797
1745780 804
1745790 808
1745800 810
1745810 810
1745820 811
1745830 813
1745840 815
1745850 817
1745860 820
1745870 822
1745880 825
1745890 828
1745900 829
1745910 829
1745920 829
1745930 830
1745940 831
1745950 832
1745960 833
1745970 835
1745980 837
1745990 840
1746000 843
1746010 845
1746020 848
1746030 851
1746040 853
1746050 855
1746060 856
1746070 858
1746080 859
1746090 860
1746100 861
1746110 862
1746120 863
1746130 865
1746140 866
1746150 868
1746160 869
1746170 871
1746180 872
1746190 874
1746200 875
1746210 876
1746220 877
1746230 878
1746240 877
1746250 878
1746260 879
1746270 881
1746280 883
1746290 885
1746300 888
1746310 890
1746320 892
1746330 894
1746340 895
1746350 896
1746360 898
1746370 900
1746380 902
1746390 904
1746400 907
1746410 909
1746420 910
1746430 912
1746440 913
1746450 915
1746460 918
1746470 922
1746480 926
1746490 930
1746500 933
1746510 936
1746520 938
1746530 941
1746540 944
1746550 948
1746560 952
1746570 957
1746580 963
1746590 969
1746600 975
1746610 982
1746620 988
1746630 994
1746640 1000
1746650 1008
1746660 1018
1746670 1030
1746680 1035
1746690 1039
1746700 1043
1746710 1046
1746720 1049
1746730 1052
1746740 1054
1746750 1057
1746760 1060
1746770 1062
1746780 1063
1746790 1064
1746800 1064
1746810 1064
1746820 1064
1746830 1065
1746840 1066
1746850 1067
1746860 1068
1746870 1069
1746880 1071
1746890 1072
1746900 1074
1746910 1076
1746920 1078
1746930 1080
1746940 1082
1746950 1085
1746960 1087
1746970 1089
1746980 1091
1746990 1093
1747000 1094
1747010 1095
1747020 1097
1747030 1098
1747040 1099
1747050 1100
1747060 1102
1747070 1103
1747080 1104
1747090 1105
1747100 1106
1747110 1107
1747120 1108
1747130 1109
1747140 1110
1747150 1111
1747160 1112
1747170 1113
1747180 1113
1747190 1114
1747200 1114
1747210 1114
1747220 1115
1747230 1114
1747240 1114
1747250 1114
1747260 1114
1747270 1114
1747280 1113
1747290 1113
1747300 1112
1747310 1112
1747320 1111
1747330 1110
1747340 1109
1747350 1108
1747360 1107
1747370 1106
1747380 1104
1747390 1103
1747400 1102
1747410 1101
1747420 1100
1747430 1099
1747440 1097
1747450 1095
1747460 1094
1747470 1092
1747480 1091
1747490 1089
1747500 1087
1747510 1085
1747520 1083
1747530 1081
1747540 1079
1747550 1078
1747560 1076
1747570 1074
1747580 1073
1747590 1071
1747600 1070
1747610 1068
1747620 1068
1747630 1067
1747640 1066
1747650 1065
1747660 1064
1747670 1062
1747680 1061
1747690 1059
1747700 1058
1747710 1057
1747720 1056
1747730 1055
1747740 1054
1747750 1053
1747760 1052
1747770 1050
1747780 1048
1747790 1046
1747800 1045
1747810 1043
1747820 1041
1747830 1038
1747840 1035
1747850 1032
1747860 1029
1747870 1027
1747880 1024
1747890 1022
1747900 1019
1747910 1016
1747920 1013
1747930 1011
1747940 1008
1747950 1006
1747960 1003
1747970 1001
1747980 998
1747990 996
1748000 993
1748010 991
1748020 988
1748030 986
1748040 984
1748050 982
1748060 980
1748070 978
1748080 977
1748090 976
1748100 974
1748110 973
1748120 972
1748130 971
1748140 971
1748150 971
1748160 971
1748170 971
1748180 971
1748190 972
1748200 972
1748210 973
1748220 975
1748230 975
1748240 976
1748250 977
1748260 978
1748270 979
1748280 980
1748290 981
1748300 982
1748310 983
1748320 984
1748330 986
1748340 988
1748350 989
1748360 991
1748370 993
1748380 994
1748390 996
1748400 997
1748410 999
1748420 1001
1748430 1002
1748440 1004
1748450 1006
1748460 1007
1748470 1009
1748480 1010
1748490 1011
1748500 1013
1748510 1014
1748520 1015
1748530 1015
1748540 1016
1748550 1016
1748560 1017
1748570 1017
1748580 1017
1748590 1017
1748600 1017
1748610 1016
1748620 1015
1748630 1013
1748640 1010
1748650 1008
1748660 1006
1748670 1005
1748680 1003
1748690 1002
1748700 1000
1748710 999
1748720 998
1748730 997
1748740 996
1748750 994
1748760 993
1748770 993
1748780 992
1748790 992
1748800 991
1748810 991
1748820 990
1748830 990
1748840 991
1748850 992
1748860 993
1748870 994
1748880 995
1748890 995
1748900 996
1748910 996
1748920 996
1748930 997
1748940 998
1748950 999
1748960 1000
1748970 1001
1748980 1003
1748990 1004
1749000 1006
1749010 1008
1749020 1009
1749030 1011
1749040 1012
1749050 1014
1749060 1015
1749070 1016
1749080 1017
1749090 1017
1749100 1018
1749110 1018
1749120 1019
1749130 1020
1749140 1021
1749150 1022
1749160 1023
1749170 1024
1749180 1026
1749190 1027
1749200 1028
1749210 1029
1749220 1030
1749230 1031
1749240 1031
1749250 1032
1749260 1033
1749270 1034
1749280 1036
1749290 1036
1749300 1032
1749310 1027
1749320 1023
1749330 1020
1749340 1016
1749350 1011
1749360 1005
1749370 1001
1749380 997
1749390 994
1749400 993
1749410 993
1749420 995
1749430 997
1749440 1000
1749450 1002
1749460 1002
1749470 1002
1749480 1000
1749490 994
1749500 986
1749510 973
1749520 959
1749530 945
1749540 933
1749550 926
1749560 921
1749570 916
1749580 911
1749590 906
1749600 902
1749610 897
1749620 893
1749630 889
1749640 885
1749650 882
1749660 881
1749670 881
1749680 881
1749690 880
1749700 880
1749710 881
1749720 882
1749730 883
1749740 884
1749750 884
1749760 887
1749770 889
1749780 890
1749790 893
1749800 894
1749810 895
1749820 892
1749830 887
1749840 882
1749850 876
1749860 871
1749870 867
1749880 863
1749890 858
1749900 853
1749910 848
1749920 842
1749930 836
1749940 830
1749950 824
1749960 819
1749970 814
1749980 808
1749990 803
1750000 797
1750010 791
1750020 785
1750030 779
1750040 772
1750050 766
1750060 759
1750070 752
1750080 746
1750090 738
1750100 730
1750110 724
1750120 721
1750130 719
1750140 718
1750150 719
1750160 719
1750170 718
1750180 717
1750190 713
1750200 709
1750210 704
1750220 699
1750230 696
1750240 697
1750250 697
1750260 698
1750270 700
1750280 702
1750290 704
1750300 707
1750310 709
1750320 712
1750330 715
1750340 716
1750350 716
1750360 715
1750370 713
1750380 710
1750390 706
1750400 700
1750410 695
1750420 689
1750430 685
1750440 685
1750450 686
1750460 686
1750470 685
1750480 683
1750490 683
1750500 684
1750510 686
1750520 689
1750530 692
1750540 696
1750550 701
1750560 708
1750570 716
1750580 724
1750590 726
1750600 726
1750610 727
1750620 722
1750630 714
1750640 706
1750650 701
1750660 698
1750670 694
1750680 692
1750690 689
1750700 686
1750710 684
1750720 682
1750730 680
1750740 678
1750750 676
1750760 677
1750770 671
1750780 661
1750790 648
1750800 641
1750810 634
1750820 626
1750830 622
1750840 617
1750850 613
1750860 609
1750870 604
1750880 599
1750890 595
1750900 591
1750910 589
1750920 587
1750930 586
1750940 586
1750950 587
1750960 588
1750970 589
1750980 589
1750990 589
1751000 589
1751010 588
1751020 588
1751030 587
1751040 588
1751050 592
1751060 596
1751070 600
1751080 602
1751090 604
1751100 606
1751110 608
1751120 609
1751130 610
1751140 610
1751150 610
1751160 611
1751170 613
1751180 614
1751190 615
1751200 616
1751210 616
1751220 615
1751230 613
1751240 611
1751250 609
1751260 608
1751270 606
1751280 605
1751290 605
1751300 604
1751310 603
1751320 602
1751330 600
1751340 598
1751350 595
1751360 592
1751370 589
1751380 588
1751390 588
1751400 587
1751410 587
1751420 589
1751430 590
1751440 592
1751450 595
1751460 599
1751470 603
1751480 606
1751490 610
1751500 614
1751510 618
1751520 623
1751530 627
1751540 631
1751550 636
1751560 640
1751570 644
1751580 648
1751590 653
1751600 657
1751610 662
1751620 666
1751630 670
1751640 674
1751650 678
1751660 682
1751670 686
1751680 690
1751690 694
1751700 698
1751710 701
1751720 705
1751730 709
1751740 713
1751750 717
1751760 721
1751770 725
1751780 729
1751790 732
1751800 736
1751810 740
1751820 743
1751830 747
1751840 752
1751850 756
1751860 760
1751870 765
1751880 769
1751890 774
1751900 778
1751910 781
1751920 785
1751930 789
1751940 792
1751950 796
1751960 799
1751970 803
1751980 807
1751990 811
1752000 814
1752010 817
1752020 821
1752030 824
1752040 827
1752050 830
1752060 833
1752070 837
1752080 840
1752090 844
1752100 847
1752110 851
1752120 855
1752130 858
1752140 862
1752150 866
1752160 869
1752170 873
1752180 877
1752190 881
1752200 885
1752210 889
1752220 893
1752230 897
1752240 902
1752250 906
1752260 908
1752270 911
1752280 913
1752290 915
1752300 917
1752310 919
1752320 921
1752330 923
1752340 925
1752350 928
1752360 933
1752370 939
1752380 945
1752390 951
1752400 956
1752410 960
1752420 962
1752430 963
1752440 964
1752450 965
1752460 966
1752470 966
1752480 963
1752490 961
1752500 959
1752510 958
1752520 958
1752530 958
1752540 960
1752550 963
1752560 966
1752570 968
1752580 972
1752590 977
1752600 984
1752610 992
1752620 1000
1752630 1005
1752640 1010
1752650 1016
1752660 1023
1752670 1029
1752680 1034
1752690 1038
1752700 1042
1752710 1045
1752720 1048
1752730 1051
1752740 1055
1752750 1058
1752760 1061
1752770 1065
1752780 1070
1752790 1073
1752800 1077
1752810 1080
1752820 1082
1752830 1084
1752840 1085
1752850 1088
1752860 1093
1752870 1098
1752880 1103
1752890 1108
1752900 1113
1752910 1118
1752920 1122
1752930 1127
1752940 1130
1752950 1134
1752960 1137
1752970 1141
1752980 1144
1752990 1148
1753000 1151
1753010 1154
1753020 1157
1753030 1160
1753040 1162
1753050 1165
1753060 1167
1753070 1170
1753080 1173
1753090 1176
1753100 1179
1753110 1183
1753120 1187
1753130 1192
1753140 1197
1753150 1204
1753160 1210
1753170 1216
1753180 1222
1753190 1226
1753200 1231
1753210 1235
1753220 1240
1753230 1244
1753240 1249
1753250 1253
1753260 1257
1753270 1262
1753280 1266
1753290 1271
1753300 1276
1753310 1281
1753320 1286
1753330 1290
1753340 1295
1753350 1299
1753360 1303
1753370 1308
1753380 1312
1753390 1317
1753400 1320
1753410 1324
1753420 1327
1753430 1330
1753440 1332
1753450 1334
1753460 1337
1753470 1339
1753480 1341
1753490 1343
1753500 1345
1753510 1347
1753520 1349
1753530 1350
1753540 1352
1753550 1354
1753560 1356
1753570 1358
1753580 1360
1753590 1362
1753600 1365
1753610 1367
1753620 1369
1753630 1372
1753640 1374
1753650 1376
1753660 1378
1753670 1381
1753680 1383
1753690 1385
1753700 1387
1753710 1389
1753720 1390
1753730 1392
1753740 1394
1753750 1396
1753760 1397
1753770 1399
1753780 1402
1753790 1404
1753800 1406
1753810 1408
1753820 1409
1753830 1411
1753840 1413
1753850 1414
1753860 1414
1753870 1415
1753880 1414
1753890 1413
1753900 1412
1753910 1411
1753920 1411
1753930 1410
1753940 1410
1753950 1411
1753960 1411
1753970 1412
1753980 1413
1753990 1414
1754000 1415
1754010 1416
1754020 1417
1754030 1417
1754040 1418
1754050 1419
1754060 1420
1754070 1420
1754080 1421
1754090 1421
1754100 1421
1754110 1422
1754120 1424
1754130 1425
1754140 1426
1754150 1427
1754160 1428
1754170 1428
1754180 1429
1754190 1430
1754200 1431
1754210 1432
1754220 1432
1754230 1433
1754240 1434
1754250 1434
1754260 1434
1754270 1434
1754280 1433
1754290 1433
1754300 1432
1754310 1430
1754320 1428
1754330 1426
1754340 1424
1754350 1424
1754360 1424
1754370 1424
1754380 1425
1754390 1426
1754400 1425
1754410 1425
1754420 1425
1754430 1425
1754440 1426
1754450 1427
1754460 1429
1754470 1431
1754480 1433
1754490 1435
1754500 1437
1754510 1439
1754520 1440
1754530 1442
1754540 1442
1754550 1442
1754560 1442
1754570 1442
1754580 1442
1754590 1441
1754600 1439
1754610 1437
1754620 1434
1754630 1432
1754640 1432
1754650 1433
1754660 1434
1754670 1434
1754680 1434
1754690 1435
1754700 1435
1754710 1435
1754720 1435
1754730 1435
1754740 1435
1754750 1435
1754760 1435
1754770 1435
1754780 1435
1754790 1436
1754800 1438
1754810 1439
1754820 1440
1754830 1440
1754840 1440
1754850 1439
1754860 1437
1754870 1436
1754880 1434
1754890 1433
1754900 1431
1754910 1428
1754920 1424
1754930 1421
1754940 1417
1754950 1413
1754960 1410
1754970 1409
1754980 1413
1754990 1417
1755000 1421
1755010 1423
1755020 1425
1755030 1427
1755040 1429
1755050 1431
1755060 1433
1755070 1435
1755080 1438
1755090 1441
1755100 1443
1755110 1445
1755120 1447
1755130 1450
1755140 1452
1755150 1453
1755160 1454
1755170 1456
1755180 1457
1755190 1459
1755200 1460
1755210 1461
1755220 1462
1755230 1464
1755240 1465
1755250 1465
1755260 1466
1755270 1466
1755280 1467
1755290 1467
1755300 1469
1755310 1471
1755320 1473
1755330 1476
1755340 1478
1755350 1479
1755360 1481
1755370 1483
1755380 1485
1755390 1486
1755400 1488
1755410 1489
1755420 1490
1755430 1491
1755440 1492
1755450 1494
1755460 1497
1755470 1499
1755480 1502
1755490 1504
1755500 1507
1755510 1509
1755520 1511
1755530 1513
1755540 1514
1755550 1516
1755560 1518
1755570 1520
1755580 1523
1755590 1524
1755600 1526
1755610 1527
1755620 1528
1755630 1529
1755640 1531
1755650 1532
1755660 1533
1755670 1534
1755680 1535
1755690 1536
1755700 1537
1755710 1538
1755720 1538
1755730 1538
1755740 1538
1755750 1538
1755760 1538
1755770 1538
1755780 1538
1755790 1538
1755800 1538
1755810 1538
1755820 1538
1755830 1538
1755840 1538
1755850 1538
1755860 1538
1755870 1538
1755880 1538
1755890 1539
1755900 1539
1755910 1540
1755920 1541
1755930 1541
1755940 1540
1755950 1540
1755960 1540
1755970 1539
1755980 1538
1755990 1538
1756000 1537
1756010 1536
1756020 1536
1756030 1535
1756040 1534
1756050 1534
1756060 1533
1756070 1532
1756080 1530
1756090 1530
1756100 1529
1756110 1529
1756120 1528
1756130 1527
1756140 1527
1756150 1528
1756160 1528
1756170 1528
1756180 1528
1756190 1527
1756200 1527
1756210 1526
1756220 1526
1756230 1526
1756240 1526
1756250 1527
1756260 1527
1756270 1527
1756280 1527
1756290 1525
1756300 1523
1756310 1521
1756320 1521
1756330 1522
1756340 1522
1756350 1521
1756360 1520
1756370 1518
1756380 1516
1756390 1514
1756400 1513
1756410 1513
1756420 1513
1756430 1514
1756440 1514
1756450 1516
1756460 1517
1756470 1519
1756480 1520
1756490 1521
1756500 1522
1756510 1522
1756520 1522
1756530 1522
1756540 1522
1756550 1523
1756560 1524
1756570 1524
1756580 1525
1756590 1526
1756600 1528
1756610 1529
1756620 1530
1756630 1531
1756640 1533
1756650 1534
1756660 1536
1756670 1538
1756680 1539
1756690 1540
1756700 1540
1756710 1539
1756720 1538
1756730 1537
1756740 1535
1756750 1533
1756760 1531
1756770 1528
1756780 1526
1756790 1523
1756800 1520
1756810 1518
1756820 1516
1756830 1514
1756840 1513
1756850 1511
1756860 1510
1756870 1508
1756880 1507
1756890 1506
1756900 1505
1756910 1503
1756920 1501
1756930 1499
1756940 1498
1756950 1497
1756960 1494
1756970 1493
1756980 1493
1756990 1493
1757000 1493
1757010 1492
1757020 1491
1757030 1490
1757040 1489
1757050 1488
1757060 1487
1757070 1486
1757080 1484
1757090 1483
1757100 1482
1757110 1480
1757120 1479
1757130 1478
1757140 1476
1757150 1474
1757160 1471
1757170 1468
1757180 1467
1757190 1465
1757200 1464
1757210 1461
1757220 1458
1757230 1455
1757240 1455
1757250 1455
1757260 1456
1757270 1457
1757280 1458
1757290 1458
1757300 1459
1757310 1459
1757320 1460
1757330 1460
1757340 1460
1757350 1461
1757360 1460
1757370 1459
1757380 1457
1757390 1455
1757400 1456
1757410 1457
1757420 1459
1757430 1460
1757440 1461
1757450 1462
1757460 1463
1757470 1463
1757480 1464
1757490 1465
1757500 1466
1757510 1467
1757520 1469
1757530 1471
1757540 1473
1757550 1474
1757560 1474
1757570 1474
1757580 1473
1757590 1472
1757600 1470
1757610 1469
1757620 1468
1757630 1467
1757640 1466
1757650 1465
1757660 1465
1757670 1464
1757680 1463
1757690 1462
1757700 1460
1757710 1458
1757720 1456
1757730 1457
1757740 1458
1757750 1459
1757760 1461
1757770 1463
1757780 1465
1757790 1467
1757800 1469
1757810 1470
1757820 1471
1757830 1471
1757840 1471
1757850 1470
1757860 1469
1757870 1468
1757880 1467
1757890 1466
1757900 1466
1757910 1465
1757920 1463
1757930 1460
1757940 1454
1757950 1450
1757960 1441
1757970 1423
1757980 1409
1757990 1398
1758000 1391
1758010 1377
1758020 1364
1758030 1355
1758040 1346
1758050 1336
1758060 1325
1758070 1317
1758080 1308
1758090 1301
1758100 1296
1758110 1290
1758120 1285
1758130 1279
1758140 1272
1758150 1264
1758160 1259
1758170 1254
1758180 1249
1758190 1244
1758200 1239
1758210 1234
1758220 1230
1758230 1226
1758240 1222
1758250 1219
1758260 1217
1758270 1215
1758280 1215
1758290 1215
1758300 1215
1758310 1217
1758320 1219
1758330 1221
1758340 1224
1758350 1225
1758360 1227
1758370 1228
1758380 1229
1758390 1230
1758400 1231
1758410 1233
1758420 1234
1758430 1236
1758440 1238
1758450 1240
1758460 1243
1758470 1246
1758480 1250
1758490 1254
1758500 1258
1758510 1262
1758520 1265
1758530 1270
1758540 1274
1758550 1276
1758560 1281
1758570 1285
1758580 1288
1758590 1291
1758600 1294
1758610 1298
1758620 1305
1758630 1313
1758640 1321
1758650 1325
1758660 1329
1758670 1333
1758680 1334
1758690 1334
1758700 1333
1758710 1332
1758720 1330
1758730 1329
1758740 1330
1758750 1330
1758760 1332
1758770 1338
1758780 1348
1758790 1361
1758800 1368
1758810 1373
1758820 1376
1758830 1380
1758840 1383
1758850 1386
1758860 1388
1758870 1387
1758880 1384
1758890 1379
1758900 1374
1758910 1371
1758920 1371
1758930 1372
1758940 1373
1758950 1374
1758960 1375
1758970 1376
1758980 1378
1758990 1379
1759000 1381
1759010 1385
1759020 1387
1759030 1389
1759040 1390
1759050 1392
1759060 1394
1759070 1395
1759080 1396
1759090 1398
1759100 1399
1759110 1400
1759120 1402
1759130 1403
1759140 1405
1759150 1407
1759160 1408
1759170 1410
1759180 1412
1759190 1414
1759200 1417
1759210 1419
1759220 1422
1759230 1425
1759240 1429
1759250 1431
1759260 1434
1759270 1436
1759280 1437
1759290 1439
1759300 1440
1759310 1442
1759320 1445
1759330 1448
1759340 1451
1759350 1454
1759360 1456
1759370 1459
1759380 1461
1759390 1462
1759400 1464
1759410 1465
1759420 1466
1759430 1468
1759440 1470
1759450 1470
1759460 1471
1759470 1470
1759480 1471
1759490 1471
1759500 1472
1759510 1474
1759520 1477
1759530 1479
1759540 1480
1759550 1480
1759560 1482
1759570 1485
1759580 1488
1759590 1492
1759600 1496
1759610 1499
1759620 1502
1759630 1504
1759640 1506
1759650 1508
1759660 1509
1759670 1511
1759680 1512
1759690 1512
1759700 1510
1759710 1508
1759720 1505
1759730 1501
1759740 1495
1759750 1491
1759760 1488
1759770 1486
1759780 1487
1759790 1487
1759800 1487
1759810 1487
1759820 1487
1759830 1488
1759840 1489
1759850 1490
1759860 1493
1759870 1495
1759880 1497
1759890 1500
1759900 1502
1759910 1504
1759920 1506
1759930 1507
1759940 1507
1759950 1507
1759960 1507
1759970 1507
1759980 1506
1759990 1504
