1740000 842
1740010 844
1740020 847
1740030 849
1740040 852
1740050 856
1740060 860
1740070 863
1740080 866
1740090 868
1740100 869
1740110 870
1740120 871
1740130 873
1740140 875
1740150 877
1740160 880
1740170 883
1740180 886
1740190 889
1740200 894
1740210 899
1740220 904
1740230 907
1740240 909
1740250 910
1740260 908
1740270 906
1740280 904
1740290 904
1740300 904
1740310 905
1740320 906
1740330 908
1740340 911
1740350 913
1740360 916
1740370 919
1740380 924
1740390 928
1740400 930
1740410 929
1740420 930
1740430 931
1740440 932
1740450 933
1740460 934
1740470 937
1740480 941
1740490 946
1740500 950
1740510 952
1740520 953
1740530 954
1740540 955
1740550 957
1740560 958
1740570 959
1740580 960
1740590 961
1740600 962
1740610 963
1740620 963
1740630 964
1740640 964
1740650 964
1740660 964
1740670 964
1740680 964
1740690 964
1740700 964
1740710 963
1740720 964
1740730 963
1740740 959
1740750 957
1740760 955
1740770 953
1740780 953
1740790 951
1740800 947
1740810 944
1740820 943
1740830 945
1740840 949
1740850 952
1740860 953
1740870 959
1740880 964
1740890 969
1740900 970
1740910 972
1740920 972
1740930 970
1740940 969
1740950 967
1740960 963
1740970 958
1740980 953
1740990 949
1741000 945
1741010 942
1741020 936
1741030 929
1741040 923
1741050 918
1741060 914
1741070 910
1741080 906
1741090 902
1741100 897
1741110 892
1741120 887
1741130 882
1741140 877
1741150 873
1741160 870
1741170 867
1741180 865
1741190 864
1741200 863
1741210 860
1741220 858
1741230 854
1741240 852
1741250 849
1741260 847
1741270 846
1741280 845
1741290 844
1741300 842
1741310 841
1741320 841
1741330 841
1741340 841
1741350 841
1741360 840
1741370 839
1741380 837
1741390 835
1741400 832
1741410 829
1741420 825
1741430 822
1741440 818
1741450 816
1741460 816
1741470 815
1741480 814
1741490 813
1741500 811
1741510 809
1741520 807
1741530 805
1741540 801
1741550 797
1741560 792
1741570 787
1741580 782
1741590 778
1741600 773
1741610 769
1741620 766
1741630 766
1741640 767
1741650 767
1741660 767
1741670 767
1741680 767
1741690 767
1741700 769
1741710 770
1741720 773
1741730 775
1741740 778
1741750 781
1741760 784
1741770 788
1741780 792
1741790 794
1741800 796
1741810 796
1741820 794
1741830 791
1741840 788
1741850 788
1741860 790
1741870 794
1741880 797
1741890 802
1741900 806
1741910 811
1741920 815
1741930 817
1741940 819
1741950 822
1741960 824
1741970 826
1741980 829
1741990 831
1742000 834
1742010 838
1742020 842
1742030 845
1742040 847
1742050 849
1742060 851
1742070 852
1742080 854
1742090 855
1742100 855
1742110 856
1742120 855
1742130 855
1742140 854
1742150 854
1742160 853
1742170 852
1742180 851
1742190 851
1742200 850
1742210 849
1742220 847
1742230 845
1742240 844
1742250 844
1742260 844
1742270 844
1742280 844
1742290 844
1742300 844
1742310 842
1742320 841
1742330 839
1742340 836
1742350 833
1742360 830
1742370 826
1742380 822
1742390 818
1742400 813
1742410 809
1742420 805
1742430 802
1742440 799
1742450 796
1742460 793
1742470 790
1742480 788
1742490 786
1742500 784
1742510 781
1742520 778
1742530 775
1742540 771
1742550 768
1742560 766
1742570 765
1742580 765
1742590 765
1742600 765
1742610 765
1742620 764
1742630 764
1742640 764
1742650 765
1742660 766
1742670 768
1742680 771
1742690 775
1742700 780
1742710 785
1742720 789
1742730 793
1742740 797
1742750 800
1742760 801
1742770 800
1742780 798
1742790 795
1742800 793
1742810 791
1742820 789
1742830 786
1742840 784
1742850 782
1742860 780
1742870 779
1742880 779
1742890 779
1742900 780
1742910 781
1742920 781
1742930 782
1742940 783
1742950 784
1742960 786
1742970 788
1742980 790
1742990 792
1743000 794
1743010 796
1743020 798
1743030 800
1743040 802
1743050 804
1743060 807
1743070 810
1743080 814
1743090 818
1743100 822
1743110 826
1743120 830
1743130 833
1743140 837
1743150 841
1743160 845
1743170 850
1743180 856
1743190 861
1743200 865
1743210 870
1743220 872
1743230 874
1743240 877
1743250 878
1743260 879
1743270 880
1743280 881
1743290 881
1743300 883
1743310 884
1743320 886
1743330 887
1743340 890
1743350 892
1743360 894
1743370 897
1743380 899
1743390 902
1743400 904
1743410 907
1743420 910
1743430 912
1743440 913
1743450 914
1743460 916
1743470 917
1743480 918
1743490 919
1743500 919
1743510 918
1743520 918
1743530 917
1743540 917
1743550 916
1743560 916
1743570 915
1743580 915
1743590 915
1743600 915
1743610 915
1743620 916
1743630 916
1743640 917
1743650 916
1743660 915
1743670 912
1743680 909
1743690 906
1743700 903
1743710 899
1743720 895
1743730 891
1743740 886
1743750 882
1743760 878
1743770 874
1743780 870
1743790 866
1743800 863
1743810 859
1743820 856
1743830 853
1743840 849
1743850 844
1743860 840
1743870 835
1743880 830
1743890 826
1743900 823
1743910 820
1743920 817
1743930 815
1743940 812
1743950 809
1743960 806
1743970 803
1743980 800
1743990 797
1744000 795
1744010 795
1744020 794
1744030 793
1744040 792
1744050 792
1744060 791
1744070 790
1744080 789
1744090 789
1744100 789
1744110 789
1744120 789
1744130 790
1744140 790
1744150 790
1744160 790
1744170 789
1744180 787
1744190 786
1744200 784
1744210 782
1744220 779
1744230 776
1744240 773
1744250 769
1744260 764
1744270 760
1744280 758
1744290 756
1744300 754
1744310 752
1744320 751
1744330 749
1744340 748
1744350 745
1744360 742
1744370 737
1744380 733
1744390 729
1744400 726
1744410 722
1744420 719
1744430 715
1744440 712
1744450 710
1744460 710
1744470 715
1744480 719
1744490 723
1744500 729
1744510 733
1744520 735
1744530 736
1744540 737
1744550 737
1744560 738
1744570 738
1744580 737
1744590 735
1744600 732
1744610 729
1744620 726
1744630 724
1744640 723
1744650 727
1744660 730
1744670 733
1744680 736
1744690 739
1744700 741
1744710 744
1744720 747
1744730 750
1744740 752
1744750 756
1744760 759
1744770 761
1744780 765
1744790 768
1744800 772
1744810 775
1744820 779
1744830 782
1744840 786
1744850 789
1744860 792
1744870 794
1744880 796
1744890 797
1744900 798
1744910 798
1744920 797
1744930 796
1744940 794
1744950 791
1744960 789
1744970 787
1744980 785
1744990 783
1745000 781
1745010 779
1745020 777
1745030 775
1745040 774
1745050 774
1745060 774
1745070 774
1745080 775
1745090 776
1745100 776
1745110 774
1745120 773
1745130 771
1745140 770
1745150 768
1745160 767
1745170 766
1745180 765
1745190 764
1745200 763
1745210 763
1745220 762
1745230 761
1745240 759
1745250 757
1745260 753
1745270 748
1745280 744
1745290 740
1745300 736
1745310 732
1745320 728
1745330 724
1745340 721
1745350 718
1745360 715
1745370 712
1745380 711
1745390 709
1745400 708
1745410 708
1745420 707
1745430 706
1745440 704
1745450 702
1745460 700
1745470 697
1745480 695
1745490 692
1745500 689
1745510 687
1745520 684
1745530 682
1745540 681
1745550 679
1745560 678
1745570 677
1745580 675
1745590 674
1745600 672
1745610 671
1745620 669
1745630 668
1745640 667
1745650 666
1745660 666
1745670 666
1745680 665
1745690 664
1745700 664
1745710 664
1745720 664
1745730 665
1745740 667
1745750 668
1745760 668
1745770 669
1745780 669
1745790 668
1745800 667
1745810 666
1745820 666
1745830 666
1745840 666
1745850 667
1745860 667
1745870 668
1745880 668
1745890 668
1745900 666
1745910 663
1745920 661
1745930 661
1745940 662
1745950 663
1745960 665
1745970 667
1745980 669
1745990 671
1746000 673
1746010 675
1746020 676
1746030 678
1746040 679
1746050 680
1746060 682
1746070 683
1746080 683
1746090 683
1746100 683
1746110 682
1746120 681
1746130 679
1746140 678
1746150 676
1746160 674
1746170 672
1746180 669
1746190 666
1746200 663
1746210 660
1746220 656
1746230 652
1746240 649
1746250 646
1746260 644
1746270 642
1746280 640
1746290 639
1746300 639
1746310 639
1746320 638
1746330 638
1746340 637
1746350 637
1746360 637
1746370 636
1746380 636
1746390 635
1746400 635
1746410 634
1746420 634
1746430 634
1746440 633
1746450 633
1746460 632
1746470 632
1746480 632
1746490 631
1746500 630
1746510 630
1746520 629
1746530 628
1746540 625
1746550 622
1746560 620
1746570 619
1746580 619
1746590 619
1746600 619
1746610 619
1746620 619
1746630 619
1746640 619
1746650 619
1746660 619
1746670 619
1746680 619
1746690 619
1746700 619
1746710 619
1746720 619
1746730 618
1746740 618
1746750 619
1746760 619
1746770 620
1746780 620
1746790 619
1746800 619
1746810 619
1746820 619
1746830 619
1746840 619
1746850 619
1746860 619
1746870 619
1746880 619
1746890 620
1746900 621
1746910 623
1746920 626
1746930 629
1746940 630
1746950 631
1746960 633
1746970 634
1746980 635
1746990 637
1747000 638
1747010 640
1747020 641
1747030 643
1747040 644
1747050 646
1747060 648
1747070 650
1747080 651
1747090 654
1747100 656
1747110 659
1747120 662
1747130 664
1747140 667
1747150 671
1747160 673
1747170 676
1747180 679
1747190 682
1747200 685
1747210 688
1747220 691
1747230 694
1747240 697
1747250 700
1747260 703
1747270 706
1747280 708
1747290 711
1747300 713
1747310 715
1747320 717
1747330 719
1747340 720
1747350 721
1747360 723
1747370 724
1747380 725
1747390 726
1747400 727
1747410 729
1747420 730
1747430 731
1747440 732
1747450 733
1747460 734
1747470 736
1747480 738
1747490 740
1747500 742
1747510 744
1747520 746
1747530 747
1747540 749
1747550 750
1747560 751
1747570 752
1747580 754
1747590 755
1747600 756
1747610 757
1747620 758
1747630 759
1747640 760
1747650 761
1747660 763
1747670 764
1747680 765
1747690 767
1747700 768
1747710 770
1747720 772
1747730 773
1747740 774
1747750 776
1747760 777
1747770 779
1747780 780
1747790 781
1747800 782
1747810 782
1747820 783
1747830 784
1747840 784
1747850 784
1747860 784
1747870 783
1747880 783
1747890 782
1747900 782
1747910 782
1747920 780
1747930 778
1747940 775
1747950 774
1747960 774
1747970 778
1747980 783
1747990 788
1748000 792
1748010 796
1748020 801
1748030 806
1748040 812
1748050 818
1748060 821
1748070 825
1748080 830
1748090 834
1748100 839
1748110 844
1748120 849
1748130 854
1748140 859
1748150 864
1748160 868
1748170 872
1748180 876
1748190 879
1748200 882
1748210 885
1748220 888
1748230 890
1748240 892
1748250 894
1748260 897
1748270 899
1748280 900
1748290 902
1748300 904
1748310 905
1748320 906
1748330 907
1748340 908
1748350 909
1748360 910
1748370 911
1748380 911
1748390 912
1748400 914
1748410 916
1748420 917
1748430 918
1748440 919
1748450 920
1748460 919
1748470 917
1748480 915
1748490 912
1748500 909
1748510 906
1748520 902
1748530 899
1748540 897
1748550 894
1748560 892
1748570 890
1748580 888
1748590 889
1748600 891
1748610 894
1748620 897
1748630 901
1748640 905
1748650 909
1748660 912
1748670 916
1748680 919
1748690 923
1748700 926
1748710 928
1748720 930
1748730 932
1748740 934
1748750 936
1748760 937
1748770 939
1748780 941
1748790 943
1748800 944
1748810 946
1748820 947
1748830 949
1748840 951
1748850 953
1748860 953
1748870 954
1748880 954
1748890 954
1748900 954
1748910 955
1748920 956
1748930 957
1748940 958
1748950 959
1748960 961
1748970 962
1748980 963
1748990 964
1749000 965
1749010 966
1749020 967
1749030 968
1749040 969
1749050 970
1749060 972
1749070 973
1749080 974
1749090 975
1749100 976
1749110 978
1749120 979
1749130 981
1749140 983
1749150 985
1749160 987
1749170 988
1749180 989
1749190 991
1749200 993
1749210 994
1749220 995
1749230 997
1749240 998
1749250 998
1749260 999
1749270 999
1749280 1000
1749290 1000
1749300 999
1749310 997
1749320 993
1749330 989
1749340 984
1749350 980
1749360 977
1749370 975
1749380 973
1749390 972
1749400 971
1749410 970
1749420 968
1749430 966
1749440 963
1749450 963
1749460 966
1749470 969
1749480 971
1749490 971
1749500 972
1749510 972
1749520 971
1749530 968
1749540 965
1749550 962
1749560 961
1749570 960
1749580 960
1749590 961
1749600 962
1749610 963
1749620 964
1749630 965
1749640 966
1749650 967
1749660 969
1749670 970
1749680 972
1749690 974
1749700 976
1749710 978
1749720 980
1749730 981
1749740 983
1749750 984
1749760 986
1749770 987
1749780 989
1749790 990
1749800 991
1749810 992
1749820 992
1749830 993
1749840 992
1749850 992
1749860 992
1749870 992
1749880 992
1749890 991
1749900 990
1749910 989
1749920 988
1749930 987
1749940 986
1749950 985
1749960 984
1749970 982
1749980 981
1749990 979
1750000 977
1750010 974
1750020 972
1750030 970
1750040 969
1750050 967
1750060 966
1750070 965
1750080 964
1750090 964
1750100 963
1750110 963
1750120 964
1750130 964
1750140 965
1750150 965
1750160 966
1750170 967
1750180 969
1750190 971
1750200 973
1750210 977
1750220 981
1750230 985
1750240 988
1750250 992
1750260 995
1750270 998
1750280 1000
1750290 1002
1750300 1004
1750310 1006
1750320 1009
1750330 1012
1750340 1015
1750350 1018
1750360 1021
1750370 1024
1750380 1029
1750390 1033
1750400 1038
1750410 1043
1750420 1048
1750430 1053
1750440 1058
1750450 1062
1750460 1067
1750470 1071
1750480 1076
1750490 1080
1750500 1084
1750510 1087
1750520 1090
1750530 1092
1750540 1093
1750550 1094
1750560 1094
1750570 1094
1750580 1094
1750590 1093
1750600 1092
1750610 1091
1750620 1090
1750630 1088
1750640 1086
1750650 1083
1750660 1079
1750670 1076
1750680 1072
1750690 1068
1750700 1065
1750710 1062
1750720 1060
1750730 1059
1750740 1058
1750750 1057
1750760 1057
1750770 1056
1750780 1057
1750790 1057
1750800 1058
1750810 1058
1750820 1059
1750830 1059
1750840 1059
1750850 1059
1750860 1059
1750870 1059
1750880 1058
1750890 1058
1750900 1057
1750910 1056
1750920 1054
1750930 1052
1750940 1049
1750950 1045
1750960 1041
1750970 1037
1750980 1033
1750990 1029
1751000 1025
1751010 1022
1751020 1019
1751030 1017
1751040 1014
1751050 1012
1751060 1010
1751070 1009
1751080 1009
1751090 1007
1751100 1005
1751110 1003
1751120 1002
1751130 1001
1751140 1000
1751150 998
1751160 997
1751170 995
1751180 993
1751190 991
1751200 989
1751210 987
1751220 985
1751230 983
1751240 982
1751250 980
1751260 979
1751270 977
1751280 977
1751290 976
1751300 975
1751310 973
1751320 971
1751330 969
1751340 968
1751350 968
1751360 967
1751370 966
1751380 964
1751390 961
1751400 958
1751410 955
1751420 955
1751430 956
1751440 958
1751450 963
1751460 970
1751470 976
1751480 980
1751490 983
1751500 985
1751510 988
1751520 990
1751530 992
1751540 992
1751550 992
1751560 993
1751570 994
1751580 995
1751590 997
1751600 999
1751610 1000
1751620 1000
1751630 1000
1751640 1001
1751650 1003
1751660 1006
1751670 1009
1751680 1013
1751690 1018
1751700 1022
1751710 1027
1751720 1033
1751730 1039
1751740 1044
1751750 1048
1751760 1053
1751770 1057
1751780 1060
1751790 1063
1751800 1064
1751810 1063
1751820 1062
1751830 1061
1751840 1061
1751850 1064
1751860 1067
1751870 1067
1751880 1065
1751890 1062
1751900 1059
1751910 1057
1751920 1056
1751930 1057
1751940 1059
1751950 1063
1751960 1069
1751970 1066
1751980 1060
1751990 1052
1752000 1047
1752010 1041
1752020 1036
1752030 1032
1752040 1028
1752050 1024
1752060 1020
1752070 1015
1752080 1011
1752090 1009
1752100 1009
1752110 1012
1752120 1017
1752130 1019
1752140 1020
1752150 1017
1752160 1017
1752170 1019
1752180 1021
1752190 1022
1752200 1023
1752210 1022
1752220 1021
1752230 1019
1752240 1017
1752250 1013
1752260 1010
1752270 1005
1752280 1001
1752290 996
1752300 990
1752310 987
1752320 987
1752330 990
1752340 994
1752350 998
1752360 1002
1752370 1004
1752380 1005
1752390 1004
1752400 1002
1752410 1000
1752420 998
1752430 995
1752440 993
1752450 993
1752460 990
1752470 988
1752480 984
1752490 979
1752500 973
1752510 967
1752520 969
1752530 974
1752540 980
1752550 985
1752560 990
1752570 995
1752580 1002
1752590 1009
1752600 1018
1752610 1023
1752620 1028
1752630 1034
1752640 1038
1752650 1043
1752660 1047
1752670 1049
1752680 1049
1752690 1046
1752700 1042
1752710 1038
1752720 1034
1752730 1031
1752740 1027
1752750 1024
1752760 1021
1752770 1017
1752780 1014
1752790 1011
1752800 1008
1752810 1005
1752820 1004
1752830 1005
1752840 1007
1752850 1012
1752860 1015
1752870 1017
1752880 1017
1752890 1017
1752900 1018
1752910 1018
1752920 1020
1752930 1022
1752940 1024
1752950 1020
1752960 1016
1752970 1013
1752980 1013
1752990 1012
1753000 1004
1753010 1001
1753020 1002
1753030 1009
1753040 1017
1753050 1025
1753060 1031
1753070 1036
1753080 1040
1753090 1045
1753100 1050
1753110 1054
1753120 1058
1753130 1063
1753140 1068
1753150 1071
1753160 1070
1753170 1070
1753180 1069
1753190 1068
1753200 1067
1753210 1065
1753220 1064
1753230 1063
1753240 1064
1753250 1066
1753260 1068
1753270 1071
1753280 1078
1753290 1084
1753300 1089
1753310 1091
1753320 1093
1753330 1096
1753340 1100
1753350 1105
1753360 1111
1753370 1117
1753380 1122
1753390 1126
1753400 1131
1753410 1135
1753420 1140
1753430 1144
1753440 1150
1753450 1155
1753460 1159
1753470 1161
1753480 1161
1753490 1159
1753500 1156
1753510 1152
1753520 1148
1753530 1144
1753540 1140
1753550 1136
1753560 1132
1753570 1128
1753580 1124
1753590 1120
1753600 1116
1753610 1112
1753620 1108
1753630 1102
1753640 1096
1753650 1089
1753660 1083
1753670 1077
1753680 1072
1753690 1067
1753700 1062
1753710 1057
1753720 1051
1753730 1046
1753740 1041
1753750 1035
1753760 1030
1753770 1025
1753780 1020
1753790 1016
1753800 1011
1753810 1007
1753820 1002
1753830 997
1753840 993
1753850 988
1753860 984
1753870 979
1753880 974
1753890 971
1753900 968
1753910 966
1753920 966
1753930 965
1753940 964
1753950 963
1753960 962
1753970 960
1753980 958
1753990 956
1754000 954
1754010 951
1754020 949
1754030 946
1754040 943
1754050 940
1754060 937
1754070 934
1754080 931
1754090 929
1754100 928
1754110 926
1754120 924
1754130 921
1754140 920
1754150 919
1754160 917
1754170 916
1754180 915
1754190 917
1754200 918
1754210 921
1754220 923
1754230 925
1754240 925
1754250 924
1754260 922
1754270 920
1754280 917
1754290 914
1754300 911
1754310 908
1754320 904
1754330 901
1754340 897
1754350 894
1754360 890
1754370 886
1754380 883
1754390 880
1754400 877
1754410 876
1754420 876
1754430 876
1754440 875
1754450 875
1754460 875
1754470 875
1754480 874
1754490 874
1754500 873
1754510 872
1754520 870
1754530 868
1754540 866
1754550 864
1754560 861
1754570 858
1754580 855
1754590 853
1754600 852
1754610 851
1754620 851
1754630 851
1754640 850
1754650 848
1754660 847
1754670 845
1754680 843
1754690 841
1754700 839
1754710 838
1754720 837
1754730 835
1754740 833
1754750 830
1754760 827
1754770 824
1754780 820
1754790 816
1754800 812
1754810 807
1754820 803
1754830 798
1754840 793
1754850 788
1754860 783
1754870 779
1754880 778
1754890 778
1754900 778
1754910 779
1754920 783
1754930 786
1754940 790
1754950 794
1754960 795
1754970 795
1754980 794
1754990 793
1755000 793
1755010 794
1755020 796
1755030 797
1755040 798
1755050 799
1755060 800
1755070 801
1755080 801
1755090 800
1755100 799
1755110 797
1755120 795
1755130 793
1755140 790
1755150 787
1755160 784
1755170 781
1755180 780
1755190 781
1755200 783
1755210 786
1755220 787
1755230 789
1755240 790
1755250 792
1755260 794
1755270 795
1755280 796
1755290 797
1755300 797
1755310 796
1755320 792
1755330 788
1755340 783
1755350 778
1755360 774
1755370 769
1755380 765
1755390 761
1755400 758
1755410 755
1755420 753
1755430 754
1755440 757
1755450 762
1755460 767
1755470 771
1755480 775
1755490 779
1755500 783
1755510 787
1755520 792
1755530 797
1755540 802
1755550 807
1755560 812
1755570 817
1755580 822
1755590 828
1755600 833
1755610 837
1755620 841
1755630 845
1755640 848
1755650 850
1755660 852
1755670 854
1755680 856
1755690 859
1755700 862
1755710 865
1755720 868
1755730 870
1755740 871
1755750 869
1755760 868
1755770 865
1755780 862
1755790 859
1755800 855
1755810 851
1755820 848
1755830 847
1755840 849
1755850 852
1755860 855
1755870 857
1755880 860
1755890 863
1755900 866
1755910 869
1755920 873
1755930 876
1755940 880
1755950 883
1755960 886
1755970 890
1755980 893
1755990 896
1756000 899
1756010 902
1756020 905
1756030 907
1756040 907
1756050 905
1756060 901
1756070 896
1756080 891
1756090 885
1756100 879
1756110 873
1756120 867
1756130 862
1756140 857
1756150 852
1756160 847
1756170 842
1756180 837
1756190 833
1756200 828
1756210 823
1756220 819
1756230 814
1756240 811
1756250 808
1756260 805
1756270 805
1756280 804
1756290 802
1756300 799
1756310 797
1756320 794
1756330 790
1756340 787
1756350 784
1756360 782
1756370 778
1756380 774
1756390 769
1756400 766
1756410 764
1756420 762
1756430 762
1756440 763
1756450 765
1756460 767
1756470 768
1756480 769
1756490 772
1756500 775
1756510 780
1756520 784
1756530 787
1756540 788
1756550 790
1756560 792
1756570 795
1756580 799
1756590 802
1756600 803
1756610 801
1756620 799
1756630 798
1756640 800
1756650 802
1756660 804
1756670 806
1756680 809
1756690 812
1756700 815
1756710 818
1756720 821
1756730 824
1756740 827
1756750 830
1756760 833
1756770 836
1756780 839
1756790 842
1756800 844
1756810 846
1756820 847
1756830 849
1756840 851
1756850 853
1756860 854
1756870 856
1756880 859
1756890 861
1756900 863
1756910 863
1756920 863
1756930 862
1756940 859
1756950 857
1756960 853
1756970 849
1756980 844
1756990 838
1757000 832
1757010 827
1757020 822
1757030 817
1757040 814
1757050 810
1757060 807
1757070 803
1757080 799
1757090 795
1757100 791
1757110 787
1757120 784
1757130 780
1757140 777
1757150 777
1757160 778
1757170 780
1757180 781
1757190 783
1757200 784
1757210 786
1757220 788
1757230 790
1757240 793
1757250 795
1757260 797
1757270 800
1757280 801
1757290 802
1757300 802
1757310 804
1757320 805
1757330 806
1757340 807
1757350 808
1757360 809
1757370 810
1757380 810
1757390 810
1757400 811
1757410 812
1757420 813
1757430 814
1757440 814
1757450 813
1757460 811
1757470 808
1757480 804
1757490 802
1757500 802
1757510 803
1757520 804
1757530 804
1757540 805
1757550 806
1757560 806
1757570 807
1757580 807
1757590 807
1757600 807
1757610 807
1757620 807
1757630 806
1757640 806
1757650 806
1757660 806
1757670 806
1757680 806
1757690 806
1757700 805
1757710 804
1757720 803
1757730 803
1757740 803
1757750 802
1757760 799
1757770 796
1757780 793
1757790 792
1757800 791
1757810 790
1757820 788
1757830 785
1757840 782
1757850 781
1757860 781
1757870 783
1757880 785
1757890 786
1757900 787
1757910 788
1757920 788
1757930 787
1757940 787
1757950 786
1757960 785
1757970 785
1757980 784
1757990 783
1758000 781
1758010 779
1758020 776
1758030 773
1758040 770
1758050 766
1758060 763
1758070 759
1758080 755
1758090 750
1758100 746
1758110 742
1758120 740
1758130 740
1758140 741
1758150 743
1758160 746
1758170 749
1758180 752
1758190 756
1758200 759
1758210 762
1758220 763
1758230 765
1758240 765
1758250 765
1758260 766
1758270 766
1758280 766
1758290 766
1758300 767
1758310 767
1758320 767
1758330 767
1758340 766
1758350 766
1758360 766
1758370 765
1758380 764
1758390 764
1758400 763
1758410 762
1758420 761
1758430 760
1758440 759
1758450 758
1758460 758
1758470 757
1758480 757
1758490 757
1758500 757
1758510 757
1758520 758
1758530 758
1758540 758
1758550 759
1758560 760
1758570 761
1758580 763
1758590 764
1758600 766
1758610 768
1758620 769
1758630 771
1758640 773
1758650 776
1758660 779
1758670 781
1758680 784
1758690 787
1758700 790
1758710 793
1758720 795
1758730 798
1758740 800
1758750 803
1758760 805
1758770 806
1758780 807
1758790 807
1758800 805
1758810 803
1758820 801
1758830 798
1758840 795
1758850 791
1758860 788
1758870 784
1758880 781
1758890 777
1758900 774
1758910 771
1758920 768
1758930 766
1758940 765
1758950 764
1758960 763
1758970 761
1758980 760
1758990 758
1759000 756
1759010 754
1759020 752
1759030 750
1759040 748
1759050 747
1759060 745
1759070 744
1759080 743
1759090 742
1759100 741
1759110 740
1759120 740
1759130 739
1759140 739
1759150 739
1759160 739
1759170 738
1759180 737
1759190 737
1759200 736
1759210 736
1759220 736
1759230 736
1759240 735
1759250 735
1759260 734
1759270 733
1759280 733
1759290 732
1759300 732
1759310 733
1759320 733
1759330 733
1759340 733
1759350 732
1759360 730
1759370 729
1759380 727
1759390 725
1759400 724
1759410 724
1759420 722
1759430 720
1759440 721
1759450 723
1759460 727
1759470 730
1759480 733
1759490 736
1759500 740
1759510 743
1759520 747
1759530 750
1759540 753
1759550 757
1759560 759
1759570 762
1759580 763
1759590 763
1759600 762
1759610 760
1759620 757
1759630 753
1759640 750
1759650 749
1759660 750
1759670 752
1759680 756
1759690 760
1759700 764
1759710 768
1759720 772
1759730 775
1759740 779
1759750 783
1759760 787
1759770 791
1759780 795
1759790 799
1759800 803
1759810 807
1759820 811
1759830 814
1759840 817
1759850 820
1759860 823
1759870 826
1759880 828
1759890 829
1759900 828
1759910 826
1759920 822
1759930 818
1759940 815
1759950 811
1759960 807
1759970 803
1759980 799
1759990 797
