1740000 836
1740010 838
1740020 840
1740030 844
1740040 844
1740050 841
1740060 837
1740070 832
1740080 827
1740090 821
1740100 815
1740110 809
1740120 806
1740130 803
1740140 801
1740150 797
1740160 794
1740170 792
1740180 791
1740190 789
1740200 786
1740210 783
1740220 781
1740230 780
1740240 780
1740250 780
1740260 780
1740270 781
1740280 783
1740290 786
1740300 789
1740310 793
1740320 797
1740330 801
1740340 804
1740350 807
1740360 808
1740370 810
1740380 812
1740390 814
1740400 817
1740410 821
1740420 826
1740430 830
1740440 834
1740450 838
1740460 842
1740470 845
1740480 848
1740490 852
1740500 854
1740510 857
1740520 859
1740530 861
1740540 863
1740550 865
1740560 867
1740570 868
1740580 870
1740590 870
1740600 870
1740610 868
1740620 865
1740630 863
1740640 860
1740650 858
1740660 856
1740670 854
1740680 852
1740690 850
1740700 849
1740710 847
1740720 845
1740730 844
1740740 842
1740750 840
1740760 838
1740770 836
1740780 835
1740790 833
1740800 832
1740810 831
1740820 830
1740830 828
1740840 827
1740850 825
1740860 822
1740870 819
1740880 815
1740890 812
1740900 808
1740910 805
1740920 803
1740930 801
1740940 800
1740950 800
1740960 799
1740970 798
1740980 799
1740990 800
1741000 801
1741010 801
1741020 800
1741030 800
1741040 799
1741050 800
1741060 801
1741070 801
1741080 802
1741090 803
1741100 804
1741110 805
1741120 806
1741130 807
1741140 809
1741150 811
1741160 814
1741170 816
1741180 818
1741190 821
1741200 823
1741210 826
1741220 829
1741230 833
1741240 837
1741250 840
1741260 843
1741270 846
1741280 850
1741290 853
1741300 855
1741310 857
1741320 861
1741330 864
1741340 868
1741350 871
1741360 874
1741370 877
1741380 880
1741390 883
1741400 886
1741410 889
1741420 893
1741430 896
1741440 900
1741450 903
1741460 906
1741470 910
1741480 914
1741490 918
1741500 919
1741510 918
1741520 917
1741530 916
1741540 914
1741550 913
1741560 911
1741570 908
1741580 907
1741590 905
1741600 903
1741610 900
1741620 897
1741630 894
1741640 891
1741650 888
1741660 884
1741670 879
1741680 876
1741690 872
1741700 870
1741710 867
1741720 864
1741730 861
1741740 857
1741750 853
1741760 850
1741770 846
1741780 843
1741790 840
1741800 836
1741810 832
1741820 828
1741830 824
1741840 820
1741850 816
1741860 812
1741870 807
1741880 802
1741890 797
1741900 792
1741910 787
1741920 782
1741930 778
1741940 775
1741950 774
1741960 775
1741970 777
1741980 780
1741990 782
1742000 783
1742010 782
1742020 781
1742030 779
1742040 774
1742050 769
1742060 766
1742070 766
1742080 766
1742090 765
1742100 762
1742110 759
1742120 758
1742130 757
1742140 757
1742150 756
1742160 755
1742170 754
1742180 753
1742190 752
1742200 751
1742210 750
1742220 750
1742230 749
1742240 749
1742250 749
1742260 747
1742270 746
1742280 745
1742290 744
1742300 744
1742310 744
1742320 744
1742330 743
1742340 743
1742350 743
1742360 742
1742370 741
1742380 742
1742390 743
1742400 745
1742410 749
1742420 752
1742430 757
1742440 760
1742450 764
1742460 767
1742470 771
1742480 774
1742490 778
1742500 781
1742510 785
1742520 789
1742530 792
1742540 796
1742550 799
1742560 804
1742570 809
1742580 814
1742590 821
1742600 828
1742610 834
1742620 838
1742630 841
1742640 843
1742650 844
1742660 843
1742670 841
1742680 839
1742690 837
1742700 835
1742710 834
1742720 833
1742730 832
1742740 832
1742750 831
1742760 831
1742770 830
1742780 829
1742790 828
1742800 828
1742810 828
1742820 828
1742830 829
1742840 829
1742850 830
1742860 830
1742870 830
1742880 832
1742890 834
1742900 837
1742910 840
1742920 844
1742930 848
1742940 852
1742950 855
1742960 859
1742970 862
1742980 865
1742990 868
1743000 871
1743010 874
1743020 877
1743030 879
1743040 882
1743050 884
1743060 886
1743070 888
1743080 890
1743090 892
1743100 892
1743110 893
1743120 893
1743130 894
1743140 894
1743150 894
1743160 894
1743170 895
1743180 895
1743190 895
1743200 895
1743210 895
1743220 895
1743230 895
1743240 894
1743250 893
1743260 892
1743270 890
1743280 888
1743290 885
1743300 883
1743310 881
1743320 879
1743330 877
1743340 874
1743350 870
1743360 866
1743370 862
1743380 858
1743390 854
1743400 850
1743410 846
1743420 842
1743430 837
1743440 833
1743450 828
1743460 824
1743470 820
1743480 815
1743490 811
1743500 807
1743510 804
1743520 802
1743530 800
1743540 797
1743550 794
1743560 791
1743570 790
1743580 787
1743590 784
1743600 781
1743610 779
1743620 777
1743630 774
1743640 772
1743650 770
1743660 767
1743670 765
1743680 762
1743690 760
1743700 757
1743710 755
1743720 753
1743730 752
1743740 750
1743750 748
1743760 746
1743770 745
1743780 743
1743790 741
1743800 739
1743810 737
1743820 736
1743830 735
1743840 733
1743850 731
1743860 730
1743870 728
1743880 726
1743890 723
1743900 720
1743910 717
1743920 714
1743930 710
1743940 708
1743950 705
1743960 701
1743970 698
1743980 696
1743990 694
1744000 696
1744010 698
1744020 699
1744030 701
1744040 702
1744050 704
1744060 706
1744070 708
1744080 709
1744090 708
1744100 706
1744110 703
1744120 704
1744130 706
1744140 708
1744150 708
1744160 709
1744170 709
1744180 708
1744190 709
1744200 710
1744210 711
1744220 712
1744230 713
1744240 713
1744250 714
1744260 714
1744270 713
1744280 711
1744290 709
1744300 706
1744310 703
1744320 701
1744330 698
1744340 696
1744350 694
1744360 692
1744370 690
1744380 688
1744390 687
1744400 687
1744410 687
1744420 686
1744430 685
1744440 683
1744450 684
1744460 685
1744470 686
1744480 688
1744490 689
1744500 690
1744510 691
1744520 693
1744530 694
1744540 695
1744550 695
1744560 696
1744570 698
1744580 699
1744590 701
1744600 702
1744610 703
1744620 704
1744630 705
1744640 706
1744650 706
1744660 707
1744670 706
1744680 705
1744690 704
1744700 702
1744710 700
1744720 698
1744730 696
1744740 695
1744750 694
1744760 694
1744770 693
1744780 692
1744790 691
1744800 690
1744810 689
1744820 688
1744830 687
1744840 686
1744850 685
1744860 684
1744870 682
1744880 681
1744890 679
1744900 678
1744910 676
1744920 675
1744930 673
1744940 673
1744950 672
1744960 671
1744970 670
1744980 669
1744990 668
1745000 667
1745010 666
1745020 665
1745030 664
1745040 663
1745050 662
1745060 661
1745070 660
1745080 659
1745090 658
1745100 657
1745110 656
1745120 656
1745130 655
1745140 654
1745150 654
1745160 653
1745170 653
1745180 652
1745190 652
1745200 651
1745210 651
1745220 650
1745230 650
1745240 650
1745250 650
1745260 649
1745270 649
1745280 648
1745290 648
1745300 647
1745310 647
1745320 647
1745330 647
1745340 646
1745350 646
1745360 646
1745370 645
1745380 645
1745390 644
1745400 644
1745410 644
1745420 643
1745430 644
1745440 645
1745450 646
1745460 649
1745470 651
1745480 653
1745490 653
1745500 654
1745510 655
1745520 656
1745530 656
1745540 657
1745550 659
1745560 661
1745570 664
1745580 665
1745590 666
1745600 667
1745610 667
1745620 667
1745630 667
1745640 666
1745650 665
1745660 663
1745670 661
1745680 659
1745690 657
1745700 654
1745710 652
1745720 649
1745730 647
1745740 646
1745750 646
1745760 645
1745770 644
1745780 644
1745790 644
1745800 643
1745810 643
1745820 643
1745830 644
1745840 645
1745850 645
1745860 646
1745870 647
1745880 647
1745890 647
1745900 647
1745910 648
1745920 647
1745930 647
1745940 647
1745950 647
1745960 647
1745970 646
1745980 646
1745990 646
1746000 646
1746010 645
1746020 644
1746030 642
1746040 641
1746050 640
1746060 638
1746070 638
1746080 637
1746090 637
1746100 637
1746110 637
1746120 637
1746130 636
1746140 635
1746150 635
1746160 634
1746170 632
1746180 631
1746190 630
1746200 629
1746210 627
1746220 627
1746230 626
1746240 626
1746250 626
1746260 626
1746270 625
1746280 625
1746290 625
1746300 624
1746310 624
1746320 624
1746330 624
1746340 624
1746350 624
1746360 624
1746370 623
1746380 623
1746390 623
1746400 623
1746410 623
1746420 623
1746430 623
1746440 623
1746450 623
1746460 622
1746470 621
1746480 621
1746490 621
1746500 621
1746510 622
1746520 622
1746530 622
1746540 622
1746550 622
1746560 622
1746570 622
1746580 621
1746590 621
1746600 621
1746610 621
1746620 622
1746630 622
1746640 622
1746650 622
1746660 622
1746670 622
1746680 622
1746690 622
1746700 622
1746710 622
1746720 622
1746730 621
1746740 621
1746750 621
1746760 621
1746770 622
1746780 622
1746790 622
1746800 622
1746810 622
1746820 621
1746830 621
1746840 622
1746850 622
1746860 622
1746870 622
1746880 622
1746890 622
1746900 622
1746910 622
1746920 622
1746930 622
1746940 624
1746950 626
1746960 628
1746970 629
1746980 630
1746990 632
1747000 634
1747010 636
1747020 637
1747030 639
1747040 641
1747050 643
1747060 645
1747070 647
1747080 650
1747090 652
1747100 655
1747110 657
1747120 659
1747130 662
1747140 665
1747150 668
1747160 672
1747170 675
1747180 678
1747190 681
1747200 685
1747210 688
1747220 691
1747230 695
1747240 698
1747250 702
1747260 706
1747270 710
1747280 714
1747290 718
1747300 722
1747310 726
1747320 730
1747330 735
1747340 739
1747350 743
1747360 747
1747370 751
1747380 756
1747390 760
1747400 764
1747410 769
1747420 773
1747430 777
1747440 782
1747450 786
1747460 791
1747470 795
1747480 800
1747490 804
1747500 808
1747510 813
1747520 817
1747530 822
1747540 825
1747550 829
1747560 833
1747570 836
1747580 838
1747590 841
1747600 841
1747610 840
1747620 836
1747630 833
1747640 830
1747650 826
1747660 823
1747670 820
1747680 817
1747690 813
1747700 810
1747710 807
1747720 803
1747730 799
1747740 796
1747750 792
1747760 787
1747770 783
1747780 779
1747790 774
1747800 770
1747810 767
1747820 763
1747830 760
1747840 758
1747850 756
1747860 752
1747870 749
1747880 746
1747890 744
1747900 741
1747910 739
1747920 737
1747930 736
1747940 735
1747950 735
1747960 738
1747970 741
1747980 744
1747990 747
1748000 750
1748010 752
1748020 755
1748030 757
1748040 760
1748050 762
1748060 765
1748070 768
1748080 770
1748090 772
1748100 775
1748110 777
1748120 780
1748130 782
1748140 785
1748150 788
1748160 790
1748170 792
1748180 795
1748190 797
1748200 799
1748210 801
1748220 803
1748230 805
1748240 807
1748250 809
1748260 810
1748270 811
1748280 812
1748290 812
1748300 811
1748310 810
1748320 808
1748330 805
1748340 802
1748350 798
1748360 794
1748370 790
1748380 785
1748390 780
1748400 776
1748410 773
1748420 769
1748430 765
1748440 761
1748450 757
1748460 752
1748470 748
1748480 744
1748490 739
1748500 735
1748510 732
1748520 729
1748530 727
1748540 725
1748550 725
1748560 724
1748570 724
1748580 725
1748590 726
1748600 727
1748610 729
1748620 732
1748630 735
1748640 738
1748650 741
1748660 744
1748670 747
1748680 750
1748690 753
1748700 756
1748710 759
1748720 761
1748730 764
1748740 767
1748750 770
1748760 774
1748770 776
1748780 779
1748790 782
1748800 785
1748810 788
1748820 791
1748830 795
1748840 798
1748850 800
1748860 803
1748870 806
1748880 808
1748890 811
1748900 813
1748910 816
1748920 818
1748930 820
1748940 821
1748950 822
1748960 823
1748970 823
1748980 822
1748990 820
1749000 818
1749010 815
1749020 813
1749030 810
1749040 808
1749050 806
1749060 803
1749070 801
1749080 798
1749090 796
1749100 794
1749110 792
1749120 790
1749130 788
1749140 785
1749150 782
1749160 780
1749170 777
1749180 775
1749190 773
1749200 772
1749210 772
1749220 771
1749230 771
1749240 771
1749250 771
1749260 770
1749270 769
1749280 767
1749290 764
1749300 762
1749310 760
1749320 758
1749330 757
1749340 756
1749350 755
1749360 755
1749370 755
1749380 755
1749390 755
1749400 754
1749410 754
1749420 754
1749430 754
1749440 753
1749450 753
1749460 752
1749470 752
1749480 752
1749490 751
1749500 751
1749510 751
1749520 750
1749530 748
1749540 747
1749550 747
1749560 747
1749570 748
1749580 748
1749590 749
1749600 750
1749610 751
1749620 752
1749630 753
1749640 755
1749650 757
1749660 760
1749670 762
1749680 764
1749690 766
1749700 768
1749710 770
1749720 772
1749730 774
1749740 777
1749750 780
1749760 783
1749770 786
1749780 789
1749790 791
1749800 793
1749810 795
1749820 794
1749830 793
1749840 792
1749850 790
1749860 788
1749870 787
1749880 786
1749890 787
1749900 788
1749910 791
1749920 793
1749930 796
1749940 799
1749950 801
1749960 804
1749970 806
1749980 808
1749990 810
1750000 811
1750010 812
1750020 813
1750030 815
1750040 817
1750050 820
1750060 824
1750070 828
1750080 832
1750090 838
1750100 843
1750110 849
1750120 853
1750130 857
1750140 862
1750150 864
1750160 866
1750170 868
1750180 868
1750190 867
1750200 865
1750210 863
1750220 860
1750230 858
1750240 857
1750250 858
1750260 860
1750270 862
1750280 864
1750290 865
1750300 866
1750310 867
1750320 869
1750330 870
1750340 871
1750350 873
1750360 875
1750370 877
1750380 878
1750390 879
1750400 876
1750410 873
1750420 870
1750430 865
1750440 860
1750450 856
1750460 852
1750470 848
1750480 844
1750490 840
1750500 835
1750510 830
1750520 824
1750530 819
1750540 814
1750550 810
1750560 805
1750570 801
1750580 803
1750590 806
1750600 810
1750610 810
1750620 810
1750630 810
1750640 809
1750650 811
1750660 813
1750670 816
1750680 820
1750690 824
1750700 828
1750710 830
1750720 831
1750730 831
1750740 830
1750750 828
1750760 827
1750770 826
1750780 825
1750790 824
1750800 824
1750810 824
1750820 824
1750830 824
1750840 825
1750850 825
1750860 824
1750870 823
1750880 822
1750890 820
1750900 817
1750910 815
1750920 816
1750930 818
1750940 821
1750950 821
1750960 821
1750970 821
1750980 822
1750990 823
1751000 825
1751010 824
1751020 823
1751030 821
1751040 819
1751050 817
1751060 815
1751070 815
1751080 815
1751090 816
1751100 816
1751110 816
1751120 817
1751130 817
1751140 817
1751150 817
1751160 817
1751170 816
1751180 815
1751190 812
1751200 811
1751210 813
1751220 819
1751230 824
1751240 829
1751250 833
1751260 838
1751270 844
1751280 849
1751290 853
1751300 857
1751310 861
1751320 864
1751330 868
1751340 872
1751350 875
1751360 879
1751370 882
1751380 886
1751390 889
1751400 891
1751410 893
1751420 894
1751430 895
1751440 895
1751450 894
1751460 893
1751470 892
1751480 891
1751490 890
1751500 889
1751510 888
1751520 888
1751530 887
1751540 887
1751550 888
1751560 889
1751570 891
1751580 893
1751590 895
1751600 898
1751610 900
1751620 902
1751630 905
1751640 907
1751650 909
1751660 911
1751670 912
1751680 913
1751690 913
1751700 913
1751710 911
1751720 908
1751730 904
1751740 901
1751750 897
1751760 894
1751770 891
1751780 889
1751790 887
1751800 886
1751810 885
1751820 884
1751830 883
1751840 881
1751850 880
1751860 878
1751870 876
1751880 874
1751890 872
1751900 870
1751910 868
1751920 866
1751930 864
1751940 862
1751950 860
1751960 856
1751970 851
1751980 846
1751990 841
1752000 836
1752010 831
1752020 827
1752030 823
1752040 820
1752050 817
1752060 815
1752070 813
1752080 815
1752090 819
1752100 823
1752110 824
1752120 827
1752130 832
1752140 835
1752150 838
1752160 842
1752170 845
1752180 848
1752190 851
1752200 854
1752210 857
1752220 860
1752230 863
1752240 866
1752250 868
1752260 871
1752270 874
1752280 877
1752290 880
1752300 883
1752310 886
1752320 890
1752330 893
1752340 896
1752350 900
1752360 903
1752370 905
1752380 909
1752390 912
1752400 915
1752410 918
1752420 919
1752430 921
1752440 919
1752450 917
1752460 914
1752470 911
1752480 908
1752490 904
1752500 900
1752510 897
1752520 894
1752530 893
1752540 891
1752550 890
1752560 888
1752570 888
1752580 888
1752590 889
1752600 889
1752610 888
1752620 886
1752630 884
1752640 881
1752650 877
1752660 873
1752670 868
1752680 864
1752690 861
1752700 860
1752710 861
1752720 864
1752730 867
1752740 870
1752750 873
1752760 875
1752770 876
1752780 872
1752790 867
1752800 862
1752810 857
1752820 852
1752830 845
1752840 839
1752850 833
1752860 826
1752870 822
1752880 822
1752890 829
1752900 836
1752910 841
1752920 846
1752930 850
1752940 855
1752950 861
1752960 868
1752970 875
1752980 880
1752990 883
1753000 886
1753010 889
1753020 892
1753030 897
1753040 902
1753050 905
1753060 908
1753070 910
1753080 913
1753090 917
1753100 921
1753110 926
1753120 930
1753130 935
1753140 937
1753150 939
1753160 941
1753170 943
1753180 945
1753190 948
1753200 949
1753210 951
1753220 954
1753230 958
1753240 961
1753250 965
1753260 968
1753270 972
1753280 975
1753290 979
1753300 983
1753310 988
1753320 992
1753330 996
1753340 1001
1753350 1005
1753360 1009
1753370 1012
1753380 1016
1753390 1020
1753400 1024
1753410 1028
1753420 1031
1753430 1033
1753440 1033
1753450 1030
1753460 1026
1753470 1022
1753480 1017
1753490 1012
1753500 1007
1753510 1003
1753520 999
1753530 995
1753540 992
1753550 989
1753560 986
1753570 983
1753580 981
1753590 979
1753600 979
1753610 980
1753620 982
1753630 984
1753640 986
1753650 988
1753660 989
1753670 991
1753680 993
1753690 993
1753700 994
1753710 995
1753720 997
1753730 997
1753740 996
1753750 995
1753760 996
1753770 998
1753780 999
1753790 1001
1753800 1001
1753810 1002
1753820 1003
1753830 1003
1753840 1004
1753850 1005
1753860 1006
1753870 1007
1753880 1008
1753890 1008
1753900 1009
1753910 1008
1753920 1008
1753930 1008
1753940 1007
1753950 1006
1753960 1004
1753970 1002
1753980 1000
1753990 998
1754000 996
1754010 994
1754020 992
1754030 989
1754040 987
1754050 985
1754060 982
1754070 980
1754080 979
1754090 977
1754100 976
1754110 975
1754120 975
1754130 974
1754140 974
1754150 974
1754160 975
1754170 976
1754180 977
1754190 979
1754200 980
1754210 982
1754220 984
1754230 986
1754240 988
1754250 990
1754260 992
1754270 994
1754280 996
1754290 998
1754300 998
1754310 997
1754320 996
1754330 995
1754340 993
1754350 991
1754360 990
1754370 988
1754380 986
1754390 984
1754400 983
1754410 981
1754420 980
1754430 979
1754440 978
1754450 978
1754460 978
1754470 978
1754480 979
1754490 979
1754500 980
1754510 981
1754520 983
1754530 984
1754540 985
1754550 986
1754560 987
1754570 987
1754580 987
1754590 987
1754600 986
1754610 986
1754620 985
1754630 984
1754640 983
1754650 982
1754660 982
1754670 982
1754680 983
1754690 983
1754700 984
1754710 985
1754720 986
1754730 987
1754740 989
1754750 991
1754760 992
1754770 994
1754780 995
1754790 995
1754800 995
1754810 996
1754820 998
1754830 1000
1754840 1003
1754850 1006
1754860 1008
1754870 1012
1754880 1014
1754890 1017
1754900 1020
1754910 1023
1754920 1025
1754930 1024
1754940 1019
1754950 1013
1754960 1007
1754970 1001
1754980 996
1754990 991
1755000 987
1755010 983
1755020 979
1755030 975
1755040 971
1755050 967
1755060 963
1755070 960
1755080 958
1755090 956
1755100 954
1755110 953
1755120 952
1755130 950
1755140 948
1755150 946
1755160 944
1755170 942
1755180 942
1755190 941
1755200 940
1755210 940
1755220 939
1755230 938
1755240 938
1755250 934
1755260 929
1755270 923
1755280 917
1755290 912
1755300 907
1755310 903
1755320 899
1755330 895
1755340 892
1755350 888
1755360 886
1755370 885
1755380 885
1755390 885
1755400 885
1755410 885
1755420 886
1755430 888
1755440 889
1755450 891
1755460 889
1755470 887
1755480 885
1755490 885
1755500 885
1755510 886
1755520 886
1755530 888
1755540 892
1755550 897
1755560 902
1755570 906
1755580 909
1755590 913
1755600 916
1755610 919
1755620 923
1755630 926
1755640 929
1755650 932
1755660 935
1755670 939
1755680 942
1755690 946
1755700 950
1755710 954
1755720 958
1755730 962
1755740 967
1755750 971
1755760 976
1755770 980
1755780 985
1755790 990
1755800 993
1755810 997
1755820 1000
1755830 1001
1755840 1000
1755850 997
1755860 995
1755870 992
1755880 989
1755890 986
1755900 983
1755910 979
1755920 976
1755930 972
1755940 968
1755950 963
1755960 959
1755970 955
1755980 952
1755990 948
1756000 945
1756010 942
1756020 939
1756030 935
1756040 930
1756050 925
1756060 920
1756070 914
1756080 907
1756090 901
1756100 898
1756110 895
1756120 892
1756130 892
1756140 892
1756150 892
1756160 890
1756170 887
1756180 884
1756190 880
1756200 877
1756210 877
1756220 882
1756230 887
1756240 892
1756250 896
1756260 901
1756270 905
1756280 908
1756290 908
1756300 908
1756310 905
1756320 902
1756330 899
1756340 897
1756350 895
1756360 894
1756370 895
1756380 897
1756390 900
1756400 904
1756410 907
1756420 910
1756430 911
1756440 912
1756450 913
1756460 913
1756470 913
1756480 913
1756490 914
1756500 917
1756510 920
1756520 924
1756530 927
1756540 931
1756550 935
1756560 938
1756570 941
1756580 945
1756590 948
1756600 951
1756610 954
1756620 957
1756630 960
1756640 962
1756650 965
1756660 967
1756670 969
1756680 972
1756690 975
1756700 978
1756710 982
1756720 985
1756730 988
1756740 992
1756750 996
1756760 998
1756770 999
1756780 999
1756790 998
1756800 995
1756810 992
1756820 989
1756830 985
1756840 982
1756850 978
1756860 974
1756870 970
1756880 967
1756890 964
1756900 961
1756910 958
1756920 955
1756930 953
1756940 950
1756950 947
1756960 944
1756970 941
1756980 938
1756990 935
1757000 932
1757010 930
1757020 927
1757030 925
1757040 923
1757050 920
1757060 917
1757070 913
1757080 909
1757090 905
1757100 900
1757110 895
1757120 891
1757130 886
1757140 882
1757150 879
1757160 876
1757170 872
1757180 869
1757190 866
1757200 862
1757210 858
1757220 852
1757230 847
1757240 844
1757250 841
1757260 838
1757270 835
1757280 832
1757290 830
1757300 828
1757310 827
1757320 827
1757330 827
1757340 828
1757350 829
1757360 828
1757370 826
1757380 824
1757390 823
1757400 823
1757410 826
1757420 829
1757430 832
1757440 834
1757450 836
1757460 837
1757470 838
1757480 836
1757490 832
1757500 829
1757510 825
1757520 822
1757530 821
1757540 822
1757550 823
1757560 825
1757570 827
1757580 829
1757590 831
1757600 834
1757610 837
1757620 840
1757630 843
1757640 847
1757650 850
1757660 852
1757670 855
1757680 857
1757690 860
1757700 862
1757710 863
1757720 865
1757730 867
1757740 868
1757750 869
1757760 870
1757770 871
1757780 873
1757790 874
1757800 875
1757810 876
1757820 877
1757830 878
1757840 879
1757850 880
1757860 881
1757870 882
1757880 884
1757890 885
1757900 887
1757910 889
1757920 891
1757930 890
1757940 890
1757950 891
1757960 890
1757970 890
1757980 889
1757990 888
1758000 888
1758010 888
1758020 888
1758030 889
1758040 890
1758050 890
1758060 891
1758070 891
1758080 892
1758090 893
1758100 895
1758110 898
1758120 902
1758130 905
1758140 903
1758150 901
1758160 900
1758170 899
1758180 898
1758190 896
1758200 893
1758210 890
1758220 887
1758230 884
1758240 882
1758250 880
1758260 879
1758270 878
1758280 877
1758290 875
1758300 872
1758310 868
1758320 863
1758330 861
1758340 860
1758350 860
1758360 859
1758370 856
1758380 854
1758390 853
1758400 852
1758410 851
1758420 849
1758430 848
1758440 844
1758450 841
1758460 837
1758470 834
1758480 830
1758490 827
1758500 823
1758510 820
1758520 817
1758530 814
1758540 811
1758550 808
1758560 805
1758570 801
1758580 798
1758590 794
1758600 791
1758610 787
1758620 783
1758630 779
1758640 775
1758650 771
1758660 767
1758670 763
1758680 759
1758690 755
1758700 751
1758710 747
1758720 741
1758730 737
1758740 733
1758750 729
1758760 726
1758770 724
1758780 723
1758790 722
1758800 720
1758810 715
1758820 711
1758830 706
1758840 702
1758850 698
1758860 694
1758870 691
1758880 688
1758890 685
1758900 683
1758910 681
1758920 681
1758930 681
1758940 681
1758950 681
1758960 681
1758970 681
1758980 681
1758990 680
1759000 680
1759010 680
1759020 681
1759030 683
1759040 685
1759050 687
1759060 689
1759070 691
1759080 693
1759090 694
1759100 696
1759110 697
1759120 698
1759130 698
1759140 699
1759150 701
1759160 702
1759170 704
1759180 705
1759190 708
1759200 710
1759210 712
1759220 715
1759230 717
1759240 720
1759250 722
1759260 724
1759270 725
1759280 727
1759290 728
1759300 729
1759310 730
1759320 731
1759330 730
1759340 728
1759350 724
1759360 719
1759370 715
1759380 711
1759390 706
1759400 702
1759410 697
1759420 693
1759430 688
1759440 684
1759450 679
1759460 675
1759470 671
1759480 668
1759490 664
1759500 660
1759510 655
1759520 651
1759530 648
1759540 644
1759550 641
1759560 638
1759570 635
1759580 633
1759590 632
1759600 630
1759610 629
1759620 630
1759630 633
1759640 637
1759650 641
1759660 645
1759670 649
1759680 653
1759690 657
1759700 659
1759710 663
1759720 667
1759730 672
1759740 676
1759750 680
1759760 684
1759770 688
1759780 692
1759790 696
1759800 699
1759810 703
1759820 707
1759830 711
1759840 715
1759850 719
1759860 723
1759870 727
1759880 731
1759890 735
1759900 739
1759910 743
1759920 747
1759930 750
1759940 754
1759950 757
1759960 761
1759970 764
1759980 768
1759990 772
