1740000 867
1740010 865
1740020 860
1740030 855
1740040 849
1740050 844
1740060 839
1740070 834
1740080 831
1740090 828
1740100 826
1740110 824
1740120 823
1740130 822
1740140 821
1740150 821
1740160 821
1740170 820
1740180 820
1740190 820
1740200 820
1740210 820
1740220 820
1740230 820
1740240 820
1740250 820
1740260 819
1740270 819
1740280 818
1740290 817
1740300 816
1740310 815
1740320 816
1740330 817
1740340 817
1740350 818
1740360 818
1740370 819
1740380 819
1740390 820
1740400 821
1740410 822
1740420 823
1740430 824
1740440 825
1740450 826
1740460 826
1740470 825
1740480 823
1740490 819
1740500 815
1740510 811
1740520 806
1740530 802
1740540 799
1740550 796
1740560 795
1740570 794
1740580 793
1740590 792
1740600 792
1740610 791
1740620 791
1740630 791
1740640 791
1740650 790
1740660 789
1740670 787
1740680 784
1740690 783
1740700 781
1740710 780
1740720 778
1740730 774
1740740 769
1740750 766
1740760 763
1740770 761
1740780 757
1740790 753
1740800 749
1740810 746
1740820 744
1740830 743
1740840 743
1740850 744
1740860 746
1740870 747
1740880 748
1740890 747
1740900 746
1740910 744
1740920 742
1740930 739
1740940 736
1740950 735
1740960 734
1740970 733
1740980 733
1740990 733
1741000 733
1741010 733
1741020 734
1741030 736
1741040 738
1741050 740
1741060 742
1741070 745
1741080 746
1741090 748
1741100 750
1741110 753
1741120 755
1741130 758
1741140 761
1741150 764
1741160 765
1741170 767
1741180 768
1741190 768
1741200 769
1741210 770
1741220 771
1741230 772
1741240 772
1741250 770
1741260 768
1741270 765
1741280 763
1741290 761
1741300 761
1741310 760
1741320 760
1741330 762
1741340 764
1741350 768
1741360 771
1741370 775
1741380 779
1741390 783
1741400 786
1741410 790
1741420 793
1741430 796
1741440 799
1741450 801
1741460 803
1741470 805
1741480 807
1741490 808
1741500 808
1741510 808
1741520 807
1741530 806
1741540 805
1741550 803
1741560 802
1741570 801
1741580 799
1741590 798
1741600 796
1741610 793
1741620 790
1741630 787
1741640 784
1741650 783
1741660 782
1741670 781
1741680 781
1741690 781
1741700 781
1741710 781
1741720 780
1741730 780
1741740 780
1741750 780
1741760 780
1741770 781
1741780 781
1741790 781
1741800 781
1741810 781
1741820 779
1741830 776
1741840 773
1741850 770
1741860 766
1741870 764
1741880 763
1741890 763
1741900 763
1741910 764
1741920 764
1741930 765
1741940 764
1741950 764
1741960 764
1741970 763
1741980 763
1741990 763
1742000 762
1742010 761
1742020 760
1742030 759
1742040 757
1742050 755
1742060 753
1742070 750
1742080 748
1742090 746
1742100 744
1742110 742
1742120 742
1742130 741
1742140 741
1742150 739
1742160 738
1742170 737
1742180 736
1742190 736
1742200 735
1742210 734
1742220 733
1742230 731
1742240 729
1742250 728
1742260 727
1742270 726
1742280 726
1742290 726
1742300 726
1742310 726
1742320 726
1742330 725
1742340 726
1742350 726
1742360 726
1742370 727
1742380 728
1742390 728
1742400 728
1742410 728
1742420 729
1742430 730
1742440 730
1742450 730
1742460 729
1742470 729
1742480 728
1742490 728
1742500 729
1742510 729
1742520 731
1742530 732
1742540 733
1742550 734
1742560 735
1742570 736
1742580 736
1742590 736
1742600 736
1742610 736
1742620 736
1742630 735
1742640 735
1742650 734
1742660 733
1742670 731
1742680 728
1742690 725
1742700 723
1742710 722
1742720 721
1742730 721
1742740 721
1742750 721
1742760 721
1742770 721
1742780 721
1742790 721
1742800 722
1742810 722
1742820 723
1742830 723
1742840 723
1742850 723
1742860 723
1742870 723
1742880 723
1742890 723
1742900 723
1742910 723
1742920 723
1742930 723
1742940 723
1742950 723
1742960 722
1742970 722
1742980 723
1742990 723
1743000 724
1743010 726
1743020 727
1743030 729
1743040 731
1743050 732
1743060 733
1743070 735
1743080 736
1743090 737
1743100 737
1743110 738
1743120 739
1743130 739
1743140 738
1743150 737
1743160 736
1743170 735
1743180 734
1743190 734
1743200 734
1743210 735
1743220 735
1743230 735
1743240 735
1743250 736
1743260 737
1743270 737
1743280 738
1743290 739
1743300 739
1743310 740
1743320 741
1743330 743
1743340 745
1743350 746
1743360 747
1743370 748
1743380 749
1743390 750
1743400 751
1743410 752
1743420 753
1743430 754
1743440 755
1743450 756
1743460 757
1743470 758
1743480 760
1743490 761
1743500 762
1743510 764
1743520 765
1743530 767
1743540 768
1743550 769
1743560 771
1743570 772
1743580 774
1743590 775
1743600 777
1743610 778
1743620 780
1743630 781
1743640 783
1743650 784
1743660 785
1743670 787
1743680 788
1743690 790
1743700 791
1743710 793
1743720 794
1743730 795
1743740 797
1743750 798
1743760 800
1743770 802
1743780 804
1743790 806
1743800 808
1743810 809
1743820 811
1743830 812
1743840 813
1743850 814
1743860 814
1743870 815
1743880 815
1743890 815
1743900 815
1743910 815
1743920 815
1743930 814
1743940 812
1743950 811
1743960 811
1743970 811
1743980 812
1743990 812
1744000 813
1744010 814
1744020 815
1744030 816
1744040 817
1744050 819
1744060 820
1744070 822
1744080 823
1744090 825
1744100 826
1744110 827
1744120 828
1744130 830
1744140 831
1744150 832
1744160 833
1744170 834
1744180 835
1744190 836
1744200 836
1744210 836
1744220 836
1744230 836
1744240 836
1744250 836
1744260 835
1744270 835
1744280 834
1744290 832
1744300 830
1744310 828
1744320 827
1744330 826
1744340 825
1744350 825
1744360 827
1744370 830
1744380 833
1744390 835
1744400 837
1744410 840
1744420 843
1744430 846
1744440 848
1744450 849
1744460 851
1744470 852
1744480 853
1744490 853
1744500 853
1744510 853
1744520 853
1744530 852
1744540 851
1744550 850
1744560 849
1744570 848
1744580 847
1744590 846
1744600 844
1744610 843
1744620 843
1744630 842
1744640 842
1744650 841
1744660 840
1744670 839
1744680 838
1744690 836
1744700 834
1744710 831
1744720 827
1744730 822
1744740 818
1744750 813
1744760 808
1744770 804
1744780 799
1744790 796
1744800 793
1744810 791
1744820 790
1744830 789
1744840 788
1744850 787
1744860 787
1744870 787
1744880 787
1744890 787
1744900 787
1744910 786
1744920 786
1744930 785
1744940 785
1744950 785
1744960 785
1744970 786
1744980 786
1744990 786
1745000 786
1745010 786
1745020 785
1745030 784
1745040 782
1745050 781
1745060 779
1745070 778
1745080 776
1745090 774
1745100 773
1745110 771
1745120 770
1745130 768
1745140 767
1745150 765
1745160 764
1745170 762
1745180 761
1745190 759
1745200 757
1745210 755
1745220 753
1745230 750
1745240 746
1745250 742
1745260 740
1745270 738
1745280 737
1745290 735
1745300 734
1745310 732
1745320 730
1745330 728
1745340 727
1745350 724
1745360 722
1745370 720
1745380 718
1745390 716
1745400 714
1745410 712
1745420 710
1745430 709
1745440 707
1745450 706
1745460 705
1745470 705
1745480 704
1745490 704
1745500 703
1745510 703
1745520 703
1745530 703
1745540 702
1745550 702
1745560 702
1745570 702
1745580 701
1745590 700
1745600 700
1745610 700
1745620 700
1745630 701
1745640 702
1745650 704
1745660 705
1745670 707
1745680 708
1745690 710
1745700 712
1745710 714
1745720 716
1745730 717
1745740 718
1745750 717
1745760 717
1745770 715
1745780 714
1745790 712
1745800 711
1745810 709
1745820 707
1745830 704
1745840 702
1745850 699
1745860 695
1745870 693
1745880 691
1745890 691
1745900 692
1745910 693
1745920 693
1745930 694
1745940 694
1745950 694
1745960 694
1745970 694
1745980 694
1745990 693
1746000 693
1746010 693
1746020 693
1746030 693
1746040 692
1746050 692
1746060 692
1746070 692
1746080 692
1746090 692
1746100 692
1746110 692
1746120 692
1746130 691
1746140 691
1746150 691
1746160 690
1746170 690
1746180 690
1746190 689
1746200 688
1746210 687
1746220 686
1746230 685
1746240 684
1746250 682
1746260 680
1746270 678
1746280 676
1746290 674
1746300 672
1746310 669
1746320 668
1746330 666
1746340 664
1746350 662
1746360 661
1746370 661
1746380 661
1746390 661
1746400 660
1746410 660
1746420 661
1746430 662
1746440 664
1746450 665
1746460 665
1746470 666
1746480 665
1746490 664
1746500 663
1746510 662
1746520 661
1746530 661
1746540 659
1746550 658
1746560 658
1746570 657
1746580 656
1746590 655
1746600 654
1746610 654
1746620 653
1746630 653
1746640 652
1746650 652
1746660 651
1746670 651
1746680 650
1746690 649
1746700 649
1746710 648
1746720 647
1746730 647
1746740 646
1746750 646
1746760 646
1746770 646
1746780 646
1746790 646
1746800 646
1746810 646
1746820 644
1746830 642
1746840 639
1746850 634
1746860 630
1746870 627
1746880 627
1746890 626
1746900 626
1746910 626
1746920 626
1746930 626
1746940 626
1746950 626
1746960 626
1746970 626
1746980 627
1746990 629
1747000 630
1747010 631
1747020 633
1747030 634
1747040 635
1747050 635
1747060 635
1747070 636
1747080 636
1747090 637
1747100 638
1747110 638
1747120 638
1747130 638
1747140 638
1747150 638
1747160 638
1747170 638
1747180 638
1747190 638
1747200 639
1747210 639
1747220 639
1747230 639
1747240 639
1747250 640
1747260 640
1747270 640
1747280 641
1747290 641
1747300 641
1747310 642
1747320 642
1747330 643
1747340 644
1747350 644
1747360 645
1747370 645
1747380 646
1747390 646
1747400 647
1747410 647
1747420 648
1747430 649
1747440 649
1747450 650
1747460 650
1747470 651
1747480 652
1747490 653
1747500 655
1747510 656
1747520 658
1747530 660
1747540 662
1747550 665
1747560 667
1747570 670
1747580 672
1747590 675
1747600 677
1747610 680
1747620 682
1747630 684
1747640 685
1747650 687
1747660 688
1747670 689
1747680 690
1747690 691
1747700 692
1747710 692
1747720 691
1747730 689
1747740 687
1747750 684
1747760 681
1747770 678
1747780 675
1747790 672
1747800 670
1747810 668
1747820 666
1747830 665
1747840 664
1747850 664
1747860 664
1747870 664
1747880 663
1747890 663
1747900 662
1747910 661
1747920 660
1747930 659
1747940 658
1747950 657
1747960 655
1747970 654
1747980 652
1747990 651
1748000 651
1748010 650
1748020 649
1748030 648
1748040 647
1748050 646
1748060 645
1748070 644
1748080 644
1748090 643
1748100 642
1748110 641
1748120 641
1748130 641
1748140 642
1748150 642
1748160 642
1748170 642
1748180 642
1748190 642
1748200 642
1748210 642
1748220 643
1748230 643
1748240 643
1748250 643
1748260 643
1748270 644
1748280 644
1748290 644
1748300 644
1748310 644
1748320 645
1748330 645
1748340 645
1748350 645
1748360 646
1748370 646
1748380 646
1748390 646
1748400 646
1748410 646
1748420 646
1748430 647
1748440 647
1748450 647
1748460 647
1748470 648
1748480 648
1748490 649
1748500 650
1748510 651
1748520 652
1748530 653
1748540 654
1748550 655
1748560 656
1748570 658
1748580 659
1748590 661
1748600 663
1748610 666
1748620 668
1748630 671
1748640 674
1748650 677
1748660 680
1748670 681
1748680 683
1748690 685
1748700 686
1748710 685
1748720 684
1748730 682
1748740 682
1748750 684
1748760 687
1748770 690
1748780 692
1748790 694
1748800 695
1748810 695
1748820 694
1748830 690
1748840 687
1748850 684
1748860 683
1748870 683
1748880 683
1748890 682
1748900 680
1748910 679
1748920 677
1748930 675
1748940 673
1748950 671
1748960 670
1748970 670
1748980 669
1748990 667
1749000 666
1749010 665
1749020 665
1749030 665
1749040 666
1749050 666
1749060 667
1749070 667
1749080 667
1749090 667
1749100 667
1749110 668
1749120 669
1749130 671
1749140 673
1749150 675
1749160 677
1749170 680
1749180 682
1749190 685
1749200 687
1749210 690
1749220 691
1749230 693
1749240 695
1749250 696
1749260 698
1749270 700
1749280 702
1749290 704
1749300 706
1749310 708
1749320 710
1749330 713
1749340 715
1749350 718
1749360 721
1749370 724
1749380 727
1749390 730
1749400 734
1749410 737
1749420 741
1749430 744
1749440 748
1749450 751
1749460 754
1749470 756
1749480 758
1749490 760
1749500 761
1749510 761
1749520 762
1749530 763
1749540 765
1749550 767
1749560 770
1749570 772
1749580 774
1749590 776
1749600 778
1749610 781
1749620 785
1749630 789
1749640 791
1749650 794
1749660 798
1749670 801
1749680 803
1749690 806
1749700 808
1749710 810
1749720 812
1749730 812
1749740 810
1749750 807
1749760 804
1749770 801
1749780 798
1749790 795
1749800 792
1749810 789
1749820 786
1749830 783
1749840 780
1749850 778
1749860 774
1749870 771
1749880 768
1749890 766
1749900 763
1749910 759
1749920 757
1749930 755
1749940 753
1749950 752
1749960 752
1749970 752
1749980 751
1749990 751
1750000 750
1750010 750
1750020 750
1750030 749
1750040 748
1750050 747
1750060 746
1750070 746
1750080 745
1750090 744
1750100 743
1750110 741
1750120 740
1750130 738
1750140 736
1750150 734
1750160 732
1750170 730
1750180 728
1750190 726
1750200 725
1750210 724
1750220 723
1750230 722
1750240 721
1750250 720
1750260 720
1750270 719
1750280 719
1750290 717
1750300 715
1750310 713
1750320 711
1750330 709
1750340 707
1750350 704
1750360 703
1750370 704
1750380 707
1750390 710
1750400 713
1750410 715
1750420 718
1750430 720
1750440 722
1750450 725
1750460 727
1750470 730
1750480 733
1750490 736
1750500 739
1750510 742
1750520 745
1750530 748
1750540 751
1750550 754
1750560 757
1750570 760
1750580 763
1750590 766
1750600 769
1750610 772
1750620 775
1750630 777
1750640 779
1750650 781
1750660 783
1750670 785
1750680 787
1750690 790
1750700 792
1750710 794
1750720 796
1750730 798
1750740 800
1750750 801
1750760 802
1750770 802
1750780 801
1750790 799
1750800 797
1750810 796
1750820 794
1750830 792
1750840 790
1750850 789
1750860 787
1750870 786
1750880 783
1750890 780
1750900 776
1750910 772
1750920 768
1750930 763
1750940 758
1750950 752
1750960 747
1750970 743
1750980 739
1750990 736
1751000 735
1751010 736
1751020 737
1751030 739
1751040 741
1751050 743
1751060 746
1751070 748
1751080 751
1751090 753
1751100 755
1751110 756
1751120 757
1751130 758
1751140 758
1751150 758
1751160 757
1751170 756
1751180 755
1751190 754
1751200 754
1751210 753
1751220 752
1751230 752
1751240 751
1751250 750
1751260 749
1751270 746
1751280 744
1751290 741
1751300 737
1751310 733
1751320 729
1751330 726
1751340 722
1751350 719
1751360 716
1751370 712
1751380 708
1751390 706
1751400 704
1751410 704
1751420 704
1751430 705
1751440 705
1751450 709
1751460 713
1751470 718
1751480 720
1751490 720
1751500 721
1751510 720
1751520 720
1751530 720
1751540 720
1751550 720
1751560 721
1751570 721
1751580 721
1751590 721
1751600 722
1751610 721
1751620 720
1751630 719
1751640 719
1751650 722
1751660 723
1751670 723
1751680 723
1751690 721
1751700 720
1751710 721
1751720 723
1751730 725
1751740 727
1751750 729
1751760 730
1751770 730
1751780 729
1751790 725
1751800 721
1751810 716
1751820 713
1751830 712
1751840 712
1751850 713
1751860 713
1751870 713
1751880 714
1751890 714
1751900 714
1751910 714
1751920 714
1751930 714
1751940 715
1751950 715
1751960 715
1751970 716
1751980 716
1751990 716
1752000 717
1752010 718
1752020 718
1752030 717
1752040 716
1752050 716
1752060 717
1752070 717
1752080 718
1752090 718
1752100 718
1752110 718
1752120 719
1752130 719
1752140 720
1752150 721
1752160 723
1752170 725
1752180 727
1752190 730
1752200 733
1752210 737
1752220 740
1752230 741
1752240 742
1752250 744
1752260 747
1752270 749
1752280 750
1752290 750
1752300 753
1752310 756
1752320 759
1752330 763
1752340 767
1752350 771
1752360 772
1752370 773
1752380 775
1752390 775
1752400 777
1752410 780
1752420 783
1752430 787
1752440 791
1752450 794
1752460 797
1752470 800
1752480 803
1752490 808
1752500 814
1752510 819
1752520 824
1752530 828
1752540 834
1752550 835
1752560 834
1752570 832
1752580 831
1752590 829
1752600 826
1752610 822
1752620 819
1752630 816
1752640 813
1752650 810
1752660 806
1752670 802
1752680 798
1752690 795
1752700 793
1752710 791
1752720 788
1752730 785
1752740 782
1752750 778
1752760 777
1752770 776
1752780 773
1752790 773
1752800 774
1752810 776
1752820 780
1752830 785
1752840 791
1752850 798
1752860 804
1752870 811
1752880 816
1752890 819
1752900 821
1752910 825
1752920 828
1752930 831
1752940 836
1752950 840
1752960 845
1752970 853
1752980 861
1752990 869
1753000 873
1753010 875
1753020 877
1753030 879
1753040 881
1753050 884
1753060 888
1753070 892
1753080 896
1753090 901
1753100 904
1753110 907
1753120 909
1753130 911
1753140 912
1753150 912
1753160 912
1753170 911
1753180 910
1753190 910
1753200 910
1753210 911
1753220 913
1753230 915
1753240 917
1753250 920
1753260 923
1753270 926
1753280 929
1753290 932
1753300 935
1753310 938
1753320 940
1753330 942
1753340 944
1753350 946
1753360 948
1753370 950
1753380 952
1753390 954
1753400 957
1753410 959
1753420 961
1753430 963
1753440 966
1753450 969
1753460 967
1753470 964
1753480 960
1753490 957
1753500 953
1753510 949
1753520 945
1753530 941
1753540 936
1753550 932
1753560 928
1753570 924
1753580 919
1753590 915
1753600 911
1753610 907
1753620 902
1753630 898
1753640 893
1753650 890
1753660 888
1753670 886
1753680 885
1753690 884
1753700 884
1753710 884
1753720 883
1753730 882
1753740 882
1753750 882
1753760 883
1753770 883
1753780 884
1753790 884
1753800 882
1753810 879
1753820 876
1753830 874
1753840 872
1753850 870
1753860 867
1753870 864
1753880 862
1753890 861
1753900 860
1753910 859
1753920 858
1753930 857
1753940 857
1753950 856
1753960 855
1753970 854
1753980 852
1753990 851
1754000 849
1754010 848
1754020 847
1754030 846
1754040 847
1754050 848
1754060 848
1754070 847
1754080 845
1754090 842
1754100 840
1754110 838
1754120 836
1754130 833
1754140 831
1754150 828
1754160 826
1754170 823
1754180 820
1754190 816
1754200 812
1754210 809
1754220 805
1754230 802
1754240 799
1754250 797
1754260 796
1754270 796
1754280 797
1754290 799
1754300 801
1754310 805
1754320 809
1754330 812
1754340 815
1754350 820
1754360 826
1754370 830
1754380 833
1754390 835
1754400 837
1754410 838
1754420 840
1754430 841
1754440 842
1754450 842
1754460 843
1754470 842
1754480 840
1754490 838
1754500 837
1754510 838
1754520 840
1754530 843
1754540 846
1754550 849
1754560 853
1754570 856
1754580 859
1754590 863
1754600 866
1754610 870
1754620 873
1754630 877
1754640 880
1754650 883
1754660 886
1754670 889
1754680 892
1754690 895
1754700 898
1754710 898
1754720 897
1754730 893
1754740 889
1754750 884
1754760 879
1754770 875
1754780 872
1754790 870
1754800 868
1754810 866
1754820 865
1754830 863
1754840 863
1754850 862
1754860 862
1754870 862
1754880 862
1754890 861
1754900 861
1754910 861
1754920 860
1754930 859
1754940 857
1754950 854
1754960 850
1754970 845
1754980 839
1754990 834
1755000 829
1755010 826
1755020 825
1755030 825
1755040 823
1755050 820
1755060 816
1755070 811
1755080 806
1755090 801
1755100 799
1755110 802
1755120 805
1755130 809
1755140 814
1755150 819
1755160 823
1755170 828
1755180 833
1755190 838
1755200 843
1755210 848
1755220 852
1755230 855
1755240 857
1755250 859
1755260 861
1755270 863
1755280 866
1755290 869
1755300 872
1755310 876
1755320 879
1755330 882
1755340 885
1755350 887
1755360 889
1755370 891
1755380 892
1755390 892
1755400 892
1755410 891
1755420 889
1755430 887
1755440 884
1755450 882
1755460 880
1755470 878
1755480 877
1755490 877
1755500 877
1755510 877
1755520 877
1755530 877
1755540 877
1755550 877
1755560 877
1755570 877
1755580 877
1755590 878
1755600 878
1755610 878
1755620 878
1755630 878
1755640 878
1755650 878
1755660 877
1755670 875
1755680 872
1755690 869
1755700 866
1755710 862
1755720 859
1755730 855
1755740 852
1755750 849
1755760 845
1755770 841
1755780 839
1755790 837
1755800 836
1755810 835
1755820 833
1755830 833
1755840 834
1755850 837
1755860 842
1755870 848
1755880 856
1755890 865
1755900 869
1755910 873
1755920 876
1755930 879
1755940 882
1755950 884
1755960 887
1755970 891
1755980 895
1755990 901
1756000 907
1756010 913
1756020 916
1756030 919
1756040 923
1756050 928
1756060 932
1756070 934
1756080 930
1756090 926
1756100 922
1756110 919
1756120 916
1756130 913
1756140 910
1756150 907
1756160 904
1756170 902
1756180 901
1756190 902
1756200 903
1756210 903
1756220 903
1756230 900
1756240 897
1756250 894
1756260 890
1756270 887
1756280 884
1756290 883
1756300 883
1756310 885
1756320 888
1756330 890
1756340 891
1756350 891
1756360 894
1756370 897
1756380 900
1756390 903
1756400 906
1756410 907
1756420 909
1756430 912
1756440 916
1756450 920
1756460 924
1756470 927
1756480 929
1756490 932
1756500 935
1756510 938
1756520 942
1756530 946
1756540 950
1756550 954
1756560 959
1756570 965
1756580 971
1756590 976
1756600 979
1756610 982
1756620 986
1756630 989
1756640 992
1756650 996
1756660 996
1756670 995
1756680 994
1756690 991
1756700 988
1756710 986
1756720 984
1756730 981
1756740 979
1756750 976
1756760 974
1756770 972
1756780 971
1756790 969
1756800 967
1756810 968
1756820 967
1756830 967
1756840 966
1756850 965
1756860 964
1756870 963
1756880 962
1756890 961
1756900 961
1756910 960
1756920 959
1756930 958
1756940 957
1756950 956
1756960 955
1756970 954
1756980 954
1756990 953
1757000 952
1757010 952
1757020 952
1757030 952
1757040 952
1757050 953
1757060 954
1757070 955
1757080 954
1757090 953
1757100 951
1757110 947
1757120 943
1757130 938
1757140 934
1757150 931
1757160 928
1757170 926
1757180 922
1757190 918
1757200 914
1757210 910
1757220 905
1757230 901
1757240 896
1757250 891
1757260 886
1757270 882
1757280 878
1757290 874
1757300 871
1757310 869
1757320 868
1757330 867
1757340 864
1757350 860
1757360 856
1757370 852
1757380 848
1757390 847
1757400 845
1757410 843
1757420 841
1757430 839
1757440 836
1757450 833
1757460 832
1757470 832
1757480 833
1757490 834
1757500 834
1757510 832
1757520 830
1757530 828
1757540 827
1757550 825
1757560 822
1757570 820
1757580 817
1757590 814
1757600 812
1757610 810
1757620 808
1757630 806
1757640 804
1757650 802
1757660 800
1757670 798
1757680 795
1757690 793
1757700 790
1757710 787
1757720 785
1757730 782
1757740 778
1757750 774
1757760 770
1757770 767
1757780 764
1757790 763
1757800 763
1757810 763
1757820 763
1757830 763
1757840 761
1757850 759
1757860 757
1757870 754
1757880 751
1757890 748
1757900 746
1757910 743
1757920 740
1757930 736
1757940 731
1757950 726
1757960 720
1757970 715
1757980 710
1757990 705
1758000 701
1758010 698
1758020 697
1758030 696
1758040 696
1758050 696
1758060 696
1758070 695
1758080 693
1758090 691
1758100 688
1758110 686
1758120 683
1758130 680
1758140 677
1758150 673
1758160 670
1758170 666
1758180 661
1758190 656
1758200 651
1758210 648
1758220 646
1758230 646
1758240 648
1758250 652
1758260 658
1758270 664
1758280 668
1758290 671
1758300 675
1758310 677
1758320 680
1758330 682
1758340 685
1758350 687
1758360 690
1758370 693
1758380 696
1758390 698
1758400 701
1758410 703
1758420 704
1758430 706
1758440 708
1758450 709
1758460 710
1758470 711
1758480 711
1758490 713
1758500 715
1758510 718
1758520 720
1758530 721
1758540 723
1758550 723
1758560 723
1758570 722
1758580 719
1758590 716
1758600 712
1758610 708
1758620 706
1758630 703
1758640 703
1758650 702
1758660 701
1758670 701
1758680 700
1758690 700
1758700 700
1758710 700
1758720 699
1758730 700
1758740 703
1758750 705
1758760 708
1758770 710
1758780 712
1758790 715
1758800 718
1758810 720
1758820 723
1758830 726
1758840 729
1758850 732
1758860 734
1758870 736
1758880 737
1758890 736
1758900 735
1758910 732
1758920 731
1758930 731
1758940 732
1758950 734
1758960 736
1758970 738
1758980 742
1758990 745
1759000 749
1759010 753
1759020 758
1759030 762
1759040 767
1759050 772
1759060 776
1759070 779
1759080 782
1759090 785
1759100 787
1759110 788
1759120 787
1759130 784
1759140 781
1759150 777
1759160 774
1759170 772
1759180 770
1759190 769
1759200 767
1759210 766
1759220 764
1759230 762
1759240 760
1759250 757
1759260 755
1759270 751
1759280 747
1759290 743
1759300 739
1759310 735
1759320 730
1759330 726
1759340 721
1759350 716
1759360 711
1759370 706
1759380 701
1759390 696
1759400 692
1759410 687
1759420 682
1759430 678
1759440 673
1759450 668
1759460 664
1759470 661
1759480 657
1759490 653
1759500 650
1759510 647
1759520 646
1759530 647
1759540 648
1759550 650
1759560 651
1759570 652
1759580 653
1759590 654
1759600 657
1759610 659
1759620 662
1759630 665
1759640 666
1759650 667
1759660 667
1759670 666
1759680 666
1759690 668
1759700 671
1759710 674
1759720 677
1759730 681
1759740 684
1759750 688
1759760 692
1759770 697
1759780 701
1759790 706
1759800 709
1759810 713
1759820 718
1759830 722
1759840 726
1759850 730
1759860 734
1759870 737
1759880 740
1759890 741
1759900 743
1759910 744
1759920 744
1759930 745
1759940 745
1759950 745
1759960 745
1759970 745
1759980 745
1759990 745
