1740000 924
1740010 923
1740020 924
1740030 925
1740040 926
1740050 927
1740060 928
1740070 929
1740080 929
1740090 930
1740100 930
1740110 930
1740120 930
1740130 931
1740140 932
1740150 933
1740160 933
1740170 934
1740180 934
1740190 934
1740200 934
1740210 934
1740220 935
1740230 936
1740240 936
1740250 937
1740260 937
1740270 937
1740280 937
1740290 936
1740300 936
1740310 936
1740320 936
1740330 935
1740340 934
1740350 933
1740360 931
1740370 929
1740380 928
1740390 925
1740400 923
1740410 920
1740420 918
1740430 916
1740440 914
1740450 912
1740460 911
1740470 910
1740480 910
1740490 910
1740500 910
1740510 909
1740520 909
1740530 908
1740540 907
1740550 906
1740560 905
1740570 904
1740580 902
1740590 900
1740600 897
1740610 895
1740620 892
1740630 890
1740640 887
1740650 884
1740660 882
1740670 879
1740680 878
1740690 876
1740700 877
1740710 877
1740720 879
1740730 881
1740740 883
1740750 885
1740760 888
1740770 891
1740780 894
1740790 896
1740800 897
1740810 897
1740820 898
1740830 897
1740840 897
1740850 896
1740860 894
1740870 891
1740880 889
1740890 886
1740900 884
1740910 882
1740920 880
1740930 879
1740940 876
1740950 873
1740960 868
1740970 863
1740980 859
1740990 854
1741000 849
1741010 845
1741020 841
1741030 837
1741040 833
1741050 830
1741060 828
1741070 828
1741080 829
1741090 830
1741100 831
1741110 833
1741120 833
1741130 833
1741140 833
1741150 835
1741160 837
1741170 840
1741180 843
1741190 845
1741200 848
1741210 850
1741220 852
1741230 853
1741240 854
1741250 854
1741260 853
1741270 851
1741280 847
1741290 843
1741300 840
1741310 837
1741320 835
1741330 833
1741340 829
1741350 826
1741360 822
1741370 819
1741380 815
1741390 813
1741400 811
1741410 812
1741420 814
1741430 818
1741440 821
1741450 824
1741460 826
1741470 827
1741480 825
1741490 823
1741500 821
1741510 818
1741520 817
1741530 815
1741540 813
1741550 814
1741560 816
1741570 819
1741580 821
1741590 824
1741600 826
1741610 829
1741620 831
1741630 834
1741640 837
1741650 840
1741660 843
1741670 846
1741680 849
1741690 851
1741700 852
1741710 851
1741720 849
1741730 845
1741740 841
1741750 836
1741760 832
1741770 828
1741780 825
1741790 822
1741800 819
1741810 816
1741820 813
1741830 810
1741840 807
1741850 804
1741860 800
1741870 797
1741880 794
1741890 791
1741900 788
1741910 784
1741920 782
1741930 781
1741940 780
1741950 779
1741960 779
1741970 778
1741980 779
1741990 780
1742000 780
1742010 780
1742020 781
1742030 781
1742040 781
1742050 782
1742060 783
1742070 784
1742080 785
1742090 786
1742100 786
1742110 787
1742120 787
1742130 786
1742140 785
1742150 783
1742160 781
1742170 779
1742180 776
1742190 774
1742200 773
1742210 773
1742220 774
1742230 774
1742240 774
1742250 772
1742260 770
1742270 768
1742280 768
1742290 770
1742300 774
1742310 777
1742320 780
1742330 784
1742340 787
1742350 790
1742360 793
1742370 794
1742380 796
1742390 797
1742400 797
1742410 796
1742420 793
1742430 790
1742440 786
1742450 784
1742460 784
1742470 786
1742480 789
1742490 791
1742500 792
1742510 792
1742520 792
1742530 791
1742540 790
1742550 791
1742560 792
1742570 794
1742580 796
1742590 798
1742600 800
1742610 802
1742620 803
1742630 804
1742640 805
1742650 804
1742660 803
1742670 802
1742680 801
1742690 800
1742700 799
1742710 799
1742720 799
1742730 799
1742740 799
1742750 799
1742760 799
1742770 798
1742780 797
1742790 795
1742800 791
1742810 787
1742820 782
1742830 777
1742840 773
1742850 770
1742860 767
1742870 764
1742880 761
1742890 758
1742900 755
1742910 752
1742920 748
1742930 743
1742940 739
1742950 734
1742960 729
1742970 725
1742980 722
1742990 720
1743000 718
1743010 718
1743020 718
1743030 718
1743040 718
1743050 717
1743060 716
1743070 714
1743080 710
1743090 707
1743100 704
1743110 703
1743120 702
1743130 703
1743140 705
1743150 708
1743160 711
1743170 714
1743180 717
1743190 719
1743200 720
1743210 722
1743220 724
1743230 727
1743240 729
1743250 731
1743260 734
1743270 736
1743280 738
1743290 740
1743300 743
1743310 745
1743320 748
1743330 750
1743340 752
1743350 753
1743360 754
1743370 753
1743380 752
1743390 751
1743400 750
1743410 750
1743420 751
1743430 752
1743440 754
1743450 756
1743460 758
1743470 760
1743480 763
1743490 765
1743500 768
1743510 772
1743520 776
1743530 781
1743540 786
1743550 790
1743560 794
1743570 797
1743580 799
1743590 802
1743600 805
1743610 808
1743620 811
1743630 815
1743640 818
1743650 822
1743660 826
1743670 831
1743680 835
1743690 840
1743700 844
1743710 848
1743720 851
1743730 853
1743740 857
1743750 860
1743760 863
1743770 866
1743780 868
1743790 871
1743800 874
1743810 877
1743820 880
1743830 882
1743840 885
1743850 887
1743860 887
1743870 886
1743880 884
1743890 880
1743900 877
1743910 874
1743920 871
1743930 870
1743940 869
1743950 868
1743960 868
1743970 867
1743980 867
1743990 867
1744000 867
1744010 867
1744020 865
1744030 864
1744040 863
1744050 862
1744060 862
1744070 862
1744080 863
1744090 864
1744100 866
1744110 869
1744120 871
1744130 874
1744140 877
1744150 880
1744160 883
1744170 886
1744180 889
1744190 892
1744200 895
1744210 899
1744220 901
1744230 904
1744240 907
1744250 910
1744260 912
1744270 915
1744280 918
1744290 920
1744300 921
1744310 921
1744320 919
1744330 920
1744340 922
1744350 925
1744360 927
1744370 928
1744380 929
1744390 931
1744400 932
1744410 935
1744420 937
1744430 940
1744440 943
1744450 947
1744460 951
1744470 954
1744480 957
1744490 960
1744500 963
1744510 966
1744520 968
1744530 971
1744540 972
1744550 972
1744560 970
1744570 966
1744580 963
1744590 960
1744600 956
1744610 953
1744620 949
1744630 946
1744640 942
1744650 939
1744660 936
1744670 934
1744680 931
1744690 928
1744700 925
1744710 923
1744720 920
1744730 918
1744740 917
1744750 915
1744760 914
1744770 912
1744780 911
1744790 910
1744800 909
1744810 909
1744820 909
1744830 910
1744840 910
1744850 911
1744860 910
1744870 910
1744880 910
1744890 911
1744900 912
1744910 913
1744920 913
1744930 913
1744940 914
1744950 914
1744960 915
1744970 915
1744980 916
1744990 918
1745000 919
1745010 920
1745020 921
1745030 922
1745040 923
1745050 925
1745060 925
1745070 926
1745080 926
1745090 926
1745100 926
1745110 926
1745120 926
1745130 925
1745140 925
1745150 924
1745160 923
1745170 923
1745180 922
1745190 921
1745200 921
1745210 920
1745220 918
1745230 917
1745240 914
1745250 912
1745260 909
1745270 906
1745280 905
1745290 903
1745300 902
1745310 902
1745320 901
1745330 901
1745340 900
1745350 899
1745360 899
1745370 898
1745380 897
1745390 897
1745400 896
1745410 895
1745420 894
1745430 894
1745440 894
1745450 893
1745460 893
1745470 893
1745480 893
1745490 892
1745500 892
1745510 892
1745520 892
1745530 892
1745540 892
1745550 892
1745560 892
1745570 892
1745580 892
1745590 893
1745600 893
1745610 893
1745620 893
1745630 894
1745640 894
1745650 894
1745660 895
1745670 895
1745680 895
1745690 896
1745700 897
1745710 897
1745720 898
1745730 899
1745740 899
1745750 898
1745760 897
1745770 895
1745780 893
1745790 891
1745800 889
1745810 887
1745820 884
1745830 881
1745840 877
1745850 873
1745860 869
1745870 864
1745880 860
1745890 856
1745900 852
1745910 849
1745920 845
1745930 842
1745940 838
1745950 834
1745960 830
1745970 827
1745980 824
1745990 822
1746000 819
1746010 817
1746020 815
1746030 813
1746040 812
1746050 811
1746060 810
1746070 809
1746080 808
1746090 806
1746100 804
1746110 802
1746120 800
1746130 798
1746140 796
1746150 795
1746160 793
1746170 791
1746180 789
1746190 787
1746200 784
1746210 780
1746220 776
1746230 772
1746240 769
1746250 766
1746260 765
1746270 764
1746280 763
1746290 763
1746300 762
1746310 762
1746320 761
1746330 761
1746340 760
1746350 760
1746360 760
1746370 759
1746380 759
1746390 758
1746400 757
1746410 756
1746420 756
1746430 757
1746440 758
1746450 760
1746460 762
1746470 765
1746480 767
1746490 769
1746500 771
1746510 773
1746520 774
1746530 775
1746540 775
1746550 774
1746560 773
1746570 772
1746580 771
1746590 769
1746600 768
1746610 766
1746620 765
1746630 764
1746640 762
1746650 761
1746660 760
1746670 759
1746680 757
1746690 755
1746700 753
1746710 750
1746720 747
1746730 745
1746740 744
1746750 743
1746760 742
1746770 742
1746780 741
1746790 740
1746800 740
1746810 740
1746820 740
1746830 740
1746840 740
1746850 740
1746860 740
1746870 740
1746880 739
1746890 738
1746900 736
1746910 734
1746920 732
1746930 730
1746940 728
1746950 727
1746960 726
1746970 725
1746980 725
1746990 725
1747000 723
1747010 720
1747020 717
1747030 713
1747040 709
1747050 706
1747060 702
1747070 699
1747080 696
1747090 693
1747100 690
1747110 686
1747120 683
1747130 680
1747140 677
1747150 674
1747160 671
1747170 668
1747180 665
1747190 663
1747200 661
1747210 659
1747220 657
1747230 655
1747240 653
1747250 652
1747260 651
1747270 649
1747280 648
1747290 647
1747300 646
1747310 644
1747320 642
1747330 639
1747340 634
1747350 631
1747360 630
1747370 631
1747380 633
1747390 637
1747400 643
1747410 648
1747420 652
1747430 656
1747440 659
1747450 663
1747460 664
1747470 663
1747480 661
1747490 659
1747500 657
1747510 657
1747520 658
1747530 658
1747540 659
1747550 659
1747560 659
1747570 658
1747580 656
1747590 654
1747600 652
1747610 652
1747620 652
1747630 653
1747640 655
1747650 656
1747660 658
1747670 659
1747680 660
1747690 661
1747700 663
1747710 664
1747720 664
1747730 665
1747740 666
1747750 666
1747760 667
1747770 668
1747780 668
1747790 669
1747800 669
1747810 669
1747820 667
1747830 667
1747840 666
1747850 666
1747860 665
1747870 665
1747880 664
1747890 663
1747900 663
1747910 661
1747920 660
1747930 659
1747940 659
1747950 661
1747960 664
1747970 667
1747980 670
1747990 673
1748000 676
1748010 679
1748020 682
1748030 685
1748040 688
1748050 691
1748060 695
1748070 698
1748080 700
1748090 703
1748100 706
1748110 708
1748120 710
1748130 712
1748140 713
1748150 714
1748160 713
1748170 712
1748180 711
1748190 711
1748200 711
1748210 711
1748220 713
1748230 716
1748240 719
1748250 722
1748260 725
1748270 728
1748280 732
1748290 735
1748300 737
1748310 740
1748320 743
1748330 746
1748340 748
1748350 750
1748360 751
1748370 752
1748380 753
1748390 754
1748400 756
1748410 757
1748420 760
1748430 763
1748440 767
1748450 771
1748460 773
1748470 777
1748480 781
1748490 784
1748500 787
1748510 790
1748520 793
1748530 795
1748540 798
1748550 801
1748560 804
1748570 807
1748580 810
1748590 813
1748600 816
1748610 817
1748620 814
1748630 810
1748640 806
1748650 803
1748660 799
1748670 797
1748680 794
1748690 793
1748700 792
1748710 791
1748720 791
1748730 790
1748740 790
1748750 790
1748760 791
1748770 790
1748780 790
1748790 789
1748800 787
1748810 785
1748820 783
1748830 780
1748840 777
1748850 773
1748860 768
1748870 762
1748880 757
1748890 753
1748900 749
1748910 746
1748920 746
1748930 747
1748940 749
1748950 751
1748960 753
1748970 754
1748980 756
1748990 757
1749000 758
1749010 759
1749020 759
1749030 759
1749040 759
1749050 759
1749060 758
1749070 757
1749080 756
1749090 754
1749100 753
1749110 750
1749120 747
1749130 744
1749140 740
1749150 736
1749160 732
1749170 729
1749180 725
1749190 721
1749200 718
1749210 717
1749220 718
1749230 721
1749240 724
1749250 727
1749260 729
1749270 731
1749280 733
1749290 736
1749300 738
1749310 739
1749320 741
1749330 743
1749340 744
1749350 747
1749360 749
1749370 750
1749380 748
1749390 745
1749400 741
1749410 737
1749420 732
1749430 727
1749440 722
1749450 717
1749460 714
1749470 712
1749480 711
1749490 711
1749500 710
1749510 708
1749520 706
1749530 704
1749540 701
1749550 698
1749560 696
1749570 693
1749580 691
1749590 689
1749600 688
1749610 686
1749620 684
1749630 681
1749640 677
1749650 672
1749660 670
1749670 668
1749680 667
1749690 667
1749700 666
1749710 666
1749720 666
1749730 666
1749740 667
1749750 669
1749760 672
1749770 677
1749780 682
1749790 687
1749800 690
1749810 692
1749820 692
1749830 690
1749840 688
1749850 687
1749860 688
1749870 691
1749880 695
1749890 698
1749900 702
1749910 706
1749920 709
1749930 713
1749940 716
1749950 720
1749960 723
1749970 725
1749980 728
1749990 730
1750000 731
1750010 733
1750020 735
1750030 737
1750040 738
1750050 740
1750060 740
1750070 740
1750080 737
1750090 734
1750100 732
1750110 731
1750120 729
1750130 727
1750140 725
1750150 724
1750160 723
1750170 723
1750180 722
1750190 722
1750200 722
1750210 722
1750220 724
1750230 727
1750240 730
1750250 734
1750260 736
1750270 739
1750280 743
1750290 747
1750300 751
1750310 755
1750320 759
1750330 763
1750340 767
1750350 770
1750360 774
1750370 777
1750380 780
1750390 784
1750400 787
1750410 790
1750420 792
1750430 795
1750440 796
1750450 795
1750460 792
1750470 787
1750480 782
1750490 777
1750500 771
1750510 769
1750520 766
1750530 765
1750540 764
1750550 763
1750560 763
1750570 762
1750580 760
1750590 758
1750600 754
1750610 750
1750620 746
1750630 741
1750640 736
1750650 732
1750660 730
1750670 729
1750680 730
1750690 729
1750700 728
1750710 725
1750720 722
1750730 718
1750740 714
1750750 711
1750760 708
1750770 707
1750780 706
1750790 705
1750800 704
1750810 702
1750820 701
1750830 699
1750840 699
1750850 700
1750860 700
1750870 702
1750880 705
1750890 708
1750900 711
1750910 715
1750920 718
1750930 721
1750940 724
1750950 727
1750960 730
1750970 733
1750980 737
1750990 740
1751000 743
1751010 747
1751020 750
1751030 753
1751040 756
1751050 760
1751060 764
1751070 767
1751080 770
1751090 772
1751100 775
1751110 777
1751120 780
1751130 782
1751140 784
1751150 786
1751160 787
1751170 788
1751180 790
1751190 792
1751200 793
1751210 794
1751220 795
1751230 798
1751240 801
1751250 804
1751260 806
1751270 809
1751280 811
1751290 814
1751300 817
1751310 820
1751320 823
1751330 826
1751340 828
1751350 829
1751360 829
1751370 830
1751380 831
1751390 833
1751400 835
1751410 837
1751420 839
1751430 841
1751440 844
1751450 845
1751460 846
1751470 847
1751480 849
1751490 851
1751500 852
1751510 853
1751520 854
1751530 856
1751540 856
1751550 855
1751560 855
1751570 854
1751580 855
1751590 857
1751600 860
1751610 860
1751620 860
1751630 860
1751640 862
1751650 862
1751660 862
1751670 865
1751680 867
1751690 867
1751700 867
1751710 867
1751720 868
1751730 869
1751740 868
1751750 865
1751760 863
1751770 862
1751780 863
1751790 862
1751800 861
1751810 860
1751820 859
1751830 859
1751840 860
1751850 862
1751860 864
1751870 866
1751880 867
1751890 866
1751900 866
1751910 868
1751920 870
1751930 872
1751940 876
1751950 881
1751960 888
1751970 890
1751980 892
1751990 893
1752000 892
1752010 891
1752020 890
1752030 891
1752040 893
1752050 896
1752060 897
1752070 897
1752080 899
1752090 900
1752100 900
1752110 900
1752120 899
1752130 899
1752140 901
1752150 902
1752160 904
1752170 905
1752180 908
1752190 911
1752200 915
1752210 919
1752220 922
1752230 925
1752240 927
1752250 928
1752260 928
1752270 924
1752280 920
1752290 917
1752300 912
1752310 906
1752320 899
1752330 893
1752340 887
1752350 882
1752360 878
1752370 877
1752380 878
1752390 881
1752400 884
1752410 887
1752420 891
1752430 895
1752440 897
1752450 898
1752460 896
1752470 893
1752480 891
1752490 891
1752500 893
1752510 895
1752520 897
1752530 900
1752540 902
1752550 905
1752560 909
1752570 913
1752580 916
1752590 919
1752600 923
1752610 926
1752620 928
1752630 931
1752640 933
1752650 935
1752660 936
1752670 938
1752680 939
1752690 940
1752700 939
1752710 938
1752720 937
1752730 940
1752740 943
1752750 947
1752760 952
1752770 956
1752780 959
1752790 957
1752800 954
1752810 950
1752820 946
1752830 942
1752840 936
1752850 930
1752860 922
1752870 914
1752880 908
1752890 902
1752900 897
1752910 892
1752920 888
1752930 884
1752940 880
1752950 877
1752960 874
1752970 871
1752980 868
1752990 865
1753000 863
1753010 860
1753020 858
1753030 856
1753040 855
1753050 854
1753060 853
1753070 852
1753080 851
1753090 850
1753100 849
1753110 847
1753120 844
1753130 840
1753140 837
1753150 833
1753160 831
1753170 828
1753180 825
1753190 822
1753200 820
1753210 817
1753220 815
1753230 813
1753240 812
1753250 810
1753260 809
1753270 808
1753280 807
1753290 806
1753300 805
1753310 804
1753320 803
1753330 802
1753340 801
1753350 800
1753360 799
1753370 800
1753380 800
1753390 800
1753400 801
1753410 801
1753420 801
1753430 799
1753440 797
1753450 795
1753460 794
1753470 792
1753480 790
1753490 789
1753500 788
1753510 787
1753520 787
1753530 786
1753540 786
1753550 786
1753560 786
1753570 787
1753580 788
1753590 790
1753600 792
1753610 795
1753620 796
1753630 796
1753640 796
1753650 795
1753660 794
1753670 793
1753680 792
1753690 791
1753700 790
1753710 789
1753720 788
1753730 787
1753740 785
1753750 784
1753760 784
1753770 782
1753780 782
1753790 781
1753800 781
1753810 780
1753820 779
1753830 779
1753840 779
1753850 779
1753860 778
1753870 778
1753880 777
1753890 780
1753900 783
1753910 786
1753920 788
1753930 790
1753940 792
1753950 794
1753960 796
1753970 797
1753980 798
1753990 799
1754000 800
1754010 801
1754020 803
1754030 806
1754040 808
1754050 811
1754060 814
1754070 820
1754080 822
1754090 822
1754100 821
1754110 818
1754120 815
1754130 811
1754140 807
1754150 804
1754160 802
1754170 801
1754180 802
1754190 804
1754200 808
1754210 811
1754220 814
1754230 817
1754240 820
1754250 823
1754260 825
1754270 827
1754280 829
1754290 829
1754300 830
1754310 830
1754320 828
1754330 826
1754340 823
1754350 820
1754360 816
1754370 813
1754380 809
1754390 805
1754400 800
1754410 797
1754420 793
1754430 790
1754440 788
1754450 789
1754460 791
1754470 793
1754480 795
1754490 797
1754500 798
1754510 801
1754520 804
1754530 807
1754540 808
1754550 809
1754560 808
1754570 809
1754580 809
1754590 811
1754600 813
1754610 817
1754620 818
1754630 817
1754640 815
1754650 813
1754660 813
1754670 813
1754680 816
1754690 819
1754700 823
1754710 827
1754720 831
1754730 835
1754740 839
1754750 845
1754760 850
1754770 857
1754780 860
1754790 861
1754800 857
1754810 854
1754820 851
1754830 851
1754840 849
1754850 846
1754860 844
1754870 844
1754880 844
1754890 844
1754900 846
1754910 848
1754920 851
1754930 855
1754940 858
1754950 859
1754960 860
1754970 860
1754980 858
1754990 855
1755000 852
1755010 848
1755020 844
1755030 841
1755040 838
1755050 835
1755060 832
1755070 829
1755080 825
1755090 821
1755100 817
1755110 814
1755120 810
1755130 806
1755140 804
1755150 802
1755160 801
1755170 799
1755180 797
1755190 795
1755200 794
1755210 794
1755220 794
1755230 793
1755240 792
1755250 792
1755260 790
1755270 788
1755280 786
1755290 783
1755300 780
1755310 777
1755320 774
1755330 771
1755340 768
1755350 767
1755360 766
1755370 765
1755380 763
1755390 762
1755400 760
1755410 759
1755420 758
1755430 757
1755440 756
1755450 753
1755460 749
1755470 745
1755480 745
1755490 747
1755500 750
1755510 754
1755520 757
1755530 761
1755540 765
1755550 770
1755560 775
1755570 780
1755580 784
1755590 786
1755600 787
1755610 788
1755620 789
1755630 790
1755640 790
1755650 790
1755660 791
1755670 791
1755680 792
1755690 794
1755700 795
1755710 797
1755720 799
1755730 802
1755740 804
1755750 805
1755760 807
1755770 810
1755780 812
1755790 814
1755800 815
1755810 815
1755820 815
1755830 814
1755840 814
1755850 814
1755860 815
1755870 818
1755880 821
1755890 824
1755900 826
1755910 828
1755920 829
1755930 831
1755940 834
1755950 836
1755960 838
1755970 840
1755980 843
1755990 846
1756000 849
1756010 854
1756020 858
1756030 862
1756040 866
1756050 871
1756060 875
1756070 879
1756080 883
1756090 887
1756100 891
1756110 894
1756120 898
1756130 901
1756140 905
1756150 907
1756160 908
1756170 906
1756180 905
1756190 904
1756200 902
1756210 901
1756220 900
1756230 900
1756240 900
1756250 899
1756260 898
1756270 896
1756280 893
1756290 890
1756300 886
1756310 883
1756320 880
1756330 876
1756340 873
1756350 871
1756360 869
1756370 868
1756380 866
1756390 866
1756400 864
1756410 861
1756420 860
1756430 858
1756440 857
1756450 856
1756460 855
1756470 854
1756480 853
1756490 851
1756500 850
1756510 848
1756520 847
1756530 845
1756540 843
1756550 842
1756560 841
1756570 839
1756580 837
1756590 834
1756600 831
1756610 828
1756620 825
1756630 823
1756640 821
1756650 820
1756660 819
1756670 818
1756680 817
1756690 816
1756700 815
1756710 814
1756720 811
1756730 809
1756740 807
1756750 805
1756760 804
1756770 802
1756780 800
1756790 799
1756800 797
1756810 795
1756820 794
1756830 792
1756840 790
1756850 789
1756860 787
1756870 785
1756880 782
1756890 779
1756900 775
1756910 770
1756920 765
1756930 761
1756940 758
1756950 756
1756960 756
1756970 756
1756980 757
1756990 759
1757000 761
1757010 764
1757020 767
1757030 771
1757040 774
1757050 777
1757060 779
1757070 781
1757080 783
1757090 785
1757100 786
1757110 788
1757120 789
1757130 790
1757140 791
1757150 791
1757160 791
1757170 790
1757180 788
1757190 786
1757200 785
1757210 785
1757220 786
1757230 787
1757240 788
1757250 790
1757260 791
1757270 793
1757280 795
1757290 797
1757300 799
1757310 801
1757320 803
1757330 806
1757340 808
1757350 811
1757360 813
1757370 814
1757380 815
1757390 817
1757400 818
1757410 819
1757420 821
1757430 821
1757440 822
1757450 821
1757460 818
1757470 816
1757480 814
1757490 813
1757500 812
1757510 811
1757520 812
1757530 814
1757540 815
1757550 817
1757560 819
1757570 822
1757580 824
1757590 827
1757600 830
1757610 833
1757620 836
1757630 838
1757640 841
1757650 844
1757660 846
1757670 849
1757680 851
1757690 853
1757700 855
1757710 856
1757720 857
1757730 857
1757740 855
1757750 853
1757760 851
1757770 851
1757780 852
1757790 854
1757800 855
1757810 856
1757820 856
1757830 854
1757840 853
1757850 854
1757860 856
1757870 857
1757880 860
1757890 862
1757900 864
1757910 866
1757920 868
1757930 870
1757940 874
1757950 877
1757960 881
1757970 886
1757980 890
1757990 894
1758000 898
1758010 902
1758020 906
1758030 910
1758040 913
1758050 917
1758060 922
1758070 927
1758080 932
1758090 935
1758100 939
1758110 943
1758120 947
1758130 950
1758140 954
1758150 957
1758160 960
1758170 962
1758180 964
1758190 966
1758200 967
1758210 964
1758220 961
1758230 958
1758240 955
1758250 952
1758260 950
1758270 947
1758280 944
1758290 941
1758300 937
1758310 932
1758320 928
1758330 927
1758340 929
1758350 931
1758360 935
1758370 934
1758380 932
1758390 929
1758400 926
1758410 924
1758420 922
1758430 922
1758440 923
1758450 924
1758460 923
1758470 922
1758480 921
1758490 921
1758500 920
1758510 921
1758520 922
1758530 924
1758540 926
1758550 933
1758560 942
1758570 953
1758580 958
1758590 961
1758600 961
1758610 959
1758620 958
1758630 957
1758640 956
1758650 957
1758660 959
1758670 963
1758680 967
1758690 971
1758700 975
1758710 976
1758720 977
1758730 978
1758740 982
1758750 985
1758760 982
1758770 979
1758780 977
1758790 976
1758800 977
1758810 980
1758820 985
1758830 988
1758840 990
1758850 990
1758860 993
1758870 995
1758880 998
1758890 1000
1758900 1003
1758910 1006
1758920 1008
1758930 1011
1758940 1014
1758950 1015
1758960 1015
1758970 1015
1758980 1015
1758990 1016
1759000 1016
1759010 1015
1759020 1013
1759030 1011
1759040 1007
1759050 1004
1759060 1000
1759070 996
1759080 992
1759090 988
1759100 984
1759110 980
1759120 977
1759130 973
1759140 970
1759150 966
1759160 962
1759170 959
1759180 955
1759190 951
1759200 946
1759210 942
1759220 938
1759230 933
1759240 927
1759250 921
1759260 915
1759270 908
1759280 902
1759290 897
1759300 892
1759310 885
1759320 878
1759330 873
1759340 867
1759350 862
1759360 857
1759370 851
1759380 845
1759390 840
1759400 836
1759410 831
1759420 827
1759430 821
1759440 817
1759450 813
1759460 809
1759470 807
1759480 804
1759490 801
1759500 799
1759510 797
1759520 793
1759530 789
1759540 784
1759550 780
1759560 777
1759570 774
1759580 772
1759590 769
1759600 767
1759610 763
1759620 760
1759630 757
1759640 754
1759650 752
1759660 751
1759670 750
1759680 750
1759690 749
1759700 749
1759710 750
1759720 750
1759730 749
1759740 746
1759750 742
1759760 737
1759770 734
1759780 730
1759790 727
1759800 725
1759810 722
1759820 720
1759830 718
1759840 716
1759850 714
1759860 713
1759870 714
1759880 716
1759890 717
1759900 717
1759910 716
1759920 714
1759930 711
1759940 708
1759950 707
1759960 709
1759970 715
1759980 720
1759990 726
