1740000 1026
1740010 1027
1740020 1028
1740030 1029
1740040 1031
1740050 1032
1740060 1034
1740070 1035
1740080 1037
1740090 1039
1740100 1040
1740110 1041
1740120 1042
1740130 1043
1740140 1044
1740150 1045
1740160 1046
1740170 1047
1740180 1047
1740190 1048
1740200 1049
1740210 1050
1740220 1050
1740230 1050
1740240 1051
1740250 1051
1740260 1051
1740270 1050
1740280 1050
1740290 1049
1740300 1049
1740310 1048
1740320 1047
1740330 1047
1740340 1046
1740350 1045
1740360 1044
1740370 1043
1740380 1042
1740390 1041
1740400 1041
1740410 1040
1740420 1039
1740430 1038
1740440 1038
1740450 1037
1740460 1037
1740470 1036
1740480 1036
1740490 1035
1740500 1034
1740510 1033
1740520 1033
1740530 1032
1740540 1032
1740550 1031
1740560 1030
1740570 1029
1740580 1027
1740590 1026
1740600 1024
1740610 1023
1740620 1022
1740630 1021
1740640 1020
1740650 1019
1740660 1017
1740670 1015
1740680 1011
1740690 1008
1740700 1003
1740710 998
1740720 993
1740730 988
1740740 984
1740750 980
1740760 976
1740770 972
1740780 969
1740790 965
1740800 961
1740810 958
1740820 954
1740830 950
1740840 947
1740850 943
1740860 940
1740870 937
1740880 934
1740890 933
1740900 932
1740910 932
1740920 933
1740930 933
1740940 933
1740950 934
1740960 934
1740970 934
1740980 935
1740990 935
1741000 936
1741010 937
1741020 937
1741030 938
1741040 939
1741050 940
1741060 941
1741070 942
1741080 943
1741090 944
1741100 945
1741110 946
1741120 947
1741130 948
1741140 948
1741150 949
1741160 949
1741170 949
1741180 949
1741190 948
1741200 947
1741210 945
1741220 944
1741230 943
1741240 941
1741250 939
1741260 937
1741270 935
1741280 932
1741290 929
1741300 926
1741310 922
1741320 919
1741330 916
1741340 914
1741350 912
1741360 910
1741370 909
1741380 908
1741390 908
1741400 908
1741410 906
1741420 905
1741430 903
1741440 901
1741450 898
1741460 895
1741470 892
1741480 890
1741490 888
1741500 886
1741510 885
1741520 885
1741530 885
1741540 885
1741550 885
1741560 885
1741570 885
1741580 885
1741590 885
1741600 884
1741610 884
1741620 883
1741630 882
1741640 880
1741650 879
1741660 877
1741670 875
1741680 873
1741690 871
1741700 869
1741710 867
1741720 865
1741730 863
1741740 861
1741750 860
1741760 860
1741770 860
1741780 860
1741790 861
1741800 860
1741810 860
1741820 859
1741830 859
1741840 858
1741850 856
1741860 855
1741870 854
1741880 853
1741890 853
1741900 852
1741910 851
1741920 849
1741930 847
1741940 845
1741950 843
1741960 842
1741970 841
1741980 841
1741990 840
1742000 839
1742010 838
1742020 837
1742030 837
1742040 836
1742050 837
1742060 838
1742070 839
1742080 841
1742090 842
1742100 844
1742110 846
1742120 848
1742130 849
1742140 851
1742150 853
1742160 854
1742170 855
1742180 856
1742190 858
1742200 859
1742210 861
1742220 862
1742230 863
1742240 865
1742250 866
1742260 866
1742270 865
1742280 863
1742290 862
1742300 860
1742310 858
1742320 856
1742330 855
1742340 855
1742350 857
1742360 859
1742370 861
1742380 863
1742390 864
1742400 866
1742410 868
1742420 869
1742430 871
1742440 872
1742450 872
1742460 873
1742470 874
1742480 874
1742490 874
1742500 874
1742510 873
1742520 872
1742530 871
1742540 868
1742550 866
1742560 863
1742570 858
1742580 853
1742590 849
1742600 845
1742610 843
1742620 841
1742630 840
1742640 840
1742650 841
1742660 841
1742670 841
1742680 841
1742690 840
1742700 838
1742710 836
1742720 831
1742730 827
1742740 823
1742750 823
1742760 823
1742770 824
1742780 825
1742790 826
1742800 827
1742810 828
1742820 829
1742830 830
1742840 832
1742850 833
1742860 834
1742870 834
1742880 834
1742890 833
1742900 830
1742910 826
1742920 822
1742930 817
1742940 812
1742950 806
1742960 801
1742970 796
1742980 791
1742990 787
1743000 782
1743010 777
1743020 772
1743030 769
1743040 767
1743050 767
1743060 766
1743070 765
1743080 765
1743090 763
1743100 762
1743110 759
1743120 755
1743130 749
1743140 744
1743150 742
1743160 741
1743170 742
1743180 743
1743190 743
1743200 742
1743210 739
1743220 736
1743230 733
1743240 728
1743250 724
1743260 720
1743270 716
1743280 713
1743290 710
1743300 707
1743310 704
1743320 701
1743330 700
1743340 699
1743350 699
1743360 702
1743370 706
1743380 709
1743390 712
1743400 715
1743410 717
1743420 720
1743430 723
1743440 726
1743450 730
1743460 733
1743470 736
1743480 739
1743490 742
1743500 745
1743510 748
1743520 751
1743530 754
1743540 757
1743550 760
1743560 763
1743570 766
1743580 769
1743590 772
1743600 774
1743610 777
1743620 780
1743630 782
1743640 784
1743650 787
1743660 789
1743670 790
1743680 792
1743690 793
1743700 793
1743710 794
1743720 794
1743730 793
1743740 793
1743750 793
1743760 792
1743770 792
1743780 790
1743790 788
1743800 787
1743810 785
1743820 784
1743830 783
1743840 782
1743850 780
1743860 779
1743870 779
1743880 778
1743890 778
1743900 778
1743910 778
1743920 779
1743930 781
1743940 784
1743950 788
1743960 791
1743970 795
1743980 798
1743990 802
1744000 806
1744010 809
1744020 813
1744030 817
1744040 820
1744050 824
1744060 828
1744070 832
1744080 835
1744090 839
1744100 842
1744110 845
1744120 847
1744130 849
1744140 850
1744150 849
1744160 848
1744170 846
1744180 843
1744190 839
1744200 836
1744210 832
1744220 829
1744230 827
1744240 824
1744250 821
1744260 819
1744270 820
1744280 822
1744290 824
1744300 827
1744310 830
1744320 834
1744330 838
1744340 842
1744350 846
1744360 850
1744370 853
1744380 857
1744390 860
1744400 863
1744410 864
1744420 865
1744430 867
1744440 868
1744450 870
1744460 871
1744470 872
1744480 873
1744490 875
1744500 876
1744510 877
1744520 878
1744530 879
1744540 880
1744550 881
1744560 882
1744570 882
1744580 881
1744590 880
1744600 879
1744610 878
1744620 877
1744630 877
1744640 877
1744650 878
1744660 879
1744670 880
1744680 881
1744690 882
1744700 883
1744710 882
1744720 881
1744730 880
1744740 878
1744750 876
1744760 873
1744770 870
1744780 867
1744790 865
1744800 863
1744810 862
1744820 862
1744830 862
1744840 863
1744850 865
1744860 866
1744870 868
1744880 870
1744890 872
1744900 874
1744910 876
1744920 878
1744930 880
1744940 883
1744950 885
1744960 887
1744970 889
1744980 891
1744990 893
1745000 895
1745010 897
1745020 899
1745030 901
1745040 903
1745050 905
1745060 908
1745070 910
1745080 912
1745090 914
1745100 916
1745110 918
1745120 920
1745130 922
1745140 924
1745150 926
1745160 928
1745170 930
1745180 932
1745190 934
1745200 935
1745210 937
1745220 938
1745230 939
1745240 939
1745250 938
1745260 937
1745270 935
1745280 934
1745290 933
1745300 932
1745310 931
1745320 929
1745330 927
1745340 926
1745350 924
1745360 923
1745370 921
1745380 919
1745390 917
1745400 915
1745410 913
1745420 912
1745430 910
1745440 908
1745450 907
1745460 905
1745470 903
1745480 901
1745490 899
1745500 897
1745510 896
1745520 894
1745530 892
1745540 890
1745550 889
1745560 887
1745570 885
1745580 884
1745590 882
1745600 881
1745610 880
1745620 879
1745630 878
1745640 877
1745650 876
1745660 875
1745670 874
1745680 875
1745690 875
1745700 875
1745710 876
1745720 876
1745730 876
1745740 876
1745750 876
1745760 876
1745770 875
1745780 875
1745790 874
1745800 873
1745810 871
1745820 870
1745830 868
1745840 866
1745850 863
1745860 861
1745870 858
1745880 854
1745890 852
1745900 849
1745910 848
1745920 846
1745930 844
1745940 842
1745950 840
1745960 838
1745970 836
1745980 835
1745990 834
1746000 832
1746010 832
1746020 831
1746030 831
1746040 830
1746050 830
1746060 828
1746070 826
1746080 824
1746090 820
1746100 816
1746110 811
1746120 808
1746130 807
1746140 804
1746150 801
1746160 799
1746170 798
1746180 796
1746190 795
1746200 794
1746210 793
1746220 792
1746230 791
1746240 789
1746250 787
1746260 785
1746270 782
1746280 780
1746290 776
1746300 772
1746310 768
1746320 764
1746330 760
1746340 756
1746350 752
1746360 748
1746370 745
1746380 742
1746390 738
1746400 734
1746410 729
1746420 724
1746430 719
1746440 715
1746450 711
1746460 709
1746470 707
1746480 704
1746490 702
1746500 700
1746510 698
1746520 698
1746530 698
1746540 700
1746550 702
1746560 704
1746570 707
1746580 709
1746590 711
1746600 712
1746610 712
1746620 711
1746630 709
1746640 706
1746650 701
1746660 698
1746670 695
1746680 693
1746690 692
1746700 690
1746710 687
1746720 685
1746730 682
1746740 680
1746750 679
1746760 679
1746770 678
1746780 678
1746790 678
1746800 677
1746810 677
1746820 677
1746830 677
1746840 677
1746850 676
1746860 676
1746870 675
1746880 674
1746890 675
1746900 675
1746910 676
1746920 676
1746930 676
1746940 676
1746950 676
1746960 676
1746970 676
1746980 675
1746990 674
1747000 673
1747010 672
1747020 671
1747030 671
1747040 670
1747050 670
1747060 669
1747070 668
1747080 668
1747090 667
1747100 666
1747110 666
1747120 665
1747130 663
1747140 662
1747150 660
1747160 657
1747170 653
1747180 651
1747190 649
1747200 648
1747210 648
1747220 648
1747230 647
1747240 647
1747250 647
1747260 646
1747270 645
1747280 645
1747290 645
1747300 645
1747310 645
1747320 642
1747330 638
1747340 633
1747350 632
1747360 631
1747370 632
1747380 635
1747390 637
1747400 638
1747410 638
1747420 638
1747430 639
1747440 640
1747450 639
1747460 637
1747470 634
1747480 632
1747490 633
1747500 633
1747510 633
1747520 633
1747530 634
1747540 636
1747550 640
1747560 643
1747570 646
1747580 648
1747590 649
1747600 651
1747610 652
1747620 653
1747630 654
1747640 655
1747650 656
1747660 657
1747670 658
1747680 659
1747690 660
1747700 661
1747710 662
1747720 663
1747730 664
1747740 665
1747750 666
1747760 667
1747770 668
1747780 668
1747790 668
1747800 667
1747810 668
1747820 668
1747830 667
1747840 666
1747850 666
1747860 667
1747870 670
1747880 673
1747890 677
1747900 680
1747910 683
1747920 685
1747930 687
1747940 688
1747950 690
1747960 691
1747970 691
1747980 692
1747990 692
1748000 691
1748010 690
1748020 688
1748030 685
1748040 683
1748050 682
1748060 682
1748070 682
1748080 684
1748090 686
1748100 688
1748110 690
1748120 692
1748130 693
1748140 696
1748150 698
1748160 700
1748170 702
1748180 704
1748190 707
1748200 710
1748210 713
1748220 716
1748230 719
1748240 723
1748250 726
1748260 730
1748270 733
1748280 737
1748290 740
1748300 743
1748310 746
1748320 749
1748330 750
1748340 751
1748350 752
1748360 752
1748370 752
1748380 752
1748390 751
1748400 749
1748410 745
1748420 743
1748430 740
1748440 738
1748450 735
1748460 733
1748470 730
1748480 727
1748490 725
1748500 723
1748510 724
1748520 725
1748530 726
1748540 726
1748550 726
1748560 724
1748570 721
1748580 719
1748590 716
1748600 714
1748610 711
1748620 710
1748630 710
1748640 710
1748650 711
1748660 714
1748670 716
1748680 719
1748690 722
1748700 725
1748710 728
1748720 731
1748730 734
1748740 736
1748750 737
1748760 738
1748770 739
1748780 740
1748790 740
1748800 740
1748810 740
1748820 740
1748830 739
1748840 739
1748850 738
1748860 737
1748870 735
1748880 733
1748890 732
1748900 731
1748910 730
1748920 728
1748930 725
1748940 720
1748950 715
1748960 710
1748970 705
1748980 701
1748990 697
1749000 694
1749010 691
1749020 691
1749030 693
1749040 695
1749050 697
1749060 699
1749070 701
1749080 703
1749090 705
1749100 707
1749110 708
1749120 709
1749130 710
1749140 712
1749150 713
1749160 714
1749170 715
1749180 716
1749190 716
1749200 718
1749210 717
1749220 715
1749230 713
1749240 711
1749250 708
1749260 704
1749270 702
1749280 700
1749290 698
1749300 696
1749310 695
1749320 693
1749330 691
1749340 689
1749350 687
1749360 685
1749370 683
1749380 681
1749390 680
1749400 679
1749410 678
1749420 677
1749430 675
1749440 674
1749450 670
1749460 667
1749470 663
1749480 662
1749490 661
1749500 660
1749510 660
1749520 660
1749530 661
1749540 661
1749550 662
1749560 662
1749570 663
1749580 664
1749590 665
1749600 670
1749610 674
1749620 678
1749630 683
1749640 688
1749650 692
1749660 696
1749670 701
1749680 705
1749690 709
1749700 713
1749710 717
1749720 720
1749730 722
1749740 722
1749750 721
1749760 723
1749770 724
1749780 727
1749790 730
1749800 733
1749810 736
1749820 738
1749830 741
1749840 745
1749850 748
1749860 751
1749870 755
1749880 758
1749890 762
1749900 766
1749910 770
1749920 773
1749930 776
1749940 779
1749950 783
1749960 786
1749970 790
1749980 793
1749990 795
1750000 796
1750010 796
1750020 796
1750030 795
1750040 794
1750050 792
1750060 792
1750070 791
1750080 789
1750090 787
1750100 786
1750110 784
1750120 781
1750130 778
1750140 775
1750150 772
1750160 770
1750170 768
1750180 766
1750190 764
1750200 764
1750210 764
1750220 764
1750230 765
1750240 765
1750250 766
1750260 766
1750270 768
1750280 768
1750290 767
1750300 766
1750310 764
1750320 763
1750330 762
1750340 762
1750350 762
1750360 763
1750370 764
1750380 765
1750390 765
1750400 765
1750410 763
1750420 759
1750430 754
1750440 750
1750450 745
1750460 741
1750470 739
1750480 739
1750490 743
1750500 747
1750510 749
1750520 748
1750530 746
1750540 744
1750550 744
1750560 743
1750570 742
1750580 740
1750590 738
1750600 735
1750610 731
1750620 727
1750630 723
1750640 720
1750650 717
1750660 714
1750670 710
1750680 706
1750690 703
1750700 699
1750710 697
1750720 694
1750730 692
1750740 690
1750750 688
1750760 690
1750770 693
1750780 697
1750790 701
1750800 705
1750810 709
1750820 712
1750830 716
1750840 719
1750850 721
1750860 723
1750870 724
1750880 725
1750890 725
1750900 725
1750910 726
1750920 726
1750930 727
1750940 728
1750950 728
1750960 729
1750970 729
1750980 729
1750990 729
1751000 730
1751010 730
1751020 731
1751030 732
1751040 732
1751050 733
1751060 734
1751070 736
1751080 737
1751090 738
1751100 739
1751110 740
1751120 741
1751130 742
1751140 742
1751150 743
1751160 743
1751170 743
1751180 743
1751190 742
1751200 740
1751210 736
1751220 734
1751230 733
1751240 733
1751250 735
1751260 736
1751270 737
1751280 739
1751290 740
1751300 741
1751310 742
1751320 743
1751330 743
1751340 743
1751350 741
1751360 738
1751370 735
1751380 733
1751390 733
1751400 735
1751410 739
1751420 743
1751430 748
1751440 752
1751450 755
1751460 755
1751470 753
1751480 751
1751490 748
1751500 746
1751510 745
1751520 747
1751530 751
1751540 754
1751550 758
1751560 761
1751570 765
1751580 768
1751590 770
1751600 773
1751610 775
1751620 777
1751630 778
1751640 779
1751650 780
1751660 780
1751670 780
1751680 780
1751690 780
1751700 780
1751710 777
1751720 774
1751730 769
1751740 765
1751750 762
1751760 758
1751770 756
1751780 755
1751790 758
1751800 760
1751810 763
1751820 766
1751830 767
1751840 768
1751850 769
1751860 769
1751870 770
1751880 770
1751890 770
1751900 771
1751910 772
1751920 772
1751930 771
1751940 769
1751950 769
1751960 769
1751970 771
1751980 774
1751990 778
1752000 782
1752010 785
1752020 788
1752030 790
1752040 792
1752050 794
1752060 796
1752070 797
1752080 797
1752090 797
1752100 797
1752110 797
1752120 798
1752130 798
1752140 800
1752150 803
1752160 806
1752170 807
1752180 808
1752190 807
1752200 806
1752210 807
1752220 808
1752230 809
1752240 810
1752250 810
1752260 811
1752270 813
1752280 815
1752290 817
1752300 818
1752310 819
1752320 820
1752330 821
1752340 822
1752350 824
1752360 825
1752370 826
1752380 827
1752390 829
1752400 831
1752410 833
1752420 836
1752430 838
1752440 841
1752450 844
1752460 847
1752470 850
1752480 853
1752490 857
1752500 860
1752510 864
1752520 868
1752530 871
1752540 875
1752550 880
1752560 884
1752570 888
1752580 892
1752590 896
1752600 901
1752610 905
1752620 910
1752630 914
1752640 918
1752650 923
1752660 927
1752670 931
1752680 934
1752690 936
1752700 937
1752710 937
1752720 937
1752730 937
1752740 937
1752750 938
1752760 939
1752770 941
1752780 943
1752790 945
1752800 947
1752810 949
1752820 952
1752830 955
1752840 957
1752850 960
1752860 963
1752870 964
1752880 966
1752890 966
1752900 969
1752910 971
1752920 973
1752930 971
1752940 967
1752950 960
1752960 953
1752970 948
1752980 943
1752990 939
1753000 935
1753010 932
1753020 929
1753030 927
1753040 924
1753050 923
1753060 922
1753070 919
1753080 914
1753090 910
1753100 908
1753110 909
1753120 911
1753130 911
1753140 907
1753150 902
1753160 896
1753170 891
1753180 886
1753190 882
1753200 877
1753210 874
1753220 871
1753230 870
1753240 868
1753250 865
1753260 862
1753270 859
1753280 855
1753290 850
1753300 847
1753310 844
1753320 846
1753330 847
1753340 847
1753350 845
1753360 843
1753370 841
1753380 839
1753390 837
1753400 835
1753410 832
1753420 829
1753430 826
1753440 823
1753450 821
1753460 818
1753470 818
1753480 819
1753490 823
1753500 827
1753510 831
1753520 836
1753530 840
1753540 843
1753550 845
1753560 843
1753570 841
1753580 839
1753590 839
1753600 841
1753610 843
1753620 846
1753630 849
1753640 852
1753650 854
1753660 856
1753670 859
1753680 862
1753690 864
1753700 865
1753710 866
1753720 868
1753730 872
1753740 876
1753750 879
1753760 882
1753770 884
1753780 880
1753790 876
1753800 870
1753810 864
1753820 857
1753830 851
1753840 845
1753850 839
1753860 834
1753870 829
1753880 826
1753890 823
1753900 822
1753910 822
1753920 822
1753930 822
1753940 821
1753950 819
1753960 819
1753970 820
1753980 823
1753990 824
1754000 825
1754010 827
1754020 828
1754030 828
1754040 827
1754050 827
1754060 826
1754070 825
1754080 821
1754090 815
1754100 809
1754110 804
1754120 800
1754130 796
1754140 792
1754150 788
1754160 785
1754170 784
1754180 783
1754190 784
1754200 785
1754210 786
1754220 787
1754230 788
1754240 788
1754250 789
1754260 791
1754270 792
1754280 793
1754290 793
1754300 790
1754310 787
1754320 783
1754330 780
1754340 778
1754350 778
1754360 780
1754370 782
1754380 784
1754390 784
1754400 784
1754410 783
1754420 782
1754430 781
1754440 779
1754450 777
1754460 774
1754470 771
1754480 767
1754490 764
1754500 760
1754510 759
1754520 758
1754530 758
1754540 757
1754550 757
1754560 757
1754570 756
1754580 754
1754590 754
1754600 754
1754610 756
1754620 758
1754630 759
1754640 760
1754650 760
1754660 761
1754670 762
1754680 763
1754690 764
1754700 764
1754710 765
1754720 766
1754730 766
1754740 767
1754750 769
1754760 770
1754770 771
1754780 772
1754790 772
1754800 772
1754810 770
1754820 768
1754830 766
1754840 767
1754850 769
1754860 772
1754870 774
1754880 776
1754890 777
1754900 778
1754910 778
1754920 777
1754930 777
1754940 778
1754950 780
1754960 784
1754970 787
1754980 789
1754990 790
1755000 790
1755010 791
1755020 792
1755030 792
1755040 793
1755050 793
1755060 791
1755070 790
1755080 789
1755090 790
1755100 792
1755110 793
1755120 795
1755130 796
1755140 797
1755150 798
1755160 798
1755170 799
1755180 799
1755190 799
1755200 799
1755210 800
1755220 800
1755230 800
1755240 800
1755250 800
1755260 800
1755270 799
1755280 799
1755290 798
1755300 797
1755310 796
1755320 794
1755330 792
1755340 790
1755350 788
1755360 786
1755370 784
1755380 782
1755390 780
1755400 779
1755410 777
1755420 775
1755430 773
1755440 771
1755450 769
1755460 767
1755470 765
1755480 763
1755490 761
1755500 758
1755510 755
1755520 753
1755530 751
1755540 749
1755550 747
1755560 744
1755570 742
1755580 740
1755590 740
1755600 740
1755610 740
1755620 741
1755630 741
1755640 741
1755650 743
1755660 746
1755670 749
1755680 751
1755690 754
1755700 756
1755710 759
1755720 763
1755730 767
1755740 770
1755750 774
1755760 777
1755770 779
1755780 782
1755790 784
1755800 786
1755810 788
1755820 789
1755830 791
1755840 793
1755850 795
1755860 797
1755870 799
1755880 801
1755890 802
1755900 804
1755910 806
1755920 808
1755930 810
1755940 810
1755950 809
1755960 809
1755970 811
1755980 813
1755990 815
1756000 818
1756010 821
1756020 825
1756030 828
1756040 832
1756050 835
1756060 839
1756070 843
1756080 847
1756090 853
1756100 858
1756110 863
1756120 865
1756130 865
1756140 864
1756150 863
1756160 861
1756170 860
1756180 857
1756190 852
1756200 847
1756210 843
1756220 838
1756230 834
1756240 829
1756250 824
1756260 819
1756270 813
1756280 809
1756290 805
1756300 802
1756310 798
1756320 796
1756330 793
1756340 791
1756350 791
1756360 792
1756370 793
1756380 795
1756390 798
1756400 800
1756410 802
1756420 804
1756430 805
1756440 807
1756450 808
1756460 810
1756470 813
1756480 817
1756490 817
1756500 817
1756510 818
1756520 819
1756530 820
1756540 820
1756550 820
1756560 819
1756570 819
1756580 819
1756590 818
1756600 818
1756610 817
1756620 815
1756630 814
1756640 811
1756650 809
1756660 807
1756670 804
1756680 801
1756690 799
1756700 797
1756710 794
1756720 792
1756730 790
1756740 788
1756750 785
1756760 782
1756770 779
1756780 776
1756790 773
1756800 770
1756810 768
1756820 765
1756830 762
1756840 760
1756850 759
1756860 758
1756870 757
1756880 756
1756890 754
1756900 751
1756910 751
1756920 751
1756930 752
1756940 752
1756950 756
1756960 760
1756970 765
1756980 769
1756990 773
1757000 777
1757010 782
1757020 786
1757030 788
1757040 790
1757050 790
1757060 787
1757070 783
1757080 778
1757090 774
1757100 770
1757110 766
1757120 765
1757130 765
1757140 766
1757150 766
1757160 767
1757170 768
1757180 769
1757190 770
1757200 771
1757210 773
1757220 774
1757230 776
1757240 777
1757250 778
1757260 779
1757270 780
1757280 781
1757290 782
1757300 783
1757310 784
1757320 785
1757330 786
1757340 788
1757350 789
1757360 791
1757370 792
1757380 795
1757390 797
1757400 800
1757410 804
1757420 808
1757430 810
1757440 812
1757450 814
1757460 817
1757470 819
1757480 821
1757490 823
1757500 826
1757510 829
1757520 832
1757530 835
1757540 838
1757550 841
1757560 844
1757570 847
1757580 850
1757590 853
1757600 856
1757610 860
1757620 863
1757630 866
1757640 869
1757650 873
1757660 876
1757670 880
1757680 883
1757690 886
1757700 890
1757710 894
1757720 898
1757730 901
1757740 907
1757750 913
1757760 917
1757770 923
1757780 928
1757790 933
1757800 937
1757810 941
1757820 945
1757830 950
1757840 956
1757850 961
1757860 968
1757870 972
1757880 973
1757890 975
1757900 977
1757910 980
1757920 982
1757930 984
1757940 986
1757950 988
1757960 989
1757970 991
1757980 992
1757990 992
1758000 993
1758010 993
1758020 994
1758030 996
1758040 998
1758050 1000
1758060 1002
1758070 1004
1758080 1006
1758090 1008
1758100 1010
1758110 1013
1758120 1015
1758130 1017
1758140 1019
1758150 1021
1758160 1022
1758170 1024
1758180 1026
1758190 1027
1758200 1029
1758210 1030
1758220 1032
1758230 1034
1758240 1036
1758250 1039
1758260 1040
1758270 1040
1758280 1039
1758290 1037
1758300 1034
1758310 1030
1758320 1026
1758330 1022
1758340 1018
1758350 1014
1758360 1009
1758370 1005
1758380 1002
1758390 998
1758400 995
1758410 992
1758420 990
1758430 989
1758440 988
1758450 987
1758460 985
1758470 983
1758480 981
1758490 980
1758500 979
1758510 978
1758520 977
1758530 975
1758540 974
1758550 972
1758560 971
1758570 969
1758580 966
1758590 963
1758600 960
1758610 956
1758620 952
1758630 948
1758640 943
1758650 938
1758660 933
1758670 929
1758680 924
1758690 920
1758700 916
1758710 911
1758720 907
1758730 903
1758740 899
1758750 896
1758760 892
1758770 888
1758780 886
1758790 885
1758800 886
1758810 886
1758820 885
1758830 886
1758840 887
1758850 889
1758860 893
1758870 894
1758880 893
1758890 887
1758900 881
1758910 875
1758920 869
1758930 865
1758940 863
1758950 866
1758960 871
1758970 874
1758980 876
1758990 875
1759000 874
1759010 871
1759020 869
1759030 867
1759040 863
1759050 865
1759060 868
1759070 873
1759080 877
1759090 881
1759100 883
1759110 884
1759120 886
1759130 889
1759140 891
1759150 893
1759160 895
1759170 896
1759180 898
1759190 900
1759200 902
1759210 903
1759220 905
1759230 907
1759240 909
1759250 910
1759260 912
1759270 913
1759280 915
1759290 917
1759300 919
1759310 921
1759320 920
1759330 917
1759340 913
1759350 908
1759360 903
1759370 899
1759380 896
1759390 893
1759400 891
1759410 890
1759420 889
1759430 889
1759440 888
1759450 888
1759460 889
1759470 891
1759480 891
1759490 888
1759500 881
1759510 874
1759520 867
1759530 861
1759540 855
1759550 850
1759560 845
1759570 841
1759580 838
1759590 834
1759600 829
1759610 825
1759620 821
1759630 817
1759640 813
1759650 810
1759660 806
1759670 803
1759680 800
1759690 796
1759700 793
1759710 791
1759720 787
1759730 785
1759740 782
1759750 781
1759760 780
1759770 779
1759780 777
1759790 776
1759800 777
1759810 780
1759820 782
1759830 784
1759840 783
1759850 782
1759860 780
1759870 777
1759880 774
1759890 771
1759900 769
1759910 768
1759920 768
1759930 769
1759940 771
1759950 774
1759960 777
1759970 781
1759980 786
1759990 792
