1740000 904
1740010 906
1740020 907
1740030 908
1740040 909
1740050 910
1740060 913
1740070 916
1740080 919
1740090 921
1740100 924
1740110 927
1740120 929
1740130 930
1740140 932
1740150 932
1740160 932
1740170 930
1740180 928
1740190 926
1740200 924
1740210 921
1740220 918
1740230 914
1740240 910
1740250 906
1740260 902
1740270 898
1740280 893
1740290 889
1740300 884
1740310 880
1740320 876
1740330 872
1740340 868
1740350 865
1740360 863
1740370 863
1740380 861
1740390 860
1740400 858
1740410 856
1740420 853
1740430 850
1740440 848
1740450 845
1740460 842
1740470 840
1740480 838
1740490 835
1740500 833
1740510 830
1740520 827
1740530 825
1740540 822
1740550 819
1740560 817
1740570 815
1740580 813
1740590 812
1740600 810
1740610 808
1740620 805
1740630 802
1740640 799
1740650 796
1740660 793
1740670 790
1740680 788
1740690 787
1740700 788
1740710 788
1740720 788
1740730 787
1740740 785
1740750 784
1740760 781
1740770 781
1740780 780
1740790 780
1740800 782
1740810 784
1740820 785
1740830 786
1740840 786
1740850 786
1740860 785
1740870 785
1740880 785
1740890 787
1740900 790
1740910 792
1740920 795
1740930 799
1740940 802
1740950 805
1740960 808
1740970 812
1740980 815
1740990 819
1741000 822
1741010 825
1741020 828
1741030 832
1741040 835
1741050 838
1741060 842
1741070 844
1741080 847
1741090 850
1741100 852
1741110 853
1741120 854
1741130 853
1741140 851
1741150 849
1741160 846
1741170 842
1741180 838
1741190 834
1741200 830
1741210 825
1741220 820
1741230 815
1741240 811
1741250 805
1741260 798
1741270 792
1741280 789
1741290 784
1741300 780
1741310 776
1741320 773
1741330 770
1741340 769
1741350 769
1741360 769
1741370 770
1741380 773
1741390 775
1741400 777
1741410 778
1741420 778
1741430 779
1741440 778
1741450 778
1741460 780
1741470 782
1741480 785
1741490 787
1741500 790
1741510 793
1741520 795
1741530 795
1741540 795
1741550 794
1741560 793
1741570 793
1741580 793
1741590 794
1741600 796
1741610 798
1741620 801
1741630 804
1741640 807
1741650 810
1741660 812
1741670 814
1741680 814
1741690 813
1741700 810
1741710 806
1741720 801
1741730 797
1741740 793
1741750 792
1741760 793
1741770 797
1741780 800
1741790 803
1741800 805
1741810 807
1741820 808
1741830 809
1741840 810
1741850 811
1741860 811
1741870 810
1741880 810
1741890 810
1741900 810
1741910 810
1741920 809
1741930 807
1741940 804
1741950 802
1741960 801
1741970 801
1741980 804
1741990 807
1742000 810
1742010 813
1742020 816
1742030 819
1742040 822
1742050 826
1742060 829
1742070 833
1742080 837
1742090 841
1742100 844
1742110 848
1742120 852
1742130 856
1742140 859
1742150 863
1742160 866
1742170 869
1742180 873
1742190 876
1742200 879
1742210 882
1742220 885
1742230 888
1742240 892
1742250 895
1742260 898
1742270 900
1742280 903
1742290 905
1742300 907
1742310 909
1742320 912
1742330 914
1742340 915
1742350 917
1742360 917
1742370 918
1742380 919
1742390 920
1742400 922
1742410 924
1742420 927
1742430 929
1742440 930
1742450 931
1742460 932
1742470 932
1742480 933
1742490 934
1742500 934
1742510 935
1742520 936
1742530 936
1742540 936
1742550 935
1742560 935
1742570 933
1742580 932
1742590 931
1742600 929
1742610 926
1742620 924
1742630 921
1742640 919
1742650 917
1742660 915
1742670 913
1742680 912
1742690 911
1742700 910
1742710 908
1742720 908
1742730 907
1742740 906
1742750 906
1742760 905
1742770 904
1742780 904
1742790 902
1742800 900
1742810 896
1742820 892
1742830 887
1742840 883
1742850 879
1742860 876
1742870 873
1742880 870
1742890 866
1742900 863
1742910 859
1742920 855
1742930 850
1742940 844
1742950 839
1742960 834
1742970 830
1742980 826
1742990 824
1743000 822
1743010 819
1743020 816
1743030 813
1743040 810
1743050 808
1743060 809
1743070 810
1743080 812
1743090 814
1743100 817
1743110 819
1743120 821
1743130 823
1743140 825
1743150 826
1743160 827
1743170 829
1743180 829
1743190 829
1743200 828
1743210 828
1743220 829
1743230 830
1743240 831
1743250 832
1743260 832
1743270 828
1743280 824
1743290 820
1743300 818
1743310 818
1743320 819
1743330 821
1743340 822
1743350 822
1743360 824
1743370 826
1743380 829
1743390 832
1743400 834
1743410 837
1743420 838
1743430 839
1743440 839
1743450 837
1743460 834
1743470 831
1743480 830
1743490 829
1743500 828
1743510 827
1743520 824
1743530 821
1743540 817
1743550 813
1743560 808
1743570 804
1743580 800
1743590 796
1743600 793
1743610 790
1743620 788
1743630 786
1743640 784
1743650 781
1743660 778
1743670 775
1743680 773
1743690 771
1743700 769
1743710 767
1743720 765
1743730 761
1743740 757
1743750 752
1743760 747
1743770 743
1743780 739
1743790 735
1743800 731
1743810 727
1743820 723
1743830 719
1743840 715
1743850 711
1743860 707
1743870 705
1743880 706
1743890 708
1743900 710
1743910 708
1743920 706
1743930 701
1743940 697
1743950 693
1743960 690
1743970 690
1743980 691
1743990 695
1744000 700
1744010 704
1744020 709
1744030 713
1744040 718
1744050 722
1744060 727
1744070 731
1744080 735
1744090 740
1744100 745
1744110 748
1744120 752
1744130 755
1744140 758
1744150 761
1744160 764
1744170 767
1744180 770
1744190 773
1744200 776
1744210 779
1744220 782
1744230 785
1744240 788
1744250 791
1744260 794
1744270 798
1744280 801
1744290 804
1744300 806
1744310 808
1744320 811
1744330 813
1744340 816
1744350 820
1744360 824
1744370 829
1744380 834
1744390 840
1744400 845
1744410 850
1744420 855
1744430 860
1744440 864
1744450 868
1744460 871
1744470 875
1744480 879
1744490 882
1744500 885
1744510 887
1744520 890
1744530 892
1744540 893
1744550 895
1744560 897
1744570 899
1744580 901
1744590 903
1744600 905
1744610 907
1744620 909
1744630 911
1744640 914
1744650 917
1744660 919
1744670 920
1744680 922
1744690 924
1744700 927
1744710 929
1744720 929
1744730 926
1744740 923
1744750 922
1744760 921
1744770 921
1744780 921
1744790 920
1744800 919
1744810 918
1744820 916
1744830 915
1744840 914
1744850 913
1744860 910
1744870 905
1744880 899
1744890 894
1744900 888
1744910 882
1744920 877
1744930 871
1744940 865
1744950 860
1744960 857
1744970 857
1744980 856
1744990 856
1745000 864
1745010 862
1745020 853
1745030 847
1745040 844
1745050 842
1745060 840
1745070 839
1745080 839
1745090 839
1745100 836
1745110 833
1745120 828
1745130 825
1745140 821
1745150 817
1745160 813
1745170 809
1745180 804
1745190 799
1745200 793
1745210 788
1745220 782
1745230 776
1745240 771
1745250 770
1745260 771
1745270 772
1745280 773
1745290 773
1745300 773
1745310 772
1745320 771
1745330 770
1745340 769
1745350 768
1745360 766
1745370 764
1745380 762
1745390 759
1745400 756
1745410 753
1745420 750
1745430 746
1745440 742
1745450 738
1745460 734
1745470 729
1745480 725
1745490 721
1745500 716
1745510 712
1745520 708
1745530 704
1745540 700
1745550 696
1745560 691
1745570 687
1745580 684
1745590 680
1745600 677
1745610 674
1745620 671
1745630 669
1745640 667
1745650 665
1745660 663
1745670 660
1745680 657
1745690 654
1745700 652
1745710 652
1745720 653
1745730 655
1745740 658
1745750 662
1745760 668
1745770 671
1745780 673
1745790 676
1745800 681
1745810 686
1745820 691
1745830 697
1745840 703
1745850 708
1745860 713
1745870 718
1745880 722
1745890 726
1745900 731
1745910 736
1745920 741
1745930 746
1745940 751
1745950 755
1745960 760
1745970 764
1745980 769
1745990 773
1746000 778
1746010 783
1746020 787
1746030 792
1746040 796
1746050 800
1746060 805
1746070 807
1746080 809
1746090 808
1746100 808
1746110 807
1746120 805
1746130 804
1746140 803
1746150 803
1746160 804
1746170 805
1746180 806
1746190 808
1746200 809
1746210 811
1746220 812
1746230 813
1746240 815
1746250 816
1746260 816
1746270 817
1746280 818
1746290 819
1746300 821
1746310 821
1746320 823
1746330 824
1746340 826
1746350 826
1746360 825
1746370 823
1746380 820
1746390 817
1746400 814
1746410 811
1746420 807
1746430 803
1746440 799
1746450 794
1746460 789
1746470 784
1746480 780
1746490 775
1746500 770
1746510 766
1746520 761
1746530 756
1746540 752
1746550 748
1746560 744
1746570 740
1746580 736
1746590 732
1746600 728
1746610 724
1746620 719
1746630 715
1746640 712
1746650 708
1746660 704
1746670 699
1746680 695
1746690 691
1746700 687
1746710 682
1746720 678
1746730 674
1746740 669
1746750 666
1746760 662
1746770 658
1746780 654
1746790 651
1746800 647
1746810 644
1746820 641
1746830 639
1746840 638
1746850 638
1746860 639
1746870 641
1746880 644
1746890 651
1746900 657
1746910 664
1746920 667
1746930 669
1746940 671
1746950 672
1746960 676
1746970 682
1746980 685
1746990 688
1747000 691
1747010 693
1747020 695
1747030 698
1747040 700
1747050 703
1747060 705
1747070 707
1747080 709
1747090 711
1747100 713
1747110 715
1747120 718
1747130 720
1747140 722
1747150 723
1747160 725
1747170 726
1747180 726
1747190 726
1747200 725
1747210 725
1747220 723
1747230 722
1747240 720
1747250 718
1747260 717
1747270 715
1747280 713
1747290 710
1747300 708
1747310 707
1747320 706
1747330 704
1747340 702
1747350 700
1747360 697
1747370 695
1747380 693
1747390 692
1747400 691
1747410 692
1747420 692
1747430 693
1747440 694
1747450 695
1747460 697
1747470 699
1747480 701
1747490 703
1747500 705
1747510 707
1747520 709
1747530 712
1747540 714
1747550 717
1747560 719
1747570 721
1747580 723
1747590 725
1747600 728
1747610 730
1747620 732
1747630 734
1747640 735
1747650 736
1747660 737
1747670 738
1747680 739
1747690 740
1747700 740
1747710 739
1747720 739
1747730 740
1747740 741
1747750 741
1747760 741
1747770 742
1747780 743
1747790 744
1747800 745
1747810 745
1747820 745
1747830 745
1747840 744
1747850 742
1747860 740
1747870 738
1747880 734
1747890 730
1747900 725
1747910 720
1747920 716
1747930 712
1747940 708
1747950 704
1747960 700
1747970 696
1747980 693
1747990 690
1748000 687
1748010 684
1748020 682
1748030 679
1748040 678
1748050 678
1748060 678
1748070 679
1748080 680
1748090 682
1748100 683
1748110 683
1748120 683
1748130 683
1748140 682
1748150 681
1748160 679
1748170 675
1748180 671
1748190 667
1748200 663
1748210 660
1748220 658
1748230 656
1748240 655
1748250 654
1748260 654
1748270 655
1748280 656
1748290 657
1748300 659
1748310 661
1748320 663
1748330 665
1748340 667
1748350 669
1748360 671
1748370 672
1748380 672
1748390 671
1748400 669
1748410 668
1748420 668
1748430 669
1748440 672
1748450 674
1748460 676
1748470 677
1748480 678
1748490 677
1748500 677
1748510 676
1748520 677
1748530 678
1748540 679
1748550 681
1748560 683
1748570 686
1748580 688
1748590 690
1748600 691
1748610 692
1748620 692
1748630 690
1748640 686
1748650 682
1748660 678
1748670 674
1748680 670
1748690 666
1748700 663
1748710 660
1748720 661
1748730 663
1748740 665
1748750 666
1748760 664
1748770 661
1748780 660
1748790 662
1748800 664
1748810 667
1748820 671
1748830 674
1748840 678
1748850 682
1748860 685
1748870 688
1748880 692
1748890 695
1748900 699
1748910 702
1748920 705
1748930 708
1748940 711
1748950 714
1748960 716
1748970 719
1748980 721
1748990 723
1749000 723
1749010 723
1749020 721
1749030 719
1749040 716
1749050 714
1749060 714
1749070 714
1749080 716
1749090 718
1749100 720
1749110 722
1749120 725
1749130 727
1749140 730
1749150 732
1749160 735
1749170 737
1749180 739
1749190 740
1749200 739
1749210 736
1749220 732
1749230 727
1749240 721
1749250 714
1749260 708
1749270 702
1749280 697
1749290 693
1749300 690
1749310 689
1749320 688
1749330 689
1749340 691
1749350 693
1749360 695
1749370 697
1749380 699
1749390 701
1749400 704
1749410 706
1749420 708
1749430 711
1749440 714
1749450 716
1749460 719
1749470 722
1749480 725
1749490 727
1749500 730
1749510 733
1749520 737
1749530 740
1749540 743
1749550 747
1749560 750
1749570 754
1749580 757
1749590 761
1749600 764
1749610 767
1749620 770
1749630 773
1749640 775
1749650 778
1749660 780
1749670 783
1749680 785
1749690 788
1749700 789
1749710 790
1749720 789
1749730 785
1749740 781
1749750 777
1749760 772
1749770 768
1749780 765
1749790 761
1749800 757
1749810 753
1749820 748
1749830 744
1749840 741
1749850 738
1749860 737
1749870 736
1749880 737
1749890 738
1749900 741
1749910 743
1749920 745
1749930 748
1749940 751
1749950 754
1749960 758
1749970 761
1749980 765
1749990 768
1750000 771
1750010 773
1750020 774
1750030 770
1750040 766
1750050 761
1750060 756
1750070 751
1750080 746
1750090 741
1750100 736
1750110 731
1750120 727
1750130 723
1750140 719
1750150 716
1750160 712
1750170 709
1750180 706
1750190 703
1750200 702
1750210 704
1750220 708
1750230 711
1750240 714
1750250 717
1750260 719
1750270 722
1750280 725
1750290 727
1750300 730
1750310 733
1750320 735
1750330 738
1750340 741
1750350 744
1750360 747
1750370 750
1750380 753
1750390 756
1750400 759
1750410 762
1750420 765
1750430 768
1750440 771
1750450 773
1750460 776
1750470 778
1750480 780
1750490 782
1750500 783
1750510 784
1750520 783
1750530 782
1750540 778
1750550 774
1750560 770
1750570 766
1750580 762
1750590 759
1750600 755
1750610 751
1750620 747
1750630 743
1750640 740
1750650 737
1750660 734
1750670 732
1750680 729
1750690 726
1750700 724
1750710 722
1750720 721
1750730 718
1750740 717
1750750 715
1750760 715
1750770 714
1750780 712
1750790 710
1750800 708
1750810 707
1750820 707
1750830 707
1750840 708
1750850 709
1750860 711
1750870 713
1750880 715
1750890 716
1750900 716
1750910 716
1750920 715
1750930 716
1750940 716
1750950 717
1750960 719
1750970 720
1750980 720
1750990 721
1751000 721
1751010 721
1751020 721
1751030 720
1751040 720
1751050 720
1751060 720
1751070 720
1751080 721
1751090 721
1751100 722
1751110 723
1751120 724
1751130 725
1751140 726
1751150 728
1751160 730
1751170 732
1751180 734
1751190 736
1751200 739
1751210 742
1751220 744
1751230 747
1751240 750
1751250 752
1751260 754
1751270 755
1751280 756
1751290 755
1751300 753
1751310 752
1751320 751
1751330 750
1751340 750
1751350 750
1751360 750
1751370 749
1751380 748
1751390 746
1751400 746
1751410 745
1751420 744
1751430 742
1751440 741
1751450 741
1751460 743
1751470 746
1751480 749
1751490 751
1751500 752
1751510 753
1751520 753
1751530 752
1751540 750
1751550 750
1751560 751
1751570 753
1751580 754
1751590 756
1751600 758
1751610 760
1751620 761
1751630 762
1751640 762
1751650 762
1751660 762
1751670 760
1751680 757
1751690 754
1751700 754
1751710 755
1751720 758
1751730 761
1751740 764
1751750 768
1751760 772
1751770 775
1751780 779
1751790 782
1751800 785
1751810 789
1751820 793
1751830 796
1751840 800
1751850 802
1751860 805
1751870 809
1751880 812
1751890 815
1751900 818
1751910 821
1751920 824
1751930 827
1751940 830
1751950 832
1751960 834
1751970 837
1751980 839
1751990 841
1752000 843
1752010 845
1752020 847
1752030 849
1752040 852
1752050 854
1752060 857
1752070 860
1752080 863
1752090 865
1752100 868
1752110 871
1752120 874
1752130 877
1752140 881
1752150 884
1752160 887
1752170 890
1752180 894
1752190 897
1752200 900
1752210 903
1752220 906
1752230 909
1752240 912
1752250 912
1752260 912
1752270 909
1752280 904
1752290 898
1752300 893
1752310 888
1752320 883
1752330 877
1752340 872
1752350 868
1752360 864
1752370 859
1752380 853
1752390 849
1752400 846
1752410 842
1752420 838
1752430 835
1752440 832
1752450 829
1752460 827
1752470 825
1752480 823
1752490 820
1752500 818
1752510 816
1752520 814
1752530 813
1752540 812
1752550 810
1752560 810
1752570 810
1752580 811
1752590 812
1752600 814
1752610 815
1752620 815
1752630 814
1752640 812
1752650 809
1752660 805
1752670 802
1752680 799
1752690 797
1752700 797
1752710 799
1752720 802
1752730 803
1752740 804
1752750 804
1752760 803
1752770 799
1752780 796
1752790 793
1752800 790
1752810 789
1752820 787
1752830 785
1752840 784
1752850 782
1752860 781
1752870 780
1752880 778
1752890 777
1752900 775
1752910 773
1752920 772
1752930 770
1752940 768
1752950 768
1752960 768
1752970 769
1752980 773
1752990 778
1753000 782
1753010 785
1753020 788
1753030 792
1753040 795
1753050 798
1753060 801
1753070 804
1753080 807
1753090 810
1753100 813
1753110 816
1753120 819
1753130 822
1753140 825
1753150 828
1753160 830
1753170 833
1753180 835
1753190 838
1753200 840
1753210 842
1753220 844
1753230 847
1753240 849
1753250 851
1753260 853
1753270 855
1753280 857
1753290 859
1753300 861
1753310 862
1753320 864
1753330 865
1753340 867
1753350 867
1753360 867
1753370 865
1753380 861
1753390 858
1753400 855
1753410 852
1753420 849
1753430 847
1753440 846
1753450 845
1753460 845
1753470 845
1753480 846
1753490 847
1753500 848
1753510 849
1753520 850
1753530 851
1753540 853
1753550 855
1753560 856
1753570 858
1753580 859
1753590 859
1753600 858
1753610 856
1753620 854
1753630 852
1753640 849
1753650 846
1753660 844
1753670 843
1753680 845
1753690 849
1753700 852
1753710 855
1753720 859
1753730 863
1753740 867
1753750 870
1753760 874
1753770 879
1753780 883
1753790 886
1753800 890
1753810 894
1753820 898
1753830 902
1753840 906
1753850 910
1753860 913
1753870 917
1753880 920
1753890 924
1753900 927
1753910 930
1753920 933
1753930 936
1753940 938
1753950 941
1753960 943
1753970 945
1753980 948
1753990 949
1754000 951
1754010 952
1754020 953
1754030 953
1754040 953
1754050 952
1754060 951
1754070 950
1754080 948
1754090 946
1754100 943
1754110 940
1754120 937
1754130 934
1754140 930
1754150 927
1754160 924
1754170 920
1754180 917
1754190 914
1754200 911
1754210 908
1754220 905
1754230 902
1754240 899
1754250 896
1754260 894
1754270 891
1754280 888
1754290 886
1754300 883
1754310 881
1754320 878
1754330 876
1754340 874
1754350 872
1754360 870
1754370 868
1754380 865
1754390 863
1754400 861
1754410 859
1754420 857
1754430 855
1754440 853
1754450 852
1754460 850
1754470 848
1754480 846
1754490 845
1754500 843
1754510 842
1754520 840
1754530 839
1754540 838
1754550 837
1754560 836
1754570 835
1754580 834
1754590 833
1754600 832
1754610 831
1754620 830
1754630 828
1754640 827
1754650 826
1754660 825
1754670 824
1754680 823
1754690 822
1754700 821
1754710 819
1754720 818
1754730 817
1754740 816
1754750 816
1754760 816
1754770 816
1754780 817
1754790 818
1754800 818
1754810 819
1754820 819
1754830 819
1754840 819
1754850 819
1754860 819
1754870 818
1754880 818
1754890 818
1754900 818
1754910 819
1754920 819
1754930 819
1754940 819
1754950 819
1754960 818
1754970 818
1754980 817
1754990 816
1755000 815
1755010 814
1755020 813
1755030 811
1755040 810
1755050 809
1755060 807
1755070 806
1755080 805
1755090 803
1755100 802
1755110 800
1755120 799
1755130 797
1755140 795
1755150 792
1755160 788
1755170 785
1755180 783
1755190 783
1755200 782
1755210 782
1755220 782
1755230 782
1755240 782
1755250 782
1755260 781
1755270 781
1755280 781
1755290 781
1755300 781
1755310 780
1755320 780
1755330 779
1755340 778
1755350 777
1755360 777
1755370 776
1755380 775
1755390 774
1755400 772
1755410 771
1755420 770
1755430 768
1755440 765
1755450 762
1755460 760
1755470 759
1755480 759
1755490 758
1755500 756
1755510 756
1755520 756
1755530 757
1755540 757
1755550 757
1755560 757
1755570 757
1755580 756
1755590 756
1755600 756
1755610 755
1755620 754
1755630 753
1755640 753
1755650 752
1755660 752
1755670 751
1755680 751
1755690 750
1755700 750
1755710 749
1755720 749
1755730 748
1755740 748
1755750 747
1755760 746
1755770 746
1755780 745
1755790 744
1755800 743
1755810 743
1755820 742
1755830 741
1755840 739
1755850 738
1755860 736
1755870 735
1755880 734
1755890 733
1755900 732
1755910 730
1755920 729
1755930 728
1755940 727
1755950 727
1755960 726
1755970 726
1755980 726
1755990 726
1756000 726
1756010 728
1756020 732
1756030 733
1756040 733
1756050 732
1756060 729
1756070 727
1756080 726
1756090 726
1756100 726
1756110 726
1756120 726
1756130 728
1756140 731
1756150 732
1756160 733
1756170 734
1756180 736
1756190 738
1756200 740
1756210 742
1756220 744
1756230 744
1756240 745
1756250 746
1756260 746
1756270 746
1756280 745
1756290 745
1756300 746
1756310 748
1756320 750
1756330 753
1756340 756
1756350 759
1756360 763
1756370 766
1756380 769
1756390 773
1756400 776
1756410 779
1756420 782
1756430 785
1756440 787
1756450 790
1756460 793
1756470 795
1756480 797
1756490 799
1756500 801
1756510 803
1756520 806
1756530 808
1756540 810
1756550 813
1756560 816
1756570 819
1756580 822
1756590 825
1756600 828
1756610 829
1756620 831
1756630 832
1756640 834
1756650 835
1756660 835
1756670 835
1756680 835
1756690 835
1756700 834
1756710 833
1756720 832
1756730 831
1756740 831
1756750 830
1756760 830
1756770 829
1756780 829
1756790 828
1756800 827
1756810 827
1756820 826
1756830 825
1756840 825
1756850 824
1756860 823
1756870 822
1756880 822
1756890 820
1756900 819
1756910 817
1756920 814
1756930 810
1756940 807
1756950 803
1756960 799
1756970 795
1756980 793
1756990 791
1757000 793
1757010 793
1757020 793
1757030 791
1757040 790
1757050 788
1757060 786
1757070 784
1757080 782
1757090 780
1757100 778
1757110 776
1757120 776
1757130 776
1757140 776
1757150 778
1757160 780
1757170 782
1757180 784
1757190 787
1757200 790
1757210 792
1757220 795
1757230 798
1757240 800
1757250 803
1757260 805
1757270 808
1757280 811
1757290 814
1757300 816
1757310 819
1757320 822
1757330 824
1757340 827
1757350 830
1757360 832
1757370 834
1757380 837
1757390 839
1757400 841
1757410 843
1757420 845
1757430 847
1757440 847
1757450 847
1757460 843
1757470 839
1757480 836
1757490 832
1757500 828
1757510 823
1757520 820
1757530 816
1757540 814
1757550 811
1757560 809
1757570 807
1757580 806
1757590 806
1757600 807
1757610 809
1757620 811
1757630 814
1757640 816
1757650 818
1757660 820
1757670 823
1757680 825
1757690 827
1757700 830
1757710 832
1757720 833
1757730 835
1757740 836
1757750 838
1757760 838
1757770 838
1757780 838
1757790 838
1757800 836
1757810 835
1757820 836
1757830 837
1757840 838
1757850 839
1757860 840
1757870 841
1757880 841
1757890 843
1757900 845
1757910 847
1757920 849
1757930 851
1757940 853
1757950 856
1757960 858
1757970 861
1757980 865
1757990 868
1758000 870
1758010 874
1758020 877
1758030 881
1758040 884
1758050 887
1758060 890
1758070 893
1758080 896
1758090 898
1758100 901
1758110 904
1758120 908
1758130 911
1758140 914
1758150 917
1758160 920
1758170 923
1758180 927
1758190 930
1758200 933
1758210 936
1758220 939
1758230 942
1758240 944
1758250 941
1758260 937
1758270 932
1758280 927
1758290 923
1758300 919
1758310 915
1758320 910
1758330 903
1758340 895
1758350 889
1758360 883
1758370 878
1758380 873
1758390 868
1758400 863
1758410 858
1758420 854
1758430 851
1758440 848
1758450 844
1758460 839
1758470 836
1758480 832
1758490 828
1758500 823
1758510 818
1758520 814
1758530 809
1758540 805
1758550 800
1758560 795
1758570 791
1758580 787
1758590 784
1758600 781
1758610 777
1758620 773
1758630 770
1758640 766
1758650 763
1758660 759
1758670 755
1758680 751
1758690 747
1758700 743
1758710 739
1758720 736
1758730 733
1758740 729
1758750 725
1758760 723
1758770 721
1758780 719
1758790 718
1758800 718
1758810 718
1758820 718
1758830 718
1758840 718
1758850 719
1758860 719
1758870 720
1758880 722
1758890 723
1758900 725
1758910 726
1758920 727
1758930 729
1758940 732
1758950 733
1758960 733
1758970 733
1758980 732
1758990 730
1759000 729
1759010 729
1759020 731
1759030 733
1759040 733
1759050 731
1759060 727
1759070 723
1759080 719
1759090 717
1759100 714
1759110 710
1759120 706
1759130 702
1759140 699
1759150 697
1759160 699
1759170 703
1759180 707
1759190 710
1759200 710
1759210 707
1759220 705
1759230 702
1759240 699
1759250 696
1759260 691
1759270 686
1759280 682
1759290 679
1759300 675
1759310 671
1759320 665
1759330 660
1759340 654
1759350 650
1759360 646
1759370 644
1759380 642
1759390 640
1759400 639
1759410 639
1759420 639
1759430 638
1759440 639
1759450 640
1759460 644
1759470 646
1759480 649
1759490 651
1759500 653
1759510 655
1759520 658
1759530 659
1759540 660
1759550 661
1759560 661
1759570 661
1759580 660
1759590 658
1759600 655
1759610 652
1759620 652
1759630 654
1759640 658
1759650 662
1759660 666
1759670 670
1759680 674
1759690 678
1759700 681
1759710 688
1759720 696
1759730 704
1759740 708
1759750 711
1759760 713
1759770 715
1759780 718
1759790 720
1759800 723
1759810 724
1759820 725
1759830 722
1759840 718
1759850 714
1759860 709
1759870 704
1759880 700
1759890 697
1759900 693
1759910 691
1759920 689
1759930 686
1759940 683
1759950 680
1759960 677
1759970 674
1759980 670
1759990 666
