1740000 896
1740010 896
1740020 895
1740030 895
1740040 895
1740050 895
1740060 894
1740070 894
1740080 892
1740090 891
1740100 890
1740110 888
1740120 887
1740130 885
1740140 885
1740150 885
1740160 886
1740170 887
1740180 888
1740190 889
1740200 890
1740210 890
1740220 891
1740230 891
1740240 892
1740250 892
1740260 894
1740270 896
1740280 899
1740290 901
1740300 903
1740310 904
1740320 906
1740330 908
1740340 909
1740350 909
1740360 908
1740370 907
1740380 906
1740390 903
1740400 900
1740410 896
1740420 892
1740430 889
1740440 885
1740450 881
1740460 877
1740470 874
1740480 870
1740490 865
1740500 861
1740510 858
1740520 855
1740530 853
1740540 851
1740550 849
1740560 847
1740570 845
1740580 843
1740590 840
1740600 838
1740610 839
1740620 839
1740630 838
1740640 837
1740650 834
1740660 832
1740670 831
1740680 833
1740690 835
1740700 839
1740710 844
1740720 847
1740730 848
1740740 848
1740750 848
1740760 849
1740770 852
1740780 855
1740790 858
1740800 862
1740810 865
1740820 869
1740830 872
1740840 876
1740850 880
1740860 883
1740870 884
1740880 884
1740890 881
1740900 879
1740910 877
1740920 876
1740930 875
1740940 874
1740950 874
1740960 872
1740970 870
1740980 867
1740990 866
1741000 866
1741010 868
1741020 870
1741030 872
1741040 874
1741050 876
1741060 878
1741070 880
1741080 882
1741090 884
1741100 887
1741110 888
1741120 890
1741130 892
1741140 894
1741150 896
1741160 898
1741170 900
1741180 902
1741190 904
1741200 905
1741210 906
1741220 905
1741230 901
1741240 897
1741250 893
1741260 888
1741270 883
1741280 878
1741290 874
1741300 870
1741310 866
1741320 863
1741330 861
1741340 859
1741350 859
1741360 859
1741370 860
1741380 861
1741390 862
1741400 863
1741410 864
1741420 866
1741430 867
1741440 865
1741450 861
1741460 855
1741470 852
1741480 852
1741490 853
1741500 854
1741510 856
1741520 857
1741530 859
1741540 861
1741550 864
1741560 867
1741570 869
1741580 871
1741590 872
1741600 872
1741610 872
1741620 873
1741630 875
1741640 877
1741650 879
1741660 882
1741670 884
1741680 887
1741690 890
1741700 893
1741710 896
1741720 898
1741730 901
1741740 903
1741750 905
1741760 908
1741770 910
1741780 911
1741790 911
1741800 908
1741810 904
1741820 901
1741830 898
1741840 896
1741850 895
1741860 893
1741870 893
1741880 892
1741890 893
1741900 894
1741910 895
1741920 897
1741930 898
1741940 900
1741950 902
1741960 904
1741970 907
1741980 909
1741990 911
1742000 912
1742010 913
1742020 914
1742030 914
1742040 915
1742050 913
1742060 911
1742070 907
1742080 903
1742090 899
1742100 895
1742110 890
1742120 886
1742130 882
1742140 879
1742150 875
1742160 873
1742170 869
1742180 866
1742190 863
1742200 860
1742210 857
1742220 854
1742230 853
1742240 853
1742250 853
1742260 854
1742270 855
1742280 857
1742290 859
1742300 860
1742310 862
1742320 864
1742330 866
1742340 869
1742350 870
1742360 872
1742370 873
1742380 874
1742390 876
1742400 877
1742410 878
1742420 880
1742430 881
1742440 884
1742450 883
1742460 882
1742470 879
1742480 876
1742490 873
1742500 870
1742510 866
1742520 863
1742530 859
1742540 855
1742550 851
1742560 847
1742570 842
1742580 839
1742590 836
1742600 834
1742610 834
1742620 835
1742630 836
1742640 836
1742650 833
1742660 830
1742670 827
1742680 824
1742690 821
1742700 818
1742710 814
1742720 810
1742730 805
1742740 801
1742750 796
1742760 791
1742770 785
1742780 780
1742790 775
1742800 771
1742810 768
1742820 765
1742830 762
1742840 759
1742850 756
1742860 754
1742870 751
1742880 748
1742890 746
1742900 743
1742910 740
1742920 737
1742930 734
1742940 731
1742950 728
1742960 725
1742970 722
1742980 719
1742990 716
1743000 713
1743010 710
1743020 707
1743030 704
1743040 702
1743050 702
1743060 702
1743070 703
1743080 704
1743090 707
1743100 710
1743110 713
1743120 717
1743130 720
1743140 723
1743150 726
1743160 730
1743170 733
1743180 737
1743190 741
1743200 744
1743210 748
1743220 752
1743230 756
1743240 760
1743250 764
1743260 768
1743270 772
1743280 776
1743290 780
1743300 784
1743310 788
1743320 791
1743330 794
1743340 796
1743350 795
1743360 794
1743370 794
1743380 794
1743390 794
1743400 795
1743410 796
1743420 798
1743430 800
1743440 803
1743450 807
1743460 810
1743470 814
1743480 818
1743490 821
1743500 824
1743510 827
1743520 829
1743530 832
1743540 835
1743550 838
1743560 841
1743570 844
1743580 847
1743590 850
1743600 853
1743610 856
1743620 858
1743630 859
1743640 859
1743650 860
1743660 859
1743670 859
1743680 858
1743690 856
1743700 854
1743710 852
1743720 849
1743730 843
1743740 837
1743750 831
1743760 827
1743770 824
1743780 824
1743790 822
1743800 820
1743810 816
1743820 811
1743830 806
1743840 801
1743850 797
1743860 792
1743870 788
1743880 785
1743890 784
1743900 784
1743910 784
1743920 785
1743930 788
1743940 791
1743950 793
1743960 792
1743970 790
1743980 789
1743990 788
1744000 785
1744010 781
1744020 777
1744030 774
1744040 772
1744050 770
1744060 768
1744070 766
1744080 764
1744090 760
1744100 757
1744110 753
1744120 749
1744130 746
1744140 743
1744150 740
1744160 737
1744170 735
1744180 734
1744190 733
1744200 734
1744210 735
1744220 736
1744230 738
1744240 739
1744250 741
1744260 743
1744270 746
1744280 749
1744290 752
1744300 755
1744310 759
1744320 762
1744330 766
1744340 769
1744350 773
1744360 776
1744370 780
1744380 784
1744390 787
1744400 791
1744410 794
1744420 798
1744430 801
1744440 805
1744450 808
1744460 812
1744470 815
1744480 819
1744490 822
1744500 826
1744510 829
1744520 833
1744530 836
1744540 840
1744550 844
1744560 848
1744570 851
1744580 855
1744590 858
1744600 862
1744610 865
1744620 868
1744630 871
1744640 875
1744650 878
1744660 881
1744670 883
1744680 885
1744690 888
1744700 890
1744710 892
1744720 895
1744730 896
1744740 898
1744750 899
1744760 901
1744770 902
1744780 905
1744790 907
1744800 909
1744810 912
1744820 915
1744830 918
1744840 920
1744850 923
1744860 926
1744870 928
1744880 930
1744890 933
1744900 935
1744910 938
1744920 940
1744930 943
1744940 945
1744950 947
1744960 950
1744970 952
1744980 955
1744990 958
1745000 961
1745010 964
1745020 967
1745030 971
1745040 974
1745050 977
1745060 981
1745070 984
1745080 987
1745090 991
1745100 994
1745110 996
1745120 999
1745130 1003
1745140 1006
1745150 1009
1745160 1012
1745170 1015
1745180 1017
1745190 1019
1745200 1020
1745210 1021
1745220 1023
1745230 1025
1745240 1027
1745250 1029
1745260 1030
1745270 1032
1745280 1034
1745290 1036
1745300 1038
1745310 1039
1745320 1040
1745330 1040
1745340 1041
1745350 1042
1745360 1042
1745370 1043
1745380 1044
1745390 1045
1745400 1046
1745410 1047
1745420 1048
1745430 1049
1745440 1049
1745450 1050
1745460 1051
1745470 1051
1745480 1052
1745490 1053
1745500 1054
1745510 1054
1745520 1055
1745530 1056
1745540 1057
1745550 1058
1745560 1058
1745570 1059
1745580 1060
1745590 1062
1745600 1063
1745610 1065
1745620 1066
1745630 1068
1745640 1069
1745650 1071
1745660 1072
1745670 1072
1745680 1073
1745690 1074
1745700 1075
1745710 1076
1745720 1076
1745730 1077
1745740 1077
1745750 1076
1745760 1074
1745770 1072
1745780 1069
1745790 1067
1745800 1064
1745810 1062
1745820 1060
1745830 1058
1745840 1056
1745850 1053
1745860 1051
1745870 1048
1745880 1046
1745890 1043
1745900 1041
1745910 1038
1745920 1036
1745930 1033
1745940 1031
1745950 1029
1745960 1027
1745970 1025
1745980 1023
1745990 1021
1746000 1019
1746010 1017
1746020 1015
1746030 1012
1746040 1011
1746050 1008
1746060 1006
1746070 1004
1746080 1001
1746090 1000
1746100 997
1746110 995
1746120 992
1746130 990
1746140 988
1746150 985
1746160 983
1746170 980
1746180 978
1746190 976
1746200 973
1746210 971
1746220 968
1746230 967
1746240 965
1746250 963
1746260 961
1746270 959
1746280 957
1746290 955
1746300 953
1746310 952
1746320 950
1746330 948
1746340 946
1746350 944
1746360 942
1746370 940
1746380 938
1746390 936
1746400 934
1746410 932
1746420 929
1746430 927
1746440 924
1746450 922
1746460 920
1746470 917
1746480 915
1746490 912
1746500 909
1746510 906
1746520 903
1746530 900
1746540 898
1746550 895
1746560 893
1746570 891
1746580 889
1746590 887
1746600 885
1746610 882
1746620 880
1746630 878
1746640 876
1746650 874
1746660 872
1746670 869
1746680 867
1746690 865
1746700 863
1746710 860
1746720 857
1746730 855
1746740 853
1746750 850
1746760 848
1746770 845
1746780 842
1746790 838
1746800 833
1746810 828
1746820 826
1746830 824
1746840 822
1746850 819
1746860 816
1746870 812
1746880 808
1746890 803
1746900 798
1746910 792
1746920 787
1746930 780
1746940 773
1746950 767
1746960 761
1746970 757
1746980 753
1746990 749
1747000 745
1747010 742
1747020 738
1747030 735
1747040 732
1747050 729
1747060 727
1747070 725
1747080 723
1747090 721
1747100 720
1747110 719
1747120 718
1747130 717
1747140 718
1747150 718
1747160 719
1747170 720
1747180 721
1747190 722
1747200 723
1747210 724
1747220 725
1747230 726
1747240 727
1747250 727
1747260 728
1747270 728
1747280 729
1747290 729
1747300 729
1747310 729
1747320 729
1747330 728
1747340 728
1747350 727
1747360 727
1747370 727
1747380 728
1747390 728
1747400 728
1747410 728
1747420 727
1747430 726
1747440 724
1747450 722
1747460 719
1747470 715
1747480 710
1747490 706
1747500 703
1747510 700
1747520 698
1747530 697
1747540 696
1747550 694
1747560 692
1747570 690
1747580 688
1747590 685
1747600 683
1747610 681
1747620 679
1747630 677
1747640 675
1747650 674
1747660 672
1747670 671
1747680 671
1747690 671
1747700 671
1747710 666
1747720 661
1747730 656
1747740 653
1747750 650
1747760 648
1747770 646
1747780 645
1747790 645
1747800 644
1747810 644
1747820 643
1747830 644
1747840 644
1747850 644
1747860 644
1747870 645
1747880 646
1747890 646
1747900 647
1747910 647
1747920 647
1747930 647
1747940 647
1747950 647
1747960 648
1747970 648
1747980 648
1747990 648
1748000 648
1748010 647
1748020 647
1748030 648
1748040 648
1748050 649
1748060 650
1748070 650
1748080 651
1748090 651
1748100 652
1748110 653
1748120 654
1748130 655
1748140 656
1748150 657
1748160 658
1748170 659
1748180 659
1748190 660
1748200 660
1748210 660
1748220 660
1748230 661
1748240 661
1748250 662
1748260 663
1748270 665
1748280 666
1748290 668
1748300 670
1748310 671
1748320 673
1748330 674
1748340 676
1748350 677
1748360 678
1748370 680
1748380 680
1748390 681
1748400 681
1748410 682
1748420 683
1748430 684
1748440 685
1748450 686
1748460 687
1748470 688
1748480 690
1748490 691
1748500 692
1748510 694
1748520 695
1748530 697
1748540 699
1748550 700
1748560 702
1748570 704
1748580 706
1748590 709
1748600 710
1748610 712
1748620 714
1748630 715
1748640 717
1748650 720
1748660 722
1748670 725
1748680 727
1748690 730
1748700 732
1748710 735
1748720 737
1748730 740
1748740 742
1748750 745
1748760 747
1748770 750
1748780 752
1748790 754
1748800 757
1748810 759
1748820 760
1748830 762
1748840 764
1748850 766
1748860 768
1748870 769
1748880 771
1748890 773
1748900 774
1748910 776
1748920 777
1748930 778
1748940 780
1748950 782
1748960 784
1748970 785
1748980 787
1748990 788
1749000 789
1749010 790
1749020 791
1749030 790
1749040 789
1749050 786
1749060 784
1749070 782
1749080 779
1749090 777
1749100 774
1749110 773
1749120 771
1749130 770
1749140 770
1749150 770
1749160 770
1749170 771
1749180 773
1749190 774
1749200 776
1749210 778
1749220 779
1749230 781
1749240 783
1749250 785
1749260 788
1749270 791
1749280 794
1749290 796
1749300 799
1749310 802
1749320 805
1749330 808
1749340 811
1749350 814
1749360 817
1749370 821
1749380 824
1749390 827
1749400 831
1749410 834
1749420 837
1749430 840
1749440 843
1749450 845
1749460 848
1749470 850
1749480 852
1749490 854
1749500 855
1749510 855
1749520 854
1749530 853
1749540 852
1749550 851
1749560 849
1749570 847
1749580 846
1749590 844
1749600 842
1749610 840
1749620 837
1749630 835
1749640 832
1749650 830
1749660 827
1749670 824
1749680 821
1749690 819
1749700 816
1749710 814
1749720 811
1749730 808
1749740 806
1749750 803
1749760 800
1749770 797
1749780 795
1749790 792
1749800 790
1749810 788
1749820 785
1749830 782
1749840 780
1749850 777
1749860 775
1749870 772
1749880 770
1749890 767
1749900 765
1749910 762
1749920 759
1749930 757
1749940 754
1749950 752
1749960 749
1749970 747
1749980 744
1749990 741
1750000 738
1750010 735
1750020 732
1750030 730
1750040 727
1750050 724
1750060 721
1750070 718
1750080 716
1750090 713
1750100 711
1750110 709
1750120 708
1750130 707
1750140 705
1750150 703
1750160 702
1750170 701
1750180 701
1750190 701
1750200 702
1750210 704
1750220 708
1750230 712
1750240 716
1750250 719
1750260 722
1750270 726
1750280 729
1750290 732
1750300 735
1750310 738
1750320 741
1750330 744
1750340 746
1750350 749
1750360 752
1750370 754
1750380 757
1750390 759
1750400 761
1750410 763
1750420 765
1750430 766
1750440 765
1750450 766
1750460 768
1750470 770
1750480 773
1750490 776
1750500 779
1750510 782
1750520 784
1750530 787
1750540 789
1750550 792
1750560 794
1750570 796
1750580 797
1750590 799
1750600 800
1750610 802
1750620 803
1750630 804
1750640 806
1750650 807
1750660 809
1750670 810
1750680 812
1750690 813
1750700 814
1750710 815
1750720 816
1750730 816
1750740 816
1750750 816
1750760 816
1750770 816
1750780 817
1750790 817
1750800 818
1750810 818
1750820 819
1750830 820
1750840 821
1750850 822
1750860 823
1750870 823
1750880 825
1750890 828
1750900 831
1750910 835
1750920 838
1750930 842
1750940 846
1750950 849
1750960 854
1750970 858
1750980 862
1750990 867
1751000 871
1751010 875
1751020 880
1751030 884
1751040 888
1751050 893
1751060 897
1751070 901
1751080 905
1751090 909
1751100 913
1751110 918
1751120 922
1751130 926
1751140 931
1751150 935
1751160 939
1751170 943
1751180 947
1751190 951
1751200 954
1751210 957
1751220 957
1751230 957
1751240 955
1751250 954
1751260 952
1751270 950
1751280 948
1751290 945
1751300 943
1751310 941
1751320 939
1751330 937
1751340 935
1751350 934
1751360 933
1751370 932
1751380 932
1751390 931
1751400 930
1751410 930
1751420 929
1751430 928
1751440 928
1751450 927
1751460 927
1751470 926
1751480 926
1751490 925
1751500 924
1751510 923
1751520 923
1751530 922
1751540 922
1751550 921
1751560 921
1751570 920
1751580 920
1751590 919
1751600 918
1751610 917
1751620 916
1751630 915
1751640 914
1751650 914
1751660 913
1751670 912
1751680 911
1751690 910
1751700 910
1751710 910
1751720 909
1751730 909
1751740 909
1751750 909
1751760 910
1751770 910
1751780 911
1751790 911
1751800 911
1751810 911
1751820 911
1751830 911
1751840 911
1751850 911
1751860 911
1751870 911
1751880 910
1751890 910
1751900 910
1751910 910
1751920 910
1751930 909
1751940 909
1751950 908
1751960 908
1751970 907
1751980 907
1751990 906
1752000 906
1752010 905
1752020 905
1752030 906
1752040 905
1752050 905
1752060 905
1752070 906
1752080 907
1752090 908
1752100 909
1752110 910
1752120 910
1752130 909
1752140 909
1752150 909
1752160 909
1752170 909
1752180 909
1752190 908
1752200 908
1752210 908
1752220 907
1752230 906
1752240 905
1752250 903
1752260 902
1752270 901
1752280 900
1752290 899
1752300 898
1752310 897
1752320 896
1752330 896
1752340 895
1752350 894
1752360 893
1752370 891
1752380 891
1752390 891
1752400 891
1752410 891
1752420 890
1752430 890
1752440 889
1752450 889
1752460 888
1752470 887
1752480 886
1752490 885
1752500 884
1752510 882
1752520 881
1752530 880
1752540 878
1752550 877
1752560 875
1752570 874
1752580 872
1752590 871
1752600 870
1752610 868
1752620 867
1752630 866
1752640 865
1752650 863
1752660 862
1752670 861
1752680 860
1752690 858
1752700 857
1752710 855
1752720 854
1752730 853
1752740 852
1752750 850
1752760 849
1752770 847
1752780 846
1752790 845
1752800 843
1752810 842
1752820 841
1752830 840
1752840 838
1752850 837
1752860 835
1752870 834
1752880 832
1752890 830
1752900 827
1752910 825
1752920 821
1752930 818
1752940 815
1752950 815
1752960 814
1752970 813
1752980 812
1752990 811
1753000 810
1753010 809
1753020 808
1753030 807
1753040 807
1753050 807
1753060 807
1753070 807
1753080 808
1753090 808
1753100 808
1753110 807
1753120 805
1753130 802
1753140 798
1753150 794
1753160 790
1753170 786
1753180 783
1753190 780
1753200 778
1753210 776
1753220 774
1753230 772
1753240 771
1753250 769
1753260 767
1753270 765
1753280 763
1753290 762
1753300 760
1753310 759
1753320 758
1753330 757
1753340 756
1753350 755
1753360 753
1753370 752
1753380 751
1753390 749
1753400 748
1753410 747
1753420 746
1753430 744
1753440 742
1753450 741
1753460 740
1753470 739
1753480 737
1753490 735
1753500 732
1753510 729
1753520 727
1753530 726
1753540 726
1753550 725
1753560 725
1753570 724
1753580 724
1753590 724
1753600 724
1753610 723
1753620 723
1753630 722
1753640 722
1753650 722
1753660 721
1753670 721
1753680 721
1753690 721
1753700 720
1753710 720
1753720 720
1753730 719
1753740 719
1753750 719
1753760 719
1753770 720
1753780 722
1753790 724
1753800 726
1753810 729
1753820 732
1753830 736
1753840 739
1753850 742
1753860 744
1753870 747
1753880 750
1753890 752
1753900 755
1753910 757
1753920 760
1753930 763
1753940 766
1753950 769
1753960 772
1753970 775
1753980 778
1753990 781
1754000 784
1754010 786
1754020 789
1754030 791
1754040 794
1754050 796
1754060 799
1754070 802
1754080 805
1754090 808
1754100 811
1754110 813
1754120 816
1754130 819
1754140 821
1754150 824
1754160 827
1754170 830
1754180 833
1754190 835
1754200 837
1754210 839
1754220 842
1754230 844
1754240 845
1754250 847
1754260 848
1754270 849
1754280 851
1754290 852
1754300 853
1754310 854
1754320 855
1754330 856
1754340 857
1754350 858
1754360 858
1754370 859
1754380 860
1754390 860
1754400 861
1754410 861
1754420 861
1754430 861
1754440 861
1754450 861
1754460 861
1754470 860
1754480 860
1754490 859
1754500 857
1754510 856
1754520 854
1754530 852
1754540 850
1754550 848
1754560 845
1754570 843
1754580 841
1754590 840
1754600 837
1754610 834
1754620 831
1754630 828
1754640 824
1754650 820
1754660 816
1754670 812
1754680 808
1754690 804
1754700 801
1754710 797
1754720 794
1754730 790
1754740 788
1754750 785
1754760 782
1754770 778
1754780 775
1754790 771
1754800 768
1754810 764
1754820 760
1754830 758
1754840 755
1754850 752
1754860 749
1754870 746
1754880 743
1754890 742
1754900 740
1754910 739
1754920 737
1754930 734
1754940 732
1754950 730
1754960 728
1754970 727
1754980 725
1754990 723
1755000 722
1755010 720
1755020 719
1755030 718
1755040 717
1755050 717
1755060 717
1755070 717
1755080 716
1755090 716
1755100 717
1755110 718
1755120 719
1755130 721
1755140 722
1755150 724
1755160 725
1755170 726
1755180 726
1755190 726
1755200 725
1755210 724
1755220 723
1755230 721
1755240 720
1755250 719
1755260 717
1755270 716
1755280 713
1755290 711
1755300 711
1755310 711
1755320 711
1755330 711
1755340 711
1755350 711
1755360 711
1755370 712
1755380 713
1755390 715
1755400 717
1755410 719
1755420 721
1755430 723
1755440 725
1755450 728
1755460 730
1755470 732
1755480 735
1755490 737
1755500 739
1755510 742
1755520 744
1755530 747
1755540 749
1755550 751
1755560 754
1755570 756
1755580 758
1755590 761
1755600 763
1755610 765
1755620 767
1755630 768
1755640 769
1755650 770
1755660 768
1755670 766
1755680 763
1755690 762
1755700 761
1755710 762
1755720 763
1755730 765
1755740 768
1755750 772
1755760 775
1755770 779
1755780 782
1755790 786
1755800 790
1755810 794
1755820 797
1755830 801
1755840 804
1755850 807
1755860 811
1755870 814
1755880 817
1755890 820
1755900 823
1755910 825
1755920 828
1755930 830
1755940 833
1755950 835
1755960 838
1755970 840
1755980 843
1755990 846
1756000 849
1756010 852
1756020 855
1756030 858
1756040 861
1756050 864
1756060 867
1756070 870
1756080 872
1756090 875
1756100 878
1756110 880
1756120 883
1756130 885
1756140 888
1756150 891
1756160 893
1756170 895
1756180 897
1756190 899
1756200 900
1756210 902
1756220 903
1756230 904
1756240 904
1756250 905
1756260 905
1756270 906
1756280 906
1756290 907
1756300 908
1756310 907
1756320 906
1756330 905
1756340 903
1756350 901
1756360 898
1756370 896
1756380 893
1756390 890
1756400 886
1756410 883
1756420 879
1756430 876
1756440 872
1756450 867
1756460 863
1756470 859
1756480 855
1756490 851
1756500 847
1756510 844
1756520 841
1756530 838
1756540 835
1756550 833
1756560 831
1756570 829
1756580 827
1756590 826
1756600 825
1756610 823
1756620 822
1756630 821
1756640 821
1756650 821
1756660 821
1756670 821
1756680 821
1756690 822
1756700 823
1756710 824
1756720 826
1756730 827
1756740 830
1756750 832
1756760 834
1756770 836
1756780 839
1756790 842
1756800 845
1756810 847
1756820 850
1756830 853
1756840 855
1756850 858
1756860 861
1756870 863
1756880 866
1756890 868
1756900 871
1756910 873
1756920 875
1756930 877
1756940 879
1756950 881
1756960 882
1756970 883
1756980 883
1756990 883
1757000 883
1757010 882
1757020 881
1757030 880
1757040 878
1757050 876
1757060 874
1757070 872
1757080 869
1757090 867
1757100 866
1757110 864
1757120 863
1757130 861
1757140 860
1757150 858
1757160 856
1757170 854
1757180 852
1757190 851
1757200 849
1757210 846
1757220 843
1757230 841
1757240 840
1757250 841
1757260 842
1757270 842
1757280 844
1757290 845
1757300 846
1757310 847
1757320 847
1757330 848
1757340 848
1757350 849
1757360 849
1757370 849
1757380 849
1757390 849
1757400 848
1757410 848
1757420 848
1757430 847
1757440 847
1757450 846
1757460 845
1757470 844
1757480 844
1757490 843
1757500 842
1757510 841
1757520 841
1757530 840
1757540 839
1757550 839
1757560 838
1757570 838
1757580 838
1757590 837
1757600 837
1757610 836
1757620 836
1757630 835
1757640 834
1757650 833
1757660 832
1757670 831
1757680 830
1757690 829
1757700 827
1757710 826
1757720 824
1757730 823
1757740 821
1757750 819
1757760 817
1757770 815
1757780 813
1757790 811
1757800 809
1757810 807
1757820 805
1757830 804
1757840 802
1757850 800
1757860 798
1757870 796
1757880 794
1757890 792
1757900 790
1757910 789
1757920 787
1757930 785
1757940 784
1757950 782
1757960 781
1757970 779
1757980 778
1757990 776
1758000 775
1758010 773
1758020 771
1758030 769
1758040 767
1758050 764
1758060 762
1758070 761
1758080 761
1758090 763
1758100 765
1758110 768
1758120 772
1758130 774
1758140 776
1758150 777
1758160 781
1758170 785
1758180 789
1758190 791
1758200 794
1758210 796
1758220 798
1758230 801
1758240 802
1758250 803
1758260 805
1758270 808
1758280 810
1758290 812
1758300 813
1758310 815
1758320 816
1758330 816
1758340 817
1758350 817
1758360 817
1758370 816
1758380 816
1758390 816
1758400 818
1758410 820
1758420 822
1758430 823
1758440 824
1758450 825
1758460 827
1758470 828
1758480 829
1758490 831
1758500 832
1758510 832
1758520 833
1758530 834
1758540 835
1758550 837
1758560 838
1758570 839
1758580 840
1758590 841
1758600 842
1758610 844
1758620 845
1758630 847
1758640 849
1758650 850
1758660 851
1758670 852
1758680 852
1758690 852
1758700 852
1758710 853
1758720 853
1758730 853
1758740 853
1758750 853
1758760 854
1758770 855
1758780 857
1758790 859
1758800 861
1758810 864
1758820 866
1758830 869
1758840 871
1758850 874
1758860 877
1758870 880
1758880 880
1758890 877
1758900 874
1758910 871
1758920 869
1758930 865
1758940 862
1758950 859
1758960 856
1758970 854
1758980 851
1758990 848
1759000 845
1759010 842
1759020 839
1759030 836
1759040 832
1759050 829
1759060 826
1759070 823
1759080 820
1759090 817
1759100 813
1759110 809
1759120 804
1759130 799
1759140 793
1759150 789
1759160 786
1759170 783
1759180 781
1759190 779
1759200 778
1759210 778
1759220 778
1759230 779
1759240 780
1759250 782
1759260 784
1759270 786
1759280 788
1759290 791
1759300 793
1759310 792
1759320 791
1759330 789
1759340 787
1759350 785
1759360 785
1759370 788
1759380 791
1759390 794
1759400 797
1759410 800
1759420 803
1759430 806
1759440 809
1759450 811
1759460 813
1759470 815
1759480 816
1759490 817
1759500 817
1759510 816
1759520 814
1759530 811
1759540 809
1759550 805
1759560 802
1759570 798
1759580 794
1759590 790
1759600 787
1759610 783
1759620 780
1759630 777
1759640 774
1759650 772
1759660 770
1759670 769
1759680 765
1759690 761
1759700 758
1759710 754
1759720 750
1759730 747
1759740 745
1759750 743
1759760 743
1759770 744
1759780 745
1759790 746
1759800 748
1759810 750
1759820 751
1759830 750
1759840 748
1759850 746
1759860 744
1759870 743
1759880 743
1759890 742
1759900 741
1759910 739
1759920 736
1759930 731
1759940 726
1759950 722
1759960 717
1759970 713
1759980 710
1759990 708
