1740000 781
1740010 781
1740020 781
1740030 780
1740040 778
1740050 776
1740060 774
1740070 772
1740080 770
1740090 768
1740100 767
1740110 766
1740120 765
1740130 764
1740140 763
1740150 763
1740160 762
1740170 762
1740180 761
1740190 761
1740200 760
1740210 759
1740220 759
1740230 759
1740240 758
1740250 758
1740260 760
1740270 760
1740280 759
1740290 757
1740300 757
1740310 757
1740320 758
1740330 757
1740340 757
1740350 756
1740360 755
1740370 755
1740380 755
1740390 755
1740400 755
1740410 755
1740420 755
1740430 754
1740440 754
1740450 754
1740460 754
1740470 754
1740480 753
1740490 753
1740500 753
1740510 753
1740520 753
1740530 753
1740540 753
1740550 753
1740560 753
1740570 753
1740580 753
1740590 752
1740600 752
1740610 751
1740620 751
1740630 750
1740640 750
1740650 750
1740660 750
1740670 750
1740680 750
1740690 750
1740700 750
1740710 751
1740720 753
1740730 756
1740740 760
1740750 763
1740760 766
1740770 768
1740780 770
1740790 771
1740800 773
1740810 773
1740820 773
1740830 774
1740840 774
1740850 775
1740860 777
1740870 780
1740880 783
1740890 786
1740900 789
1740910 792
1740920 795
1740930 798
1740940 801
1740950 804
1740960 807
1740970 810
1740980 813
1740990 814
1741000 813
1741010 812
1741020 810
1741030 808
1741040 805
1741050 801
1741060 796
1741070 792
1741080 789
1741090 786
1741100 784
1741110 784
1741120 785
1741130 788
1741140 791
1741150 794
1741160 798
1741170 802
1741180 805
1741190 808
1741200 811
1741210 814
1741220 817
1741230 820
1741240 822
1741250 825
1741260 827
1741270 830
1741280 833
1741290 835
1741300 837
1741310 839
1741320 840
1741330 840
1741340 841
1741350 841
1741360 840
1741370 837
1741380 834
1741390 829
1741400 825
1741410 820
1741420 814
1741430 810
1741440 805
1741450 801
1741460 798
1741470 794
1741480 791
1741490 787
1741500 785
1741510 782
1741520 780
1741530 777
1741540 773
1741550 770
1741560 766
1741570 763
1741580 760
1741590 757
1741600 755
1741610 754
1741620 753
1741630 754
1741640 757
1741650 760
1741660 763
1741670 765
1741680 768
1741690 770
1741700 772
1741710 773
1741720 775
1741730 777
1741740 779
1741750 781
1741760 783
1741770 785
1741780 787
1741790 789
1741800 791
1741810 792
1741820 793
1741830 793
1741840 793
1741850 791
1741860 789
1741870 785
1741880 780
1741890 775
1741900 770
1741910 766
1741920 761
1741930 757
1741940 753
1741950 750
1741960 747
1741970 745
1741980 743
1741990 743
1742000 743
1742010 744
1742020 746
1742030 749
1742040 751
1742050 754
1742060 757
1742070 760
1742080 762
1742090 764
1742100 766
1742110 767
1742120 767
1742130 764
1742140 759
1742150 755
1742160 752
1742170 750
1742180 750
1742190 751
1742200 753
1742210 755
1742220 757
1742230 758
1742240 759
1742250 760
1742260 760
1742270 759
1742280 757
1742290 754
1742300 751
1742310 747
1742320 742
1742330 738
1742340 734
1742350 732
1742360 732
1742370 734
1742380 735
1742390 736
1742400 734
1742410 731
1742420 728
1742430 727
1742440 727
1742450 729
1742460 732
1742470 736
1742480 739
1742490 743
1742500 747
1742510 749
1742520 750
1742530 751
1742540 752
1742550 754
1742560 755
1742570 757
1742580 758
1742590 758
1742600 758
1742610 757
1742620 757
1742630 758
1742640 758
1742650 758
1742660 758
1742670 757
1742680 757
1742690 757
1742700 756
1742710 754
1742720 751
1742730 747
1742740 743
1742750 738
1742760 737
1742770 737
1742780 739
1742790 738
1742800 736
1742810 733
1742820 730
1742830 728
1742840 728
1742850 733
1742860 737
1742870 740
1742880 740
1742890 737
1742900 734
1742910 729
1742920 724
1742930 721
1742940 721
1742950 721
1742960 722
1742970 722
1742980 720
1742990 719
1743000 716
1743010 714
1743020 713
1743030 713
1743040 713
1743050 713
1743060 713
1743070 714
1743080 714
1743090 713
1743100 713
1743110 712
1743120 711
1743130 710
1743140 709
1743150 707
1743160 706
1743170 704
1743180 704
1743190 704
1743200 703
1743210 702
1743220 700
1743230 698
1743240 697
1743250 697
1743260 697
1743270 697
1743280 696
1743290 696
1743300 696
1743310 696
1743320 696
1743330 696
1743340 696
1743350 695
1743360 695
1743370 695
1743380 695
1743390 694
1743400 694
1743410 694
1743420 694
1743430 694
1743440 694
1743450 694
1743460 694
1743470 694
1743480 694
1743490 693
1743500 693
1743510 692
1743520 692
1743530 692
1743540 692
1743550 692
1743560 692
1743570 692
1743580 692
1743590 692
1743600 692
1743610 691
1743620 691
1743630 691
1743640 691
1743650 691
1743660 690
1743670 690
1743680 690
1743690 690
1743700 690
1743710 690
1743720 690
1743730 690
1743740 690
1743750 689
1743760 689
1743770 689
1743780 689
1743790 689
1743800 689
1743810 689
1743820 689
1743830 690
1743840 691
1743850 692
1743860 692
1743870 693
1743880 694
1743890 695
1743900 696
1743910 697
1743920 697
1743930 696
1743940 696
1743950 695
1743960 694
1743970 693
1743980 692
1743990 691
1744000 690
1744010 689
1744020 689
1744030 688
1744040 688
1744050 687
1744060 687
1744070 687
1744080 687
1744090 688
1744100 689
1744110 690
1744120 691
1744130 692
1744140 693
1744150 695
1744160 696
1744170 697
1744180 699
1744190 701
1744200 704
1744210 708
1744220 712
1744230 715
1744240 717
1744250 716
1744260 715
1744270 714
1744280 711
1744290 709
1744300 707
1744310 706
1744320 705
1744330 705
1744340 704
1744350 704
1744360 703
1744370 702
1744380 700
1744390 699
1744400 697
1744410 696
1744420 695
1744430 693
1744440 692
1744450 690
1744460 689
1744470 687
1744480 687
1744490 687
1744500 686
1744510 686
1744520 685
1744530 686
1744540 686
1744550 684
1744560 681
1744570 679
1744580 678
1744590 679
1744600 681
1744610 682
1744620 684
1744630 689
1744640 696
1744650 696
1744660 697
1744670 699
1744680 702
1744690 704
1744700 705
1744710 707
1744720 708
1744730 709
1744740 709
1744750 710
1744760 710
1744770 710
1744780 710
1744790 711
1744800 712
1744810 713
1744820 714
1744830 716
1744840 717
1744850 718
1744860 718
1744870 719
1744880 720
1744890 721
1744900 722
1744910 723
1744920 725
1744930 727
1744940 729
1744950 732
1744960 734
1744970 737
1744980 740
1744990 743
1745000 746
1745010 749
1745020 751
1745030 753
1745040 756
1745050 759
1745060 762
1745070 766
1745080 768
1745090 770
1745100 773
1745110 775
1745120 777
1745130 779
1745140 780
1745150 780
1745160 781
1745170 780
1745180 781
1745190 781
1745200 782
1745210 783
1745220 782
1745230 781
1745240 780
1745250 779
1745260 780
1745270 782
1745280 786
1745290 791
1745300 795
1745310 799
1745320 802
1745330 805
1745340 809
1745350 811
1745360 813
1745370 814
1745380 816
1745390 819
1745400 823
1745410 828
1745420 833
1745430 837
1745440 842
1745450 846
1745460 851
1745470 855
1745480 859
1745490 863
1745500 867
1745510 870
1745520 873
1745530 874
1745540 874
1745550 874
1745560 876
1745570 880
1745580 886
1745590 888
1745600 887
1745610 883
1745620 881
1745630 881
1745640 883
1745650 886
1745660 888
1745670 891
1745680 897
1745690 903
1745700 910
1745710 916
1745720 920
1745730 921
1745740 918
1745750 920
1745760 923
1745770 926
1745780 927
1745790 931
1745800 940
1745810 947
1745820 953
1745830 954
1745840 954
1745850 954
1745860 953
1745870 952
1745880 951
1745890 950
1745900 948
1745910 947
1745920 946
1745930 944
1745940 943
1745950 941
1745960 939
1745970 938
1745980 936
1745990 934
1746000 933
1746010 931
1746020 930
1746030 928
1746040 927
1746050 925
1746060 923
1746070 922
1746080 920
1746090 919
1746100 918
1746110 917
1746120 916
1746130 916
1746140 915
1746150 915
1746160 915
1746170 914
1746180 914
1746190 914
1746200 913
1746210 913
1746220 912
1746230 912
1746240 912
1746250 912
1746260 912
1746270 912
1746280 912
1746290 912
1746300 912
1746310 911
1746320 910
1746330 909
1746340 908
1746350 908
1746360 907
1746370 906
1746380 905
1746390 904
1746400 902
1746410 901
1746420 900
1746430 898
1746440 896
1746450 895
1746460 893
1746470 891
1746480 890
1746490 888
1746500 886
1746510 884
1746520 882
1746530 881
1746540 879
1746550 877
1746560 875
1746570 873
1746580 871
1746590 869
1746600 867
1746610 864
1746620 861
1746630 857
1746640 853
1746650 847
1746660 842
1746670 838
1746680 834
1746690 830
1746700 826
1746710 823
1746720 819
1746730 816
1746740 814
1746750 812
1746760 810
1746770 809
1746780 806
1746790 803
1746800 800
1746810 796
1746820 791
1746830 787
1746840 782
1746850 778
1746860 774
1746870 771
1746880 769
1746890 767
1746900 766
1746910 764
1746920 762
1746930 759
1746940 757
1746950 755
1746960 753
1746970 751
1746980 748
1746990 746
1747000 743
1747010 741
1747020 737
1747030 734
1747040 732
1747050 730
1747060 729
1747070 727
1747080 726
1747090 725
1747100 724
1747110 726
1747120 726
1747130 726
1747140 724
1747150 722
1747160 720
1747170 718
1747180 716
1747190 714
1747200 712
1747210 710
1747220 708
1747230 707
1747240 704
1747250 702
1747260 699
1747270 695
1747280 691
1747290 686
1747300 681
1747310 676
1747320 672
1747330 667
1747340 664
1747350 660
1747360 658
1747370 656
1747380 655
1747390 654
1747400 653
1747410 652
1747420 651
1747430 650
1747440 650
1747450 649
1747460 648
1747470 648
1747480 647
1747490 647
1747500 646
1747510 644
1747520 643
1747530 642
1747540 641
1747550 641
1747560 641
1747570 642
1747580 643
1747590 643
1747600 643
1747610 643
1747620 643
1747630 645
1747640 646
1747650 648
1747660 649
1747670 650
1747680 651
1747690 652
1747700 653
1747710 654
1747720 654
1747730 655
1747740 655
1747750 656
1747760 656
1747770 657
1747780 658
1747790 658
1747800 659
1747810 660
1747820 661
1747830 663
1747840 665
1747850 667
1747860 669
1747870 671
1747880 673
1747890 674
1747900 676
1747910 678
1747920 679
1747930 680
1747940 681
1747950 682
1747960 683
1747970 683
1747980 683
1747990 682
1748000 681
1748010 680
1748020 679
1748030 678
1748040 679
1748050 679
1748060 680
1748070 682
1748080 683
1748090 685
1748100 686
1748110 688
1748120 690
1748130 692
1748140 694
1748150 696
1748160 698
1748170 700
1748180 702
1748190 704
1748200 706
1748210 707
1748220 709
1748230 711
1748240 712
1748250 714
1748260 715
1748270 716
1748280 718
1748290 719
1748300 721
1748310 722
1748320 724
1748330 725
1748340 726
1748350 726
1748360 726
1748370 726
1748380 726
1748390 726
1748400 725
1748410 725
1748420 726
1748430 728
1748440 730
1748450 732
1748460 735
1748470 737
1748480 739
1748490 741
1748500 743
1748510 745
1748520 747
1748530 749
1748540 751
1748550 753
1748560 755
1748570 757
1748580 759
1748590 760
1748600 762
1748610 764
1748620 765
1748630 767
1748640 768
1748650 769
1748660 770
1748670 771
1748680 770
1748690 768
1748700 764
1748710 760
1748720 756
1748730 752
1748740 748
1748750 744
1748760 740
1748770 737
1748780 735
1748790 733
1748800 731
1748810 730
1748820 729
1748830 728
1748840 727
1748850 726
1748860 726
1748870 726
1748880 727
1748890 727
1748900 726
1748910 725
1748920 723
1748930 720
1748940 719
1748950 718
1748960 718
1748970 719
1748980 720
1748990 721
1749000 723
1749010 725
1749020 727
1749030 729
1749040 731
1749050 733
1749060 735
1749070 737
1749080 738
1749090 739
1749100 740
1749110 741
1749120 742
1749130 743
1749140 744
1749150 745
1749160 746
1749170 748
1749180 749
1749190 751
1749200 753
1749210 755
1749220 757
1749230 759
1749240 762
1749250 764
1749260 766
1749270 769
1749280 772
1749290 774
1749300 777
1749310 780
1749320 783
1749330 786
1749340 789
1749350 793
1749360 797
1749370 800
1749380 804
1749390 807
1749400 809
1749410 812
1749420 815
1749430 819
1749440 822
1749450 826
1749460 829
1749470 832
1749480 835
1749490 837
1749500 839
1749510 840
1749520 842
1749530 843
1749540 845
1749550 846
1749560 848
1749570 849
1749580 850
1749590 852
1749600 853
1749610 854
1749620 855
1749630 855
1749640 856
1749650 857
1749660 858
1749670 860
1749680 863
1749690 865
1749700 867
1749710 869
1749720 870
1749730 871
1749740 872
1749750 872
1749760 872
1749770 872
1749780 872
1749790 872
1749800 871
1749810 871
1749820 871
1749830 871
1749840 870
1749850 869
1749860 868
1749870 867
1749880 866
1749890 865
1749900 864
1749910 863
1749920 862
1749930 861
1749940 861
1749950 860
1749960 859
1749970 857
1749980 856
1749990 853
1750000 851
1750010 848
1750020 845
1750030 842
1750040 840
1750050 837
1750060 834
1750070 831
1750080 828
1750090 825
1750100 823
1750110 821
1750120 820
1750130 819
1750140 817
1750150 815
1750160 813
1750170 811
1750180 808
1750190 804
1750200 800
1750210 796
1750220 791
1750230 787
1750240 783
1750250 779
1750260 776
1750270 774
1750280 775
1750290 777
1750300 780
1750310 782
1750320 784
1750330 786
1750340 789
1750350 791
1750360 794
1750370 796
1750380 799
1750390 801
1750400 803
1750410 805
1750420 807
1750430 809
1750440 810
1750450 812
1750460 813
1750470 815
1750480 816
1750490 814
1750500 814
1750510 813
1750520 811
1750530 809
1750540 808
1750550 806
1750560 805
1750570 803
1750580 801
1750590 799
1750600 797
1750610 795
1750620 793
1750630 791
1750640 789
1750650 787
1750660 785
1750670 783
1750680 781
1750690 780
1750700 778
1750710 776
1750720 775
1750730 773
1750740 772
1750750 771
1750760 770
1750770 768
1750780 767
1750790 765
1750800 764
1750810 763
1750820 761
1750830 760
1750840 758
1750850 758
1750860 757
1750870 755
1750880 754
1750890 752
1750900 751
1750910 750
1750920 750
1750930 751
1750940 753
1750950 755
1750960 757
1750970 759
1750980 760
1750990 762
1751000 764
1751010 765
1751020 767
1751030 768
1751040 770
1751050 772
1751060 773
1751070 774
1751080 775
1751090 775
1751100 777
1751110 779
1751120 780
1751130 782
1751140 782
1751150 783
1751160 785
1751170 786
1751180 787
1751190 788
1751200 789
1751210 790
1751220 791
1751230 792
1751240 793
1751250 793
1751260 793
1751270 793
1751280 793
1751290 792
1751300 791
1751310 789
1751320 788
1751330 787
1751340 787
1751350 787
1751360 786
1751370 786
1751380 785
1751390 783
1751400 782
1751410 781
1751420 780
1751430 780
1751440 780
1751450 781
1751460 781
1751470 782
1751480 783
1751490 784
1751500 784
1751510 785
1751520 786
1751530 787
1751540 788
1751550 789
1751560 790
1751570 791
1751580 792
1751590 795
1751600 797
1751610 800
1751620 803
1751630 805
1751640 808
1751650 810
1751660 812
1751670 814
1751680 816
1751690 818
1751700 820
1751710 822
1751720 824
1751730 826
1751740 829
1751750 831
1751760 833
1751770 835
1751780 837
1751790 839
1751800 841
1751810 843
1751820 844
1751830 846
1751840 847
1751850 849
1751860 850
1751870 852
1751880 854
1751890 855
1751900 857
1751910 859
1751920 861
1751930 863
1751940 865
1751950 867
1751960 869
1751970 870
1751980 873
1751990 876
1752000 879
1752010 882
1752020 885
1752030 887
1752040 890
1752050 892
1752060 895
1752070 897
1752080 899
1752090 902
1752100 905
1752110 908
1752120 909
1752130 907
1752140 896
1752150 888
1752160 882
1752170 877
1752180 872
1752190 868
1752200 865
1752210 862
1752220 859
1752230 858
1752240 858
1752250 858
1752260 855
1752270 851
1752280 846
1752290 843
1752300 841
1752310 839
1752320 839
1752330 839
1752340 839
1752350 840
1752360 840
1752370 839
1752380 838
1752390 838
1752400 837
1752410 835
1752420 834
1752430 834
1752440 834
1752450 833
1752460 831
1752470 828
1752480 826
1752490 825
1752500 825
1752510 824
1752520 823
1752530 821
1752540 820
1752550 818
1752560 816
1752570 816
1752580 816
1752590 816
1752600 818
1752610 820
1752620 822
1752630 824
1752640 826
1752650 827
1752660 825
1752670 823
1752680 821
1752690 818
1752700 816
1752710 814
1752720 812
1752730 810
1752740 808
1752750 805
1752760 803
1752770 801
1752780 799
1752790 798
1752800 796
1752810 794
1752820 793
1752830 791
1752840 790
1752850 788
1752860 787
1752870 785
1752880 784
1752890 782
1752900 780
1752910 778
1752920 775
1752930 773
1752940 771
1752950 769
1752960 767
1752970 766
1752980 765
1752990 764
1753000 763
1753010 762
1753020 761
1753030 760
1753040 760
1753050 761
1753060 761
1753070 761
1753080 761
1753090 761
1753100 760
1753110 760
1753120 759
1753130 759
1753140 758
1753150 757
1753160 755
1753170 754
1753180 753
1753190 751
1753200 747
1753210 744
1753220 740
1753230 738
1753240 736
1753250 735
1753260 735
1753270 734
1753280 735
1753290 736
1753300 739
1753310 742
1753320 744
1753330 747
1753340 751
1753350 754
1753360 757
1753370 761
1753380 765
1753390 769
1753400 773
1753410 777
1753420 781
1753430 785
1753440 789
1753450 793
1753460 797
1753470 801
1753480 804
1753490 808
1753500 812
1753510 815
1753520 819
1753530 822
1753540 826
1753550 829
1753560 833
1753570 836
1753580 839
1753590 843
1753600 847
1753610 850
1753620 854
1753630 858
1753640 861
1753650 864
1753660 868
1753670 871
1753680 874
1753690 878
1753700 881
1753710 885
1753720 888
1753730 890
1753740 893
1753750 896
1753760 898
1753770 901
1753780 902
1753790 904
1753800 905
1753810 907
1753820 908
1753830 910
1753840 911
1753850 912
1753860 912
1753870 912
1753880 913
1753890 913
1753900 914
1753910 915
1753920 915
1753930 916
1753940 917
1753950 917
1753960 918
1753970 919
1753980 920
1753990 921
1754000 923
1754010 924
1754020 925
1754030 927
1754040 929
1754050 930
1754060 932
1754070 934
1754080 935
1754090 937
1754100 938
1754110 940
1754120 942
1754130 943
1754140 944
1754150 945
1754160 945
1754170 946
1754180 945
1754190 945
1754200 943
1754210 942
1754220 941
1754230 940
1754240 938
1754250 937
1754260 936
1754270 935
1754280 933
1754290 932
1754300 931
1754310 929
1754320 927
1754330 925
1754340 922
1754350 919
1754360 916
1754370 913
1754380 911
1754390 908
1754400 905
1754410 902
1754420 899
1754430 896
1754440 893
1754450 890
1754460 888
1754470 885
1754480 882
1754490 879
1754500 877
1754510 874
1754520 872
1754530 870
1754540 867
1754550 865
1754560 862
1754570 859
1754580 857
1754590 854
1754600 852
1754610 849
1754620 847
1754630 845
1754640 843
1754650 841
1754660 839
1754670 837
1754680 836
1754690 834
1754700 833
1754710 831
1754720 830
1754730 829
1754740 827
1754750 826
1754760 825
1754770 824
1754780 824
1754790 824
1754800 823
1754810 823
1754820 823
1754830 824
1754840 824
1754850 822
1754860 821
1754870 819
1754880 817
1754890 816
1754900 815
1754910 813
1754920 812
1754930 810
1754940 809
1754950 807
1754960 806
1754970 804
1754980 802
1754990 801
1755000 799
1755010 797
1755020 795
1755030 793
1755040 792
1755050 790
1755060 788
1755070 787
1755080 785
1755090 783
1755100 782
1755110 781
1755120 780
1755130 779
1755140 778
1755150 777
1755160 776
1755170 776
1755180 775
1755190 773
1755200 772
1755210 771
1755220 769
1755230 768
1755240 767
1755250 767
1755260 766
1755270 765
1755280 764
1755290 763
1755300 762
1755310 761
1755320 760
1755330 759
1755340 759
1755350 758
1755360 757
1755370 757
1755380 756
1755390 755
1755400 755
1755410 754
1755420 754
1755430 753
1755440 753
1755450 752
1755460 752
1755470 751
1755480 750
1755490 749
1755500 748
1755510 746
1755520 747
1755530 747
1755540 748
1755550 749
1755560 751
1755570 751
1755580 752
1755590 752
1755600 752
1755610 753
1755620 754
1755630 755
1755640 755
1755650 756
1755660 757
1755670 757
1755680 758
1755690 759
1755700 759
1755710 759
1755720 759
1755730 759
1755740 758
1755750 756
1755760 753
1755770 750
1755780 747
1755790 744
1755800 742
1755810 741
1755820 740
1755830 739
1755840 737
1755850 736
1755860 735
1755870 733
1755880 731
1755890 729
1755900 728
1755910 726
1755920 725
1755930 724
1755940 723
1755950 721
1755960 720
1755970 719
1755980 718
1755990 718
1756000 718
1756010 718
1756020 719
1756030 721
1756040 725
1756050 730
1756060 736
1756070 741
1756080 747
1756090 755
1756100 760
1756110 763
1756120 764
1756130 763
1756140 760
1756150 757
1756160 754
1756170 751
1756180 749
1756190 746
1756200 744
1756210 743
1756220 743
1756230 745
1756240 748
1756250 751
1756260 754
1756270 756
1756280 759
1756290 762
1756300 765
1756310 768
1756320 772
1756330 777
1756340 780
1756350 783
1756360 787
1756370 790
1756380 793
1756390 796
1756400 799
1756410 802
1756420 805
1756430 808
1756440 811
1756450 813
1756460 816
1756470 818
1756480 821
1756490 823
1756500 826
1756510 829
1756520 832
1756530 831
1756540 829
1756550 826
1756560 822
1756570 818
1756580 814
1756590 810
1756600 806
1756610 802
1756620 798
1756630 794
1756640 790
1756650 787
1756660 784
1756670 781
1756680 779
1756690 777
1756700 776
1756710 775
1756720 775
1756730 776
1756740 779
1756750 781
1756760 784
1756770 786
1756780 788
1756790 790
1756800 793
1756810 796
1756820 799
1756830 802
1756840 806
1756850 809
1756860 812
1756870 815
1756880 819
1756890 822
1756900 825
1756910 828
1756920 832
1756930 835
1756940 838
1756950 842
1756960 845
1756970 849
1756980 853
1756990 857
1757000 861
1757010 866
1757020 871
1757030 876
1757040 880
1757050 883
1757060 885
1757070 886
1757080 888
1757090 889
1757100 890
1757110 891
1757120 891
1757130 892
1757140 892
1757150 892
1757160 892
1757170 892
1757180 892
1757190 890
1757200 886
1757210 883
1757220 880
1757230 877
1757240 874
1757250 871
1757260 869
1757270 868
1757280 869
1757290 870
1757300 870
1757310 871
1757320 872
1757330 872
1757340 872
1757350 872
1757360 872
1757370 874
1757380 875
1757390 878
1757400 880
1757410 882
1757420 884
1757430 886
1757440 889
1757450 892
1757460 894
1757470 896
1757480 899
1757490 902
1757500 904
1757510 907
1757520 909
1757530 911
1757540 913
1757550 915
1757560 917
1757570 918
1757580 919
1757590 921
1757600 921
1757610 922
1757620 922
1757630 922
1757640 921
1757650 919
1757660 917
1757670 915
1757680 912
1757690 909
1757700 906
1757710 904
1757720 901
1757730 899
1757740 896
1757750 894
1757760 892
1757770 890
1757780 887
1757790 885
1757800 883
1757810 881
1757820 879
1757830 877
1757840 875
1757850 873
1757860 871
1757870 869
1757880 866
1757890 864
1757900 861
1757910 857
1757920 854
1757930 851
1757940 847
1757950 845
1757960 843
1757970 841
1757980 838
1757990 836
1758000 834
1758010 832
1758020 832
1758030 833
1758040 836
1758050 838
1758060 841
1758070 843
1758080 846
1758090 849
1758100 851
1758110 854
1758120 856
1758130 859
1758140 860
1758150 861
1758160 860
1758170 859
1758180 857
1758190 856
1758200 857
1758210 858
1758220 861
1758230 863
1758240 866
1758250 868
1758260 871
1758270 874
1758280 878
1758290 881
1758300 884
1758310 887
1758320 891
1758330 894
1758340 897
1758350 901
1758360 904
1758370 907
1758380 910
1758390 913
1758400 916
1758410 918
1758420 921
1758430 924
1758440 926
1758450 927
1758460 927
1758470 926
1758480 926
1758490 925
1758500 925
1758510 924
1758520 924
1758530 923
1758540 922
1758550 921
1758560 921
1758570 920
1758580 919
1758590 917
1758600 915
1758610 912
1758620 910
1758630 909
1758640 907
1758650 907
1758660 906
1758670 905
1758680 904
1758690 903
1758700 902
1758710 901
1758720 900
1758730 899
1758740 898
1758750 896
1758760 895
1758770 892
1758780 891
1758790 890
1758800 889
1758810 888
1758820 888
1758830 887
1758840 887
1758850 887
1758860 886
1758870 883
1758880 878
1758890 873
1758900 869
1758910 864
1758920 860
1758930 856
1758940 852
1758950 849
1758960 848
1758970 846
1758980 845
1758990 841
1759000 836
1759010 830
1759020 828
1759030 826
1759040 823
1759050 818
1759060 813
1759070 808
1759080 802
1759090 797
1759100 793
1759110 795
1759120 798
1759130 799
1759140 795
1759150 791
1759160 786
1759170 780
1759180 775
1759190 771
1759200 769
1759210 767
1759220 765
1759230 762
1759240 759
1759250 757
1759260 754
1759270 754
1759280 755
1759290 755
1759300 757
1759310 759
1759320 762
1759330 765
1759340 768
1759350 771
1759360 774
1759370 777
1759380 780
1759390 784
1759400 788
1759410 792
1759420 797
1759430 802
1759440 807
1759450 809
1759460 808
1759470 802
1759480 798
1759490 794
1759500 791
1759510 788
1759520 786
1759530 786
1759540 788
1759550 792
1759560 796
1759570 801
1759580 805
1759590 808
1759600 808
1759610 806
1759620 804
1759630 800
1759640 795
1759650 790
1759660 783
1759670 775
1759680 768
1759690 761
1759700 754
1759710 747
1759720 740
1759730 734
1759740 729
1759750 724
1759760 721
1759770 719
1759780 718
1759790 715
1759800 712
1759810 707
1759820 703
1759830 699
1759840 696
1759850 692
1759860 689
1759870 685
1759880 680
1759890 675
1759900 670
1759910 667
1759920 667
1759930 670
1759940 672
1759950 674
1759960 674
1759970 673
1759980 671
1759990 669
