1740000 865
1740010 864
1740020 863
1740030 863
1740040 863
1740050 862
1740060 862
1740070 862
1740080 861
1740090 859
1740100 857
1740110 853
1740120 850
1740130 846
1740140 844
1740150 844
1740160 845
1740170 845
1740180 846
1740190 848
1740200 851
1740210 854
1740220 856
1740230 857
1740240 859
1740250 861
1740260 863
1740270 865
1740280 868
1740290 870
1740300 873
1740310 875
1740320 877
1740330 879
1740340 880
1740350 880
1740360 880
1740370 878
1740380 874
1740390 870
1740400 866
1740410 863
1740420 859
1740430 855
1740440 852
1740450 848
1740460 845
1740470 841
1740480 838
1740490 835
1740500 834
1740510 832
1740520 831
1740530 829
1740540 827
1740550 825
1740560 822
1740570 818
1740580 815
1740590 812
1740600 809
1740610 807
1740620 804
1740630 804
1740640 804
1740650 805
1740660 807
1740670 809
1740680 811
1740690 814
1740700 817
1740710 821
1740720 824
1740730 827
1740740 830
1740750 834
1740760 837
1740770 840
1740780 844
1740790 848
1740800 851
1740810 855
1740820 859
1740830 863
1740840 867
1740850 870
1740860 872
1740870 871
1740880 868
1740890 865
1740900 861
1740910 857
1740920 854
1740930 850
1740940 847
1740950 845
1740960 847
1740970 848
1740980 851
1740990 854
1741000 857
1741010 860
1741020 864
1741030 868
1741040 871
1741050 874
1741060 877
1741070 881
1741080 884
1741090 886
1741100 889
1741110 892
1741120 895
1741130 898
1741140 900
1741150 902
1741160 904
1741170 906
1741180 908
1741190 910
1741200 912
1741210 913
1741220 914
1741230 913
1741240 912
1741250 911
1741260 908
1741270 904
1741280 900
1741290 896
1741300 890
1741310 883
1741320 878
1741330 873
1741340 869
1741350 865
1741360 861
1741370 858
1741380 854
1741390 849
1741400 844
1741410 840
1741420 837
1741430 834
1741440 831
1741450 828
1741460 826
1741470 824
1741480 824
1741490 824
1741500 825
1741510 826
1741520 828
1741530 829
1741540 832
1741550 835
1741560 838
1741570 839
1741580 840
1741590 841
1741600 842
1741610 844
1741620 846
1741630 848
1741640 850
1741650 853
1741660 856
1741670 859
1741680 862
1741690 864
1741700 867
1741710 870
1741720 873
1741730 875
1741740 877
1741750 879
1741760 881
1741770 882
1741780 880
1741790 875
1741800 870
1741810 866
1741820 864
1741830 863
1741840 861
1741850 861
1741860 861
1741870 861
1741880 862
1741890 862
1741900 863
1741910 865
1741920 866
1741930 867
1741940 869
1741950 870
1741960 872
1741970 873
1741980 875
1741990 877
1742000 880
1742010 882
1742020 885
1742030 887
1742040 890
1742050 893
1742060 895
1742070 896
1742080 894
1742090 890
1742100 885
1742110 878
1742120 872
1742130 867
1742140 863
1742150 859
1742160 855
1742170 851
1742180 847
1742190 844
1742200 840
1742210 838
1742220 835
1742230 833
1742240 832
1742250 831
1742260 830
1742270 830
1742280 831
1742290 831
1742300 832
1742310 834
1742320 835
1742330 836
1742340 838
1742350 840
1742360 841
1742370 843
1742380 844
1742390 845
1742400 847
1742410 848
1742420 850
1742430 851
1742440 852
1742450 854
1742460 855
1742470 856
1742480 857
1742490 857
1742500 857
1742510 858
1742520 859
1742530 860
1742540 860
1742550 861
1742560 861
1742570 862
1742580 863
1742590 864
1742600 864
1742610 863
1742620 863
1742630 861
1742640 857
1742650 853
1742660 848
1742670 843
1742680 839
1742690 834
1742700 830
1742710 826
1742720 822
1742730 818
1742740 814
1742750 809
1742760 804
1742770 800
1742780 796
1742790 792
1742800 789
1742810 785
1742820 781
1742830 778
1742840 776
1742850 773
1742860 770
1742870 767
1742880 764
1742890 760
1742900 756
1742910 751
1742920 747
1742930 743
1742940 740
1742950 736
1742960 733
1742970 730
1742980 727
1742990 724
1743000 721
1743010 718
1743020 716
1743030 714
1743040 711
1743050 709
1743060 706
1743070 703
1743080 701
1743090 700
1743100 700
1743110 700
1743120 701
1743130 703
1743140 705
1743150 708
1743160 711
1743170 714
1743180 717
1743190 720
1743200 724
1743210 727
1743220 731
1743230 734
1743240 738
1743250 742
1743260 745
1743270 749
1743280 752
1743290 755
1743300 757
1743310 758
1743320 758
1743330 758
1743340 759
1743350 761
1743360 763
1743370 765
1743380 767
1743390 770
1743400 773
1743410 776
1743420 778
1743430 781
1743440 784
1743450 787
1743460 790
1743470 793
1743480 797
1743490 799
1743500 802
1743510 805
1743520 807
1743530 810
1743540 812
1743550 815
1743560 817
1743570 819
1743580 822
1743590 825
1743600 827
1743610 828
1743620 829
1743630 829
1743640 828
1743650 827
1743660 825
1743670 823
1743680 820
1743690 818
1743700 816
1743710 814
1743720 812
1743730 811
1743740 809
1743750 808
1743760 805
1743770 802
1743780 800
1743790 798
1743800 797
1743810 796
1743820 795
1743830 794
1743840 793
1743850 792
1743860 790
1743870 787
1743880 782
1743890 777
1743900 772
1743910 767
1743920 762
1743930 758
1743940 754
1743950 750
1743960 747
1743970 743
1743980 742
1743990 742
1744000 745
1744010 747
1744020 747
1744030 745
1744040 742
1744050 739
1744060 736
1744070 733
1744080 731
1744090 730
1744100 729
1744110 728
1744120 727
1744130 726
1744140 725
1744150 725
1744160 726
1744170 727
1744180 730
1744190 733
1744200 736
1744210 740
1744220 743
1744230 747
1744240 750
1744250 755
1744260 759
1744270 762
1744280 765
1744290 768
1744300 772
1744310 775
1744320 778
1744330 782
1744340 785
1744350 789
1744360 793
1744370 796
1744380 800
1744390 804
1744400 807
1744410 811
1744420 814
1744430 817
1744440 820
1744450 824
1744460 828
1744470 832
1744480 835
1744490 838
1744500 841
1744510 844
1744520 846
1744530 849
1744540 852
1744550 855
1744560 857
1744570 859
1744580 862
1744590 865
1744600 867
1744610 870
1744620 873
1744630 875
1744640 878
1744650 881
1744660 883
1744670 885
1744680 888
1744690 890
1744700 893
1744710 896
1744720 899
1744730 901
1744740 904
1744750 906
1744760 909
1744770 911
1744780 913
1744790 916
1744800 918
1744810 920
1744820 923
1744830 925
1744840 928
1744850 930
1744860 933
1744870 935
1744880 938
1744890 940
1744900 943
1744910 945
1744920 948
1744930 950
1744940 953
1744950 955
1744960 958
1744970 961
1744980 964
1744990 967
1745000 970
1745010 973
1745020 975
1745030 978
1745040 980
1745050 983
1745060 985
1745070 988
1745080 991
1745090 994
1745100 997
1745110 1000
1745120 1002
1745130 1005
1745140 1007
1745150 1010
1745160 1012
1745170 1013
1745180 1014
1745190 1015
1745200 1016
1745210 1017
1745220 1017
1745230 1018
1745240 1018
1745250 1018
1745260 1019
1745270 1019
1745280 1020
1745290 1020
1745300 1021
1745310 1021
1745320 1022
1745330 1022
1745340 1022
1745350 1023
1745360 1024
1745370 1025
1745380 1026
1745390 1026
1745400 1026
1745410 1027
1745420 1028
1745430 1030
1745440 1032
1745450 1033
1745460 1035
1745470 1036
1745480 1038
1745490 1040
1745500 1042
1745510 1043
1745520 1045
1745530 1046
1745540 1048
1745550 1049
1745560 1051
1745570 1052
1745580 1053
1745590 1054
1745600 1055
1745610 1056
1745620 1057
1745630 1058
1745640 1061
1745650 1063
1745660 1065
1745670 1067
1745680 1068
1745690 1070
1745700 1072
1745710 1072
1745720 1071
1745730 1068
1745740 1065
1745750 1062
1745760 1060
1745770 1058
1745780 1056
1745790 1055
1745800 1053
1745810 1051
1745820 1050
1745830 1048
1745840 1046
1745850 1043
1745860 1041
1745870 1039
1745880 1037
1745890 1035
1745900 1032
1745910 1030
1745920 1027
1745930 1025
1745940 1022
1745950 1020
1745960 1018
1745970 1016
1745980 1014
1745990 1012
1746000 1010
1746010 1008
1746020 1006
1746030 1003
1746040 1001
1746050 998
1746060 995
1746070 993
1746080 991
1746090 989
1746100 986
1746110 984
1746120 981
1746130 978
1746140 975
1746150 972
1746160 970
1746170 968
1746180 966
1746190 965
1746200 963
1746210 960
1746220 958
1746230 956
1746240 954
1746250 952
1746260 950
1746270 948
1746280 946
1746290 945
1746300 943
1746310 941
1746320 939
1746330 937
1746340 935
1746350 933
1746360 932
1746370 930
1746380 928
1746390 927
1746400 926
1746410 923
1746420 921
1746430 919
1746440 918
1746450 916
1746460 915
1746470 913
1746480 911
1746490 910
1746500 908
1746510 906
1746520 904
1746530 902
1746540 900
1746550 898
1746560 896
1746570 894
1746580 892
1746590 890
1746600 888
1746610 886
1746620 884
1746630 882
1746640 880
1746650 879
1746660 878
1746670 877
1746680 875
1746690 873
1746700 870
1746710 868
1746720 865
1746730 863
1746740 860
1746750 857
1746760 854
1746770 852
1746780 849
1746790 847
1746800 845
1746810 842
1746820 840
1746830 838
1746840 836
1746850 834
1746860 831
1746870 828
1746880 825
1746890 821
1746900 817
1746910 812
1746920 807
1746930 802
1746940 797
1746950 793
1746960 789
1746970 785
1746980 781
1746990 776
1747000 771
1747010 766
1747020 762
1747030 758
1747040 754
1747050 750
1747060 746
1747070 742
1747080 738
1747090 735
1747100 732
1747110 729
1747120 726
1747130 723
1747140 720
1747150 717
1747160 715
1747170 713
1747180 710
1747190 708
1747200 705
1747210 702
1747220 700
1747230 697
1747240 695
1747250 694
1747260 692
1747270 691
1747280 691
1747290 691
1747300 692
1747310 693
1747320 695
1747330 696
1747340 698
1747350 699
1747360 701
1747370 702
1747380 703
1747390 705
1747400 706
1747410 707
1747420 708
1747430 709
1747440 710
1747450 711
1747460 712
1747470 713
1747480 712
1747490 711
1747500 708
1747510 705
1747520 702
1747530 699
1747540 696
1747550 692
1747560 687
1747570 682
1747580 677
1747590 672
1747600 667
1747610 663
1747620 659
1747630 658
1747640 656
1747650 655
1747660 653
1747670 652
1747680 650
1747690 648
1747700 646
1747710 644
1747720 644
1747730 643
1747740 643
1747750 643
1747760 644
1747770 644
1747780 644
1747790 644
1747800 644
1747810 644
1747820 644
1747830 644
1747840 644
1747850 644
1747860 644
1747870 644
1747880 644
1747890 644
1747900 646
1747910 647
1747920 649
1747930 649
1747940 650
1747950 651
1747960 651
1747970 652
1747980 652
1747990 653
1748000 654
1748010 655
1748020 656
1748030 657
1748040 658
1748050 658
1748060 658
1748070 659
1748080 659
1748090 660
1748100 660
1748110 660
1748120 660
1748130 660
1748140 661
1748150 660
1748160 660
1748170 659
1748180 659
1748190 658
1748200 657
1748210 656
1748220 656
1748230 655
1748240 654
1748250 654
1748260 654
1748270 654
1748280 654
1748290 655
1748300 655
1748310 656
1748320 657
1748330 658
1748340 659
1748350 660
1748360 661
1748370 662
1748380 663
1748390 664
1748400 665
1748410 665
1748420 666
1748430 667
1748440 668
1748450 669
1748460 671
1748470 672
1748480 673
1748490 675
1748500 676
1748510 678
1748520 681
1748530 683
1748540 686
1748550 689
1748560 691
1748570 693
1748580 696
1748590 699
1748600 701
1748610 704
1748620 707
1748630 710
1748640 713
1748650 716
1748660 718
1748670 721
1748680 724
1748690 727
1748700 729
1748710 732
1748720 734
1748730 736
1748740 738
1748750 739
1748760 741
1748770 742
1748780 743
1748790 744
1748800 745
1748810 746
1748820 747
1748830 747
1748840 748
1748850 749
1748860 750
1748870 750
1748880 751
1748890 752
1748900 752
1748910 753
1748920 754
1748930 754
1748940 755
1748950 755
1748960 756
1748970 755
1748980 755
1748990 754
1749000 753
1749010 752
1749020 751
1749030 750
1749040 749
1749050 747
1749060 746
1749070 745
1749080 744
1749090 743
1749100 743
1749110 743
1749120 744
1749130 745
1749140 747
1749150 749
1749160 751
1749170 754
1749180 756
1749190 758
1749200 761
1749210 764
1749220 766
1749230 769
1749240 771
1749250 774
1749260 777
1749270 780
1749280 782
1749290 785
1749300 788
1749310 791
1749320 794
1749330 798
1749340 801
1749350 804
1749360 807
1749370 810
1749380 813
1749390 817
1749400 820
1749410 823
1749420 826
1749430 829
1749440 832
1749450 835
1749460 838
1749470 841
1749480 844
1749490 847
1749500 850
1749510 853
1749520 855
1749530 858
1749540 861
1749550 863
1749560 865
1749570 867
1749580 869
1749590 870
1749600 870
1749610 868
1749620 866
1749630 864
1749640 862
1749650 860
1749660 858
1749670 856
1749680 854
1749690 851
1749700 849
1749710 846
1749720 844
1749730 841
1749740 838
1749750 836
1749760 833
1749770 830
1749780 828
1749790 825
1749800 822
1749810 819
1749820 817
1749830 814
1749840 812
1749850 809
1749860 806
1749870 804
1749880 801
1749890 799
1749900 796
1749910 793
1749920 790
1749930 786
1749940 782
1749950 778
1749960 774
1749970 771
1749980 768
1749990 765
1750000 762
1750010 759
1750020 756
1750030 754
1750040 752
1750050 751
1750060 750
1750070 749
1750080 748
1750090 747
1750100 746
1750110 744
1750120 743
1750130 741
1750140 739
1750150 737
1750160 735
1750170 734
1750180 732
1750190 730
1750200 728
1750210 726
1750220 724
1750230 721
1750240 719
1750250 716
1750260 713
1750270 710
1750280 708
1750290 706
1750300 707
1750310 708
1750320 710
1750330 712
1750340 714
1750350 716
1750360 718
1750370 720
1750380 722
1750390 725
1750400 727
1750410 730
1750420 732
1750430 734
1750440 737
1750450 740
1750460 743
1750470 746
1750480 749
1750490 752
1750500 755
1750510 757
1750520 759
1750530 760
1750540 762
1750550 763
1750560 764
1750570 764
1750580 764
1750590 764
1750600 765
1750610 766
1750620 767
1750630 769
1750640 770
1750650 771
1750660 772
1750670 773
1750680 774
1750690 775
1750700 777
1750710 780
1750720 783
1750730 786
1750740 791
1750750 795
1750760 799
1750770 803
1750780 807
1750790 811
1750800 815
1750810 819
1750820 823
1750830 827
1750840 832
1750850 836
1750860 840
1750870 844
1750880 848
1750890 852
1750900 856
1750910 860
1750920 864
1750930 868
1750940 872
1750950 876
1750960 881
1750970 885
1750980 889
1750990 893
1751000 897
1751010 901
1751020 906
1751030 910
1751040 914
1751050 918
1751060 923
1751070 927
1751080 932
1751090 936
1751100 940
1751110 944
1751120 948
1751130 951
1751140 952
1751150 952
1751160 949
1751170 946
1751180 944
1751190 942
1751200 940
1751210 938
1751220 936
1751230 935
1751240 933
1751250 931
1751260 929
1751270 927
1751280 925
1751290 923
1751300 920
1751310 918
1751320 916
1751330 914
1751340 912
1751350 911
1751360 909
1751370 908
1751380 907
1751390 906
1751400 905
1751410 904
1751420 903
1751430 902
1751440 901
1751450 900
1751460 899
1751470 898
1751480 897
1751490 896
1751500 894
1751510 893
1751520 892
1751530 890
1751540 889
1751550 888
1751560 886
1751570 885
1751580 883
1751590 882
1751600 881
1751610 879
1751620 878
1751630 877
1751640 875
1751650 874
1751660 872
1751670 871
1751680 870
1751690 869
1751700 868
1751710 868
1751720 869
1751730 869
1751740 869
1751750 870
1751760 870
1751770 870
1751780 870
1751790 871
1751800 872
1751810 872
1751820 873
1751830 873
1751840 873
1751850 873
1751860 874
1751870 874
1751880 874
1751890 874
1751900 874
1751910 874
1751920 874
1751930 875
1751940 875
1751950 875
1751960 875
1751970 876
1751980 877
1751990 878
1752000 880
1752010 881
1752020 883
1752030 884
1752040 886
1752050 889
1752060 891
1752070 893
1752080 893
1752090 892
1752100 890
1752110 888
1752120 886
1752130 884
1752140 883
1752150 882
1752160 881
1752170 880
1752180 880
1752190 879
1752200 878
1752210 877
1752220 876
1752230 875
1752240 873
1752250 871
1752260 869
1752270 867
1752280 866
1752290 864
1752300 864
1752310 863
1752320 862
1752330 861
1752340 860
1752350 860
1752360 859
1752370 857
1752380 856
1752390 855
1752400 856
1752410 857
1752420 859
1752430 861
1752440 863
1752450 864
1752460 865
1752470 863
1752480 862
1752490 861
1752500 862
1752510 863
1752520 864
1752530 864
1752540 865
1752550 866
1752560 867
1752570 867
1752580 868
1752590 867
1752600 866
1752610 865
1752620 864
1752630 863
1752640 863
1752650 863
1752660 863
1752670 863
1752680 864
1752690 864
1752700 864
1752710 865
1752720 865
1752730 865
1752740 865
1752750 864
1752760 864
1752770 864
1752780 863
1752790 863
1752800 862
1752810 862
1752820 861
1752830 860
1752840 858
1752850 857
1752860 855
1752870 852
1752880 849
1752890 845
1752900 838
1752910 831
1752920 824
1752930 818
1752940 813
1752950 809
1752960 806
1752970 805
1752980 805
1752990 805
1753000 804
1753010 803
1753020 802
1753030 801
1753040 800
1753050 800
1753060 799
1753070 799
1753080 798
1753090 796
1753100 794
1753110 793
1753120 790
1753130 788
1753140 785
1753150 782
1753160 779
1753170 775
1753180 772
1753190 769
1753200 765
1753210 762
1753220 758
1753230 756
1753240 753
1753250 751
1753260 750
1753270 748
1753280 747
1753290 746
1753300 745
1753310 745
1753320 744
1753330 744
1753340 744
1753350 743
1753360 743
1753370 742
1753380 741
1753390 740
1753400 739
1753410 737
1753420 736
1753430 735
1753440 733
1753450 732
1753460 731
1753470 732
1753480 731
1753490 729
1753500 727
1753510 725
1753520 723
1753530 722
1753540 722
1753550 722
1753560 722
1753570 722
1753580 722
1753590 723
1753600 724
1753610 726
1753620 728
1753630 731
1753640 733
1753650 735
1753660 737
1753670 739
1753680 741
1753690 743
1753700 745
1753710 747
1753720 746
1753730 745
1753740 742
1753750 740
1753760 737
1753770 734
1753780 734
1753790 736
1753800 740
1753810 743
1753820 746
1753830 750
1753840 753
1753850 757
1753860 760
1753870 763
1753880 767
1753890 770
1753900 774
1753910 777
1753920 780
1753930 784
1753940 787
1753950 791
1753960 794
1753970 798
1753980 801
1753990 805
1754000 809
1754010 812
1754020 816
1754030 819
1754040 823
1754050 827
1754060 830
1754070 834
1754080 838
1754090 842
1754100 845
1754110 848
1754120 852
1754130 856
1754140 859
1754150 863
1754160 865
1754170 869
1754180 872
1754190 875
1754200 879
1754210 882
1754220 885
1754230 887
1754240 890
1754250 892
1754260 894
1754270 897
1754280 899
1754290 900
1754300 902
1754310 903
1754320 904
1754330 905
1754340 906
1754350 907
1754360 907
1754370 908
1754380 908
1754390 908
1754400 907
1754410 906
1754420 903
1754430 901
1754440 898
1754450 895
1754460 891
1754470 888
1754480 884
1754490 881
1754500 877
1754510 873
1754520 869
1754530 866
1754540 862
1754550 858
1754560 855
1754570 851
1754580 848
1754590 845
1754600 841
1754610 838
1754620 836
1754630 833
1754640 831
1754650 828
1754660 825
1754670 822
1754680 819
1754690 816
1754700 813
1754710 810
1754720 807
1754730 803
1754740 799
1754750 795
1754760 791
1754770 787
1754780 782
1754790 779
1754800 775
1754810 771
1754820 766
1754830 762
1754840 758
1754850 753
1754860 749
1754870 745
1754880 741
1754890 737
1754900 733
1754910 730
1754920 728
1754930 727
1754940 727
1754950 728
1754960 730
1754970 732
1754980 734
1754990 737
1755000 739
1755010 741
1755020 744
1755030 746
1755040 747
1755050 749
1755060 750
1755070 751
1755080 752
1755090 753
1755100 753
1755110 753
1755120 753
1755130 753
1755140 753
1755150 753
1755160 752
1755170 752
1755180 751
1755190 750
1755200 749
1755210 748
1755220 747
1755230 745
1755240 743
1755250 742
1755260 740
1755270 738
1755280 736
1755290 734
1755300 731
1755310 728
1755320 725
1755330 723
1755340 720
1755350 717
1755360 714
1755370 713
1755380 712
1755390 712
1755400 712
1755410 712
1755420 712
1755430 712
1755440 712
1755450 712
1755460 712
1755470 712
1755480 713
1755490 714
1755500 715
1755510 717
1755520 719
1755530 720
1755540 722
1755550 724
1755560 726
1755570 728
1755580 730
1755590 732
1755600 735
1755610 737
1755620 739
1755630 741
1755640 741
1755650 740
1755660 737
1755670 737
1755680 738
1755690 740
1755700 744
1755710 748
1755720 752
1755730 756
1755740 759
1755750 762
1755760 765
1755770 768
1755780 772
1755790 773
1755800 775
1755810 776
1755820 777
1755830 777
1755840 777
1755850 777
1755860 778
1755870 780
1755880 781
1755890 783
1755900 786
1755910 790
1755920 794
1755930 798
1755940 802
1755950 805
1755960 808
1755970 812
1755980 815
1755990 818
1756000 822
1756010 825
1756020 829
1756030 833
1756040 837
1756050 841
1756060 844
1756070 848
1756080 851
1756090 854
1756100 856
1756110 858
1756120 860
1756130 861
1756140 863
1756150 864
1756160 866
1756170 867
1756180 869
1756190 870
1756200 871
1756210 873
1756220 874
1756230 876
1756240 877
1756250 879
1756260 880
1756270 881
1756280 883
1756290 884
1756300 885
1756310 886
1756320 886
1756330 885
1756340 882
1756350 879
1756360 875
1756370 872
1756380 870
1756390 868
1756400 867
1756410 866
1756420 865
1756430 865
1756440 865
1756450 864
1756460 864
1756470 863
1756480 863
1756490 862
1756500 862
1756510 862
1756520 861
1756530 860
1756540 859
1756550 858
1756560 858
1756570 857
1756580 856
1756590 856
1756600 855
1756610 855
1756620 855
1756630 856
1756640 856
1756650 857
1756660 858
1756670 860
1756680 861
1756690 862
1756700 862
1756710 863
1756720 864
1756730 866
1756740 867
1756750 869
1756760 871
1756770 873
1756780 874
1756790 876
1756800 878
1756810 880
1756820 882
1756830 884
1756840 886
1756850 888
1756860 890
1756870 892
1756880 893
1756890 895
1756900 897
1756910 899
1756920 901
1756930 902
1756940 904
1756950 905
1756960 906
1756970 907
1756980 908
1756990 908
1757000 909
1757010 909
1757020 910
1757030 909
1757040 909
1757050 909
1757060 909
1757070 909
1757080 908
1757090 908
1757100 907
1757110 907
1757120 906
1757130 905
1757140 903
1757150 901
1757160 900
1757170 898
1757180 895
1757190 893
1757200 892
1757210 890
1757220 889
1757230 888
1757240 888
1757250 890
1757260 891
1757270 892
1757280 892
1757290 893
1757300 893
1757310 893
1757320 894
1757330 894
1757340 893
1757350 893
1757360 893
1757370 892
1757380 892
1757390 891
1757400 890
1757410 890
1757420 889
1757430 888
1757440 888
1757450 887
1757460 886
1757470 886
1757480 885
1757490 884
1757500 883
1757510 882
1757520 881
1757530 880
1757540 880
1757550 879
1757560 878
1757570 877
1757580 876
1757590 875
1757600 874
1757610 873
1757620 872
1757630 870
1757640 869
1757650 868
1757660 867
1757670 865
1757680 863
1757690 861
1757700 860
1757710 858
1757720 856
1757730 854
1757740 852
1757750 850
1757760 848
1757770 846
1757780 843
1757790 841
1757800 839
1757810 836
1757820 834
1757830 832
1757840 830
1757850 828
1757860 826
1757870 824
1757880 822
1757890 820
1757900 818
1757910 816
1757920 815
1757930 813
1757940 811
1757950 809
1757960 806
1757970 804
1757980 801
1757990 798
1758000 795
1758010 792
1758020 789
1758030 786
1758040 783
1758050 780
1758060 778
1758070 775
1758080 773
1758090 771
1758100 771
1758110 771
1758120 771
1758130 772
1758140 773
1758150 774
1758160 774
1758170 774
1758180 774
1758190 774
1758200 774
1758210 775
1758220 775
1758230 776
1758240 777
1758250 777
1758260 777
1758270 777
1758280 778
1758290 779
1758300 780
1758310 781
1758320 782
1758330 783
1758340 784
1758350 786
1758360 787
1758370 789
1758380 789
1758390 789
1758400 788
1758410 788
1758420 789
1758430 789
1758440 791
1758450 792
1758460 793
1758470 794
1758480 794
1758490 794
1758500 795
1758510 797
1758520 798
1758530 799
1758540 801
1758550 802
1758560 803
1758570 804
1758580 805
1758590 807
1758600 808
1758610 810
1758620 811
1758630 813
1758640 814
1758650 816
1758660 817
1758670 819
1758680 822
1758690 824
1758700 825
1758710 827
1758720 829
1758730 832
1758740 834
1758750 837
1758760 839
1758770 841
1758780 843
1758790 845
1758800 847
1758810 849
1758820 852
1758830 855
1758840 858
1758850 861
1758860 863
1758870 866
1758880 869
1758890 872
1758900 874
1758910 875
1758920 873
1758930 870
1758940 866
1758950 861
1758960 857
1758970 853
1758980 848
1758990 845
1759000 842
1759010 842
1759020 842
1759030 842
1759040 841
1759050 840
1759060 838
1759070 836
1759080 834
1759090 832
1759100 830
1759110 827
1759120 824
1759130 821
1759140 818
1759150 815
1759160 812
1759170 810
1759180 809
1759190 810
1759200 813
1759210 815
1759220 817
1759230 819
1759240 822
1759250 825
1759260 828
1759270 831
1759280 834
1759290 833
1759300 832
1759310 831
1759320 829
1759330 827
1759340 825
1759350 822
1759360 820
1759370 819
1759380 821
1759390 823
1759400 826
1759410 828
1759420 831
1759430 834
1759440 836
1759450 839
1759460 842
1759470 844
1759480 846
1759490 848
1759500 847
1759510 845
1759520 842
1759530 840
1759540 837
1759550 834
1759560 831
1759570 828
1759580 825
1759590 820
1759600 816
1759610 812
1759620 808
1759630 803
1759640 798
1759650 794
1759660 791
1759670 789
1759680 788
1759690 787
1759700 786
1759710 786
1759720 786
1759730 785
1759740 784
1759750 783
1759760 783
1759770 783
1759780 784
1759790 785
1759800 787
1759810 786
1759820 784
1759830 780
1759840 776
1759850 773
1759860 769
1759870 766
1759880 762
1759890 758
1759900 753
1759910 748
1759920 744
1759930 740
1759940 737
1759950 734
1759960 733
1759970 732
1759980 732
1759990 732
