1740000 809
1740010 807
1740020 805
1740030 804
1740040 803
1740050 803
1740060 801
1740070 798
1740080 795
1740090 791
1740100 788
1740110 786
1740120 786
1740130 786
1740140 786
1740150 786
1740160 788
1740170 791
1740180 795
1740190 799
1740200 803
1740210 807
1740220 812
1740230 816
1740240 820
1740250 823
1740260 825
1740270 828
1740280 828
1740290 828
1740300 826
1740310 824
1740320 822
1740330 818
1740340 814
1740350 810
1740360 806
1740370 803
1740380 802
1740390 801
1740400 802
1740410 803
1740420 804
1740430 806
1740440 807
1740450 809
1740460 811
1740470 811
1740480 812
1740490 809
1740500 805
1740510 801
1740520 797
1740530 793
1740540 790
1740550 787
1740560 784
1740570 781
1740580 777
1740590 773
1740600 770
1740610 769
1740620 770
1740630 773
1740640 776
1740650 780
1740660 783
1740670 786
1740680 789
1740690 792
1740700 795
1740710 797
1740720 800
1740730 802
1740740 802
1740750 801
1740760 798
1740770 797
1740780 795
1740790 792
1740800 790
1740810 788
1740820 787
1740830 787
1740840 788
1740850 790
1740860 792
1740870 795
1740880 797
1740890 800
1740900 802
1740910 805
1740920 808
1740930 811
1740940 815
1740950 818
1740960 822
1740970 826
1740980 829
1740990 834
1741000 841
1741010 848
1741020 854
1741030 859
1741040 862
1741050 864
1741060 867
1741070 869
1741080 871
1741090 873
1741100 875
1741110 877
1741120 878
1741130 878
1741140 877
1741150 876
1741160 874
1741170 872
1741180 870
1741190 868
1741200 866
1741210 865
1741220 864
1741230 865
1741240 866
1741250 867
1741260 869
1741270 870
1741280 867
1741290 862
1741300 856
1741310 849
1741320 845
1741330 841
1741340 837
1741350 832
1741360 827
1741370 820
1741380 814
1741390 809
1741400 805
1741410 802
1741420 800
1741430 796
1741440 793
1741450 790
1741460 788
1741470 786
1741480 784
1741490 782
1741500 782
1741510 783
1741520 785
1741530 788
1741540 790
1741550 793
1741560 796
1741570 798
1741580 802
1741590 805
1741600 809
1741610 812
1741620 816
1741630 819
1741640 823
1741650 826
1741660 828
1741670 830
1741680 830
1741690 831
1741700 830
1741710 830
1741720 829
1741730 829
1741740 830
1741750 830
1741760 831
1741770 832
1741780 832
1741790 832
1741800 830
1741810 828
1741820 826
1741830 823
1741840 819
1741850 813
1741860 809
1741870 805
1741880 800
1741890 796
1741900 794
1741910 794
1741920 795
1741930 797
1741940 799
1741950 801
1741960 804
1741970 807
1741980 811
1741990 815
1742000 819
1742010 821
1742020 824
1742030 826
1742040 828
1742050 830
1742060 831
1742070 833
1742080 833
1742090 833
1742100 832
1742110 830
1742120 829
1742130 828
1742140 828
1742150 828
1742160 829
1742170 829
1742180 830
1742190 831
1742200 831
1742210 831
1742220 828
1742230 824
1742240 819
1742250 814
1742260 809
1742270 804
1742280 801
1742290 797
1742300 795
1742310 793
1742320 791
1742330 789
1742340 787
1742350 783
1742360 779
1742370 776
1742380 774
1742390 772
1742400 772
1742410 772
1742420 773
1742430 775
1742440 776
1742450 778
1742460 779
1742470 781
1742480 783
1742490 785
1742500 787
1742510 790
1742520 793
1742530 795
1742540 798
1742550 801
1742560 804
1742570 808
1742580 812
1742590 815
1742600 818
1742610 820
1742620 823
1742630 825
1742640 828
1742650 829
1742660 831
1742670 832
1742680 833
1742690 833
1742700 831
1742710 828
1742720 824
1742730 820
1742740 817
1742750 814
1742760 811
1742770 809
1742780 807
1742790 807
1742800 807
1742810 807
1742820 807
1742830 806
1742840 804
1742850 803
1742860 801
1742870 799
1742880 796
1742890 794
1742900 791
1742910 788
1742920 786
1742930 783
1742940 782
1742950 780
1742960 778
1742970 777
1742980 775
1742990 773
1743000 771
1743010 768
1743020 765
1743030 762
1743040 758
1743050 754
1743060 751
1743070 747
1743080 744
1743090 741
1743100 737
1743110 733
1743120 730
1743130 726
1743140 723
1743150 719
1743160 714
1743170 710
1743180 706
1743190 702
1743200 699
1743210 697
1743220 697
1743230 697
1743240 697
1743250 697
1743260 698
1743270 700
1743280 704
1743290 707
1743300 710
1743310 712
1743320 715
1743330 717
1743340 720
1743350 722
1743360 725
1743370 728
1743380 731
1743390 734
1743400 738
1743410 740
1743420 743
1743430 746
1743440 749
1743450 752
1743460 755
1743470 757
1743480 759
1743490 761
1743500 762
1743510 764
1743520 765
1743530 766
1743540 767
1743550 767
1743560 768
1743570 767
1743580 765
1743590 761
1743600 757
1743610 754
1743620 750
1743630 747
1743640 745
1743650 742
1743660 739
1743670 736
1743680 735
1743690 734
1743700 734
1743710 735
1743720 736
1743730 738
1743740 740
1743750 743
1743760 744
1743770 745
1743780 744
1743790 741
1743800 739
1743810 735
1743820 733
1743830 732
1743840 730
1743850 727
1743860 723
1743870 719
1743880 714
1743890 710
1743900 707
1743910 706
1743920 705
1743930 706
1743940 706
1743950 707
1743960 710
1743970 713
1743980 716
1743990 719
1744000 723
1744010 726
1744020 729
1744030 732
1744040 735
1744050 738
1744060 741
1744070 744
1744080 747
1744090 749
1744100 752
1744110 754
1744120 757
1744130 760
1744140 762
1744150 766
1744160 769
1744170 772
1744180 775
1744190 778
1744200 781
1744210 783
1744220 784
1744230 784
1744240 784
1744250 785
1744260 785
1744270 785
1744280 785
1744290 785
1744300 785
1744310 785
1744320 785
1744330 786
1744340 787
1744350 788
1744360 789
1744370 791
1744380 792
1744390 793
1744400 795
1744410 796
1744420 796
1744430 797
1744440 797
1744450 797
1744460 798
1744470 798
1744480 799
1744490 799
1744500 800
1744510 801
1744520 802
1744530 803
1744540 804
1744550 805
1744560 807
1744570 808
1744580 810
1744590 812
1744600 813
1744610 815
1744620 817
1744630 818
1744640 820
1744650 822
1744660 824
1744670 825
1744680 824
1744690 826
1744700 827
1744710 829
1744720 831
1744730 834
1744740 835
1744750 835
1744760 836
1744770 839
1744780 842
1744790 844
1744800 845
1744810 847
1744820 848
1744830 848
1744840 849
1744850 850
1744860 851
1744870 851
1744880 852
1744890 853
1744900 855
1744910 857
1744920 858
1744930 859
1744940 859
1744950 860
1744960 860
1744970 862
1744980 864
1744990 867
1745000 867
1745010 869
1745020 873
1745030 879
1745040 882
1745050 882
1745060 889
1745070 896
1745080 902
1745090 907
1745100 911
1745110 914
1745120 918
1745130 920
1745140 920
1745150 915
1745160 911
1745170 907
1745180 904
1745190 902
1745200 900
1745210 899
1745220 898
1745230 897
1745240 899
1745250 901
1745260 904
1745270 906
1745280 907
1745290 906
1745300 903
1745310 900
1745320 898
1745330 900
1745340 903
1745350 907
1745360 912
1745370 915
1745380 918
1745390 920
1745400 921
1745410 924
1745420 926
1745430 930
1745440 935
1745450 943
1745460 949
1745470 954
1745480 956
1745490 958
1745500 961
1745510 964
1745520 967
1745530 969
1745540 971
1745550 973
1745560 975
1745570 978
1745580 981
1745590 984
1745600 987
1745610 991
1745620 994
1745630 997
1745640 1000
1745650 1003
1745660 1006
1745670 1008
1745680 1011
1745690 1013
1745700 1015
1745710 1018
1745720 1020
1745730 1022
1745740 1023
1745750 1023
1745760 1022
1745770 1021
1745780 1020
1745790 1019
1745800 1018
1745810 1017
1745820 1016
1745830 1015
1745840 1013
1745850 1011
1745860 1009
1745870 1007
1745880 1006
1745890 1004
1745900 1001
1745910 999
1745920 997
1745930 994
1745940 992
1745950 990
1745960 988
1745970 986
1745980 984
1745990 982
1746000 981
1746010 979
1746020 977
1746030 975
1746040 973
1746050 971
1746060 969
1746070 967
1746080 965
1746090 963
1746100 961
1746110 960
1746120 958
1746130 956
1746140 953
1746150 951
1746160 948
1746170 945
1746180 944
1746190 942
1746200 942
1746210 941
1746220 942
1746230 942
1746240 942
1746250 941
1746260 940
1746270 939
1746280 937
1746290 936
1746300 935
1746310 933
1746320 932
1746330 931
1746340 930
1746350 929
1746360 927
1746370 926
1746380 925
1746390 923
1746400 922
1746410 920
1746420 918
1746430 915
1746440 913
1746450 911
1746460 908
1746470 907
1746480 905
1746490 904
1746500 902
1746510 901
1746520 899
1746530 898
1746540 896
1746550 894
1746560 893
1746570 892
1746580 890
1746590 889
1746600 888
1746610 887
1746620 886
1746630 885
1746640 884
1746650 884
1746660 884
1746670 884
1746680 884
1746690 883
1746700 882
1746710 881
1746720 881
1746730 880
1746740 879
1746750 878
1746760 877
1746770 875
1746780 874
1746790 872
1746800 870
1746810 869
1746820 867
1746830 865
1746840 862
1746850 859
1746860 856
1746870 853
1746880 850
1746890 846
1746900 843
1746910 840
1746920 836
1746930 833
1746940 828
1746950 825
1746960 822
1746970 819
1746980 817
1746990 815
1747000 813
1747010 810
1747020 808
1747030 805
1747040 802
1747050 799
1747060 794
1747070 792
1747080 790
1747090 789
1747100 786
1747110 783
1747120 780
1747130 778
1747140 775
1747150 773
1747160 770
1747170 768
1747180 765
1747190 761
1747200 758
1747210 755
1747220 752
1747230 749
1747240 745
1747250 742
1747260 738
1747270 734
1747280 731
1747290 727
1747300 723
1747310 720
1747320 717
1747330 714
1747340 711
1747350 708
1747360 705
1747370 703
1747380 700
1747390 697
1747400 694
1747410 691
1747420 687
1747430 684
1747440 680
1747450 676
1747460 672
1747470 668
1747480 663
1747490 660
1747500 657
1747510 655
1747520 652
1747530 649
1747540 645
1747550 643
1747560 642
1747570 642
1747580 643
1747590 643
1747600 644
1747610 645
1747620 646
1747630 647
1747640 648
1747650 649
1747660 650
1747670 651
1747680 651
1747690 652
1747700 653
1747710 653
1747720 654
1747730 654
1747740 654
1747750 655
1747760 655
1747770 655
1747780 655
1747790 655
1747800 656
1747810 656
1747820 656
1747830 656
1747840 657
1747850 657
1747860 657
1747870 658
1747880 658
1747890 658
1747900 658
1747910 658
1747920 659
1747930 659
1747940 659
1747950 660
1747960 660
1747970 661
1747980 661
1747990 662
1748000 663
1748010 664
1748020 665
1748030 666
1748040 667
1748050 669
1748060 670
1748070 671
1748080 672
1748090 673
1748100 674
1748110 675
1748120 676
1748130 677
1748140 678
1748150 679
1748160 680
1748170 681
1748180 681
1748190 682
1748200 682
1748210 683
1748220 683
1748230 683
1748240 683
1748250 683
1748260 683
1748270 684
1748280 685
1748290 686
1748300 687
1748310 689
1748320 691
1748330 694
1748340 696
1748350 699
1748360 702
1748370 705
1748380 708
1748390 711
1748400 713
1748410 715
1748420 717
1748430 718
1748440 719
1748450 720
1748460 722
1748470 723
1748480 723
1748490 724
1748500 725
1748510 725
1748520 726
1748530 726
1748540 725
1748550 725
1748560 724
1748570 723
1748580 723
1748590 722
1748600 721
1748610 720
1748620 719
1748630 718
1748640 717
1748650 716
1748660 715
1748670 714
1748680 712
1748690 711
1748700 709
1748710 707
1748720 706
1748730 705
1748740 706
1748750 706
1748760 706
1748770 705
1748780 705
1748790 704
1748800 702
1748810 701
1748820 699
1748830 697
1748840 696
1748850 695
1748860 696
1748870 696
1748880 696
1748890 697
1748900 699
1748910 700
1748920 702
1748930 703
1748940 703
1748950 703
1748960 703
1748970 703
1748980 703
1748990 703
1749000 704
1749010 704
1749020 704
1749030 705
1749040 706
1749050 707
1749060 708
1749070 709
1749080 709
1749090 710
1749100 712
1749110 713
1749120 714
1749130 716
1749140 717
1749150 719
1749160 720
1749170 721
1749180 723
1749190 724
1749200 726
1749210 728
1749220 730
1749230 733
1749240 735
1749250 737
1749260 739
1749270 742
1749280 744
1749290 746
1749300 748
1749310 750
1749320 753
1749330 755
1749340 757
1749350 760
1749360 762
1749370 764
1749380 766
1749390 768
1749400 769
1749410 771
1749420 773
1749430 775
1749440 776
1749450 778
1749460 780
1749470 782
1749480 784
1749490 787
1749500 789
1749510 791
1749520 794
1749530 796
1749540 798
1749550 801
1749560 803
1749570 805
1749580 808
1749590 810
1749600 813
1749610 815
1749620 818
1749630 821
1749640 824
1749650 827
1749660 830
1749670 833
1749680 836
1749690 838
1749700 841
1749710 844
1749720 846
1749730 849
1749740 851
1749750 851
1749760 850
1749770 848
1749780 845
1749790 843
1749800 840
1749810 838
1749820 837
1749830 835
1749840 834
1749850 833
1749860 832
1749870 831
1749880 830
1749890 829
1749900 829
1749910 828
1749920 827
1749930 828
1749940 828
1749950 828
1749960 829
1749970 829
1749980 830
1749990 831
1750000 831
1750010 832
1750020 833
1750030 834
1750040 834
1750050 834
1750060 833
1750070 833
1750080 831
1750090 830
1750100 829
1750110 827
1750120 825
1750130 823
1750140 821
1750150 818
1750160 815
1750170 812
1750180 808
1750190 803
1750200 798
1750210 794
1750220 790
1750230 786
1750240 782
1750250 779
1750260 775
1750270 772
1750280 769
1750290 767
1750300 764
1750310 762
1750320 760
1750330 758
1750340 755
1750350 753
1750360 751
1750370 749
1750380 747
1750390 744
1750400 742
1750410 740
1750420 737
1750430 734
1750440 732
1750450 730
1750460 727
1750470 724
1750480 722
1750490 721
1750500 722
1750510 722
1750520 722
1750530 723
1750540 723
1750550 725
1750560 728
1750570 731
1750580 734
1750590 737
1750600 740
1750610 744
1750620 747
1750630 750
1750640 754
1750650 757
1750660 760
1750670 764
1750680 767
1750690 770
1750700 774
1750710 777
1750720 780
1750730 783
1750740 786
1750750 789
1750760 792
1750770 795
1750780 798
1750790 801
1750800 804
1750810 807
1750820 810
1750830 813
1750840 816
1750850 818
1750860 821
1750870 824
1750880 826
1750890 829
1750900 831
1750910 834
1750920 836
1750930 839
1750940 842
1750950 844
1750960 847
1750970 849
1750980 852
1750990 855
1751000 858
1751010 860
1751020 862
1751030 864
1751040 866
1751050 868
1751060 870
1751070 872
1751080 873
1751090 875
1751100 875
1751110 876
1751120 877
1751130 877
1751140 877
1751150 877
1751160 878
1751170 878
1751180 877
1751190 877
1751200 877
1751210 876
1751220 875
1751230 874
1751240 873
1751250 872
1751260 870
1751270 867
1751280 864
1751290 862
1751300 859
1751310 856
1751320 853
1751330 851
1751340 848
1751350 846
1751360 844
1751370 842
1751380 840
1751390 839
1751400 837
1751410 836
1751420 835
1751430 833
1751440 832
1751450 831
1751460 829
1751470 828
1751480 826
1751490 825
1751500 823
1751510 822
1751520 821
1751530 819
1751540 818
1751550 817
1751560 815
1751570 814
1751580 812
1751590 810
1751600 809
1751610 808
1751620 807
1751630 807
1751640 806
1751650 806
1751660 806
1751670 806
1751680 806
1751690 806
1751700 807
1751710 809
1751720 811
1751730 814
1751740 818
1751750 821
1751760 825
1751770 828
1751780 832
1751790 836
1751800 839
1751810 843
1751820 847
1751830 851
1751840 854
1751850 857
1751860 860
1751870 863
1751880 865
1751890 868
1751900 870
1751910 873
1751920 876
1751930 877
1751940 879
1751950 880
1751960 881
1751970 883
1751980 885
1751990 887
1752000 888
1752010 890
1752020 891
1752030 892
1752040 893
1752050 894
1752060 895
1752070 895
1752080 895
1752090 894
1752100 893
1752110 892
1752120 888
1752130 883
1752140 879
1752150 876
1752160 873
1752170 869
1752180 866
1752190 863
1752200 860
1752210 856
1752220 853
1752230 850
1752240 847
1752250 843
1752260 840
1752270 838
1752280 835
1752290 832
1752300 829
1752310 826
1752320 823
1752330 820
1752340 818
1752350 815
1752360 812
1752370 809
1752380 807
1752390 804
1752400 801
1752410 798
1752420 795
1752430 792
1752440 789
1752450 787
1752460 785
1752470 783
1752480 782
1752490 781
1752500 780
1752510 779
1752520 778
1752530 778
1752540 777
1752550 776
1752560 776
1752570 776
1752580 775
1752590 775
1752600 775
1752610 775
1752620 774
1752630 774
1752640 774
1752650 775
1752660 775
1752670 775
1752680 774
1752690 774
1752700 774
1752710 774
1752720 774
1752730 774
1752740 773
1752750 773
1752760 773
1752770 773
1752780 773
1752790 773
1752800 773
1752810 773
1752820 773
1752830 773
1752840 773
1752850 773
1752860 773
1752870 773
1752880 773
1752890 773
1752900 773
1752910 773
1752920 773
1752930 773
1752940 772
1752950 772
1752960 771
1752970 770
1752980 769
1752990 768
1753000 766
1753010 766
1753020 765
1753030 765
1753040 765
1753050 765
1753060 766
1753070 766
1753080 766
1753090 767
1753100 767
1753110 767
1753120 767
1753130 768
1753140 768
1753150 769
1753160 770
1753170 770
1753180 771
1753190 771
1753200 770
1753210 769
1753220 765
1753230 762
1753240 757
1753250 753
1753260 749
1753270 745
1753280 741
1753290 737
1753300 733
1753310 731
1753320 729
1753330 729
1753340 729
1753350 729
1753360 729
1753370 728
1753380 729
1753390 729
1753400 732
1753410 735
1753420 737
1753430 740
1753440 744
1753450 747
1753460 750
1753470 754
1753480 757
1753490 761
1753500 765
1753510 768
1753520 772
1753530 775
1753540 779
1753550 782
1753560 786
1753570 789
1753580 792
1753590 795
1753600 798
1753610 801
1753620 803
1753630 805
1753640 807
1753650 809
1753660 810
1753670 811
1753680 812
1753690 812
1753700 811
1753710 808
1753720 804
1753730 802
1753740 799
1753750 797
1753760 796
1753770 797
1753780 797
1753790 797
1753800 797
1753810 797
1753820 798
1753830 798
1753840 799
1753850 800
1753860 803
1753870 806
1753880 810
1753890 814
1753900 817
1753910 820
1753920 824
1753930 828
1753940 832
1753950 835
1753960 839
1753970 843
1753980 847
1753990 850
1754000 854
1754010 858
1754020 862
1754030 865
1754040 869
1754050 873
1754060 877
1754070 881
1754080 884
1754090 887
1754100 891
1754110 895
1754120 899
1754130 903
1754140 906
1754150 910
1754160 914
1754170 917
1754180 921
1754190 925
1754200 928
1754210 932
1754220 935
1754230 938
1754240 942
1754250 945
1754260 948
1754270 952
1754280 955
1754290 957
1754300 959
1754310 960
1754320 958
1754330 955
1754340 952
1754350 949
1754360 946
1754370 943
1754380 939
1754390 935
1754400 932
1754410 928
1754420 925
1754430 921
1754440 917
1754450 914
1754460 910
1754470 906
1754480 903
1754490 899
1754500 895
1754510 891
1754520 888
1754530 884
1754540 880
1754550 876
1754560 872
1754570 868
1754580 864
1754590 860
1754600 856
1754610 852
1754620 847
1754630 843
1754640 840
1754650 836
1754660 831
1754670 827
1754680 823
1754690 819
1754700 815
1754710 811
1754720 807
1754730 802
1754740 798
1754750 794
1754760 790
1754770 786
1754780 782
1754790 779
1754800 775
1754810 771
1754820 768
1754830 765
1754840 762
1754850 760
1754860 762
1754870 765
1754880 768
1754890 771
1754900 774
1754910 776
1754920 779
1754930 781
1754940 784
1754950 787
1754960 789
1754970 792
1754980 795
1754990 798
1755000 800
1755010 803
1755020 806
1755030 809
1755040 811
1755050 813
1755060 815
1755070 817
1755080 820
1755090 822
1755100 824
1755110 826
1755120 828
1755130 830
1755140 832
1755150 834
1755160 835
1755170 834
1755180 833
1755190 831
1755200 829
1755210 827
1755220 824
1755230 822
1755240 819
1755250 817
1755260 814
1755270 812
1755280 810
1755290 807
1755300 804
1755310 802
1755320 799
1755330 797
1755340 795
1755350 792
1755360 790
1755370 787
1755380 785
1755390 782
1755400 780
1755410 778
1755420 777
1755430 775
1755440 774
1755450 773
1755460 771
1755470 769
1755480 768
1755490 766
1755500 765
1755510 763
1755520 761
1755530 760
1755540 758
1755550 756
1755560 754
1755570 751
1755580 750
1755590 749
1755600 748
1755610 748
1755620 746
1755630 745
1755640 743
1755650 742
1755660 740
1755670 738
1755680 736
1755690 734
1755700 732
1755710 731
1755720 729
1755730 727
1755740 725
1755750 723
1755760 720
1755770 718
1755780 717
1755790 716
1755800 715
1755810 715
1755820 715
1755830 715
1755840 716
1755850 717
1755860 719
1755870 722
1755880 725
1755890 730
1755900 735
1755910 740
1755920 743
1755930 746
1755940 748
1755950 750
1755960 750
1755970 751
1755980 752
1755990 754
1756000 756
1756010 760
1756020 763
1756030 767
1756040 771
1756050 776
1756060 780
1756070 784
1756080 788
1756090 791
1756100 794
1756110 797
1756120 800
1756130 803
1756140 806
1756150 809
1756160 811
1756170 813
1756180 816
1756190 818
1756200 819
1756210 818
1756220 816
1756230 814
1756240 811
1756250 808
1756260 806
1756270 803
1756280 801
1756290 799
1756300 797
1756310 795
1756320 793
1756330 791
1756340 790
1756350 788
1756360 787
1756370 786
1756380 785
1756390 785
1756400 784
1756410 784
1756420 784
1756430 784
1756440 786
1756450 789
1756460 792
1756470 795
1756480 798
1756490 801
1756500 804
1756510 807
1756520 810
1756530 813
1756540 816
1756550 819
1756560 821
1756570 824
1756580 827
1756590 829
1756600 831
1756610 834
1756620 836
1756630 838
1756640 840
1756650 841
1756660 843
1756670 844
1756680 844
1756690 843
1756700 840
1756710 837
1756720 833
1756730 829
1756740 826
1756750 824
1756760 822
1756770 820
1756780 819
1756790 819
1756800 819
1756810 819
1756820 819
1756830 821
1756840 822
1756850 825
1756860 827
1756870 830
1756880 833
1756890 837
1756900 840
1756910 844
1756920 847
1756930 850
1756940 854
1756950 858
1756960 861
1756970 865
1756980 869
1756990 873
1757000 877
1757010 880
1757020 884
1757030 888
1757040 892
1757050 895
1757060 899
1757070 903
1757080 906
1757090 910
1757100 914
1757110 917
1757120 921
1757130 925
1757140 928
1757150 932
1757160 935
1757170 939
1757180 942
1757190 945
1757200 948
1757210 951
1757220 954
1757230 956
1757240 959
1757250 961
1757260 963
1757270 964
1757280 965
1757290 966
1757300 966
1757310 966
1757320 967
1757330 966
1757340 966
1757350 967
1757360 966
1757370 966
1757380 965
1757390 964
1757400 963
1757410 962
1757420 961
1757430 959
1757440 958
1757450 956
1757460 954
1757470 951
1757480 949
1757490 946
1757500 944
1757510 941
1757520 939
1757530 936
1757540 934
1757550 931
1757560 928
1757570 926
1757580 923
1757590 920
1757600 917
1757610 915
1757620 912
1757630 909
1757640 906
1757650 902
1757660 898
1757670 894
1757680 891
1757690 888
1757700 885
1757710 883
1757720 880
1757730 877
1757740 874
1757750 872
1757760 869
1757770 866
1757780 863
1757790 860
1757800 857
1757810 855
1757820 852
1757830 850
1757840 848
1757850 845
1757860 841
1757870 838
1757880 834
1757890 830
1757900 826
1757910 822
1757920 818
1757930 815
1757940 813
1757950 811
1757960 809
1757970 807
1757980 804
1757990 801
1758000 799
1758010 798
1758020 797
1758030 798
1758040 800
1758050 802
1758060 804
1758070 806
1758080 808
1758090 811
1758100 814
1758110 818
1758120 822
1758130 826
1758140 831
1758150 835
1758160 839
1758170 842
1758180 846
1758190 850
1758200 853
1758210 857
1758220 860
1758230 862
1758240 864
1758250 865
1758260 866
1758270 866
1758280 867
1758290 868
1758300 869
1758310 871
1758320 872
1758330 873
1758340 874
1758350 876
1758360 877
1758370 878
1758380 879
1758390 880
1758400 881
1758410 881
1758420 879
1758430 876
1758440 873
1758450 870
1758460 867
1758470 863
1758480 860
1758490 857
1758500 853
1758510 849
1758520 845
1758530 843
1758540 842
1758550 843
1758560 844
1758570 845
1758580 845
1758590 845
1758600 844
1758610 843
1758620 843
1758630 843
1758640 845
1758650 847
1758660 849
1758670 851
1758680 854
1758690 856
1758700 859
1758710 861
1758720 864
1758730 867
1758740 870
1758750 874
1758760 877
1758770 880
1758780 883
1758790 885
1758800 888
1758810 890
1758820 893
1758830 897
1758840 900
1758850 904
1758860 909
1758870 913
1758880 918
1758890 920
1758900 921
1758910 920
1758920 919
1758930 917
1758940 914
1758950 912
1758960 910
1758970 908
1758980 905
1758990 903
1759000 903
1759010 903
1759020 902
1759030 900
1759040 897
1759050 893
1759060 891
1759070 889
1759080 887
1759090 885
1759100 883
1759110 880
1759120 876
1759130 873
1759140 870
1759150 867
1759160 865
1759170 864
1759180 862
1759190 862
1759200 863
1759210 862
1759220 860
1759230 859
1759240 862
1759250 865
1759260 866
1759270 865
1759280 864
1759290 865
1759300 865
1759310 865
1759320 865
1759330 865
1759340 864
1759350 863
1759360 862
1759370 863
1759380 863
1759390 864
1759400 865
1759410 866
1759420 869
1759430 872
1759440 875
1759450 879
1759460 877
1759470 873
1759480 866
1759490 860
1759500 854
1759510 848
1759520 843
1759530 838
1759540 834
1759550 829
1759560 824
1759570 819
1759580 815
1759590 810
1759600 806
1759610 802
1759620 798
1759630 794
1759640 790
1759650 786
1759660 782
1759670 779
1759680 776
1759690 772
1759700 769
1759710 765
1759720 761
1759730 757
1759740 754
1759750 751
1759760 748
1759770 746
1759780 744
1759790 744
1759800 744
1759810 745
1759820 746
1759830 747
1759840 746
1759850 745
1759860 744
1759870 744
1759880 745
1759890 746
1759900 748
1759910 750
1759920 753
1759930 756
1759940 758
1759950 761
1759960 763
1759970 766
1759980 769
1759990 772
