1740000 758
1740010 755
1740020 753
1740030 751
1740040 750
1740050 751
1740060 753
1740070 755
1740080 757
1740090 759
1740100 762
1740110 766
1740120 770
1740130 773
1740140 777
1740150 780
1740160 784
1740170 789
1740180 793
1740190 797
1740200 801
1740210 805
1740220 808
1740230 811
1740240 814
1740250 817
1740260 820
1740270 822
1740280 824
1740290 826
1740300 826
1740310 825
1740320 823
1740330 821
1740340 818
1740350 815
1740360 812
1740370 809
1740380 807
1740390 804
1740400 802
1740410 800
1740420 797
1740430 797
1740440 799
1740450 801
1740460 804
1740470 806
1740480 807
1740490 809
1740500 810
1740510 811
1740520 811
1740530 812
1740540 812
1740550 812
1740560 812
1740570 811
1740580 810
1740590 810
1740600 810
1740610 810
1740620 811
1740630 812
1740640 812
1740650 813
1740660 814
1740670 815
1740680 815
1740690 816
1740700 817
1740710 817
1740720 817
1740730 817
1740740 816
1740750 814
1740760 811
1740770 809
1740780 806
1740790 804
1740800 802
1740810 801
1740820 801
1740830 801
1740840 802
1740850 802
1740860 803
1740870 804
1740880 804
1740890 806
1740900 807
1740910 808
1740920 808
1740930 808
1740940 808
1740950 807
1740960 806
1740970 805
1740980 803
1740990 801
1741000 800
1741010 798
1741020 796
1741030 793
1741040 791
1741050 788
1741060 786
1741070 782
1741080 778
1741090 774
1741100 769
1741110 765
1741120 761
1741130 760
1741140 760
1741150 762
1741160 763
1741170 765
1741180 766
1741190 765
1741200 764
1741210 762
1741220 761
1741230 759
1741240 757
1741250 755
1741260 753
1741270 751
1741280 750
1741290 748
1741300 747
1741310 746
1741320 745
1741330 743
1741340 742
1741350 741
1741360 740
1741370 739
1741380 739
1741390 738
1741400 738
1741410 738
1741420 738
1741430 738
1741440 738
1741450 738
1741460 738
1741470 737
1741480 737
1741490 737
1741500 737
1741510 737
1741520 737
1741530 737
1741540 737
1741550 736
1741560 736
1741570 736
1741580 736
1741590 735
1741600 735
1741610 734
1741620 734
1741630 734
1741640 734
1741650 734
1741660 734
1741670 734
1741680 734
1741690 735
1741700 735
1741710 735
1741720 735
1741730 736
1741740 736
1741750 736
1741760 737
1741770 737
1741780 738
1741790 738
1741800 738
1741810 738
1741820 739
1741830 738
1741840 736
1741850 733
1741860 733
1741870 733
1741880 733
1741890 734
1741900 736
1741910 740
1741920 744
1741930 748
1741940 751
1741950 753
1741960 755
1741970 758
1741980 759
1741990 759
1742000 760
1742010 763
1742020 767
1742030 771
1742040 774
1742050 776
1742060 776
1742070 776
1742080 775
1742090 774
1742100 772
1742110 771
1742120 770
1742130 771
1742140 771
1742150 771
1742160 770
1742170 771
1742180 771
1742190 772
1742200 772
1742210 772
1742220 774
1742230 776
1742240 779
1742250 781
1742260 783
1742270 785
1742280 787
1742290 787
1742300 785
1742310 782
1742320 781
1742330 781
1742340 781
1742350 782
1742360 784
1742370 786
1742380 789
1742390 792
1742400 795
1742410 798
1742420 801
1742430 804
1742440 807
1742450 810
1742460 813
1742470 816
1742480 818
1742490 821
1742500 822
1742510 821
1742520 818
1742530 815
1742540 813
1742550 810
1742560 807
1742570 804
1742580 800
1742590 796
1742600 792
1742610 787
1742620 784
1742630 781
1742640 779
1742650 776
1742660 773
1742670 769
1742680 765
1742690 761
1742700 758
1742710 754
1742720 750
1742730 746
1742740 743
1742750 740
1742760 739
1742770 739
1742780 739
1742790 740
1742800 740
1742810 740
1742820 739
1742830 739
1742840 739
1742850 738
1742860 735
1742870 731
1742880 727
1742890 723
1742900 721
1742910 719
1742920 719
1742930 719
1742940 719
1742950 720
1742960 721
1742970 723
1742980 726
1742990 728
1743000 730
1743010 732
1743020 734
1743030 736
1743040 738
1743050 740
1743060 743
1743070 745
1743080 747
1743090 748
1743100 749
1743110 750
1743120 752
1743130 753
1743140 755
1743150 756
1743160 758
1743170 760
1743180 762
1743190 764
1743200 766
1743210 768
1743220 770
1743230 773
1743240 777
1743250 782
1743260 786
1743270 790
1743280 794
1743290 798
1743300 802
1743310 805
1743320 808
1743330 811
1743340 814
1743350 817
1743360 821
1743370 824
1743380 827
1743390 830
1743400 833
1743410 837
1743420 840
1743430 843
1743440 847
1743450 850
1743460 853
1743470 856
1743480 859
1743490 861
1743500 864
1743510 866
1743520 868
1743530 870
1743540 871
1743550 873
1743560 873
1743570 872
1743580 872
1743590 871
1743600 870
1743610 868
1743620 867
1743630 866
1743640 865
1743650 864
1743660 863
1743670 861
1743680 860
1743690 857
1743700 854
1743710 851
1743720 847
1743730 843
1743740 839
1743750 835
1743760 832
1743770 828
1743780 824
1743790 819
1743800 816
1743810 812
1743820 809
1743830 806
1743840 803
1743850 799
1743860 796
1743870 794
1743880 793
1743890 793
1743900 793
1743910 794
1743920 794
1743930 794
1743940 794
1743950 794
1743960 796
1743970 798
1743980 800
1743990 803
1744000 807
1744010 810
1744020 813
1744030 816
1744040 819
1744050 822
1744060 826
1744070 830
1744080 835
1744090 841
1744100 847
1744110 851
1744120 855
1744130 858
1744140 862
1744150 866
1744160 870
1744170 874
1744180 878
1744190 882
1744200 887
1744210 891
1744220 897
1744230 901
1744240 906
1744250 911
1744260 915
1744270 921
1744280 927
1744290 930
1744300 933
1744310 937
1744320 942
1744330 947
1744340 952
1744350 957
1744360 962
1744370 968
1744380 974
1744390 980
1744400 987
1744410 996
1744420 1000
1744430 1003
1744440 1005
1744450 1006
1744460 1007
1744470 1007
1744480 1007
1744490 1007
1744500 1006
1744510 1006
1744520 1005
1744530 1005
1744540 1004
1744550 1004
1744560 1003
1744570 1002
1744580 1001
1744590 1001
1744600 1001
1744610 1002
1744620 1003
1744630 1004
1744640 1005
1744650 1006
1744660 1007
1744670 1008
1744680 1009
1744690 1010
1744700 1011
1744710 1012
1744720 1012
1744730 1013
1744740 1015
1744750 1016
1744760 1017
1744770 1018
1744780 1019
1744790 1019
1744800 1020
1744810 1021
1744820 1022
1744830 1023
1744840 1023
1744850 1023
1744860 1023
1744870 1023
1744880 1023
1744890 1023
1744900 1022
1744910 1022
1744920 1022
1744930 1021
1744940 1021
1744950 1020
1744960 1019
1744970 1017
1744980 1016
1744990 1015
1745000 1014
1745010 1013
1745020 1012
1745030 1011
1745040 1010
1745050 1009
1745060 1008
1745070 1007
1745080 1007
1745090 1007
1745100 1006
1745110 1006
1745120 1007
1745130 1007
1745140 1008
1745150 1009
1745160 1009
1745170 1010
1745180 1011
1745190 1012
1745200 1013
1745210 1013
1745220 1014
1745230 1015
1745240 1016
1745250 1017
1745260 1018
1745270 1019
1745280 1020
1745290 1022
1745300 1023
1745310 1023
1745320 1024
1745330 1025
1745340 1026
1745350 1027
1745360 1028
1745370 1028
1745380 1029
1745390 1030
1745400 1030
1745410 1031
1745420 1031
1745430 1032
1745440 1032
1745450 1032
1745460 1032
1745470 1032
1745480 1032
1745490 1032
1745500 1032
1745510 1031
1745520 1031
1745530 1030
1745540 1029
1745550 1028
1745560 1028
1745570 1028
1745580 1028
1745590 1028
1745600 1028
1745610 1027
1745620 1027
1745630 1028
1745640 1028
1745650 1028
1745660 1029
1745670 1030
1745680 1031
1745690 1031
1745700 1032
1745710 1033
1745720 1034
1745730 1035
1745740 1035
1745750 1036
1745760 1037
1745770 1036
1745780 1033
1745790 1028
1745800 1022
1745810 1015
1745820 1011
1745830 1008
1745840 1005
1745850 1001
1745860 997
1745870 995
1745880 992
1745890 989
1745900 986
1745910 983
1745920 980
1745930 978
1745940 975
1745950 972
1745960 969
1745970 966
1745980 964
1745990 960
1746000 958
1746010 955
1746020 951
1746030 948
1746040 945
1746050 942
1746060 939
1746070 936
1746080 933
1746090 930
1746100 927
1746110 924
1746120 921
1746130 917
1746140 914
1746150 911
1746160 908
1746170 905
1746180 901
1746190 897
1746200 894
1746210 891
1746220 887
1746230 884
1746240 879
1746250 875
1746260 871
1746270 867
1746280 863
1746290 860
1746300 856
1746310 853
1746320 849
1746330 846
1746340 842
1746350 838
1746360 835
1746370 831
1746380 828
1746390 824
1746400 820
1746410 816
1746420 812
1746430 807
1746440 803
1746450 799
1746460 795
1746470 790
1746480 785
1746490 781
1746500 777
1746510 773
1746520 770
1746530 767
1746540 765
1746550 763
1746560 761
1746570 758
1746580 756
1746590 753
1746600 751
1746610 748
1746620 745
1746630 743
1746640 740
1746650 737
1746660 736
1746670 735
1746680 734
1746690 732
1746700 730
1746710 729
1746720 727
1746730 725
1746740 723
1746750 720
1746760 719
1746770 717
1746780 716
1746790 715
1746800 714
1746810 712
1746820 711
1746830 710
1746840 709
1746850 707
1746860 705
1746870 704
1746880 702
1746890 700
1746900 699
1746910 697
1746920 695
1746930 693
1746940 691
1746950 689
1746960 687
1746970 686
1746980 685
1746990 684
1747000 683
1747010 682
1747020 682
1747030 681
1747040 680
1747050 679
1747060 678
1747070 677
1747080 676
1747090 675
1747100 674
1747110 673
1747120 672
1747130 671
1747140 669
1747150 668
1747160 668
1747170 668
1747180 668
1747190 668
1747200 668
1747210 669
1747220 670
1747230 671
1747240 674
1747250 677
1747260 681
1747270 684
1747280 689
1747290 693
1747300 697
1747310 700
1747320 703
1747330 706
1747340 708
1747350 711
1747360 713
1747370 714
1747380 715
1747390 716
1747400 715
1747410 715
1747420 715
1747430 714
1747440 714
1747450 712
1747460 711
1747470 709
1747480 708
1747490 708
1747500 708
1747510 707
1747520 709
1747530 711
1747540 714
1747550 716
1747560 719
1747570 721
1747580 724
1747590 726
1747600 729
1747610 731
1747620 733
1747630 735
1747640 736
1747650 736
1747660 735
1747670 732
1747680 731
1747690 729
1747700 730
1747710 731
1747720 731
1747730 731
1747740 732
1747750 732
1747760 732
1747770 733
1747780 733
1747790 734
1747800 734
1747810 735
1747820 735
1747830 735
1747840 735
1747850 735
1747860 735
1747870 734
1747880 733
1747890 732
1747900 730
1747910 728
1747920 726
1747930 723
1747940 721
1747950 718
1747960 716
1747970 714
1747980 711
1747990 709
1748000 705
1748010 703
1748020 701
1748030 699
1748040 697
1748050 695
1748060 694
1748070 691
1748080 689
1748090 687
1748100 683
1748110 680
1748120 676
1748130 672
1748140 669
1748150 667
1748160 667
1748170 667
1748180 667
1748190 670
1748200 673
1748210 677
1748220 680
1748230 682
1748240 684
1748250 685
1748260 685
1748270 684
1748280 683
1748290 682
1748300 680
1748310 677
1748320 673
1748330 670
1748340 666
1748350 662
1748360 659
1748370 654
1748380 652
1748390 650
1748400 650
1748410 650
1748420 651
1748430 651
1748440 650
1748450 650
1748460 650
1748470 651
1748480 651
1748490 651
1748500 651
1748510 651
1748520 651
1748530 651
1748540 651
1748550 651
1748560 652
1748570 652
1748580 652
1748590 652
1748600 653
1748610 653
1748620 654
1748630 654
1748640 655
1748650 655
1748660 656
1748670 656
1748680 657
1748690 659
1748700 661
1748710 662
1748720 664
1748730 664
1748740 665
1748750 665
1748760 665
1748770 666
1748780 666
1748790 666
1748800 666
1748810 666
1748820 666
1748830 665
1748840 665
1748850 665
1748860 665
1748870 665
1748880 666
1748890 667
1748900 668
1748910 669
1748920 670
1748930 670
1748940 671
1748950 671
1748960 672
1748970 672
1748980 672
1748990 673
1749000 673
1749010 673
1749020 673
1749030 674
1749040 674
1749050 674
1749060 675
1749070 675
1749080 675
1749090 676
1749100 676
1749110 676
1749120 677
1749130 677
1749140 678
1749150 678
1749160 679
1749170 679
1749180 680
1749190 681
1749200 683
1749210 684
1749220 685
1749230 687
1749240 688
1749250 690
1749260 691
1749270 692
1749280 694
1749290 695
1749300 697
1749310 698
1749320 699
1749330 700
1749340 702
1749350 703
1749360 704
1749370 704
1749380 705
1749390 706
1749400 707
1749410 707
1749420 707
1749430 708
1749440 707
1749450 707
1749460 706
1749470 704
1749480 703
1749490 704
1749500 704
1749510 705
1749520 705
1749530 704
1749540 703
1749550 701
1749560 699
1749570 697
1749580 696
1749590 697
1749600 698
1749610 699
1749620 701
1749630 704
1749640 706
1749650 708
1749660 710
1749670 712
1749680 714
1749690 717
1749700 719
1749710 722
1749720 724
1749730 726
1749740 728
1749750 730
1749760 732
1749770 734
1749780 736
1749790 738
1749800 740
1749810 743
1749820 745
1749830 747
1749840 749
1749850 751
1749860 753
1749870 755
1749880 757
1749890 759
1749900 761
1749910 763
1749920 765
1749930 767
1749940 769
1749950 770
1749960 772
1749970 774
1749980 775
1749990 777
1750000 779
1750010 780
1750020 782
1750030 784
1750040 785
1750050 786
1750060 788
1750070 789
1750080 790
1750090 791
1750100 791
1750110 792
1750120 792
1750130 792
1750140 789
1750150 787
1750160 784
1750170 782
1750180 781
1750190 780
1750200 782
1750210 784
1750220 786
1750230 788
1750240 790
1750250 792
1750260 794
1750270 797
1750280 799
1750290 802
1750300 804
1750310 806
1750320 808
1750330 810
1750340 812
1750350 813
1750360 815
1750370 816
1750380 818
1750390 819
1750400 820
1750410 822
1750420 823
1750430 824
1750440 825
1750450 825
1750460 825
1750470 825
1750480 823
1750490 820
1750500 816
1750510 813
1750520 811
1750530 813
1750540 817
1750550 820
1750560 823
1750570 826
1750580 829
1750590 832
1750600 835
1750610 838
1750620 841
1750630 844
1750640 847
1750650 850
1750660 852
1750670 854
1750680 857
1750690 859
1750700 861
1750710 863
1750720 864
1750730 866
1750740 868
1750750 869
1750760 870
1750770 872
1750780 875
1750790 877
1750800 879
1750810 881
1750820 883
1750830 885
1750840 887
1750850 889
1750860 891
1750870 894
1750880 896
1750890 898
1750900 900
1750910 902
1750920 904
1750930 906
1750940 908
1750950 910
1750960 912
1750970 914
1750980 915
1750990 917
1751000 919
1751010 920
1751020 922
1751030 924
1751040 925
1751050 926
1751060 928
1751070 929
1751080 930
1751090 930
1751100 931
1751110 932
1751120 932
1751130 932
1751140 931
1751150 930
1751160 930
1751170 929
1751180 928
1751190 927
1751200 927
1751210 927
1751220 927
1751230 927
1751240 928
1751250 928
1751260 929
1751270 929
1751280 930
1751290 930
1751300 930
1751310 930
1751320 930
1751330 930
1751340 931
1751350 931
1751360 932
1751370 933
1751380 934
1751390 934
1751400 934
1751410 933
1751420 933
1751430 932
1751440 932
1751450 932
1751460 932
1751470 933
1751480 933
1751490 934
1751500 936
1751510 937
1751520 938
1751530 939
1751540 941
1751550 942
1751560 943
1751570 944
1751580 946
1751590 947
1751600 948
1751610 950
1751620 952
1751630 954
1751640 956
1751650 958
1751660 959
1751670 961
1751680 963
1751690 965
1751700 966
1751710 968
1751720 970
1751730 972
1751740 974
1751750 976
1751760 978
1751770 980
1751780 982
1751790 985
1751800 987
1751810 989
1751820 991
1751830 993
1751840 995
1751850 997
1751860 999
1751870 1002
1751880 1004
1751890 1006
1751900 1009
1751910 1011
1751920 1013
1751930 1016
1751940 1018
1751950 1020
1751960 1023
1751970 1026
1751980 1029
1751990 1031
1752000 1034
1752010 1036
1752020 1038
1752030 1041
1752040 1043
1752050 1045
1752060 1048
1752070 1050
1752080 1052
1752090 1054
1752100 1057
1752110 1059
1752120 1061
1752130 1063
1752140 1064
1752150 1066
1752160 1068
1752170 1070
1752180 1072
1752190 1074
1752200 1075
1752210 1077
1752220 1079
1752230 1081
1752240 1083
1752250 1084
1752260 1086
1752270 1088
1752280 1089
1752290 1091
1752300 1093
1752310 1094
1752320 1095
1752330 1096
1752340 1097
1752350 1098
1752360 1098
1752370 1098
1752380 1097
1752390 1096
1752400 1094
1752410 1092
1752420 1090
1752430 1087
1752440 1085
1752450 1082
1752460 1079
1752470 1076
1752480 1073
1752490 1069
1752500 1066
1752510 1063
1752520 1060
1752530 1057
1752540 1055
1752550 1052
1752560 1049
1752570 1046
1752580 1043
1752590 1040
1752600 1036
1752610 1033
1752620 1029
1752630 1026
1752640 1022
1752650 1019
1752660 1015
1752670 1011
1752680 1007
1752690 1003
1752700 999
1752710 996
1752720 992
1752730 988
1752740 983
1752750 979
1752760 975
1752770 972
1752780 968
1752790 964
1752800 960
1752810 956
1752820 952
1752830 949
1752840 945
1752850 942
1752860 938
1752870 935
1752880 932
1752890 929
1752900 926
1752910 923
1752920 920
1752930 917
1752940 914
1752950 912
1752960 909
1752970 908
1752980 907
1752990 905
1753000 903
1753010 902
1753020 901
1753030 900
1753040 898
1753050 897
1753060 896
1753070 895
1753080 894
1753090 892
1753100 889
1753110 887
1753120 884
1753130 881
1753140 878
1753150 875
1753160 872
1753170 870
1753180 870
1753190 870
1753200 871
1753210 871
1753220 872
1753230 872
1753240 872
1753250 872
1753260 872
1753270 872
1753280 872
1753290 872
1753300 872
1753310 871
1753320 870
1753330 871
1753340 874
1753350 877
1753360 881
1753370 884
1753380 887
1753390 890
1753400 893
1753410 896
1753420 899
1753430 902
1753440 905
1753450 907
1753460 910
1753470 913
1753480 916
1753490 918
1753500 921
1753510 923
1753520 926
1753530 929
1753540 931
1753550 934
1753560 937
1753570 940
1753580 942
1753590 945
1753600 948
1753610 951
1753620 954
1753630 957
1753640 960
1753650 963
1753660 966
1753670 969
1753680 972
1753690 975
1753700 977
1753710 979
1753720 982
1753730 983
1753740 985
1753750 986
1753760 988
1753770 989
1753780 989
1753790 989
1753800 989
1753810 989
1753820 988
1753830 987
1753840 986
1753850 984
1753860 981
1753870 978
1753880 975
1753890 972
1753900 969
1753910 966
1753920 962
1753930 959
1753940 956
1753950 953
1753960 949
1753970 946
1753980 942
1753990 939
1754000 935
1754010 931
1754020 927
1754030 924
1754040 920
1754050 916
1754060 912
1754070 908
1754080 904
1754090 900
1754100 897
1754110 893
1754120 889
1754130 885
1754140 881
1754150 878
1754160 874
1754170 871
1754180 867
1754190 863
1754200 859
1754210 854
1754220 849
1754230 845
1754240 840
1754250 836
1754260 832
1754270 828
1754280 824
1754290 821
1754300 817
1754310 813
1754320 809
1754330 806
1754340 802
1754350 799
1754360 795
1754370 792
1754380 787
1754390 783
1754400 779
1754410 776
1754420 772
1754430 769
1754440 766
1754450 762
1754460 760
1754470 757
1754480 754
1754490 751
1754500 748
1754510 745
1754520 741
1754530 737
1754540 734
1754550 731
1754560 728
1754570 725
1754580 723
1754590 720
1754600 719
1754610 717
1754620 715
1754630 714
1754640 712
1754650 711
1754660 709
1754670 707
1754680 705
1754690 702
1754700 699
1754710 698
1754720 697
1754730 698
1754740 699
1754750 700
1754760 702
1754770 705
1754780 708
1754790 708
1754800 708
1754810 708
1754820 711
1754830 716
1754840 720
1754850 724
1754860 726
1754870 728
1754880 730
1754890 731
1754900 732
1754910 733
1754920 733
1754930 733
1754940 733
1754950 733
1754960 732
1754970 731
1754980 731
1754990 730
1755000 729
1755010 728
1755020 727
1755030 725
1755040 724
1755050 723
1755060 722
1755070 720
1755080 718
1755090 717
1755100 715
1755110 713
1755120 712
1755130 710
1755140 707
1755150 705
1755160 703
1755170 702
1755180 701
1755190 701
1755200 700
1755210 700
1755220 700
1755230 700
1755240 700
1755250 700
1755260 701
1755270 701
1755280 701
1755290 701
1755300 701
1755310 701
1755320 701
1755330 701
1755340 701
1755350 701
1755360 701
1755370 701
1755380 701
1755390 701
1755400 701
1755410 701
1755420 702
1755430 702
1755440 702
1755450 702
1755460 703
1755470 703
1755480 703
1755490 703
1755500 703
1755510 703
1755520 703
1755530 703
1755540 703
1755550 703
1755560 703
1755570 703
1755580 703
1755590 704
1755600 706
1755610 707
1755620 708
1755630 709
1755640 709
1755650 710
1755660 710
1755670 710
1755680 710
1755690 710
1755700 711
1755710 713
1755720 714
1755730 714
1755740 714
1755750 714
1755760 714
1755770 710
1755780 707
1755790 705
1755800 706
1755810 706
1755820 706
1755830 706
1755840 706
1755850 706
1755860 707
1755870 707
1755880 707
1755890 707
1755900 707
1755910 707
1755920 708
1755930 708
1755940 708
1755950 709
1755960 710
1755970 712
1755980 714
1755990 717
1756000 719
1756010 721
1756020 722
1756030 723
1756040 725
1756050 727
1756060 729
1756070 732
1756080 733
1756090 734
1756100 736
1756110 737
1756120 737
1756130 738
1756140 740
1756150 742
1756160 743
1756170 745
1756180 747
1756190 749
1756200 752
1756210 754
1756220 757
1756230 759
1756240 761
1756250 762
1756260 764
1756270 765
1756280 767
1756290 768
1756300 770
1756310 771
1756320 771
1756330 770
1756340 766
1756350 761
1756360 756
1756370 751
1756380 747
1756390 743
1756400 741
1756410 740
1756420 739
1756430 736
1756440 735
1756450 734
1756460 736
1756470 739
1756480 742
1756490 745
1756500 748
1756510 752
1756520 756
1756530 760
1756540 763
1756550 767
1756560 770
1756570 774
1756580 778
1756590 782
1756600 786
1756610 789
1756620 793
1756630 796
1756640 800
1756650 803
1756660 806
1756670 809
1756680 812
1756690 815
1756700 817
1756710 816
1756720 814
1756730 810
1756740 805
1756750 801
1756760 797
1756770 794
1756780 791
1756790 788
1756800 785
1756810 781
1756820 777
1756830 774
1756840 770
1756850 767
1756860 765
1756870 764
1756880 764
1756890 763
1756900 762
1756910 760
1756920 757
1756930 753
1756940 750
1756950 747
1756960 744
1756970 741
1756980 738
1756990 735
1757000 733
1757010 731
1757020 731
1757030 733
1757040 735
1757050 738
1757060 741
1757070 744
1757080 747
1757090 750
1757100 753
1757110 755
1757120 758
1757130 761
1757140 763
1757150 766
1757160 768
1757170 771
1757180 774
1757190 777
1757200 780
1757210 783
1757220 786
1757230 789
1757240 792
1757250 795
1757260 798
1757270 800
1757280 803
1757290 807
1757300 810
1757310 813
1757320 816
1757330 820
1757340 823
1757350 826
1757360 828
1757370 831
1757380 834
1757390 837
1757400 840
1757410 843
1757420 846
1757430 849
1757440 851
1757450 853
1757460 854
1757470 853
1757480 851
1757490 850
1757500 848
1757510 846
1757520 845
1757530 843
1757540 842
1757550 841
1757560 840
1757570 839
1757580 838
1757590 837
1757600 836
1757610 835
1757620 834
1757630 832
1757640 831
1757650 830
1757660 829
1757670 828
1757680 827
1757690 825
1757700 824
1757710 823
1757720 821
1757730 820
1757740 818
1757750 816
1757760 814
1757770 812
1757780 810
1757790 808
1757800 806
1757810 805
1757820 803
1757830 801
1757840 799
1757850 796
1757860 793
1757870 789
1757880 786
1757890 784
1757900 784
1757910 785
1757920 786
1757930 788
1757940 789
1757950 791
1757960 793
1757970 795
1757980 797
1757990 798
1758000 800
1758010 801
1758020 801
1758030 801
1758040 800
1758050 800
1758060 799
1758070 798
1758080 797
1758090 795
1758100 794
1758110 793
1758120 791
1758130 790
1758140 788
1758150 786
1758160 784
1758170 782
1758180 779
1758190 776
1758200 775
1758210 775
1758220 776
1758230 777
1758240 778
1758250 778
1758260 777
1758270 776
1758280 775
1758290 773
1758300 771
1758310 769
1758320 768
1758330 767
1758340 766
1758350 765
1758360 763
1758370 762
1758380 762
1758390 763
1758400 765
1758410 768
1758420 769
1758430 770
1758440 770
1758450 771
1758460 771
1758470 771
1758480 770
1758490 770
1758500 769
1758510 770
1758520 770
1758530 770
1758540 770
1758550 771
1758560 773
1758570 775
1758580 776
1758590 778
1758600 780
1758610 782
1758620 784
1758630 786
1758640 789
1758650 791
1758660 793
1758670 795
1758680 797
1758690 799
1758700 802
1758710 804
1758720 807
1758730 810
1758740 813
1758750 817
1758760 820
1758770 824
1758780 827
1758790 830
1758800 834
1758810 837
1758820 841
1758830 844
1758840 848
1758850 851
1758860 854
1758870 858
1758880 861
1758890 864
1758900 866
1758910 869
1758920 872
1758930 875
1758940 878
1758950 881
1758960 884
1758970 887
1758980 889
1758990 892
1759000 894
1759010 897
1759020 899
1759030 902
1759040 904
1759050 906
1759060 909
1759070 911
1759080 913
1759090 914
1759100 916
1759110 917
1759120 917
1759130 918
1759140 918
1759150 919
1759160 919
1759170 919
1759180 920
1759190 920
1759200 920
1759210 920
1759220 921
1759230 921
1759240 921
1759250 921
1759260 922
1759270 922
1759280 921
1759290 921
1759300 921
1759310 921
1759320 921
1759330 921
1759340 921
1759350 921
1759360 922
1759370 922
1759380 922
1759390 922
1759400 922
1759410 923
1759420 923
1759430 924
1759440 924
1759450 924
1759460 924
1759470 925
1759480 925
1759490 925
1759500 925
1759510 926
1759520 926
1759530 927
1759540 927
1759550 927
1759560 928
1759570 928
1759580 929
1759590 929
1759600 930
1759610 930
1759620 930
1759630 930
1759640 930
1759650 930
1759660 930
1759670 931
1759680 931
1759690 931
1759700 931
1759710 931
1759720 931
1759730 931
1759740 931
1759750 931
1759760 930
1759770 930
1759780 929
1759790 929
1759800 928
1759810 927
1759820 926
1759830 925
1759840 924
1759850 923
1759860 922
1759870 921
1759880 920
1759890 919
1759900 918
1759910 916
1759920 915
1759930 914
1759940 913
1759950 911
1759960 910
1759970 908
1759980 907
1759990 905
