1740000 648
1740010 650
1740020 652
1740030 654
1740040 655
1740050 657
1740060 657
1740070 657
1740080 656
1740090 656
1740100 656
1740110 657
1740120 658
1740130 659
1740140 660
1740150 662
1740160 664
1740170 666
1740180 668
1740190 671
1740200 674
1740210 677
1740220 680
1740230 683
1740240 686
1740250 690
1740260 693
1740270 697
1740280 701
1740290 705
1740300 708
1740310 711
1740320 714
1740330 718
1740340 721
1740350 725
1740360 728
1740370 731
1740380 734
1740390 737
1740400 739
1740410 742
1740420 743
1740430 744
1740440 747
1740450 749
1740460 751
1740470 753
1740480 756
1740490 758
1740500 761
1740510 763
1740520 765
1740530 767
1740540 768
1740550 769
1740560 769
1740570 770
1740580 771
1740590 772
1740600 774
1740610 776
1740620 778
1740630 780
1740640 782
1740650 784
1740660 787
1740670 789
1740680 792
1740690 795
1740700 798
1740710 801
1740720 804
1740730 807
1740740 809
1740750 812
1740760 815
1740770 817
1740780 819
1740790 821
1740800 822
1740810 822
1740820 820
1740830 818
1740840 816
1740850 815
1740860 815
1740870 816
1740880 816
1740890 817
1740900 819
1740910 821
1740920 823
1740930 826
1740940 828
1740950 830
1740960 833
1740970 835
1740980 837
1740990 839
1741000 840
1741010 841
1741020 841
1741030 841
1741040 840
1741050 839
1741060 839
1741070 838
1741080 837
1741090 837
1741100 837
1741110 837
1741120 837
1741130 836
1741140 835
1741150 834
1741160 832
1741170 829
1741180 827
1741190 825
1741200 823
1741210 820
1741220 818
1741230 816
1741240 816
1741250 818
1741260 820
1741270 822
1741280 823
1741290 825
1741300 826
1741310 827
1741320 829
1741330 830
1741340 832
1741350 834
1741360 835
1741370 837
1741380 839
1741390 842
1741400 844
1741410 846
1741420 849
1741430 851
1741440 853
1741450 854
1741460 856
1741470 857
1741480 859
1741490 860
1741500 862
1741510 863
1741520 864
1741530 865
1741540 866
1741550 866
1741560 866
1741570 865
1741580 863
1741590 861
1741600 859
1741610 857
1741620 855
1741630 854
1741640 853
1741650 853
1741660 853
1741670 852
1741680 852
1741690 851
1741700 849
1741710 847
1741720 845
1741730 843
1741740 841
1741750 840
1741760 840
1741770 841
1741780 842
1741790 843
1741800 844
1741810 846
1741820 847
1741830 849
1741840 851
1741850 853
1741860 855
1741870 857
1741880 858
1741890 859
1741900 859
1741910 858
1741920 858
1741930 858
1741940 858
1741950 858
1741960 859
1741970 861
1741980 863
1741990 865
1742000 866
1742010 867
1742020 868
1742030 867
1742040 866
1742050 864
1742060 863
1742070 862
1742080 862
1742090 861
1742100 861
1742110 860
1742120 860
1742130 859
1742140 859
1742150 858
1742160 858
1742170 857
1742180 857
1742190 857
1742200 857
1742210 856
1742220 856
1742230 857
1742240 858
1742250 859
1742260 860
1742270 860
1742280 860
1742290 861
1742300 861
1742310 862
1742320 862
1742330 862
1742340 861
1742350 861
1742360 861
1742370 861
1742380 861
1742390 861
1742400 861
1742410 861
1742420 861
1742430 861
1742440 861
1742450 861
1742460 861
1742470 860
1742480 859
1742490 857
1742500 855
1742510 853
1742520 851
1742530 850
1742540 850
1742550 850
1742560 850
1742570 851
1742580 851
1742590 851
1742600 852
1742610 852
1742620 852
1742630 852
1742640 852
1742650 851
1742660 850
1742670 849
1742680 848
1742690 847
1742700 846
1742710 845
1742720 844
1742730 842
1742740 841
1742750 840
1742760 839
1742770 837
1742780 836
1742790 835
1742800 833
1742810 831
1742820 830
1742830 828
1742840 826
1742850 824
1742860 822
1742870 820
1742880 818
1742890 816
1742900 814
1742910 811
1742920 809
1742930 806
1742940 803
1742950 799
1742960 796
1742970 792
1742980 789
1742990 786
1743000 783
1743010 782
1743020 780
1743030 779
1743040 777
1743050 776
1743060 775
1743070 773
1743080 772
1743090 770
1743100 768
1743110 767
1743120 766
1743130 764
1743140 763
1743150 761
1743160 758
1743170 757
1743180 755
1743190 754
1743200 754
1743210 754
1743220 754
1743230 755
1743240 756
1743250 757
1743260 757
1743270 758
1743280 758
1743290 759
1743300 760
1743310 760
1743320 761
1743330 763
1743340 763
1743350 763
1743360 762
1743370 761
1743380 760
1743390 759
1743400 760
1743410 760
1743420 761
1743430 761
1743440 762
1743450 762
1743460 763
1743470 763
1743480 763
1743490 763
1743500 763
1743510 762
1743520 761
1743530 760
1743540 757
1743550 754
1743560 750
1743570 747
1743580 744
1743590 742
1743600 740
1743610 738
1743620 736
1743630 735
1743640 735
1743650 735
1743660 735
1743670 735
1743680 735
1743690 735
1743700 736
1743710 738
1743720 741
1743730 744
1743740 748
1743750 752
1743760 755
1743770 759
1743780 762
1743790 765
1743800 767
1743810 770
1743820 772
1743830 773
1743840 773
1743850 771
1743860 768
1743870 765
1743880 763
1743890 762
1743900 761
1743910 760
1743920 760
1743930 761
1743940 762
1743950 764
1743960 766
1743970 767
1743980 769
1743990 771
1744000 773
1744010 775
1744020 777
1744030 780
1744040 782
1744050 784
1744060 787
1744070 788
1744080 790
1744090 793
1744100 795
1744110 798
1744120 800
1744130 803
1744140 805
1744150 807
1744160 811
1744170 814
1744180 818
1744190 822
1744200 825
1744210 828
1744220 831
1744230 833
1744240 836
1744250 838
1744260 840
1744270 843
1744280 845
1744290 847
1744300 848
1744310 850
1744320 851
1744330 852
1744340 853
1744350 854
1744360 855
1744370 857
1744380 857
1744390 858
1744400 858
1744410 859
1744420 860
1744430 862
1744440 863
1744450 864
1744460 866
1744470 867
1744480 868
1744490 869
1744500 870
1744510 871
1744520 872
1744530 872
1744540 873
1744550 874
1744560 874
1744570 874
1744580 875
1744590 875
1744600 875
1744610 874
1744620 874
1744630 873
1744640 873
1744650 871
1744660 870
1744670 869
1744680 869
1744690 868
1744700 867
1744710 866
1744720 865
1744730 863
1744740 862
1744750 861
1744760 860
1744770 859
1744780 858
1744790 857
1744800 855
1744810 854
1744820 854
1744830 857
1744840 860
1744850 863
1744860 865
1744870 867
1744880 870
1744890 872
1744900 873
1744910 875
1744920 876
1744930 877
1744940 879
1744950 880
1744960 882
1744970 883
1744980 883
1744990 883
1745000 883
1745010 883
1745020 883
1745030 883
1745040 883
1745050 883
1745060 884
1745070 884
1745080 884
1745090 883
1745100 883
1745110 883
1745120 883
1745130 883
1745140 882
1745150 882
1745160 881
1745170 880
1745180 880
1745190 880
1745200 879
1745210 878
1745220 878
1745230 877
1745240 877
1745250 877
1745260 879
1745270 881
1745280 883
1745290 886
1745300 889
1745310 893
1745320 897
1745330 900
1745340 904
1745350 904
1745360 902
1745370 899
1745380 896
1745390 893
1745400 890
1745410 887
1745420 884
1745430 881
1745440 877
1745450 874
1745460 872
1745470 868
1745480 865
1745490 861
1745500 857
1745510 852
1745520 848
1745530 844
1745540 841
1745550 838
1745560 837
1745570 837
1745580 837
1745590 834
1745600 832
1745610 830
1745620 828
1745630 828
1745640 827
1745650 826
1745660 826
1745670 825
1745680 824
1745690 823
1745700 821
1745710 818
1745720 816
1745730 814
1745740 812
1745750 810
1745760 808
1745770 807
1745780 804
1745790 801
1745800 796
1745810 793
1745820 790
1745830 788
1745840 786
1745850 784
1745860 781
1745870 779
1745880 777
1745890 774
1745900 772
1745910 769
1745920 767
1745930 764
1745940 761
1745950 758
1745960 755
1745970 751
1745980 748
1745990 744
1746000 741
1746010 738
1746020 735
1746030 732
1746040 729
1746050 727
1746060 725
1746070 724
1746080 723
1746090 722
1746100 722
1746110 721
1746120 720
1746130 719
1746140 718
1746150 717
1746160 717
1746170 716
1746180 715
1746190 715
1746200 714
1746210 713
1746220 712
1746230 711
1746240 710
1746250 710
1746260 710
1746270 711
1746280 712
1746290 715
1746300 718
1746310 719
1746320 719
1746330 720
1746340 721
1746350 724
1746360 727
1746370 730
1746380 733
1746390 736
1746400 739
1746410 742
1746420 744
1746430 746
1746440 746
1746450 745
1746460 743
1746470 740
1746480 738
1746490 736
1746500 735
1746510 734
1746520 733
1746530 732
1746540 731
1746550 730
1746560 730
1746570 730
1746580 730
1746590 730
1746600 730
1746610 730
1746620 730
1746630 730
1746640 729
1746650 729
1746660 728
1746670 727
1746680 726
1746690 723
1746700 721
1746710 719
1746720 716
1746730 714
1746740 711
1746750 710
1746760 708
1746770 707
1746780 706
1746790 705
1746800 704
1746810 702
1746820 700
1746830 698
1746840 697
1746850 697
1746860 696
1746870 696
1746880 696
1746890 695
1746900 695
1746910 695
1746920 696
1746930 696
1746940 696
1746950 697
1746960 696
1746970 696
1746980 696
1746990 697
1747000 698
1747010 699
1747020 699
1747030 699
1747040 699
1747050 699
1747060 699
1747070 699
1747080 699
1747090 699
1747100 699
1747110 700
1747120 700
1747130 699
1747140 699
1747150 698
1747160 698
1747170 697
1747180 694
1747190 692
1747200 689
1747210 688
1747220 687
1747230 686
1747240 686
1747250 685
1747260 685
1747270 684
1747280 683
1747290 682
1747300 682
1747310 682
1747320 682
1747330 682
1747340 682
1747350 682
1747360 682
1747370 683
1747380 684
1747390 685
1747400 686
1747410 687
1747420 687
1747430 688
1747440 689
1747450 690
1747460 691
1747470 692
1747480 693
1747490 694
1747500 695
1747510 696
1747520 697
1747530 698
1747540 699
1747550 699
1747560 700
1747570 700
1747580 701
1747590 701
1747600 701
1747610 701
1747620 701
1747630 701
1747640 701
1747650 702
1747660 703
1747670 704
1747680 705
1747690 705
1747700 706
1747710 707
1747720 709
1747730 710
1747740 711
1747750 713
1747760 714
1747770 715
1747780 716
1747790 716
1747800 717
1747810 717
1747820 717
1747830 717
1747840 717
1747850 716
1747860 715
1747870 714
1747880 713
1747890 711
1747900 710
1747910 708
1747920 705
1747930 704
1747940 703
1747950 702
1747960 701
1747970 700
1747980 699
1747990 698
1748000 696
1748010 695
1748020 694
1748030 693
1748040 692
1748050 692
1748060 691
1748070 689
1748080 688
1748090 687
1748100 686
1748110 684
1748120 683
1748130 681
1748140 680
1748150 679
1748160 677
1748170 676
1748180 674
1748190 673
1748200 671
1748210 670
1748220 668
1748230 667
1748240 666
1748250 665
1748260 664
1748270 664
1748280 663
1748290 663
1748300 662
1748310 662
1748320 662
1748330 662
1748340 662
1748350 662
1748360 662
1748370 664
1748380 667
1748390 670
1748400 673
1748410 676
1748420 678
1748430 681
1748440 682
1748450 684
1748460 686
1748470 687
1748480 689
1748490 691
1748500 692
1748510 693
1748520 694
1748530 695
1748540 696
1748550 698
1748560 699
1748570 700
1748580 701
1748590 702
1748600 704
1748610 705
1748620 706
1748630 707
1748640 708
1748650 709
1748660 710
1748670 709
1748680 708
1748690 705
1748700 701
1748710 698
1748720 695
1748730 692
1748740 690
1748750 687
1748760 684
1748770 681
1748780 679
1748790 677
1748800 677
1748810 678
1748820 682
1748830 685
1748840 688
1748850 691
1748860 694
1748870 698
1748880 702
1748890 705
1748900 707
1748910 708
1748920 708
1748930 706
1748940 703
1748950 700
1748960 696
1748970 692
1748980 689
1748990 686
1749000 683
1749010 681
1749020 679
1749030 677
1749040 675
1749050 674
1749060 672
1749070 671
1749080 669
1749090 667
1749100 665
1749110 663
1749120 661
1749130 659
1749140 658
1749150 657
1749160 657
1749170 657
1749180 657
1749190 657
1749200 657
1749210 657
1749220 656
1749230 656
1749240 656
1749250 656
1749260 656
1749270 656
1749280 656
1749290 656
1749300 656
1749310 657
1749320 657
1749330 658
1749340 658
1749350 658
1749360 658
1749370 658
1749380 658
1749390 658
1749400 659
1749410 660
1749420 662
1749430 663
1749440 664
1749450 665
1749460 666
1749470 667
1749480 668
1749490 668
1749500 669
1749510 670
1749520 671
1749530 671
1749540 672
1749550 673
1749560 673
1749570 674
1749580 675
1749590 675
1749600 676
1749610 676
1749620 677
1749630 677
1749640 677
1749650 677
1749660 678
1749670 678
1749680 678
1749690 678
1749700 678
1749710 679
1749720 679
1749730 679
1749740 678
1749750 677
1749760 677
1749770 678
1749780 679
1749790 679
1749800 680
1749810 681
1749820 682
1749830 682
1749840 683
1749850 683
1749860 684
1749870 684
1749880 685
1749890 686
1749900 686
1749910 687
1749920 689
1749930 691
1749940 693
1749950 695
1749960 697
1749970 699
1749980 701
1749990 703
1750000 704
1750010 706
1750020 708
1750030 709
1750040 711
1750050 713
1750060 714
1750070 715
1750080 717
1750090 718
1750100 719
1750110 721
1750120 722
1750130 724
1750140 725
1750150 726
1750160 728
1750170 729
1750180 729
1750190 729
1750200 729
1750210 729
1750220 729
1750230 731
1750240 733
1750250 736
1750260 738
1750270 740
1750280 742
1750290 744
1750300 745
1750310 747
1750320 749
1750330 750
1750340 751
1750350 753
1750360 754
1750370 755
1750380 756
1750390 757
1750400 759
1750410 760
1750420 761
1750430 762
1750440 763
1750450 764
1750460 767
1750470 770
1750480 774
1750490 777
1750500 780
1750510 783
1750520 786
1750530 788
1750540 791
1750550 794
1750560 796
1750570 800
1750580 803
1750590 806
1750600 809
1750610 812
1750620 815
1750630 818
1750640 821
1750650 824
1750660 826
1750670 829
1750680 832
1750690 834
1750700 837
1750710 839
1750720 840
1750730 842
1750740 844
1750750 845
1750760 846
1750770 847
1750780 847
1750790 848
1750800 848
1750810 849
1750820 850
1750830 851
1750840 852
1750850 853
1750860 854
1750870 855
1750880 857
1750890 858
1750900 858
1750910 859
1750920 858
1750930 858
1750940 856
1750950 854
1750960 850
1750970 847
1750980 842
1750990 838
1751000 833
1751010 829
1751020 825
1751030 821
1751040 818
1751050 815
1751060 812
1751070 809
1751080 807
1751090 805
1751100 803
1751110 801
1751120 798
1751130 796
1751140 794
1751150 792
1751160 791
1751170 789
1751180 788
1751190 786
1751200 785
1751210 783
1751220 782
1751230 781
1751240 779
1751250 777
1751260 775
1751270 773
1751280 771
1751290 769
1751300 766
1751310 764
1751320 761
1751330 759
1751340 756
1751350 753
1751360 750
1751370 747
1751380 745
1751390 742
1751400 741
1751410 740
1751420 739
1751430 739
1751440 738
1751450 737
1751460 741
1751470 744
1751480 747
1751490 749
1751500 752
1751510 755
1751520 758
1751530 761
1751540 765
1751550 768
1751560 769
1751570 769
1751580 770
1751590 771
1751600 772
1751610 773
1751620 775
1751630 776
1751640 778
1751650 780
1751660 782
1751670 784
1751680 786
1751690 789
1751700 792
1751710 796
1751720 800
1751730 804
1751740 808
1751750 812
1751760 816
1751770 820
1751780 824
1751790 827
1751800 831
1751810 835
1751820 839
1751830 843
1751840 847
1751850 851
1751860 855
1751870 859
1751880 863
1751890 867
1751900 871
1751910 875
1751920 879
1751930 883
1751940 887
1751950 892
1751960 896
1751970 900
1751980 904
1751990 908
1752000 912
1752010 916
1752020 921
1752030 925
1752040 929
1752050 933
1752060 937
1752070 942
1752080 946
1752090 950
1752100 953
1752110 957
1752120 960
1752130 962
1752140 963
1752150 964
1752160 964
1752170 963
1752180 962
1752190 960
1752200 957
1752210 955
1752220 952
1752230 949
1752240 947
1752250 944
1752260 941
1752270 938
1752280 935
1752290 932
1752300 929
1752310 925
1752320 922
1752330 918
1752340 915
1752350 911
1752360 908
1752370 905
1752380 902
1752390 900
1752400 897
1752410 894
1752420 891
1752430 888
1752440 886
1752450 883
1752460 881
1752470 878
1752480 875
1752490 871
1752500 869
1752510 866
1752520 863
1752530 861
1752540 859
1752550 857
1752560 854
1752570 852
1752580 849
1752590 846
1752600 843
1752610 841
1752620 838
1752630 835
1752640 833
1752650 830
1752660 827
1752670 823
1752680 820
1752690 817
1752700 814
1752710 812
1752720 809
1752730 806
1752740 802
1752750 798
1752760 794
1752770 789
1752780 785
1752790 781
1752800 776
1752810 771
1752820 767
1752830 765
1752840 762
1752850 759
1752860 756
1752870 755
1752880 752
1752890 750
1752900 746
1752910 743
1752920 740
1752930 738
1752940 736
1752950 734
1752960 733
1752970 733
1752980 732
1752990 731
1753000 730
1753010 730
1753020 730
1753030 730
1753040 730
1753050 730
1753060 729
1753070 729
1753080 728
1753090 728
1753100 728
1753110 728
1753120 728
1753130 728
1753140 728
1753150 727
1753160 726
1753170 726
1753180 725
1753190 724
1753200 723
1753210 722
1753220 721
1753230 720
1753240 719
1753250 718
1753260 717
1753270 715
1753280 714
1753290 711
1753300 709
1753310 708
1753320 706
1753330 703
1753340 701
1753350 698
1753360 695
1753370 692
1753380 689
1753390 688
1753400 687
1753410 686
1753420 686
1753430 686
1753440 686
1753450 686
1753460 686
1753470 686
1753480 686
1753490 686
1753500 686
1753510 687
1753520 687
1753530 687
1753540 687
1753550 686
1753560 686
1753570 686
1753580 686
1753590 687
1753600 687
1753610 687
1753620 687
1753630 687
1753640 687
1753650 687
1753660 687
1753670 687
1753680 687
1753690 687
1753700 687
1753710 687
1753720 688
1753730 688
1753740 688
1753750 689
1753760 690
1753770 690
1753780 691
1753790 692
1753800 694
1753810 695
1753820 697
1753830 698
1753840 699
1753850 700
1753860 701
1753870 702
1753880 702
1753890 703
1753900 704
1753910 704
1753920 704
1753930 705
1753940 705
1753950 706
1753960 706
1753970 706
1753980 706
1753990 705
1754000 705
1754010 704
1754020 703
1754030 702
1754040 702
1754050 702
1754060 701
1754070 699
1754080 696
1754090 694
1754100 694
1754110 696
1754120 699
1754130 702
1754140 706
1754150 710
1754160 714
1754170 719
1754180 723
1754190 728
1754200 733
1754210 736
1754220 740
1754230 743
1754240 746
1754250 749
1754260 751
1754270 754
1754280 757
1754290 759
1754300 761
1754310 764
1754320 766
1754330 768
1754340 771
1754350 773
1754360 775
1754370 777
1754380 779
1754390 781
1754400 783
1754410 785
1754420 786
1754430 788
1754440 790
1754450 792
1754460 793
1754470 795
1754480 796
1754490 797
1754500 798
1754510 795
1754520 792
1754530 788
1754540 783
1754550 779
1754560 775
1754570 772
1754580 768
1754590 765
1754600 761
1754610 758
1754620 756
1754630 757
1754640 758
1754650 759
1754660 760
1754670 761
1754680 763
1754690 765
1754700 767
1754710 769
1754720 771
1754730 773
1754740 774
1754750 776
1754760 777
1754770 777
1754780 777
1754790 775
1754800 773
1754810 772
1754820 771
1754830 770
1754840 771
1754850 774
1754860 777
1754870 780
1754880 783
1754890 787
1754900 789
1754910 790
1754920 792
1754930 794
1754940 797
1754950 799
1754960 801
1754970 803
1754980 806
1754990 808
1755000 810
1755010 812
1755020 813
1755030 815
1755040 816
1755050 817
1755060 818
1755070 819
1755080 819
1755090 820
1755100 820
1755110 820
1755120 820
1755130 820
1755140 820
1755150 820
1755160 819
1755170 818
1755180 817
1755190 815
1755200 813
1755210 810
1755220 806
1755230 803
1755240 800
1755250 796
1755260 793
1755270 793
1755280 792
1755290 791
1755300 788
1755310 786
1755320 784
1755330 782
1755340 781
1755350 780
1755360 780
1755370 779
1755380 779
1755390 780
1755400 780
1755410 780
1755420 777
1755430 774
1755440 772
1755450 771
1755460 769
1755470 766
1755480 762
1755490 760
1755500 759
1755510 758
1755520 757
1755530 756
1755540 754
1755550 752
1755560 750
1755570 747
1755580 744
1755590 741
1755600 740
1755610 740
1755620 740
1755630 741
1755640 743
1755650 745
1755660 747
1755670 749
1755680 751
1755690 753
1755700 755
1755710 757
1755720 760
1755730 763
1755740 766
1755750 769
1755760 772
1755770 774
1755780 777
1755790 780
1755800 782
1755810 786
1755820 788
1755830 791
1755840 794
1755850 795
1755860 796
1755870 797
1755880 798
1755890 798
1755900 798
1755910 798
1755920 798
1755930 798
1755940 797
1755950 796
1755960 795
1755970 794
1755980 792
1755990 790
1756000 788
1756010 785
1756020 782
1756030 779
1756040 775
1756050 773
1756060 771
1756070 770
1756080 769
1756090 767
1756100 766
1756110 765
1756120 764
1756130 762
1756140 761
1756150 760
1756160 759
1756170 758
1756180 757
1756190 756
1756200 755
1756210 754
1756220 753
1756230 752
1756240 751
1756250 750
1756260 749
1756270 748
1756280 747
1756290 746
1756300 744
1756310 743
1756320 741
1756330 740
1756340 739
1756350 739
1756360 738
1756370 738
1756380 737
1756390 736
1756400 735
1756410 734
1756420 733
1756430 733
1756440 732
1756450 731
1756460 730
1756470 730
1756480 729
1756490 729
1756500 729
1756510 729
1756520 730
1756530 732
1756540 734
1756550 738
1756560 741
1756570 744
1756580 748
1756590 752
1756600 756
1756610 761
1756620 765
1756630 769
1756640 774
1756650 778
1756660 782
1756670 785
1756680 787
1756690 789
1756700 790
1756710 792
1756720 793
1756730 795
1756740 798
1756750 800
1756760 801
1756770 802
1756780 803
1756790 804
1756800 805
1756810 806
1756820 808
1756830 810
1756840 812
1756850 813
1756860 814
1756870 815
1756880 816
1756890 817
1756900 818
1756910 818
1756920 818
1756930 816
1756940 815
1756950 815
1756960 816
1756970 818
1756980 821
1756990 823
1757000 825
1757010 827
1757020 829
1757030 830
1757040 832
1757050 834
1757060 835
1757070 836
1757080 836
1757090 836
1757100 836
1757110 836
1757120 836
1757130 835
1757140 835
1757150 835
1757160 836
1757170 836
1757180 837
1757190 838
1757200 839
1757210 841
1757220 842
1757230 843
1757240 843
1757250 844
1757260 844
1757270 844
1757280 843
1757290 841
1757300 839
1757310 836
1757320 831
1757330 826
1757340 821
1757350 815
1757360 810
1757370 806
1757380 802
1757390 798
1757400 794
1757410 791
1757420 787
1757430 783
1757440 780
1757450 777
1757460 779
1757470 782
1757480 784
1757490 787
1757500 790
1757510 792
1757520 795
1757530 798
1757540 802
1757550 805
1757560 809
1757570 812
1757580 815
1757590 818
1757600 821
1757610 824
1757620 827
1757630 830
1757640 832
1757650 835
1757660 837
1757670 840
1757680 843
1757690 845
1757700 847
1757710 849
1757720 851
1757730 853
1757740 855
1757750 857
1757760 859
1757770 861
1757780 863
1757790 865
1757800 867
1757810 869
1757820 871
1757830 874
1757840 877
1757850 881
1757860 884
1757870 888
1757880 892
1757890 896
1757900 900
1757910 903
1757920 907
1757930 911
1757940 915
1757950 917
1757960 919
1757970 919
1757980 919
1757990 919
1758000 919
1758010 918
1758020 917
1758030 917
1758040 916
1758050 915
1758060 914
1758070 912
1758080 911
1758090 910
1758100 908
1758110 905
1758120 903
1758130 900
1758140 897
1758150 894
1758160 891
1758170 888
1758180 885
1758190 882
1758200 880
1758210 878
1758220 876
1758230 875
1758240 874
1758250 873
1758260 872
1758270 872
1758280 871
1758290 870
1758300 869
1758310 868
1758320 868
1758330 868
1758340 867
1758350 867
1758360 867
1758370 867
1758380 867
1758390 867
1758400 867
1758410 867
1758420 868
1758430 868
1758440 868
1758450 867
1758460 867
1758470 866
1758480 866
1758490 866
1758500 866
1758510 866
1758520 866
1758530 867
1758540 867
1758550 868
1758560 868
1758570 868
1758580 868
1758590 868
1758600 868
1758610 869
1758620 869
1758630 869
1758640 870
1758650 870
1758660 870
1758670 870
1758680 869
1758690 869
1758700 869
1758710 869
1758720 869
1758730 869
1758740 869
1758750 869
1758760 869
1758770 868
1758780 868
1758790 867
1758800 865
1758810 863
1758820 861
1758830 860
1758840 860
1758850 860
1758860 860
1758870 859
1758880 858
1758890 857
1758900 856
1758910 856
1758920 856
1758930 857
1758940 858
1758950 858
1758960 858
1758970 858
1758980 857
1758990 856
1759000 855
1759010 853
1759020 852
1759030 850
1759040 849
1759050 847
1759060 846
1759070 844
1759080 843
1759090 841
1759100 840
1759110 838
1759120 837
1759130 835
1759140 834
1759150 832
1759160 830
1759170 828
1759180 826
1759190 824
1759200 822
1759210 819
1759220 816
1759230 814
1759240 811
1759250 808
1759260 806
1759270 805
1759280 805
1759290 805
1759300 805
1759310 805
1759320 805
1759330 805
1759340 806
1759350 806
1759360 806
1759370 806
1759380 806
1759390 805
1759400 805
1759410 804
1759420 803
1759430 802
1759440 800
1759450 799
1759460 798
1759470 797
1759480 796
1759490 796
1759500 796
1759510 796
1759520 795
1759530 793
1759540 793
1759550 794
1759560 794
1759570 794
1759580 793
1759590 793
1759600 793
1759610 794
1759620 795
1759630 796
1759640 797
1759650 798
1759660 798
1759670 799
1759680 799
1759690 799
1759700 800
1759710 800
1759720 800
1759730 800
1759740 801
1759750 801
1759760 801
1759770 802
1759780 802
1759790 802
1759800 802
1759810 802
1759820 802
1759830 801
1759840 799
1759850 797
1759860 795
1759870 792
1759880 790
1759890 787
1759900 784
1759910 780
1759920 776
1759930 772
1759940 768
1759950 764
1759960 761
1759970 757
1759980 755
1759990 752
