1740000 614
1740010 614
1740020 613
1740030 612
1740040 612
1740050 613
1740060 614
1740070 616
1740080 617
1740090 619
1740100 620
1740110 622
1740120 623
1740130 624
1740140 625
1740150 627
1740160 628
1740170 629
1740180 630
1740190 631
1740200 632
1740210 633
1740220 634
1740230 635
1740240 636
1740250 637
1740260 638
1740270 639
1740280 640
1740290 642
1740300 643
1740310 644
1740320 643
1740330 641
1740340 639
1740350 636
1740360 634
1740370 631
1740380 627
1740390 624
1740400 621
1740410 619
1740420 618
1740430 618
1740440 618
1740450 619
1740460 619
1740470 620
1740480 621
1740490 622
1740500 622
1740510 623
1740520 623
1740530 623
1740540 621
1740550 621
1740560 621
1740570 621
1740580 622
1740590 623
1740600 624
1740610 625
1740620 626
1740630 627
1740640 627
1740650 626
1740660 625
1740670 624
1740680 624
1740690 625
1740700 626
1740710 626
1740720 628
1740730 629
1740740 631
1740750 634
1740760 635
1740770 636
1740780 636
1740790 635
1740800 635
1740810 634
1740820 636
1740830 638
1740840 641
1740850 643
1740860 645
1740870 647
1740880 646
1740890 645
1740900 642
1740910 639
1740920 637
1740930 634
1740940 631
1740950 629
1740960 626
1740970 625
1740980 624
1740990 625
1741000 627
1741010 629
1741020 631
1741030 632
1741040 631
1741050 629
1741060 629
1741070 630
1741080 631
1741090 633
1741100 635
1741110 636
1741120 637
1741130 637
1741140 637
1741150 639
1741160 641
1741170 644
1741180 647
1741190 650
1741200 653
1741210 657
1741220 661
1741230 665
1741240 668
1741250 672
1741260 675
1741270 675
1741280 674
1741290 670
1741300 664
1741310 658
1741320 651
1741330 646
1741340 640
1741350 635
1741360 630
1741370 626
1741380 621
1741390 617
1741400 613
1741410 609
1741420 605
1741430 601
1741440 597
1741450 594
1741460 591
1741470 589
1741480 589
1741490 589
1741500 591
1741510 594
1741520 596
1741530 596
1741540 597
1741550 595
1741560 593
1741570 589
1741580 584
1741590 580
1741600 575
1741610 570
1741620 567
1741630 566
1741640 566
1741650 567
1741660 569
1741670 571
1741680 575
1741690 578
1741700 582
1741710 586
1741720 590
1741730 593
1741740 595
1741750 595
1741760 592
1741770 589
1741780 585
1741790 581
1741800 577
1741810 574
1741820 571
1741830 569
1741840 567
1741850 567
1741860 566
1741870 566
1741880 567
1741890 567
1741900 567
1741910 569
1741920 572
1741930 576
1741940 580
1741950 583
1741960 586
1741970 590
1741980 593
1741990 597
1742000 599
1742010 602
1742020 605
1742030 607
1742040 609
1742050 609
1742060 609
1742070 609
1742080 610
1742090 613
1742100 616
1742110 620
1742120 624
1742130 626
1742140 629
1742150 630
1742160 631
1742170 631
1742180 629
1742190 627
1742200 624
1742210 622
1742220 620
1742230 619
1742240 620
1742250 621
1742260 623
1742270 624
1742280 626
1742290 628
1742300 629
1742310 631
1742320 633
1742330 635
1742340 638
1742350 640
1742360 642
1742370 644
1742380 647
1742390 649
1742400 652
1742410 654
1742420 656
1742430 658
1742440 659
1742450 662
1742460 664
1742470 667
1742480 671
1742490 674
1742500 676
1742510 679
1742520 682
1742530 685
1742540 688
1742550 691
1742560 694
1742570 697
1742580 700
1742590 703
1742600 706
1742610 709
1742620 711
1742630 714
1742640 717
1742650 721
1742660 724
1742670 727
1742680 731
1742690 734
1742700 738
1742710 742
1742720 746
1742730 750
1742740 754
1742750 758
1742760 762
1742770 766
1742780 770
1742790 774
1742800 778
1742810 782
1742820 786
1742830 791
1742840 795
1742850 799
1742860 804
1742870 808
1742880 813
1742890 818
1742900 823
1742910 829
1742920 834
1742930 839
1742940 843
1742950 848
1742960 853
1742970 858
1742980 863
1742990 867
1743000 872
1743010 877
1743020 881
1743030 885
1743040 890
1743050 894
1743060 898
1743070 902
1743080 907
1743090 911
1743100 915
1743110 920
1743120 924
1743130 928
1743140 933
1743150 937
1743160 942
1743170 946
1743180 951
1743190 955
1743200 959
1743210 964
1743220 969
1743230 974
1743240 980
1743250 984
1743260 988
1743270 993
1743280 997
1743290 1000
1743300 1005
1743310 1009
1743320 1014
1743330 1018
1743340 1022
1743350 1027
1743360 1031
1743370 1035
1743380 1039
1743390 1043
1743400 1047
1743410 1051
1743420 1054
1743430 1058
1743440 1061
1743450 1064
1743460 1067
1743470 1069
1743480 1071
1743490 1073
1743500 1074
1743510 1075
1743520 1076
1743530 1076
1743540 1076
1743550 1077
1743560 1077
1743570 1077
1743580 1077
1743590 1077
1743600 1077
1743610 1077
1743620 1077
1743630 1076
1743640 1076
1743650 1075
1743660 1075
1743670 1074
1743680 1074
1743690 1073
1743700 1072
1743710 1072
1743720 1072
1743730 1072
1743740 1072
1743750 1072
1743760 1071
1743770 1071
1743780 1071
1743790 1072
1743800 1072
1743810 1072
1743820 1072
1743830 1072
1743840 1072
1743850 1073
1743860 1073
1743870 1074
1743880 1074
1743890 1074
1743900 1075
1743910 1076
1743920 1076
1743930 1076
1743940 1076
1743950 1076
1743960 1075
1743970 1075
1743980 1075
1743990 1076
1744000 1076
1744010 1076
1744020 1075
1744030 1075
1744040 1075
1744050 1074
1744060 1074
1744070 1074
1744080 1073
1744090 1073
1744100 1072
1744110 1071
1744120 1070
1744130 1069
1744140 1068
1744150 1067
1744160 1066
1744170 1065
1744180 1064
1744190 1062
1744200 1061
1744210 1060
1744220 1059
1744230 1057
1744240 1056
1744250 1055
1744260 1054
1744270 1052
1744280 1051
1744290 1050
1744300 1048
1744310 1047
1744320 1045
1744330 1043
1744340 1042
1744350 1040
1744360 1039
1744370 1038
1744380 1036
1744390 1034
1744400 1033
1744410 1031
1744420 1030
1744430 1028
1744440 1026
1744450 1025
1744460 1023
1744470 1022
1744480 1021
1744490 1020
1744500 1019
1744510 1018
1744520 1017
1744530 1016
1744540 1015
1744550 1014
1744560 1013
1744570 1012
1744580 1011
1744590 1011
1744600 1010
1744610 1009
1744620 1009
1744630 1008
1744640 1007
1744650 1006
1744660 1005
1744670 1004
1744680 1003
1744690 1003
1744700 1002
1744710 1001
1744720 1000
1744730 999
1744740 999
1744750 998
1744760 998
1744770 997
1744780 996
1744790 995
1744800 994
1744810 993
1744820 993
1744830 992
1744840 991
1744850 990
1744860 989
1744870 989
1744880 988
1744890 987
1744900 986
1744910 985
1744920 984
1744930 982
1744940 981
1744950 979
1744960 978
1744970 977
1744980 975
1744990 974
1745000 973
1745010 972
1745020 971
1745030 970
1745040 968
1745050 967
1745060 966
1745070 964
1745080 963
1745090 962
1745100 961
1745110 959
1745120 958
1745130 957
1745140 955
1745150 954
1745160 952
1745170 951
1745180 949
1745190 948
1745200 946
1745210 945
1745220 943
1745230 942
1745240 941
1745250 939
1745260 937
1745270 934
1745280 932
1745290 928
1745300 923
1745310 918
1745320 913
1745330 909
1745340 905
1745350 900
1745360 896
1745370 892
1745380 888
1745390 884
1745400 880
1745410 876
1745420 872
1745430 868
1745440 864
1745450 860
1745460 856
1745470 852
1745480 849
1745490 845
1745500 841
1745510 837
1745520 834
1745530 831
1745540 828
1745550 824
1745560 821
1745570 818
1745580 815
1745590 812
1745600 809
1745610 806
1745620 803
1745630 801
1745640 798
1745650 795
1745660 792
1745670 789
1745680 786
1745690 783
1745700 779
1745710 776
1745720 772
1745730 769
1745740 765
1745750 761
1745760 758
1745770 753
1745780 749
1745790 744
1745800 741
1745810 737
1745820 734
1745830 731
1745840 728
1745850 725
1745860 722
1745870 720
1745880 717
1745890 715
1745900 712
1745910 710
1745920 709
1745930 707
1745940 705
1745950 703
1745960 700
1745970 697
1745980 695
1745990 692
1746000 690
1746010 689
1746020 687
1746030 685
1746040 683
1746050 682
1746060 681
1746070 680
1746080 679
1746090 679
1746100 678
1746110 678
1746120 678
1746130 679
1746140 682
1746150 686
1746160 688
1746170 691
1746180 694
1746190 696
1746200 699
1746210 702
1746220 705
1746230 708
1746240 711
1746250 714
1746260 717
1746270 720
1746280 724
1746290 727
1746300 730
1746310 733
1746320 735
1746330 738
1746340 739
1746350 740
1746360 740
1746370 740
1746380 741
1746390 743
1746400 745
1746410 746
1746420 746
1746430 743
1746440 740
1746450 736
1746460 732
1746470 729
1746480 725
1746490 721
1746500 719
1746510 717
1746520 717
1746530 719
1746540 721
1746550 724
1746560 725
1746570 725
1746580 724
1746590 723
1746600 721
1746610 719
1746620 718
1746630 716
1746640 714
1746650 713
1746660 712
1746670 711
1746680 712
1746690 713
1746700 713
1746710 714
1746720 715
1746730 716
1746740 717
1746750 719
1746760 721
1746770 724
1746780 728
1746790 731
1746800 735
1746810 739
1746820 742
1746830 745
1746840 748
1746850 750
1746860 753
1746870 756
1746880 759
1746890 761
1746900 764
1746910 767
1746920 769
1746930 771
1746940 773
1746950 775
1746960 777
1746970 778
1746980 780
1746990 781
1747000 782
1747010 783
1747020 783
1747030 784
1747040 784
1747050 784
1747060 784
1747070 784
1747080 785
1747090 786
1747100 786
1747110 787
1747120 787
1747130 788
1747140 788
1747150 788
1747160 788
1747170 787
1747180 785
1747190 780
1747200 777
1747210 774
1747220 770
1747230 767
1747240 764
1747250 761
1747260 758
1747270 754
1747280 750
1747290 748
1747300 746
1747310 746
1747320 747
1747330 747
1747340 748
1747350 749
1747360 751
1747370 753
1747380 753
1747390 754
1747400 756
1747410 759
1747420 762
1747430 766
1747440 770
1747450 774
1747460 778
1747470 781
1747480 783
1747490 785
1747500 787
1747510 789
1747520 790
1747530 791
1747540 791
1747550 791
1747560 792
1747570 792
1747580 793
1747590 793
1747600 793
1747610 793
1747620 793
1747630 793
1747640 792
1747650 791
1747660 789
1747670 786
1747680 782
1747690 779
1747700 776
1747710 776
1747720 777
1747730 779
1747740 780
1747750 782
1747760 783
1747770 785
1747780 786
1747790 787
1747800 788
1747810 787
1747820 787
1747830 785
1747840 784
1747850 783
1747860 782
1747870 782
1747880 782
1747890 784
1747900 786
1747910 787
1747920 788
1747930 788
1747940 787
1747950 786
1747960 785
1747970 784
1747980 783
1747990 781
1748000 779
1748010 777
1748020 778
1748030 781
1748040 784
1748050 787
1748060 788
1748070 790
1748080 791
1748090 792
1748100 793
1748110 793
1748120 794
1748130 794
1748140 794
1748150 794
1748160 794
1748170 794
1748180 793
1748190 792
1748200 791
1748210 790
1748220 788
1748230 785
1748240 782
1748250 778
1748260 774
1748270 770
1748280 765
1748290 761
1748300 757
1748310 754
1748320 751
1748330 748
1748340 744
1748350 741
1748360 738
1748370 736
1748380 736
1748390 735
1748400 735
1748410 736
1748420 736
1748430 737
1748440 737
1748450 738
1748460 740
1748470 741
1748480 743
1748490 745
1748500 746
1748510 747
1748520 749
1748530 750
1748540 751
1748550 752
1748560 753
1748570 754
1748580 754
1748590 755
1748600 756
1748610 757
1748620 757
1748630 758
1748640 758
1748650 759
1748660 760
1748670 761
1748680 762
1748690 763
1748700 763
1748710 764
1748720 764
1748730 765
1748740 765
1748750 766
1748760 766
1748770 767
1748780 767
1748790 767
1748800 767
1748810 767
1748820 767
1748830 767
1748840 767
1748850 767
1748860 767
1748870 767
1748880 766
1748890 766
1748900 764
1748910 762
1748920 760
1748930 758
1748940 757
1748950 756
1748960 755
1748970 755
1748980 755
1748990 754
1749000 753
1749010 752
1749020 751
1749030 752
1749040 753
1749050 753
1749060 754
1749070 754
1749080 754
1749090 754
1749100 754
1749110 754
1749120 754
1749130 753
1749140 749
1749150 746
1749160 742
1749170 741
1749180 741
1749190 742
1749200 743
1749210 744
1749220 745
1749230 746
1749240 747
1749250 749
1749260 750
1749270 752
1749280 754
1749290 756
1749300 758
1749310 760
1749320 762
1749330 764
1749340 766
1749350 768
1749360 770
1749370 772
1749380 774
1749390 776
1749400 779
1749410 781
1749420 783
1749430 785
1749440 788
1749450 791
1749460 794
1749470 796
1749480 799
1749490 801
1749500 803
1749510 805
1749520 807
1749530 809
1749540 811
1749550 813
1749560 815
1749570 817
1749580 818
1749590 820
1749600 821
1749610 823
1749620 824
1749630 826
1749640 828
1749650 830
1749660 832
1749670 834
1749680 835
1749690 836
1749700 837
1749710 838
1749720 840
1749730 842
1749740 844
1749750 846
1749760 847
1749770 848
1749780 849
1749790 850
1749800 851
1749810 853
1749820 854
1749830 855
1749840 854
1749850 854
1749860 853
1749870 853
1749880 853
1749890 853
1749900 852
1749910 851
1749920 850
1749930 849
1749940 847
1749950 845
1749960 844
1749970 843
1749980 842
1749990 841
1750000 840
1750010 839
1750020 838
1750030 836
1750040 835
1750050 834
1750060 833
1750070 831
1750080 829
1750090 826
1750100 823
1750110 820
1750120 819
1750130 817
1750140 816
1750150 814
1750160 812
1750170 810
1750180 810
1750190 810
1750200 810
1750210 810
1750220 810
1750230 811
1750240 810
1750250 810
1750260 810
1750270 809
1750280 809
1750290 808
1750300 807
1750310 807
1750320 806
1750330 804
1750340 803
1750350 801
1750360 799
1750370 797
1750380 796
1750390 794
1750400 791
1750410 789
1750420 785
1750430 781
1750440 776
1750450 772
1750460 769
1750470 766
1750480 763
1750490 760
1750500 758
1750510 755
1750520 752
1750530 749
1750540 745
1750550 741
1750560 738
1750570 734
1750580 729
1750590 725
1750600 725
1750610 727
1750620 730
1750630 732
1750640 734
1750650 736
1750660 738
1750670 740
1750680 742
1750690 744
1750700 747
1750710 749
1750720 751
1750730 753
1750740 756
1750750 758
1750760 760
1750770 763
1750780 765
1750790 767
1750800 769
1750810 772
1750820 774
1750830 776
1750840 778
1750850 781
1750860 783
1750870 786
1750880 788
1750890 790
1750900 792
1750910 793
1750920 794
1750930 795
1750940 797
1750950 798
1750960 798
1750970 798
1750980 799
1750990 799
1751000 799
1751010 799
1751020 799
1751030 798
1751040 797
1751050 797
1751060 796
1751070 795
1751080 794
1751090 793
1751100 792
1751110 790
1751120 788
1751130 787
1751140 785
1751150 783
1751160 781
1751170 778
1751180 777
1751190 775
1751200 773
1751210 772
1751220 770
1751230 768
1751240 765
1751250 763
1751260 760
1751270 758
1751280 755
1751290 752
1751300 749
1751310 745
1751320 741
1751330 738
1751340 735
1751350 733
1751360 730
1751370 728
1751380 726
1751390 724
1751400 722
1751410 721
1751420 719
1751430 717
1751440 716
1751450 714
1751460 712
1751470 709
1751480 706
1751490 703
1751500 700
1751510 698
1751520 697
1751530 695
1751540 693
1751550 690
1751560 687
1751570 682
1751580 681
1751590 681
1751600 680
1751610 680
1751620 680
1751630 680
1751640 680
1751650 680
1751660 680
1751670 680
1751680 681
1751690 681
1751700 681
1751710 681
1751720 682
1751730 686
1751740 691
1751750 695
1751760 700
1751770 705
1751780 710
1751790 715
1751800 719
1751810 723
1751820 725
1751830 728
1751840 731
1751850 733
1751860 736
1751870 739
1751880 741
1751890 744
1751900 746
1751910 749
1751920 753
1751930 756
1751940 762
1751950 766
1751960 767
1751970 767
1751980 767
1751990 767
1752000 767
1752010 767
1752020 766
1752030 766
1752040 765
1752050 763
1752060 763
1752070 763
1752080 764
1752090 764
1752100 765
1752110 767
1752120 768
1752130 769
1752140 770
1752150 771
1752160 772
1752170 773
1752180 774
1752190 776
1752200 777
1752210 779
1752220 780
1752230 781
1752240 782
1752250 782
1752260 783
1752270 783
1752280 783
1752290 784
1752300 784
1752310 784
1752320 784
1752330 784
1752340 783
1752350 783
1752360 783
1752370 783
1752380 782
1752390 782
1752400 782
1752410 781
1752420 780
1752430 780
1752440 780
1752450 780
1752460 779
1752470 779
1752480 779
1752490 779
1752500 779
1752510 779
1752520 780
1752530 780
1752540 780
1752550 780
1752560 780
1752570 779
1752580 779
1752590 778
1752600 778
1752610 777
1752620 777
1752630 775
1752640 774
1752650 773
1752660 772
1752670 772
1752680 772
1752690 772
1752700 772
1752710 772
1752720 770
1752730 768
1752740 766
1752750 765
1752760 764
1752770 764
1752780 763
1752790 763
1752800 763
1752810 763
1752820 764
1752830 765
1752840 766
1752850 767
1752860 768
1752870 768
1752880 767
1752890 765
1752900 763
1752910 761
1752920 760
1752930 759
1752940 759
1752950 758
1752960 756
1752970 754
1752980 752
1752990 751
1753000 748
1753010 747
1753020 747
1753030 747
1753040 748
1753050 749
1753060 751
1753070 754
1753080 757
1753090 760
1753100 759
1753110 758
1753120 756
1753130 755
1753140 754
1753150 755
1753160 755
1753170 756
1753180 757
1753190 758
1753200 759
1753210 760
1753220 761
1753230 763
1753240 764
1753250 766
1753260 769
1753270 771
1753280 774
1753290 776
1753300 780
1753310 782
1753320 784
1753330 786
1753340 788
1753350 790
1753360 793
1753370 795
1753380 797
1753390 800
1753400 802
1753410 804
1753420 807
1753430 809
1753440 812
1753450 814
1753460 817
1753470 819
1753480 822
1753490 825
1753500 828
1753510 831
1753520 834
1753530 837
1753540 840
1753550 843
1753560 847
1753570 850
1753580 853
1753590 856
1753600 859
1753610 862
1753620 866
1753630 870
1753640 876
1753650 881
1753660 885
1753670 889
1753680 891
1753690 893
1753700 892
1753710 890
1753720 888
1753730 887
1753740 886
1753750 885
1753760 884
1753770 883
1753780 882
1753790 882
1753800 882
1753810 881
1753820 881
1753830 881
1753840 882
1753850 882
1753860 883
1753870 884
1753880 884
1753890 885
1753900 885
1753910 886
1753920 886
1753930 887
1753940 888
1753950 890
1753960 891
1753970 892
1753980 893
1753990 895
1754000 896
1754010 898
1754020 900
1754030 902
1754040 905
1754050 908
1754060 911
1754070 914
1754080 917
1754090 921
1754100 923
1754110 926
1754120 930
1754130 933
1754140 937
1754150 942
1754160 947
1754170 950
1754180 950
1754190 947
1754200 944
1754210 941
1754220 936
1754230 930
1754240 925
1754250 920
1754260 915
1754270 911
1754280 908
1754290 905
1754300 902
1754310 899
1754320 895
1754330 891
1754340 886
1754350 880
1754360 875
1754370 870
1754380 866
1754390 863
1754400 859
1754410 854
1754420 849
1754430 844
1754440 840
1754450 837
1754460 834
1754470 831
1754480 829
1754490 826
1754500 824
1754510 822
1754520 820
1754530 818
1754540 817
1754550 816
1754560 816
1754570 817
1754580 818
1754590 820
1754600 821
1754610 822
1754620 823
1754630 824
1754640 825
1754650 826
1754660 826
1754670 825
1754680 824
1754690 822
1754700 820
1754710 818
1754720 816
1754730 815
1754740 813
1754750 812
1754760 810
1754770 808
1754780 805
1754790 802
1754800 798
1754810 794
1754820 791
1754830 787
1754840 784
1754850 780
1754860 777
1754870 773
1754880 770
1754890 768
1754900 766
1754910 765
1754920 764
1754930 762
1754940 761
1754950 761
1754960 760
1754970 760
1754980 762
1754990 765
1755000 768
1755010 772
1755020 775
1755030 779
1755040 782
1755050 785
1755060 788
1755070 790
1755080 791
1755090 792
1755100 793
1755110 793
1755120 793
1755130 793
1755140 793
1755150 792
1755160 791
1755170 790
1755180 788
1755190 787
1755200 786
1755210 785
1755220 785
1755230 785
1755240 784
1755250 784
1755260 785
1755270 786
1755280 786
1755290 788
1755300 789
1755310 790
1755320 792
1755330 793
1755340 795
1755350 796
1755360 798
1755370 800
1755380 802
1755390 804
1755400 806
1755410 808
1755420 810
1755430 811
1755440 813
1755450 816
1755460 818
1755470 820
1755480 823
1755490 825
1755500 828
1755510 831
1755520 833
1755530 836
1755540 839
1755550 842
1755560 844
1755570 847
1755580 850
1755590 853
1755600 856
1755610 859
1755620 861
1755630 864
1755640 867
1755650 869
1755660 872
1755670 874
1755680 876
1755690 878
1755700 881
1755710 883
1755720 885
1755730 886
1755740 887
1755750 888
1755760 888
1755770 888
1755780 887
1755790 886
1755800 885
1755810 884
1755820 882
1755830 880
1755840 877
1755850 875
1755860 872
1755870 870
1755880 868
1755890 866
1755900 864
1755910 863
1755920 861
1755930 860
1755940 859
1755950 857
1755960 856
1755970 855
1755980 854
1755990 853
1756000 851
1756010 849
1756020 846
1756030 842
1756040 838
1756050 834
1756060 830
1756070 825
1756080 822
1756090 819
1756100 816
1756110 814
1756120 811
1756130 808
1756140 805
1756150 803
1756160 801
1756170 800
1756180 799
1756190 798
1756200 796
1756210 795
1756220 794
1756230 793
1756240 793
1756250 792
1756260 792
1756270 792
1756280 792
1756290 792
1756300 791
1756310 791
1756320 790
1756330 790
1756340 790
1756350 788
1756360 787
1756370 785
1756380 784
1756390 784
1756400 783
1756410 782
1756420 781
1756430 779
1756440 777
1756450 774
1756460 772
1756470 769
1756480 766
1756490 765
1756500 765
1756510 764
1756520 764
1756530 764
1756540 763
1756550 763
1756560 764
1756570 765
1756580 767
1756590 769
1756600 771
1756610 773
1756620 775
1756630 777
1756640 780
1756650 782
1756660 784
1756670 787
1756680 789
1756690 791
1756700 792
1756710 794
1756720 795
1756730 796
1756740 797
1756750 797
1756760 798
1756770 798
1756780 798
1756790 799
1756800 799
1756810 800
1756820 802
1756830 803
1756840 805
1756850 807
1756860 809
1756870 811
1756880 813
1756890 815
1756900 818
1756910 821
1756920 823
1756930 826
1756940 829
1756950 832
1756960 835
1756970 838
1756980 840
1756990 843
1757000 846
1757010 849
1757020 852
1757030 855
1757040 858
1757050 860
1757060 862
1757070 864
1757080 866
1757090 867
1757100 868
1757110 868
1757120 866
1757130 863
1757140 860
1757150 856
1757160 852
1757170 847
1757180 843
1757190 840
1757200 836
1757210 832
1757220 829
1757230 825
1757240 821
1757250 818
1757260 815
1757270 812
1757280 809
1757290 806
1757300 804
1757310 802
1757320 800
1757330 797
1757340 795
1757350 793
1757360 792
1757370 790
1757380 789
1757390 788
1757400 787
1757410 786
1757420 785
1757430 784
1757440 783
1757450 782
1757460 781
1757470 782
1757480 783
1757490 785
1757500 788
1757510 790
1757520 792
1757530 794
1757540 794
1757550 795
1757560 796
1757570 796
1757580 797
1757590 798
1757600 797
1757610 797
1757620 796
1757630 796
1757640 795
1757650 794
1757660 792
1757670 790
1757680 789
1757690 788
1757700 788
1757710 790
1757720 792
1757730 794
1757740 797
1757750 800
1757760 802
1757770 805
1757780 808
1757790 811
1757800 813
1757810 816
1757820 818
1757830 820
1757840 822
1757850 824
1757860 826
1757870 827
1757880 828
1757890 829
1757900 830
1757910 832
1757920 834
1757930 836
1757940 837
1757950 839
1757960 841
1757970 842
1757980 844
1757990 845
1758000 845
1758010 845
1758020 846
1758030 845
1758040 844
1758050 843
1758060 841
1758070 839
1758080 838
1758090 836
1758100 834
1758110 832
1758120 830
1758130 828
1758140 827
1758150 825
1758160 823
1758170 820
1758180 818
1758190 815
1758200 813
1758210 811
1758220 808
1758230 806
1758240 804
1758250 802
1758260 801
1758270 799
1758280 797
1758290 795
1758300 794
1758310 793
1758320 791
1758330 788
1758340 786
1758350 784
1758360 783
1758370 782
1758380 781
1758390 779
1758400 777
1758410 775
1758420 773
1758430 770
1758440 768
1758450 765
1758460 763
1758470 761
1758480 760
1758490 758
1758500 757
1758510 756
1758520 754
1758530 750
1758540 747
1758550 744
1758560 741
1758570 739
1758580 736
1758590 732
1758600 728
1758610 724
1758620 719
1758630 714
1758640 710
1758650 707
1758660 705
1758670 705
1758680 705
1758690 704
1758700 701
1758710 698
1758720 697
1758730 696
1758740 695
1758750 693
1758760 690
1758770 687
1758780 684
1758790 680
1758800 676
1758810 671
1758820 666
1758830 661
1758840 656
1758850 652
1758860 647
1758870 644
1758880 641
1758890 637
1758900 633
1758910 630
1758920 627
1758930 625
1758940 623
1758950 622
1758960 622
1758970 622
1758980 622
1758990 621
1759000 621
1759010 621
1759020 621
1759030 623
1759040 626
1759050 631
1759060 636
1759070 642
1759080 648
1759090 655
1759100 661
1759110 665
1759120 669
1759130 673
1759140 676
1759150 679
1759160 681
1759170 683
1759180 682
1759190 681
1759200 680
1759210 679
1759220 677
1759230 676
1759240 675
1759250 673
1759260 673
1759270 671
1759280 670
1759290 668
1759300 666
1759310 664
1759320 662
1759330 659
1759340 656
1759350 652
1759360 647
1759370 643
1759380 638
1759390 637
1759400 636
1759410 636
1759420 636
1759430 635
1759440 634
1759450 632
1759460 629
1759470 626
1759480 623
1759490 620
1759500 619
1759510 619
1759520 618
1759530 618
1759540 617
1759550 616
1759560 616
1759570 615
1759580 614
1759590 614
1759600 613
1759610 614
1759620 615
1759630 616
1759640 617
1759650 617
1759660 618
1759670 616
1759680 616
1759690 617
1759700 619
1759710 620
1759720 620
1759730 618
1759740 616
1759750 614
1759760 615
1759770 617
1759780 617
1759790 617
1759800 618
1759810 618
1759820 618
1759830 619
1759840 621
1759850 623
1759860 625
1759870 626
1759880 629
1759890 632
1759900 635
1759910 636
1759920 637
1759930 639
1759940 643
1759950 647
1759960 650
1759970 652
1759980 654
1759990 655
