1740000 569
1740010 569
1740020 568
1740030 562
1740040 557
1740050 553
1740060 553
1740070 553
1740080 553
1740090 556
1740100 561
1740110 566
1740120 568
1740130 572
1740140 577
1740150 582
1740160 586
1740170 589
1740180 593
1740190 596
1740200 599
1740210 602
1740220 605
1740230 608
1740240 610
1740250 612
1740260 614
1740270 615
1740280 614
1740290 612
1740300 608
1740310 604
1740320 602
1740330 602
1740340 604
1740350 603
1740360 600
1740370 595
1740380 593
1740390 594
1740400 597
1740410 599
1740420 601
1740430 602
1740440 601
1740450 599
1740460 594
1740470 589
1740480 584
1740490 579
1740500 575
1740510 573
1740520 574
1740530 576
1740540 578
1740550 580
1740560 583
1740570 584
1740580 585
1740590 584
1740600 583
1740610 580
1740620 577
1740630 574
1740640 571
1740650 569
1740660 567
1740670 568
1740680 567
1740690 567
1740700 566
1740710 565
1740720 563
1740730 560
1740740 560
1740750 561
1740760 563
1740770 565
1740780 567
1740790 571
1740800 574
1740810 577
1740820 580
1740830 584
1740840 587
1740850 590
1740860 589
1740870 586
1740880 582
1740890 576
1740900 571
1740910 568
1740920 565
1740930 563
1740940 562
1740950 565
1740960 568
1740970 571
1740980 575
1740990 580
1741000 584
1741010 587
1741020 591
1741030 595
1741040 598
1741050 602
1741060 605
1741070 609
1741080 612
1741090 615
1741100 617
1741110 620
1741120 623
1741130 625
1741140 627
1741150 630
1741160 632
1741170 634
1741180 636
1741190 635
1741200 631
1741210 624
1741220 619
1741230 613
1741240 608
1741250 605
1741260 603
1741270 602
1741280 603
1741290 604
1741300 605
1741310 606
1741320 607
1741330 608
1741340 608
1741350 606
1741360 603
1741370 600
1741380 597
1741390 594
1741400 591
1741410 587
1741420 583
1741430 579
1741440 576
1741450 573
1741460 570
1741470 567
1741480 564
1741490 561
1741500 560
1741510 558
1741520 557
1741530 556
1741540 554
1741550 552
1741560 550
1741570 548
1741580 547
1741590 547
1741600 548
1741610 548
1741620 548
1741630 548
1741640 548
1741650 549
1741660 549
1741670 551
1741680 554
1741690 556
1741700 560
1741710 564
1741720 567
1741730 570
1741740 574
1741750 576
1741760 578
1741770 576
1741780 573
1741790 569
1741800 567
1741810 565
1741820 566
1741830 568
1741840 571
1741850 575
1741860 578
1741870 582
1741880 585
1741890 588
1741900 592
1741910 595
1741920 598
1741930 601
1741940 603
1741950 605
1741960 606
1741970 607
1741980 608
1741990 610
1742000 612
1742010 613
1742020 613
1742030 613
1742040 611
1742050 611
1742060 612
1742070 615
1742080 617
1742090 620
1742100 622
1742110 624
1742120 627
1742130 629
1742140 632
1742150 635
1742160 638
1742170 642
1742180 645
1742190 648
1742200 651
1742210 655
1742220 658
1742230 661
1742240 664
1742250 667
1742260 669
1742270 672
1742280 674
1742290 676
1742300 678
1742310 679
1742320 680
1742330 681
1742340 683
1742350 685
1742360 687
1742370 689
1742380 691
1742390 693
1742400 695
1742410 697
1742420 699
1742430 700
1742440 701
1742450 702
1742460 703
1742470 704
1742480 705
1742490 705
1742500 706
1742510 707
1742520 709
1742530 712
1742540 716
1742550 718
1742560 722
1742570 726
1742580 730
1742590 734
1742600 738
1742610 742
1742620 745
1742630 748
1742640 751
1742650 754
1742660 757
1742670 760
1742680 762
1742690 764
1742700 767
1742710 771
1742720 775
1742730 781
1742740 785
1742750 789
1742760 792
1742770 797
1742780 801
1742790 804
1742800 808
1742810 812
1742820 815
1742830 817
1742840 819
1742850 821
1742860 823
1742870 825
1742880 828
1742890 831
1742900 835
1742910 838
1742920 842
1742930 845
1742940 848
1742950 851
1742960 853
1742970 856
1742980 859
1742990 861
1743000 864
1743010 867
1743020 869
1743030 872
1743040 875
1743050 877
1743060 880
1743070 883
1743080 886
1743090 889
1743100 892
1743110 895
1743120 899
1743130 903
1743140 907
1743150 911
1743160 916
1743170 921
1743180 926
1743190 930
1743200 935
1743210 940
1743220 944
1743230 949
1743240 954
1743250 959
1743260 963
1743270 968
1743280 973
1743290 978
1743300 983
1743310 986
1743320 991
1743330 995
1743340 1000
1743350 1004
1743360 1008
1743370 1012
1743380 1016
1743390 1019
1743400 1023
1743410 1026
1743420 1029
1743430 1032
1743440 1035
1743450 1037
1743460 1040
1743470 1042
1743480 1044
1743490 1045
1743500 1047
1743510 1048
1743520 1048
1743530 1049
1743540 1049
1743550 1048
1743560 1046
1743570 1043
1743580 1039
1743590 1035
1743600 1031
1743610 1027
1743620 1024
1743630 1021
1743640 1019
1743650 1018
1743660 1017
1743670 1016
1743680 1015
1743690 1013
1743700 1011
1743710 1008
1743720 1006
1743730 1004
1743740 1002
1743750 1001
1743760 999
1743770 998
1743780 998
1743790 997
1743800 998
1743810 998
1743820 999
1743830 1000
1743840 1001
1743850 1001
1743860 1002
1743870 1002
1743880 1002
1743890 1003
1743900 1003
1743910 1003
1743920 1003
1743930 1004
1743940 1005
1743950 1006
1743960 1007
1743970 1008
1743980 1008
1743990 1009
1744000 1010
1744010 1010
1744020 1011
1744030 1011
1744040 1011
1744050 1011
1744060 1011
1744070 1010
1744080 1010
1744090 1009
1744100 1008
1744110 1007
1744120 1005
1744130 1004
1744140 1002
1744150 1001
1744160 999
1744170 997
1744180 995
1744190 993
1744200 991
1744210 989
1744220 988
1744230 986
1744240 986
1744250 986
1744260 986
1744270 986
1744280 986
1744290 985
1744300 985
1744310 984
1744320 984
1744330 983
1744340 983
1744350 983
1744360 983
1744370 983
1744380 982
1744390 982
1744400 981
1744410 980
1744420 979
1744430 978
1744440 977
1744450 976
1744460 975
1744470 973
1744480 971
1744490 970
1744500 968
1744510 967
1744520 965
1744530 964
1744540 962
1744550 961
1744560 960
1744570 959
1744580 958
1744590 957
1744600 956
1744610 956
1744620 955
1744630 955
1744640 954
1744650 954
1744660 953
1744670 953
1744680 952
1744690 951
1744700 950
1744710 950
1744720 949
1744730 948
1744740 947
1744750 946
1744760 946
1744770 945
1744780 944
1744790 943
1744800 942
1744810 941
1744820 941
1744830 940
1744840 939
1744850 938
1744860 938
1744870 937
1744880 936
1744890 935
1744900 935
1744910 934
1744920 933
1744930 932
1744940 932
1744950 931
1744960 930
1744970 929
1744980 928
1744990 928
1745000 927
1745010 926
1745020 926
1745030 925
1745040 924
1745050 923
1745060 922
1745070 921
1745080 920
1745090 918
1745100 916
1745110 914
1745120 912
1745130 910
1745140 908
1745150 906
1745160 904
1745170 902
1745180 901
1745190 900
1745200 900
1745210 899
1745220 898
1745230 898
1745240 897
1745250 896
1745260 896
1745270 895
1745280 895
1745290 894
1745300 894
1745310 894
1745320 894
1745330 894
1745340 894
1745350 894
1745360 895
1745370 894
1745380 894
1745390 893
1745400 892
1745410 891
1745420 890
1745430 888
1745440 887
1745450 885
1745460 882
1745470 880
1745480 877
1745490 873
1745500 869
1745510 864
1745520 860
1745530 856
1745540 852
1745550 848
1745560 844
1745570 840
1745580 836
1745590 832
1745600 828
1745610 825
1745620 821
1745630 817
1745640 813
1745650 809
1745660 806
1745670 802
1745680 798
1745690 794
1745700 790
1745710 787
1745720 784
1745730 781
1745740 777
1745750 773
1745760 769
1745770 765
1745780 762
1745790 758
1745800 755
1745810 751
1745820 748
1745830 745
1745840 742
1745850 738
1745860 735
1745870 733
1745880 730
1745890 727
1745900 725
1745910 723
1745920 720
1745930 718
1745940 715
1745950 713
1745960 710
1745970 708
1745980 706
1745990 704
1746000 702
1746010 700
1746020 697
1746030 695
1746040 692
1746050 689
1746060 687
1746070 684
1746080 683
1746090 682
1746100 681
1746110 681
1746120 682
1746130 684
1746140 689
1746150 693
1746160 697
1746170 701
1746180 705
1746190 709
1746200 713
1746210 717
1746220 721
1746230 725
1746240 728
1746250 731
1746260 735
1746270 739
1746280 742
1746290 745
1746300 747
1746310 747
1746320 745
1746330 743
1746340 740
1746350 738
1746360 737
1746370 737
1746380 738
1746390 741
1746400 743
1746410 745
1746420 744
1746430 744
1746440 745
1746450 746
1746460 749
1746470 751
1746480 754
1746490 757
1746500 760
1746510 762
1746520 762
1746530 761
1746540 761
1746550 761
1746560 762
1746570 763
1746580 763
1746590 764
1746600 766
1746610 769
1746620 772
1746630 775
1746640 777
1746650 778
1746660 778
1746670 778
1746680 778
1746690 778
1746700 777
1746710 777
1746720 776
1746730 775
1746740 775
1746750 775
1746760 776
1746770 777
1746780 778
1746790 779
1746800 780
1746810 780
1746820 780
1746830 778
1746840 776
1746850 776
1746860 775
1746870 776
1746880 777
1746890 778
1746900 779
1746910 782
1746920 785
1746930 788
1746940 792
1746950 795
1746960 798
1746970 802
1746980 805
1746990 808
1747000 811
1747010 815
1747020 818
1747030 818
1747040 817
1747050 814
1747060 812
1747070 809
1747080 807
1747090 804
1747100 803
1747110 803
1747120 803
1747130 803
1747140 802
1747150 801
1747160 799
1747170 797
1747180 796
1747190 796
1747200 798
1747210 800
1747220 801
1747230 802
1747240 802
1747250 803
1747260 804
1747270 806
1747280 808
1747290 809
1747300 811
1747310 813
1747320 816
1747330 818
1747340 819
1747350 820
1747360 819
1747370 817
1747380 816
1747390 814
1747400 812
1747410 811
1747420 810
1747430 808
1747440 807
1747450 806
1747460 804
1747470 802
1747480 801
1747490 799
1747500 797
1747510 795
1747520 792
1747530 790
1747540 789
1747550 787
1747560 786
1747570 785
1747580 784
1747590 783
1747600 781
1747610 779
1747620 776
1747630 773
1747640 771
1747650 769
1747660 768
1747670 767
1747680 767
1747690 768
1747700 769
1747710 770
1747720 770
1747730 771
1747740 772
1747750 772
1747760 773
1747770 773
1747780 773
1747790 773
1747800 772
1747810 772
1747820 770
1747830 769
1747840 767
1747850 766
1747860 764
1747870 763
1747880 762
1747890 760
1747900 759
1747910 758
1747920 756
1747930 754
1747940 753
1747950 752
1747960 751
1747970 751
1747980 750
1747990 749
1748000 748
1748010 746
1748020 745
1748030 743
1748040 742
1748050 741
1748060 740
1748070 740
1748080 739
1748090 738
1748100 738
1748110 737
1748120 736
1748130 735
1748140 734
1748150 733
1748160 732
1748170 732
1748180 731
1748190 730
1748200 730
1748210 729
1748220 729
1748230 728
1748240 728
1748250 728
1748260 728
1748270 728
1748280 728
1748290 728
1748300 728
1748310 728
1748320 727
1748330 727
1748340 727
1748350 727
1748360 727
1748370 727
1748380 727
1748390 728
1748400 728
1748410 728
1748420 728
1748430 728
1748440 729
1748450 729
1748460 728
1748470 727
1748480 726
1748490 725
1748500 724
1748510 723
1748520 722
1748530 721
1748540 721
1748550 720
1748560 719
1748570 718
1748580 717
1748590 716
1748600 715
1748610 714
1748620 713
1748630 711
1748640 709
1748650 708
1748660 707
1748670 706
1748680 705
1748690 704
1748700 704
1748710 705
1748720 705
1748730 706
1748740 707
1748750 707
1748760 708
1748770 708
1748780 709
1748790 709
1748800 709
1748810 709
1748820 709
1748830 709
1748840 710
1748850 710
1748860 710
1748870 711
1748880 712
1748890 713
1748900 715
1748910 716
1748920 717
1748930 718
1748940 719
1748950 719
1748960 718
1748970 716
1748980 715
1748990 715
1749000 715
1749010 715
1749020 715
1749030 715
1749040 715
1749050 715
1749060 713
1749070 711
1749080 710
1749090 710
1749100 710
1749110 711
1749120 711
1749130 712
1749140 712
1749150 713
1749160 714
1749170 714
1749180 713
1749190 712
1749200 710
1749210 711
1749220 712
1749230 714
1749240 717
1749250 721
1749260 725
1749270 728
1749280 731
1749290 734
1749300 736
1749310 738
1749320 740
1749330 743
1749340 745
1749350 745
1749360 745
1749370 743
1749380 741
1749390 740
1749400 740
1749410 741
1749420 742
1749430 743
1749440 742
1749450 741
1749460 741
1749470 741
1749480 743
1749490 744
1749500 744
1749510 745
1749520 746
1749530 746
1749540 747
1749550 749
1749560 750
1749570 751
1749580 751
1749590 752
1749600 752
1749610 753
1749620 753
1749630 754
1749640 755
1749650 756
1749660 757
1749670 757
1749680 757
1749690 758
1749700 758
1749710 759
1749720 760
1749730 761
1749740 762
1749750 764
1749760 765
1749770 767
1749780 769
1749790 770
1749800 772
1749810 773
1749820 773
1749830 773
1749840 773
1749850 773
1749860 773
1749870 773
1749880 772
1749890 772
1749900 771
1749910 770
1749920 770
1749930 769
1749940 768
1749950 767
1749960 767
1749970 766
1749980 766
1749990 765
1750000 764
1750010 764
1750020 763
1750030 762
1750040 761
1750050 761
1750060 760
1750070 759
1750080 758
1750090 757
1750100 756
1750110 756
1750120 755
1750130 754
1750140 753
1750150 751
1750160 750
1750170 749
1750180 748
1750190 746
1750200 744
1750210 743
1750220 742
1750230 742
1750240 742
1750250 742
1750260 741
1750270 740
1750280 739
1750290 738
1750300 736
1750310 735
1750320 734
1750330 733
1750340 732
1750350 731
1750360 730
1750370 728
1750380 726
1750390 723
1750400 720
1750410 718
1750420 715
1750430 713
1750440 712
1750450 710
1750460 708
1750470 706
1750480 704
1750490 703
1750500 702
1750510 700
1750520 698
1750530 697
1750540 695
1750550 695
1750560 694
1750570 694
1750580 694
1750590 693
1750600 693
1750610 693
1750620 694
1750630 694
1750640 693
1750650 693
1750660 693
1750670 692
1750680 692
1750690 692
1750700 692
1750710 692
1750720 692
1750730 692
1750740 693
1750750 695
1750760 696
1750770 698
1750780 700
1750790 702
1750800 704
1750810 706
1750820 707
1750830 708
1750840 709
1750850 711
1750860 711
1750870 712
1750880 713
1750890 714
1750900 714
1750910 715
1750920 716
1750930 716
1750940 717
1750950 717
1750960 718
1750970 718
1750980 719
1750990 719
1751000 720
1751010 720
1751020 721
1751030 721
1751040 722
1751050 722
1751060 722
1751070 722
1751080 722
1751090 721
1751100 721
1751110 721
1751120 720
1751130 720
1751140 719
1751150 718
1751160 716
1751170 714
1751180 711
1751190 708
1751200 706
1751210 704
1751220 703
1751230 702
1751240 701
1751250 701
1751260 700
1751270 700
1751280 699
1751290 699
1751300 699
1751310 699
1751320 698
1751330 698
1751340 698
1751350 697
1751360 696
1751370 695
1751380 695
1751390 694
1751400 693
1751410 690
1751420 686
1751430 681
1751440 679
1751450 678
1751460 678
1751470 678
1751480 678
1751490 678
1751500 678
1751510 678
1751520 679
1751530 679
1751540 679
1751550 678
1751560 678
1751570 679
1751580 679
1751590 679
1751600 679
1751610 680
1751620 686
1751630 691
1751640 697
1751650 703
1751660 707
1751670 710
1751680 711
1751690 713
1751700 714
1751710 715
1751720 717
1751730 719
1751740 721
1751750 723
1751760 725
1751770 728
1751780 732
1751790 735
1751800 737
1751810 737
1751820 735
1751830 733
1751840 730
1751850 727
1751860 724
1751870 722
1751880 719
1751890 717
1751900 715
1751910 714
1751920 713
1751930 713
1751940 714
1751950 715
1751960 716
1751970 718
1751980 720
1751990 723
1752000 726
1752010 728
1752020 731
1752030 734
1752040 737
1752050 739
1752060 742
1752070 745
1752080 747
1752090 749
1752100 750
1752110 750
1752120 750
1752130 749
1752140 748
1752150 747
1752160 745
1752170 743
1752180 740
1752190 737
1752200 734
1752210 732
1752220 732
1752230 732
1752240 733
1752250 735
1752260 737
1752270 738
1752280 740
1752290 742
1752300 743
1752310 744
1752320 743
1752330 741
1752340 738
1752350 736
1752360 733
1752370 730
1752380 726
1752390 722
1752400 718
1752410 717
1752420 716
1752430 716
1752440 716
1752450 715
1752460 714
1752470 712
1752480 711
1752490 710
1752500 708
1752510 707
1752520 706
1752530 705
1752540 704
1752550 704
1752560 704
1752570 704
1752580 704
1752590 704
1752600 705
1752610 705
1752620 705
1752630 706
1752640 706
1752650 707
1752660 707
1752670 708
1752680 708
1752690 709
1752700 710
1752710 711
1752720 711
1752730 712
1752740 712
1752750 713
1752760 714
1752770 714
1752780 715
1752790 715
1752800 716
1752810 717
1752820 718
1752830 719
1752840 721
1752850 722
1752860 723
1752870 725
1752880 727
1752890 729
1752900 731
1752910 733
1752920 736
1752930 738
1752940 741
1752950 743
1752960 745
1752970 748
1752980 750
1752990 753
1753000 756
1753010 759
1753020 762
1753030 765
1753040 768
1753050 771
1753060 774
1753070 777
1753080 781
1753090 784
1753100 787
1753110 790
1753120 792
1753130 795
1753140 797
1753150 799
1753160 801
1753170 803
1753180 804
1753190 806
1753200 808
1753210 810
1753220 812
1753230 814
1753240 815
1753250 817
1753260 818
1753270 820
1753280 821
1753290 821
1753300 821
1753310 821
1753320 820
1753330 818
1753340 816
1753350 816
1753360 816
1753370 818
1753380 820
1753390 821
1753400 823
1753410 825
1753420 827
1753430 829
1753440 831
1753450 832
1753460 834
1753470 836
1753480 838
1753490 839
1753500 840
1753510 841
1753520 842
1753530 843
1753540 844
1753550 845
1753560 846
1753570 847
1753580 848
1753590 849
1753600 849
1753610 849
1753620 850
1753630 850
1753640 850
1753650 850
1753660 849
1753670 846
1753680 843
1753690 841
1753700 838
1753710 836
1753720 833
1753730 830
1753740 827
1753750 827
1753760 826
1753770 825
1753780 825
1753790 825
1753800 825
1753810 825
1753820 826
1753830 826
1753840 827
1753850 829
1753860 830
1753870 832
1753880 833
1753890 835
1753900 837
1753910 839
1753920 841
1753930 844
1753940 846
1753950 849
1753960 852
1753970 855
1753980 858
1753990 861
1754000 865
1754010 868
1754020 872
1754030 875
1754040 879
1754050 883
1754060 886
1754070 891
1754080 896
1754090 901
1754100 906
1754110 912
1754120 917
1754130 921
1754140 923
1754150 926
1754160 930
1754170 934
1754180 940
1754190 946
1754200 954
1754210 953
1754220 948
1754230 941
1754240 934
1754250 927
1754260 922
1754270 918
1754280 914
1754290 910
1754300 906
1754310 903
1754320 900
1754330 898
1754340 896
1754350 893
1754360 889
1754370 885
1754380 882
1754390 880
1754400 880
1754410 880
1754420 879
1754430 876
1754440 873
1754450 870
1754460 868
1754470 865
1754480 864
1754490 863
1754500 862
1754510 862
1754520 862
1754530 861
1754540 859
1754550 856
1754560 853
1754570 850
1754580 847
1754590 843
1754600 840
1754610 837
1754620 834
1754630 832
1754640 829
1754650 826
1754660 824
1754670 821
1754680 818
1754690 816
1754700 814
1754710 813
1754720 810
1754730 808
1754740 806
1754750 804
1754760 801
1754770 799
1754780 796
1754790 795
1754800 794
1754810 793
1754820 792
1754830 791
1754840 790
1754850 789
1754860 788
1754870 787
1754880 786
1754890 784
1754900 781
1754910 779
1754920 776
1754930 774
1754940 771
1754950 769
1754960 767
1754970 766
1754980 766
1754990 767
1755000 770
1755010 773
1755020 776
1755030 780
1755040 784
1755050 787
1755060 791
1755070 795
1755080 799
1755090 803
1755100 807
1755110 810
1755120 813
1755130 815
1755140 818
1755150 820
1755160 823
1755170 826
1755180 829
1755190 831
1755200 834
1755210 838
1755220 841
1755230 844
1755240 847
1755250 849
1755260 852
1755270 854
1755280 856
1755290 856
1755300 853
1755310 850
1755320 846
1755330 842
1755340 838
1755350 833
1755360 830
1755370 827
1755380 824
1755390 824
1755400 825
1755410 827
1755420 829
1755430 831
1755440 833
1755450 835
1755460 838
1755470 841
1755480 843
1755490 846
1755500 849
1755510 852
1755520 855
1755530 857
1755540 860
1755550 863
1755560 865
1755570 868
1755580 872
1755590 876
1755600 879
1755610 881
1755620 883
1755630 885
1755640 887
1755650 888
1755660 890
1755670 890
1755680 890
1755690 889
1755700 888
1755710 887
1755720 885
1755730 884
1755740 882
1755750 881
1755760 879
1755770 878
1755780 876
1755790 873
1755800 871
1755810 869
1755820 866
1755830 863
1755840 860
1755850 857
1755860 855
1755870 853
1755880 852
1755890 852
1755900 853
1755910 853
1755920 853
1755930 853
1755940 853
1755950 853
1755960 853
1755970 852
1755980 851
1755990 849
1756000 847
1756010 845
1756020 843
1756030 842
1756040 840
1756050 838
1756060 837
1756070 836
1756080 835
1756090 835
1756100 835
1756110 836
1756120 837
1756130 838
1756140 839
1756150 840
1756160 841
1756170 841
1756180 841
1756190 841
1756200 840
1756210 838
1756220 836
1756230 833
1756240 830
1756250 827
1756260 822
1756270 818
1756280 814
1756290 810
1756300 807
1756310 804
1756320 801
1756330 798
1756340 795
1756350 792
1756360 788
1756370 785
1756380 783
1756390 779
1756400 776
1756410 773
1756420 771
1756430 771
1756440 770
1756450 771
1756460 771
1756470 772
1756480 775
1756490 778
1756500 782
1756510 786
1756520 790
1756530 794
1756540 797
1756550 801
1756560 805
1756570 808
1756580 812
1756590 815
1756600 819
1756610 822
1756620 825
1756630 828
1756640 830
1756650 833
1756660 835
1756670 837
1756680 839
1756690 840
1756700 842
1756710 843
1756720 844
1756730 845
1756740 846
1756750 846
1756760 847
1756770 847
1756780 848
1756790 850
1756800 851
1756810 853
1756820 853
1756830 853
1756840 853
1756850 854
1756860 854
1756870 854
1756880 854
1756890 853
1756900 853
1756910 853
1756920 853
1756930 853
1756940 852
1756950 852
1756960 851
1756970 850
1756980 849
1756990 849
1757000 849
1757010 848
1757020 848
1757030 847
1757040 847
1757050 846
1757060 846
1757070 845
1757080 845
1757090 845
1757100 844
1757110 844
1757120 843
1757130 842
1757140 841
1757150 840
1757160 838
1757170 835
1757180 832
1757190 829
1757200 826
1757210 823
1757220 821
1757230 819
1757240 818
1757250 817
1757260 816
1757270 815
1757280 814
1757290 813
1757300 814
1757310 815
1757320 816
1757330 817
1757340 818
1757350 819
1757360 821
1757370 823
1757380 824
1757390 825
1757400 827
1757410 828
1757420 830
1757430 831
1757440 833
1757450 836
1757460 838
1757470 840
1757480 842
1757490 843
1757500 844
1757510 845
1757520 845
1757530 844
1757540 843
1757550 841
1757560 839
1757570 837
1757580 834
1757590 830
1757600 826
1757610 823
1757620 820
1757630 818
1757640 817
1757650 816
1757660 815
1757670 815
1757680 815
1757690 816
1757700 818
1757710 820
1757720 823
1757730 825
1757740 828
1757750 831
1757760 834
1757770 836
1757780 838
1757790 839
1757800 841
1757810 841
1757820 841
1757830 840
1757840 840
1757850 839
1757860 838
1757870 837
1757880 835
1757890 833
1757900 832
1757910 830
1757920 829
1757930 827
1757940 825
1757950 823
1757960 821
1757970 819
1757980 816
1757990 814
1758000 813
1758010 811
1758020 810
1758030 809
1758040 808
1758050 807
1758060 805
1758070 805
1758080 804
1758090 805
1758100 805
1758110 804
1758120 804
1758130 803
1758140 802
1758150 801
1758160 801
1758170 799
1758180 796
1758190 789
1758200 784
1758210 780
1758220 780
1758230 781
1758240 782
1758250 783
1758260 783
1758270 782
1758280 781
1758290 780
1758300 778
1758310 777
1758320 775
1758330 773
1758340 771
1758350 769
1758360 767
1758370 765
1758380 763
1758390 761
1758400 758
1758410 756
1758420 754
1758430 752
1758440 750
1758450 747
1758460 743
1758470 739
1758480 735
1758490 733
1758500 732
1758510 730
1758520 726
1758530 722
1758540 720
1758550 718
1758560 718
1758570 717
1758580 717
1758590 716
1758600 714
1758610 712
1758620 710
1758630 707
1758640 704
1758650 700
1758660 696
1758670 692
1758680 687
1758690 683
1758700 679
1758710 675
1758720 672
1758730 669
1758740 665
1758750 661
1758760 658
1758770 655
1758780 651
1758790 647
1758800 643
1758810 639
1758820 635
1758830 632
1758840 628
1758850 626
1758860 625
1758870 625
1758880 625
1758890 625
1758900 626
1758910 626
1758920 626
1758930 627
1758940 629
1758950 632
1758960 634
1758970 637
1758980 640
1758990 644
1759000 647
1759010 651
1759020 655
1759030 659
1759040 663
1759050 668
1759060 672
1759070 676
1759080 680
1759090 685
1759100 689
1759110 694
1759120 699
1759130 703
1759140 707
1759150 711
1759160 715
1759170 718
1759180 721
1759190 721
1759200 721
1759210 720
1759220 718
1759230 717
1759240 715
1759250 713
1759260 712
1759270 710
1759280 709
1759290 708
1759300 707
1759310 706
1759320 704
1759330 703
1759340 701
1759350 700
1759360 699
1759370 698
1759380 696
1759390 695
1759400 694
1759410 693
1759420 692
1759430 692
1759440 692
1759450 691
1759460 690
1759470 690
1759480 690
1759490 689
1759500 689
1759510 689
1759520 688
1759530 687
1759540 686
1759550 685
1759560 683
1759570 682
1759580 680
1759590 679
1759600 677
1759610 676
1759620 674
1759630 673
1759640 671
1759650 670
1759660 668
1759670 667
1759680 666
1759690 664
1759700 663
1759710 662
1759720 661
1759730 661
1759740 660
1759750 659
1759760 658
1759770 657
1759780 657
1759790 656
1759800 655
1759810 655
1759820 654
1759830 653
1759840 653
1759850 652
1759860 652
1759870 652
1759880 652
1759890 652
1759900 651
1759910 651
1759920 650
1759930 649
1759940 648
1759950 648
1759960 647
1759970 645
1759980 644
1759990 641
