1740000 647
1740010 649
1740020 652
1740030 655
1740040 659
1740050 662
1740060 665
1740070 668
1740080 671
1740090 675
1740100 678
1740110 681
1740120 684
1740130 688
1740140 692
1740150 696
1740160 700
1740170 704
1740180 708
1740190 712
1740200 716
1740210 720
1740220 724
1740230 727
1740240 731
1740250 735
1740260 739
1740270 742
1740280 745
1740290 748
1740300 751
1740310 753
1740320 755
1740330 758
1740340 760
1740350 762
1740360 765
1740370 767
1740380 768
1740390 769
1740400 769
1740410 768
1740420 768
1740430 768
1740440 768
1740450 770
1740460 770
1740470 771
1740480 770
1740490 771
1740500 771
1740510 772
1740520 772
1740530 772
1740540 773
1740550 774
1740560 775
1740570 775
1740580 775
1740590 774
1740600 773
1740610 772
1740620 772
1740630 772
1740640 771
1740650 770
1740660 770
1740670 770
1740680 770
1740690 770
1740700 771
1740710 772
1740720 773
1740730 773
1740740 774
1740750 774
1740760 774
1740770 774
1740780 773
1740790 771
1740800 770
1740810 771
1740820 774
1740830 777
1740840 780
1740850 782
1740860 785
1740870 789
1740880 791
1740890 792
1740900 794
1740910 793
1740920 793
1740930 792
1740940 790
1740950 789
1740960 788
1740970 787
1740980 785
1740990 783
1741000 784
1741010 784
1741020 783
1741030 781
1741040 778
1741050 775
1741060 772
1741070 770
1741080 768
1741090 767
1741100 767
1741110 766
1741120 764
1741130 762
1741140 759
1741150 757
1741160 754
1741170 753
1741180 751
1741190 750
1741200 748
1741210 747
1741220 746
1741230 745
1741240 743
1741250 742
1741260 740
1741270 739
1741280 737
1741290 734
1741300 732
1741310 729
1741320 727
1741330 725
1741340 723
1741350 722
1741360 720
1741370 720
1741380 720
1741390 720
1741400 720
1741410 721
1741420 722
1741430 724
1741440 725
1741450 725
1741460 726
1741470 728
1741480 729
1741490 730
1741500 732
1741510 733
1741520 734
1741530 735
1741540 735
1741550 735
1741560 734
1741570 733
1741580 732
1741590 731
1741600 729
1741610 725
1741620 722
1741630 718
1741640 715
1741650 711
1741660 708
1741670 704
1741680 701
1741690 698
1741700 694
1741710 690
1741720 686
1741730 682
1741740 678
1741750 673
1741760 669
1741770 664
1741780 660
1741790 657
1741800 653
1741810 650
1741820 649
1741830 651
1741840 655
1741850 658
1741860 661
1741870 664
1741880 667
1741890 670
1741900 674
1741910 677
1741920 680
1741930 683
1741940 686
1741950 689
1741960 692
1741970 695
1741980 698
1741990 700
1742000 701
1742010 701
1742020 701
1742030 699
1742040 697
1742050 695
1742060 693
1742070 689
1742080 686
1742090 682
1742100 679
1742110 676
1742120 673
1742130 670
1742140 667
1742150 664
1742160 660
1742170 657
1742180 654
1742190 652
1742200 650
1742210 648
1742220 644
1742230 641
1742240 637
1742250 634
1742260 631
1742270 630
1742280 631
1742290 631
1742300 632
1742310 632
1742320 632
1742330 631
1742340 631
1742350 633
1742360 636
1742370 639
1742380 642
1742390 645
1742400 649
1742410 652
1742420 656
1742430 659
1742440 662
1742450 666
1742460 669
1742470 672
1742480 675
1742490 678
1742500 680
1742510 682
1742520 684
1742530 685
1742540 686
1742550 686
1742560 686
1742570 685
1742580 685
1742590 684
1742600 683
1742610 682
1742620 681
1742630 681
1742640 680
1742650 679
1742660 679
1742670 679
1742680 679
1742690 679
1742700 679
1742710 679
1742720 679
1742730 679
1742740 679
1742750 679
1742760 679
1742770 679
1742780 678
1742790 678
1742800 678
1742810 678
1742820 678
1742830 679
1742840 678
1742850 677
1742860 678
1742870 680
1742880 682
1742890 684
1742900 687
1742910 690
1742920 694
1742930 697
1742940 701
1742950 705
1742960 709
1742970 713
1742980 717
1742990 721
1743000 725
1743010 730
1743020 733
1743030 736
1743040 738
1743050 740
1743060 741
1743070 743
1743080 744
1743090 745
1743100 747
1743110 748
1743120 749
1743130 750
1743140 751
1743150 751
1743160 749
1743170 748
1743180 748
1743190 748
1743200 750
1743210 753
1743220 756
1743230 760
1743240 763
1743250 766
1743260 769
1743270 773
1743280 776
1743290 779
1743300 782
1743310 785
1743320 788
1743330 791
1743340 794
1743350 796
1743360 799
1743370 802
1743380 804
1743390 806
1743400 808
1743410 810
1743420 812
1743430 814
1743440 816
1743450 818
1743460 821
1743470 824
1743480 827
1743490 830
1743500 833
1743510 837
1743520 840
1743530 844
1743540 847
1743550 851
1743560 854
1743570 858
1743580 862
1743590 866
1743600 870
1743610 873
1743620 877
1743630 880
1743640 883
1743650 886
1743660 889
1743670 891
1743680 894
1743690 898
1743700 901
1743710 904
1743720 906
1743730 907
1743740 905
1743750 902
1743760 900
1743770 897
1743780 894
1743790 891
1743800 888
1743810 886
1743820 884
1743830 883
1743840 881
1743850 880
1743860 879
1743870 878
1743880 877
1743890 876
1743900 875
1743910 874
1743920 872
1743930 870
1743940 867
1743950 864
1743960 860
1743970 857
1743980 854
1743990 851
1744000 848
1744010 845
1744020 842
1744030 838
1744040 834
1744050 831
1744060 828
1744070 827
1744080 826
1744090 825
1744100 823
1744110 823
1744120 822
1744130 822
1744140 823
1744150 825
1744160 827
1744170 829
1744180 830
1744190 830
1744200 830
1744210 830
1744220 830
1744230 829
1744240 828
1744250 827
1744260 825
1744270 823
1744280 821
1744290 820
1744300 818
1744310 816
1744320 815
1744330 813
1744340 811
1744350 810
1744360 809
1744370 807
1744380 806
1744390 805
1744400 804
1744410 804
1744420 803
1744430 804
1744440 803
1744450 803
1744460 803
1744470 802
1744480 802
1744490 801
1744500 800
1744510 800
1744520 799
1744530 799
1744540 798
1744550 797
1744560 796
1744570 795
1744580 794
1744590 794
1744600 792
1744610 790
1744620 787
1744630 784
1744640 781
1744650 778
1744660 774
1744670 770
1744680 767
1744690 764
1744700 762
1744710 761
1744720 759
1744730 757
1744740 755
1744750 753
1744760 751
1744770 749
1744780 746
1744790 744
1744800 741
1744810 739
1744820 736
1744830 734
1744840 732
1744850 730
1744860 728
1744870 725
1744880 723
1744890 721
1744900 720
1744910 718
1744920 716
1744930 715
1744940 713
1744950 711
1744960 709
1744970 708
1744980 706
1744990 703
1745000 701
1745010 698
1745020 697
1745030 696
1745040 696
1745050 696
1745060 695
1745070 693
1745080 689
1745090 685
1745100 680
1745110 676
1745120 671
1745130 667
1745140 665
1745150 663
1745160 662
1745170 659
1745180 656
1745190 651
1745200 646
1745210 641
1745220 636
1745230 631
1745240 625
1745250 620
1745260 619
1745270 618
1745280 619
1745290 619
1745300 620
1745310 621
1745320 622
1745330 624
1745340 626
1745350 627
1745360 629
1745370 631
1745380 633
1745390 635
1745400 638
1745410 641
1745420 643
1745430 646
1745440 649
1745450 652
1745460 655
1745470 658
1745480 661
1745490 664
1745500 667
1745510 669
1745520 672
1745530 676
1745540 679
1745550 682
1745560 685
1745570 687
1745580 689
1745590 691
1745600 693
1745610 695
1745620 696
1745630 698
1745640 700
1745650 702
1745660 705
1745670 707
1745680 710
1745690 713
1745700 716
1745710 719
1745720 722
1745730 725
1745740 729
1745750 732
1745760 735
1745770 738
1745780 741
1745790 745
1745800 749
1745810 752
1745820 756
1745830 759
1745840 763
1745850 767
1745860 770
1745870 775
1745880 780
1745890 785
1745900 790
1745910 795
1745920 799
1745930 805
1745940 810
1745950 815
1745960 820
1745970 824
1745980 829
1745990 834
1746000 838
1746010 843
1746020 848
1746030 854
1746040 859
1746050 864
1746060 867
1746070 869
1746080 873
1746090 878
1746100 882
1746110 886
1746120 889
1746130 891
1746140 891
1746150 891
1746160 892
1746170 893
1746180 896
1746190 898
1746200 900
1746210 903
1746220 905
1746230 908
1746240 910
1746250 913
1746260 916
1746270 918
1746280 920
1746290 921
1746300 922
1746310 921
1746320 919
1746330 916
1746340 912
1746350 909
1746360 906
1746370 903
1746380 899
1746390 896
1746400 893
1746410 890
1746420 887
1746430 884
1746440 881
1746450 879
1746460 877
1746470 875
1746480 874
1746490 873
1746500 872
1746510 872
1746520 871
1746530 871
1746540 872
1746550 873
1746560 874
1746570 875
1746580 877
1746590 880
1746600 883
1746610 886
1746620 890
1746630 893
1746640 896
1746650 899
1746660 902
1746670 906
1746680 909
1746690 911
1746700 912
1746710 913
1746720 914
1746730 915
1746740 914
1746750 913
1746760 911
1746770 909
1746780 910
1746790 912
1746800 914
1746810 916
1746820 915
1746830 913
1746840 908
1746850 903
1746860 899
1746870 897
1746880 895
1746890 894
1746900 894
1746910 892
1746920 889
1746930 885
1746940 882
1746950 881
1746960 881
1746970 882
1746980 882
1746990 882
1747000 883
1747010 883
1747020 884
1747030 885
1747040 885
1747050 886
1747060 886
1747070 886
1747080 887
1747090 887
1747100 888
1747110 889
1747120 891
1747130 894
1747140 896
1747150 899
1747160 902
1747170 905
1747180 907
1747190 909
1747200 910
1747210 912
1747220 914
1747230 916
1747240 920
1747250 924
1747260 928
1747270 932
1747280 934
1747290 937
1747300 940
1747310 944
1747320 949
1747330 953
1747340 958
1747350 963
1747360 964
1747370 966
1747380 968
1747390 971
1747400 974
1747410 977
1747420 980
1747430 981
1747440 982
1747450 983
1747460 985
1747470 988
1747480 991
1747490 993
1747500 996
1747510 996
1747520 997
1747530 997
1747540 998
1747550 998
1747560 998
1747570 998
1747580 999
1747590 1001
1747600 1001
1747610 1003
1747620 1005
1747630 1008
1747640 1011
1747650 1013
1747660 1015
1747670 1017
1747680 1018
1747690 1018
1747700 1018
1747710 1018
1747720 1018
1747730 1018
1747740 1018
1747750 1017
1747760 1017
1747770 1018
1747780 1018
1747790 1018
1747800 1019
1747810 1019
1747820 1020
1747830 1021
1747840 1022
1747850 1023
1747860 1024
1747870 1025
1747880 1025
1747890 1026
1747900 1027
1747910 1028
1747920 1028
1747930 1029
1747940 1030
1747950 1030
1747960 1031
1747970 1031
1747980 1031
1747990 1031
1748000 1031
1748010 1031
1748020 1031
1748030 1032
1748040 1032
1748050 1032
1748060 1032
1748070 1032
1748080 1032
1748090 1032
1748100 1032
1748110 1031
1748120 1031
1748130 1031
1748140 1031
1748150 1026
1748160 1019
1748170 1012
1748180 1007
1748190 1002
1748200 998
1748210 994
1748220 989
1748230 983
1748240 979
1748250 976
1748260 972
1748270 970
1748280 968
1748290 966
1748300 964
1748310 963
1748320 962
1748330 962
1748340 961
1748350 961
1748360 962
1748370 963
1748380 964
1748390 965
1748400 967
1748410 968
1748420 969
1748430 971
1748440 972
1748450 974
1748460 976
1748470 978
1748480 980
1748490 982
1748500 984
1748510 987
1748520 989
1748530 991
1748540 994
1748550 996
1748560 999
1748570 1001
1748580 1003
1748590 1005
1748600 1006
1748610 1007
1748620 1008
1748630 1008
1748640 1008
1748650 1008
1748660 1007
1748670 1006
1748680 1005
1748690 1003
1748700 1001
1748710 999
1748720 997
1748730 997
1748740 996
1748750 996
1748760 995
1748770 995
1748780 993
1748790 993
1748800 992
1748810 993
1748820 993
1748830 992
1748840 990
1748850 989
1748860 989
1748870 988
1748880 990
1748890 993
1748900 996
1748910 1000
1748920 1003
1748930 1005
1748940 1008
1748950 1010
1748960 1014
1748970 1018
1748980 1022
1748990 1027
1749000 1032
1749010 1037
1749020 1042
1749030 1047
1749040 1051
1749050 1056
1749060 1060
1749070 1065
1749080 1069
1749090 1073
1749100 1078
1749110 1082
1749120 1087
1749130 1091
1749140 1096
1749150 1100
1749160 1105
1749170 1109
1749180 1114
1749190 1118
1749200 1123
1749210 1128
1749220 1132
1749230 1136
1749240 1136
1749250 1135
1749260 1133
1749270 1132
1749280 1130
1749290 1128
1749300 1126
1749310 1124
1749320 1122
1749330 1120
1749340 1117
1749350 1115
1749360 1113
1749370 1111
1749380 1109
1749390 1107
1749400 1104
1749410 1102
1749420 1099
1749430 1097
1749440 1094
1749450 1092
1749460 1089
1749470 1087
1749480 1084
1749490 1082
1749500 1080
1749510 1077
1749520 1075
1749530 1073
1749540 1070
1749550 1067
1749560 1064
1749570 1062
1749580 1059
1749590 1057
1749600 1054
1749610 1052
1749620 1050
1749630 1048
1749640 1045
1749650 1043
1749660 1041
1749670 1039
1749680 1037
1749690 1035
1749700 1034
1749710 1032
1749720 1030
1749730 1029
1749740 1027
1749750 1026
1749760 1025
1749770 1024
1749780 1023
1749790 1022
1749800 1021
1749810 1020
1749820 1019
1749830 1018
1749840 1017
1749850 1017
1749860 1016
1749870 1015
1749880 1014
1749890 1013
1749900 1012
1749910 1011
1749920 1010
1749930 1010
1749940 1009
1749950 1007
1749960 1006
1749970 1005
1749980 1003
1749990 1002
1750000 1000
1750010 999
1750020 997
1750030 995
1750040 993
1750050 991
1750060 990
1750070 989
1750080 988
1750090 987
1750100 986
1750110 985
1750120 984
1750130 983
1750140 982
1750150 981
1750160 980
1750170 979
1750180 978
1750190 977
1750200 977
1750210 976
1750220 976
1750230 975
1750240 975
1750250 974
1750260 974
1750270 973
1750280 972
1750290 972
1750300 972
1750310 972
1750320 972
1750330 971
1750340 971
1750350 970
1750360 970
1750370 969
1750380 969
1750390 968
1750400 968
1750410 967
1750420 966
1750430 965
1750440 965
1750450 964
1750460 963
1750470 962
1750480 961
1750490 960
1750500 959
1750510 958
1750520 957
1750530 956
1750540 955
1750550 954
1750560 953
1750570 952
1750580 950
1750590 948
1750600 947
1750610 945
1750620 943
1750630 941
1750640 939
1750650 936
1750660 934
1750670 932
1750680 929
1750690 928
1750700 926
1750710 924
1750720 923
1750730 920
1750740 918
1750750 916
1750760 915
1750770 913
1750780 911
1750790 909
1750800 908
1750810 906
1750820 905
1750830 903
1750840 901
1750850 899
1750860 897
1750870 895
1750880 892
1750890 890
1750900 888
1750910 887
1750920 885
1750930 883
1750940 881
1750950 878
1750960 876
1750970 873
1750980 870
1750990 868
1751000 866
1751010 863
1751020 860
1751030 858
1751040 856
1751050 854
1751060 853
1751070 851
1751080 850
1751090 848
1751100 847
1751110 846
1751120 845
1751130 844
1751140 842
1751150 840
1751160 838
1751170 836
1751180 834
1751190 832
1751200 829
1751210 827
1751220 824
1751230 821
1751240 817
1751250 814
1751260 810
1751270 805
1751280 800
1751290 796
1751300 791
1751310 787
1751320 784
1751330 780
1751340 777
1751350 774
1751360 770
1751370 767
1751380 764
1751390 761
1751400 757
1751410 754
1751420 751
1751430 751
1751440 753
1751450 756
1751460 759
1751470 761
1751480 764
1751490 766
1751500 769
1751510 772
1751520 774
1751530 777
1751540 779
1751550 782
1751560 784
1751570 787
1751580 789
1751590 792
1751600 794
1751610 797
1751620 799
1751630 801
1751640 803
1751650 805
1751660 807
1751670 809
1751680 811
1751690 813
1751700 814
1751710 816
1751720 818
1751730 819
1751740 820
1751750 822
1751760 822
1751770 823
1751780 824
1751790 824
1751800 824
1751810 824
1751820 824
1751830 824
1751840 824
1751850 824
1751860 823
1751870 822
1751880 821
1751890 819
1751900 817
1751910 814
1751920 812
1751930 810
1751940 808
1751950 804
1751960 800
1751970 796
1751980 793
1751990 790
1752000 787
1752010 784
1752020 781
1752030 779
1752040 776
1752050 773
1752060 771
1752070 769
1752080 766
1752090 764
1752100 761
1752110 757
1752120 753
1752130 749
1752140 745
1752150 740
1752160 736
1752170 732
1752180 727
1752190 724
1752200 720
1752210 716
1752220 714
1752230 711
1752240 709
1752250 709
1752260 711
1752270 713
1752280 716
1752290 718
1752300 720
1752310 723
1752320 725
1752330 727
1752340 729
1752350 732
1752360 735
1752370 738
1752380 741
1752390 743
1752400 746
1752410 749
1752420 752
1752430 755
1752440 758
1752450 761
1752460 764
1752470 767
1752480 770
1752490 773
1752500 776
1752510 779
1752520 781
1752530 784
1752540 786
1752550 788
1752560 789
1752570 790
1752580 791
1752590 792
1752600 792
1752610 793
1752620 793
1752630 794
1752640 795
1752650 794
1752660 792
1752670 788
1752680 783
1752690 779
1752700 774
1752710 770
1752720 765
1752730 761
1752740 757
1752750 753
1752760 749
1752770 746
1752780 743
1752790 739
1752800 737
1752810 736
1752820 736
1752830 737
1752840 738
1752850 739
1752860 744
1752870 747
1752880 748
1752890 746
1752900 743
1752910 737
1752920 728
1752930 721
1752940 716
1752950 713
1752960 710
1752970 706
1752980 703
1752990 702
1753000 700
1753010 700
1753020 700
1753030 700
1753040 700
1753050 701
1753060 701
1753070 703
1753080 705
1753090 709
1753100 713
1753110 716
1753120 719
1753130 723
1753140 726
1753150 729
1753160 732
1753170 734
1753180 736
1753190 738
1753200 740
1753210 743
1753220 746
1753230 748
1753240 750
1753250 752
1753260 754
1753270 756
1753280 757
1753290 762
1753300 767
1753310 770
1753320 775
1753330 779
1753340 785
1753350 785
1753360 784
1753370 783
1753380 783
1753390 784
1753400 786
1753410 787
1753420 789
1753430 792
1753440 795
1753450 797
1753460 800
1753470 802
1753480 804
1753490 806
1753500 808
1753510 810
1753520 811
1753530 812
1753540 813
1753550 815
1753560 815
1753570 816
1753580 817
1753590 817
1753600 817
1753610 818
1753620 818
1753630 818
1753640 819
1753650 818
1753660 817
1753670 816
1753680 816
1753690 815
1753700 814
1753710 814
1753720 816
1753730 817
1753740 819
1753750 820
1753760 822
1753770 825
1753780 824
1753790 820
1753800 817
1753810 815
1753820 814
1753830 813
1753840 812
1753850 812
1753860 815
1753870 819
1753880 823
1753890 820
1753900 814
1753910 808
1753920 807
1753930 806
1753940 807
1753950 807
1753960 807
1753970 808
1753980 809
1753990 810
1754000 811
1754010 812
1754020 813
1754030 814
1754040 815
1754050 816
1754060 817
1754070 817
1754080 817
1754090 818
1754100 818
1754110 817
1754120 817
1754130 816
1754140 815
1754150 815
1754160 814
1754170 813
1754180 813
1754190 812
1754200 811
1754210 810
1754220 808
1754230 807
1754240 805
1754250 804
1754260 802
1754270 801
1754280 800
1754290 801
1754300 802
1754310 802
1754320 802
1754330 802
1754340 802
1754350 802
1754360 802
1754370 802
1754380 802
1754390 803
1754400 803
1754410 803
1754420 802
1754430 802
1754440 801
1754450 801
1754460 801
1754470 801
1754480 802
1754490 803
1754500 803
1754510 803
1754520 803
1754530 804
1754540 804
1754550 805
1754560 805
1754570 805
1754580 806
1754590 805
1754600 805
1754610 805
1754620 805
1754630 804
1754640 804
1754650 804
1754660 804
1754670 804
1754680 803
1754690 803
1754700 804
1754710 804
1754720 803
1754730 800
1754740 796
1754750 791
1754760 786
1754770 781
1754780 776
1754790 772
1754800 767
1754810 762
1754820 758
1754830 754
1754840 750
1754850 745
1754860 741
1754870 737
1754880 733
1754890 731
1754900 730
1754910 730
1754920 733
1754930 736
1754940 740
1754950 743
1754960 746
1754970 748
1754980 751
1754990 751
1755000 752
1755010 752
1755020 752
1755030 752
1755040 752
1755050 753
1755060 753
1755070 754
1755080 753
1755090 752
1755100 750
1755110 751
1755120 751
1755130 751
1755140 751
1755150 750
1755160 750
1755170 749
1755180 748
1755190 747
1755200 746
1755210 745
1755220 745
1755230 743
1755240 741
1755250 739
1755260 737
1755270 735
1755280 733
1755290 732
1755300 731
1755310 731
1755320 730
1755330 730
1755340 730
1755350 731
1755360 731
1755370 731
1755380 731
1755390 732
1755400 732
1755410 732
1755420 732
1755430 732
1755440 733
1755450 733
1755460 733
1755470 733
1755480 734
1755490 734
1755500 734
1755510 735
1755520 735
1755530 736
1755540 736
1755550 737
1755560 737
1755570 737
1755580 738
1755590 738
1755600 738
1755610 737
1755620 737
1755630 737
1755640 738
1755650 738
1755660 738
1755670 738
1755680 738
1755690 738
1755700 739
1755710 739
1755720 740
1755730 741
1755740 742
1755750 744
1755760 745
1755770 746
1755780 747
1755790 748
1755800 748
1755810 749
1755820 750
1755830 750
1755840 750
1755850 750
1755860 750
1755870 750
1755880 749
1755890 748
1755900 747
1755910 746
1755920 745
1755930 744
1755940 743
1755950 743
1755960 742
1755970 742
1755980 742
1755990 742
1756000 742
1756010 742
1756020 742
1756030 744
1756040 746
1756050 750
1756060 753
1756070 756
1756080 758
1756090 759
1756100 759
1756110 759
1756120 759
1756130 760
1756140 761
1756150 763
1756160 764
1756170 766
1756180 767
1756190 769
1756200 770
1756210 771
1756220 772
1756230 773
1756240 773
1756250 773
1756260 772
1756270 769
1756280 765
1756290 760
1756300 757
1756310 753
1756320 751
1756330 749
1756340 749
1756350 749
1756360 751
1756370 752
1756380 754
1756390 757
1756400 759
1756410 762
1756420 765
1756430 768
1756440 771
1756450 774
1756460 778
1756470 781
1756480 783
1756490 785
1756500 788
1756510 790
1756520 792
1756530 794
1756540 796
1756550 797
1756560 796
1756570 796
1756580 796
1756590 796
1756600 796
1756610 795
1756620 792
1756630 789
1756640 785
1756650 782
1756660 778
1756670 776
1756680 774
1756690 774
1756700 775
1756710 775
1756720 776
1756730 777
1756740 777
1756750 777
1756760 777
1756770 777
1756780 779
1756790 781
1756800 783
1756810 785
1756820 788
1756830 791
1756840 794
1756850 798
1756860 801
1756870 805
1756880 808
1756890 810
1756900 812
1756910 815
1756920 816
1756930 817
1756940 818
1756950 817
1756960 816
1756970 814
1756980 810
1756990 807
1757000 803
1757010 800
1757020 797
1757030 795
1757040 794
1757050 793
1757060 793
1757070 792
1757080 791
1757090 790
1757100 788
1757110 785
1757120 782
1757130 779
1757140 776
1757150 772
1757160 768
1757170 765
1757180 763
1757190 762
1757200 762
1757210 763
1757220 764
1757230 764
1757240 764
1757250 763
1757260 761
1757270 759
1757280 757
1757290 755
1757300 754
1757310 754
1757320 754
1757330 754
1757340 754
1757350 754
1757360 754
1757370 755
1757380 756
1757390 757
1757400 759
1757410 761
1757420 763
1757430 765
1757440 768
1757450 770
1757460 773
1757470 776
1757480 778
1757490 780
1757500 782
1757510 784
1757520 786
1757530 787
1757540 789
1757550 790
1757560 791
1757570 792
1757580 791
1757590 789
1757600 786
1757610 782
1757620 779
1757630 776
1757640 773
1757650 771
1757660 769
1757670 767
1757680 766
1757690 765
1757700 765
1757710 765
1757720 765
1757730 766
1757740 766
1757750 768
1757760 770
1757770 772
1757780 774
1757790 777
1757800 779
1757810 781
1757820 783
1757830 785
1757840 787
1757850 790
1757860 792
1757870 794
1757880 796
1757890 799
1757900 801
1757910 803
1757920 805
1757930 807
1757940 808
1757950 810
1757960 811
1757970 812
1757980 813
1757990 815
1758000 816
1758010 816
1758020 817
1758030 818
1758040 820
1758050 821
1758060 822
1758070 823
1758080 825
1758090 826
1758100 827
1758110 828
1758120 829
1758130 830
1758140 830
1758150 831
1758160 831
1758170 831
1758180 830
1758190 830
1758200 829
1758210 828
1758220 827
1758230 826
1758240 825
1758250 825
1758260 826
1758270 827
1758280 828
1758290 829
1758300 830
1758310 831
1758320 833
1758330 835
1758340 837
1758350 839
1758360 841
1758370 843
1758380 846
1758390 848
1758400 850
1758410 853
1758420 855
1758430 857
1758440 860
1758450 861
1758460 863
1758470 864
1758480 865
1758490 864
1758500 862
1758510 859
1758520 856
1758530 853
1758540 851
1758550 849
1758560 847
1758570 845
1758580 842
1758590 840
1758600 838
1758610 835
1758620 833
1758630 831
1758640 830
1758650 828
1758660 827
1758670 825
1758680 823
1758690 821
1758700 820
1758710 818
1758720 817
1758730 816
1758740 815
1758750 813
1758760 812
1758770 811
1758780 809
1758790 808
1758800 806
1758810 805
1758820 804
1758830 802
1758840 801
1758850 800
1758860 798
1758870 797
1758880 795
1758890 793
1758900 792
1758910 791
1758920 790
1758930 790
1758940 790
1758950 789
1758960 787
1758970 784
1758980 782
1758990 781
1759000 780
1759010 780
1759020 781
1759030 784
1759040 787
1759050 791
1759060 797
1759070 803
1759080 809
1759090 816
1759100 819
1759110 819
1759120 819
1759130 819
1759140 819
1759150 819
1759160 819
1759170 819
1759180 820
1759190 820
1759200 820
1759210 821
1759220 822
1759230 822
1759240 823
1759250 823
1759260 823
1759270 824
1759280 825
1759290 826
1759300 827
1759310 827
1759320 826
1759330 825
1759340 824
1759350 823
1759360 821
1759370 819
1759380 817
1759390 815
1759400 813
1759410 811
1759420 809
1759430 808
1759440 807
1759450 805
1759460 804
1759470 802
1759480 800
1759490 798
1759500 797
1759510 795
1759520 793
1759530 791
1759540 789
1759550 787
1759560 784
1759570 781
1759580 780
1759590 780
1759600 781
1759610 781
1759620 780
1759630 777
1759640 775
1759650 773
1759660 771
1759670 770
1759680 769
1759690 767
1759700 764
1759710 762
1759720 761
1759730 760
1759740 760
1759750 761
1759760 761
1759770 761
1759780 760
1759790 760
1759800 762
1759810 764
1759820 767
1759830 770
1759840 773
1759850 775
1759860 777
1759870 778
1759880 779
1759890 779
1759900 780
1759910 780
1759920 779
1759930 779
1759940 779
1759950 779
1759960 779
1759970 778
1759980 777
1759990 776
