1740000 632
1740010 633
1740020 635
1740030 636
1740040 638
1740050 639
1740060 639
1740070 636
1740080 633
1740090 631
1740100 630
1740110 629
1740120 630
1740130 630
1740140 631
1740150 632
1740160 633
1740170 634
1740180 635
1740190 634
1740200 632
1740210 629
1740220 627
1740230 625
1740240 621
1740250 618
1740260 616
1740270 615
1740280 610
1740290 605
1740300 599
1740310 590
1740320 581
1740330 573
1740340 567
1740350 561
1740360 556
1740370 552
1740380 549
1740390 547
1740400 545
1740410 545
1740420 546
1740430 549
1740440 551
1740450 555
1740460 560
1740470 563
1740480 565
1740490 564
1740500 560
1740510 555
1740520 549
1740530 546
1740540 543
1740550 542
1740560 542
1740570 544
1740580 547
1740590 548
1740600 548
1740610 547
1740620 545
1740630 544
1740640 542
1740650 539
1740660 536
1740670 533
1740680 531
1740690 530
1740700 530
1740710 530
1740720 530
1740730 529
1740740 530
1740750 531
1740760 533
1740770 535
1740780 538
1740790 541
1740800 544
1740810 548
1740820 552
1740830 556
1740840 560
1740850 564
1740860 568
1740870 572
1740880 575
1740890 580
1740900 584
1740910 587
1740920 591
1740930 594
1740940 597
1740950 599
1740960 600
1740970 601
1740980 602
1740990 603
1741000 603
1741010 602
1741020 600
1741030 598
1741040 597
1741050 596
1741060 594
1741070 592
1741080 590
1741090 588
1741100 585
1741110 581
1741120 577
1741130 571
1741140 566
1741150 562
1741160 558
1741170 556
1741180 554
1741190 553
1741200 552
1741210 552
1741220 553
1741230 553
1741240 554
1741250 555
1741260 558
1741270 560
1741280 562
1741290 564
1741300 566
1741310 568
1741320 569
1741330 568
1741340 564
1741350 560
1741360 556
1741370 551
1741380 545
1741390 539
1741400 533
1741410 528
1741420 524
1741430 521
1741440 519
1741450 517
1741460 516
1741470 514
1741480 514
1741490 514
1741500 514
1741510 514
1741520 514
1741530 515
1741540 518
1741550 522
1741560 527
1741570 532
1741580 535
1741590 538
1741600 541
1741610 543
1741620 546
1741630 548
1741640 551
1741650 554
1741660 557
1741670 559
1741680 561
1741690 563
1741700 565
1741710 567
1741720 569
1741730 571
1741740 573
1741750 576
1741760 578
1741770 580
1741780 582
1741790 584
1741800 587
1741810 589
1741820 592
1741830 595
1741840 597
1741850 600
1741860 603
1741870 605
1741880 607
1741890 609
1741900 611
1741910 613
1741920 615
1741930 617
1741940 619
1741950 621
1741960 623
1741970 625
1741980 627
1741990 628
1742000 630
1742010 632
1742020 633
1742030 634
1742040 633
1742050 632
1742060 632
1742070 633
1742080 635
1742090 637
1742100 640
1742110 642
1742120 645
1742130 648
1742140 651
1742150 655
1742160 658
1742170 661
1742180 663
1742190 666
1742200 672
1742210 677
1742220 680
1742230 682
1742240 684
1742250 687
1742260 684
1742270 680
1742280 675
1742290 670
1742300 665
1742310 660
1742320 656
1742330 651
1742340 648
1742350 644
1742360 641
1742370 637
1742380 634
1742390 632
1742400 629
1742410 626
1742420 622
1742430 618
1742440 615
1742450 614
1742460 614
1742470 617
1742480 620
1742490 624
1742500 627
1742510 630
1742520 632
1742530 635
1742540 638
1742550 640
1742560 643
1742570 646
1742580 650
1742590 654
1742600 658
1742610 661
1742620 664
1742630 667
1742640 671
1742650 674
1742660 677
1742670 679
1742680 682
1742690 685
1742700 687
1742710 690
1742720 692
1742730 694
1742740 696
1742750 697
1742760 699
1742770 700
1742780 701
1742790 702
1742800 703
1742810 703
1742820 703
1742830 703
1742840 703
1742850 703
1742860 703
1742870 703
1742880 702
1742890 702
1742900 702
1742910 701
1742920 700
1742930 698
1742940 697
1742950 695
1742960 694
1742970 693
1742980 693
1742990 692
1743000 690
1743010 689
1743020 687
1743030 686
1743040 687
1743050 690
1743060 694
1743070 698
1743080 701
1743090 705
1743100 708
1743110 712
1743120 715
1743130 718
1743140 720
1743150 722
1743160 724
1743170 724
1743180 723
1743190 722
1743200 720
1743210 718
1743220 715
1743230 712
1743240 709
1743250 706
1743260 703
1743270 700
1743280 697
1743290 693
1743300 690
1743310 689
1743320 692
1743330 695
1743340 699
1743350 703
1743360 707
1743370 711
1743380 715
1743390 719
1743400 723
1743410 727
1743420 731
1743430 734
1743440 736
1743450 737
1743460 738
1743470 738
1743480 738
1743490 737
1743500 735
1743510 734
1743520 733
1743530 734
1743540 735
1743550 735
1743560 735
1743570 736
1743580 737
1743590 740
1743600 743
1743610 746
1743620 749
1743630 752
1743640 756
1743650 759
1743660 762
1743670 764
1743680 767
1743690 769
1743700 771
1743710 771
1743720 771
1743730 770
1743740 768
1743750 766
1743760 764
1743770 762
1743780 761
1743790 759
1743800 758
1743810 757
1743820 757
1743830 757
1743840 758
1743850 759
1743860 760
1743870 762
1743880 764
1743890 766
1743900 769
1743910 772
1743920 774
1743930 777
1743940 780
1743950 783
1743960 785
1743970 787
1743980 790
1743990 793
1744000 796
1744010 798
1744020 801
1744030 803
1744040 804
1744050 803
1744060 801
1744070 798
1744080 795
1744090 792
1744100 788
1744110 786
1744120 784
1744130 782
1744140 780
1744150 778
1744160 778
1744170 778
1744180 779
1744190 780
1744200 781
1744210 782
1744220 783
1744230 784
1744240 785
1744250 787
1744260 788
1744270 790
1744280 791
1744290 792
1744300 793
1744310 794
1744320 795
1744330 795
1744340 794
1744350 792
1744360 790
1744370 786
1744380 783
1744390 780
1744400 776
1744410 772
1744420 769
1744430 766
1744440 764
1744450 761
1744460 758
1744470 757
1744480 758
1744490 758
1744500 758
1744510 759
1744520 760
1744530 760
1744540 761
1744550 761
1744560 761
1744570 763
1744580 765
1744590 768
1744600 769
1744610 770
1744620 768
1744630 765
1744640 762
1744650 757
1744660 752
1744670 748
1744680 744
1744690 740
1744700 738
1744710 737
1744720 736
1744730 736
1744740 736
1744750 736
1744760 735
1744770 733
1744780 729
1744790 726
1744800 724
1744810 724
1744820 724
1744830 725
1744840 726
1744850 728
1744860 729
1744870 731
1744880 734
1744890 737
1744900 740
1744910 743
1744920 745
1744930 748
1744940 751
1744950 755
1744960 755
1744970 753
1744980 750
1744990 747
1745000 746
1745010 746
1745020 747
1745030 747
1745040 748
1745050 750
1745060 752
1745070 754
1745080 758
1745090 763
1745100 768
1745110 773
1745120 777
1745130 779
1745140 776
1745150 772
1745160 767
1745170 762
1745180 757
1745190 753
1745200 748
1745210 743
1745220 739
1745230 735
1745240 733
1745250 731
1745260 730
1745270 728
1745280 724
1745290 719
1745300 714
1745310 709
1745320 704
1745330 699
1745340 696
1745350 694
1745360 691
1745370 688
1745380 685
1745390 682
1745400 679
1745410 676
1745420 672
1745430 668
1745440 663
1745450 657
1745460 652
1745470 647
1745480 643
1745490 639
1745500 636
1745510 632
1745520 629
1745530 625
1745540 622
1745550 619
1745560 617
1745570 615
1745580 614
1745590 613
1745600 610
1745610 607
1745620 604
1745630 601
1745640 598
1745650 596
1745660 593
1745670 590
1745680 587
1745690 584
1745700 581
1745710 578
1745720 577
1745730 576
1745740 574
1745750 573
1745760 572
1745770 570
1745780 569
1745790 567
1745800 565
1745810 562
1745820 561
1745830 560
1745840 560
1745850 560
1745860 560
1745870 559
1745880 559
1745890 559
1745900 559
1745910 560
1745920 560
1745930 560
1745940 560
1745950 560
1745960 560
1745970 560
1745980 560
1745990 560
1746000 560
1746010 560
1746020 560
1746030 560
1746040 559
1746050 559
1746060 559
1746070 559
1746080 559
1746090 559
1746100 559
1746110 560
1746120 562
1746130 565
1746140 568
1746150 572
1746160 576
1746170 579
1746180 583
1746190 586
1746200 590
1746210 592
1746220 595
1746230 597
1746240 598
1746250 600
1746260 602
1746270 603
1746280 603
1746290 602
1746300 601
1746310 601
1746320 601
1746330 604
1746340 606
1746350 609
1746360 611
1746370 613
1746380 616
1746390 618
1746400 620
1746410 622
1746420 625
1746430 628
1746440 630
1746450 633
1746460 636
1746470 639
1746480 641
1746490 644
1746500 646
1746510 648
1746520 651
1746530 653
1746540 655
1746550 657
1746560 659
1746570 661
1746580 663
1746590 665
1746600 667
1746610 669
1746620 670
1746630 670
1746640 671
1746650 672
1746660 673
1746670 672
1746680 670
1746690 668
1746700 667
1746710 667
1746720 667
1746730 669
1746740 671
1746750 672
1746760 676
1746770 680
1746780 686
1746790 689
1746800 691
1746810 692
1746820 697
1746830 702
1746840 705
1746850 705
1746860 704
1746870 703
1746880 702
1746890 701
1746900 703
1746910 706
1746920 710
1746930 715
1746940 719
1746950 723
1746960 727
1746970 731
1746980 735
1746990 739
1747000 743
1747010 747
1747020 751
1747030 755
1747040 760
1747050 765
1747060 769
1747070 774
1747080 778
1747090 782
1747100 785
1747110 788
1747120 789
1747130 787
1747140 784
1747150 780
1747160 776
1747170 770
1747180 764
1747190 759
1747200 754
1747210 752
1747220 749
1747230 745
1747240 741
1747250 738
1747260 736
1747270 737
1747280 737
1747290 738
1747300 740
1747310 741
1747320 741
1747330 735
1747340 729
1747350 724
1747360 723
1747370 723
1747380 724
1747390 726
1747400 727
1747410 728
1747420 729
1747430 729
1747440 729
1747450 730
1747460 730
1747470 731
1747480 732
1747490 732
1747500 732
1747510 732
1747520 731
1747530 730
1747540 727
1747550 725
1747560 723
1747570 720
1747580 719
1747590 718
1747600 718
1747610 719
1747620 720
1747630 720
1747640 722
1747650 724
1747660 727
1747670 729
1747680 729
1747690 730
1747700 731
1747710 731
1747720 731
1747730 730
1747740 729
1747750 728
1747760 727
1747770 725
1747780 724
1747790 723
1747800 722
1747810 720
1747820 719
1747830 717
1747840 714
1747850 710
1747860 706
1747870 701
1747880 697
1747890 693
1747900 689
1747910 685
1747920 681
1747930 677
1747940 674
1747950 672
1747960 669
1747970 666
1747980 663
1747990 660
1748000 655
1748010 651
1748020 647
1748030 643
1748040 639
1748050 635
1748060 631
1748070 627
1748080 624
1748090 621
1748100 619
1748110 619
1748120 618
1748130 615
1748140 611
1748150 606
1748160 602
1748170 597
1748180 593
1748190 590
1748200 589
1748210 589
1748220 589
1748230 589
1748240 590
1748250 590
1748260 590
1748270 591
1748280 593
1748290 596
1748300 600
1748310 603
1748320 606
1748330 609
1748340 614
1748350 618
1748360 622
1748370 626
1748380 630
1748390 633
1748400 636
1748410 640
1748420 642
1748430 645
1748440 646
1748450 648
1748460 648
1748470 650
1748480 652
1748490 656
1748500 659
1748510 661
1748520 663
1748530 665
1748540 667
1748550 668
1748560 670
1748570 672
1748580 674
1748590 675
1748600 676
1748610 677
1748620 677
1748630 678
1748640 679
1748650 679
1748660 680
1748670 682
1748680 685
1748690 687
1748700 689
1748710 691
1748720 692
1748730 696
1748740 702
1748750 707
1748760 710
1748770 712
1748780 713
1748790 713
1748800 712
1748810 711
1748820 708
1748830 706
1748840 705
1748850 703
1748860 702
1748870 701
1748880 701
1748890 701
1748900 701
1748910 701
1748920 701
1748930 701
1748940 702
1748950 704
1748960 707
1748970 711
1748980 715
1748990 718
1749000 722
1749010 725
1749020 729
1749030 732
1749040 735
1749050 739
1749060 742
1749070 745
1749080 748
1749090 751
1749100 755
1749110 759
1749120 762
1749130 766
1749140 769
1749150 772
1749160 775
1749170 778
1749180 781
1749190 784
1749200 787
1749210 791
1749220 794
1749230 798
1749240 803
1749250 807
1749260 810
1749270 812
1749280 813
1749290 813
1749300 811
1749310 807
1749320 804
1749330 800
1749340 798
1749350 797
1749360 796
1749370 795
1749380 795
1749390 795
1749400 794
1749410 794
1749420 793
1749430 793
1749440 792
1749450 791
1749460 790
1749470 789
1749480 787
1749490 785
1749500 783
1749510 782
1749520 779
1749530 775
1749540 771
1749550 766
1749560 762
1749570 759
1749580 755
1749590 751
1749600 748
1749610 746
1749620 745
1749630 746
1749640 746
1749650 747
1749660 747
1749670 746
1749680 746
1749690 746
1749700 747
1749710 747
1749720 748
1749730 749
1749740 747
1749750 745
1749760 750
1749770 757
1749780 765
1749790 769
1749800 773
1749810 776
1749820 780
1749830 784
1749840 789
1749850 794
1749860 798
1749870 802
1749880 806
1749890 810
1749900 813
1749910 817
1749920 820
1749930 824
1749940 828
1749950 832
1749960 835
1749970 839
1749980 842
1749990 846
1750000 850
1750010 853
1750020 857
1750030 860
1750040 863
1750050 865
1750060 867
1750070 865
1750080 862
1750090 858
1750100 854
1750110 850
1750120 845
1750130 841
1750140 836
1750150 831
1750160 826
1750170 822
1750180 817
1750190 812
1750200 808
1750210 804
1750220 801
1750230 797
1750240 793
1750250 789
1750260 786
1750270 782
1750280 779
1750290 776
1750300 773
1750310 770
1750320 768
1750330 765
1750340 763
1750350 761
1750360 758
1750370 756
1750380 754
1750390 753
1750400 751
1750410 750
1750420 748
1750430 748
1750440 748
1750450 748
1750460 750
1750470 751
1750480 753
1750490 755
1750500 758
1750510 760
1750520 760
1750530 758
1750540 756
1750550 754
1750560 752
1750570 749
1750580 746
1750590 743
1750600 740
1750610 736
1750620 732
1750630 727
1750640 724
1750650 721
1750660 719
1750670 717
1750680 715
1750690 714
1750700 714
1750710 710
1750720 705
1750730 701
1750740 697
1750750 693
1750760 686
1750770 679
1750780 672
1750790 664
1750800 657
1750810 651
1750820 648
1750830 652
1750840 657
1750850 662
1750860 665
1750870 667
1750880 668
1750890 668
1750900 668
1750910 667
1750920 668
1750930 669
1750940 672
1750950 674
1750960 676
1750970 678
1750980 681
1750990 684
1751000 687
1751010 690
1751020 692
1751030 694
1751040 696
1751050 698
1751060 701
1751070 704
1751080 706
1751090 709
1751100 711
1751110 714
1751120 716
1751130 719
1751140 722
1751150 725
1751160 729
1751170 732
1751180 735
1751190 739
1751200 742
1751210 745
1751220 748
1751230 752
1751240 755
1751250 758
1751260 761
1751270 765
1751280 769
1751290 773
1751300 777
1751310 781
1751320 785
1751330 790
1751340 794
1751350 798
1751360 803
1751370 808
1751380 812
1751390 816
1751400 821
1751410 824
1751420 827
1751430 829
1751440 831
1751450 832
1751460 833
1751470 834
1751480 835
1751490 835
1751500 836
1751510 838
1751520 841
1751530 844
1751540 847
1751550 850
1751560 853
1751570 856
1751580 859
1751590 863
1751600 866
1751610 870
1751620 873
1751630 877
1751640 881
1751650 884
1751660 888
1751670 892
1751680 895
1751690 898
1751700 902
1751710 905
1751720 908
1751730 911
1751740 914
1751750 918
1751760 921
1751770 924
1751780 927
1751790 931
1751800 934
1751810 937
1751820 940
1751830 941
1751840 941
1751850 941
1751860 940
1751870 939
1751880 937
1751890 935
1751900 933
1751910 931
1751920 930
1751930 929
1751940 929
1751950 930
1751960 931
1751970 933
1751980 935
1751990 937
1752000 939
1752010 941
1752020 942
1752030 943
1752040 943
1752050 943
1752060 943
1752070 944
1752080 947
1752090 951
1752100 954
1752110 958
1752120 961
1752130 959
1752140 958
1752150 959
1752160 959
1752170 960
1752180 963
1752190 966
1752200 971
1752210 977
1752220 979
1752230 980
1752240 981
1752250 978
1752260 977
1752270 978
1752280 979
1752290 980
1752300 982
1752310 983
1752320 986
1752330 988
1752340 991
1752350 993
1752360 995
1752370 995
1752380 996
1752390 996
1752400 995
1752410 992
1752420 988
1752430 986
1752440 984
1752450 982
1752460 980
1752470 978
1752480 976
1752490 976
1752500 977
1752510 979
1752520 980
1752530 982
1752540 985
1752550 989
1752560 992
1752570 996
1752580 999
1752590 1001
1752600 1003
1752610 1006
1752620 1008
1752630 1010
1752640 1011
1752650 1013
1752660 1014
1752670 1015
1752680 1017
1752690 1019
1752700 1021
1752710 1024
1752720 1028
1752730 1032
1752740 1037
1752750 1044
1752760 1052
1752770 1053
1752780 1052
1752790 1052
1752800 1053
1752810 1055
1752820 1057
1752830 1059
1752840 1062
1752850 1065
1752860 1067
1752870 1070
1752880 1072
1752890 1074
1752900 1076
1752910 1078
1752920 1080
1752930 1082
1752940 1083
1752950 1084
1752960 1085
1752970 1086
1752980 1087
1752990 1088
1753000 1089
1753010 1090
1753020 1090
1753030 1090
1753040 1087
1753050 1084
1753060 1080
1753070 1076
1753080 1071
1753090 1067
1753100 1062
1753110 1058
1753120 1055
1753130 1051
1753140 1047
1753150 1043
1753160 1040
1753170 1036
1753180 1033
1753190 1029
1753200 1026
1753210 1023
1753220 1020
1753230 1017
1753240 1015
1753250 1012
1753260 1009
1753270 1006
1753280 1003
1753290 1001
1753300 998
1753310 994
1753320 991
1753330 988
1753340 986
1753350 984
1753360 982
1753370 980
1753380 977
1753390 975
1753400 972
1753410 970
1753420 967
1753430 966
1753440 963
1753450 961
1753460 959
1753470 958
1753480 957
1753490 956
1753500 955
1753510 955
1753520 954
1753530 953
1753540 951
1753550 949
1753560 947
1753570 945
1753580 942
1753590 940
1753600 937
1753610 935
1753620 932
1753630 930
1753640 927
1753650 923
1753660 921
1753670 918
1753680 919
1753690 918
1753700 917
1753710 916
1753720 915
1753730 914
1753740 913
1753750 911
1753760 910
1753770 909
1753780 907
1753790 906
1753800 904
1753810 902
1753820 900
1753830 898
1753840 895
1753850 893
1753860 890
1753870 887
1753880 884
1753890 881
1753900 878
1753910 875
1753920 872
1753930 869
1753940 866
1753950 863
1753960 860
1753970 856
1753980 853
1753990 850
1754000 846
1754010 843
1754020 839
1754030 836
1754040 832
1754050 827
1754060 823
1754070 818
1754080 815
1754090 813
1754100 811
1754110 809
1754120 808
1754130 807
1754140 805
1754150 804
1754160 803
1754170 801
1754180 800
1754190 799
1754200 798
1754210 797
1754220 797
1754230 796
1754240 795
1754250 794
1754260 792
1754270 791
1754280 789
1754290 787
1754300 785
1754310 783
1754320 782
1754330 780
1754340 779
1754350 778
1754360 776
1754370 774
1754380 771
1754390 768
1754400 766
1754410 765
1754420 765
1754430 764
1754440 760
1754450 757
1754460 755
1754470 755
1754480 755
1754490 755
1754500 754
1754510 753
1754520 753
1754530 752
1754540 752
1754550 751
1754560 751
1754570 750
1754580 750
1754590 749
1754600 749
1754610 748
1754620 747
1754630 747
1754640 747
1754650 746
1754660 746
1754670 746
1754680 746
1754690 747
1754700 748
1754710 750
1754720 751
1754730 752
1754740 753
1754750 754
1754760 754
1754770 753
1754780 751
1754790 748
1754800 746
1754810 745
1754820 744
1754830 743
1754840 743
1754850 743
1754860 743
1754870 743
1754880 743
1754890 743
1754900 743
1754910 743
1754920 743
1754930 743
1754940 743
1754950 744
1754960 744
1754970 744
1754980 744
1754990 744
1755000 744
1755010 744
1755020 744
1755030 744
1755040 744
1755050 744
1755060 744
1755070 744
1755080 744
1755090 745
1755100 745
1755110 745
1755120 745
1755130 745
1755140 746
1755150 746
1755160 746
1755170 746
1755180 746
1755190 746
1755200 746
1755210 747
1755220 747
1755230 747
1755240 747
1755250 747
1755260 747
1755270 748
1755280 748
1755290 748
1755300 748
1755310 748
1755320 748
1755330 749
1755340 749
1755350 749
1755360 749
1755370 749
1755380 750
1755390 750
1755400 750
1755410 750
1755420 750
1755430 750
1755440 750
1755450 750
1755460 751
1755470 751
1755480 751
1755490 751
1755500 751
1755510 752
1755520 752
1755530 752
1755540 752
1755550 752
1755560 752
1755570 752
1755580 752
1755590 753
1755600 753
1755610 753
1755620 753
1755630 753
1755640 754
1755650 754
1755660 755
1755670 755
1755680 755
1755690 755
1755700 755
1755710 755
1755720 755
1755730 755
1755740 756
1755750 756
1755760 757
1755770 757
1755780 758
1755790 760
1755800 762
1755810 764
1755820 767
1755830 769
1755840 770
1755850 771
1755860 773
1755870 773
1755880 774
1755890 774
1755900 774
1755910 774
1755920 773
1755930 772
1755940 772
1755950 772
1755960 774
1755970 775
1755980 777
1755990 777
1756000 778
1756010 778
1756020 778
1756030 776
1756040 773
1756050 769
1756060 766
1756070 765
1756080 766
1756090 767
1756100 770
1756110 773
1756120 777
1756130 780
1756140 783
1756150 785
1756160 788
1756170 789
1756180 790
1756190 792
1756200 792
1756210 793
1756220 793
1756230 794
1756240 794
1756250 794
1756260 794
1756270 793
1756280 792
1756290 789
1756300 787
1756310 784
1756320 781
1756330 779
1756340 776
1756350 774
1756360 773
1756370 773
1756380 772
1756390 772
1756400 771
1756410 770
1756420 768
1756430 768
1756440 767
1756450 767
1756460 767
1756470 767
1756480 768
1756490 768
1756500 769
1756510 769
1756520 769
1756530 769
1756540 770
1756550 770
1756560 771
1756570 772
1756580 772
1756590 773
1756600 773
1756610 774
1756620 774
1756630 774
1756640 774
1756650 774
1756660 774
1756670 774
1756680 774
1756690 774
1756700 774
1756710 774
1756720 774
1756730 774
1756740 774
1756750 775
1756760 775
1756770 776
1756780 776
1756790 776
1756800 777
1756810 777
1756820 778
1756830 780
1756840 782
1756850 784
1756860 786
1756870 789
1756880 791
1756890 793
1756900 794
1756910 796
1756920 798
1756930 800
1756940 801
1756950 803
1756960 805
1756970 807
1756980 809
1756990 810
1757000 812
1757010 813
1757020 815
1757030 817
1757040 819
1757050 821
1757060 823
1757070 824
1757080 826
1757090 828
1757100 830
1757110 831
1757120 833
1757130 835
1757140 836
1757150 838
1757160 840
1757170 841
1757180 843
1757190 844
1757200 846
1757210 847
1757220 848
1757230 850
1757240 851
1757250 852
1757260 854
1757270 855
1757280 855
1757290 856
1757300 857
1757310 858
1757320 859
1757330 860
1757340 861
1757350 863
1757360 864
1757370 865
1757380 866
1757390 868
1757400 869
1757410 871
1757420 872
1757430 874
1757440 875
1757450 876
1757460 877
1757470 879
1757480 880
1757490 880
1757500 881
1757510 882
1757520 884
1757530 885
1757540 887
1757550 888
1757560 889
1757570 889
1757580 889
1757590 890
1757600 890
1757610 889
1757620 889
1757630 887
1757640 886
1757650 884
1757660 882
1757670 879
1757680 877
1757690 876
1757700 876
1757710 878
1757720 881
1757730 883
1757740 886
1757750 888
1757760 890
1757770 892
1757780 895
1757790 897
1757800 899
1757810 901
1757820 903
1757830 906
1757840 909
1757850 910
1757860 911
1757870 912
1757880 913
1757890 913
1757900 913
1757910 913
1757920 914
1757930 917
1757940 920
1757950 923
1757960 926
1757970 929
1757980 931
1757990 933
1758000 935
1758010 937
1758020 940
1758030 943
1758040 947
1758050 957
1758060 965
1758070 971
1758080 973
1758090 971
1758100 969
1758110 965
1758120 963
1758130 962
1758140 964
1758150 965
1758160 967
1758170 968
1758180 969
1758190 970
1758200 970
1758210 970
1758220 969
1758230 969
1758240 968
1758250 967
1758260 967
1758270 966
1758280 966
1758290 965
1758300 965
1758310 964
1758320 963
1758330 963
1758340 962
1758350 960
1758360 958
1758370 955
1758380 952
1758390 948
1758400 944
1758410 940
1758420 937
1758430 934
1758440 931
1758450 931
1758460 930
1758470 930
1758480 929
1758490 928
1758500 928
1758510 927
1758520 926
1758530 925
1758540 918
1758550 912
1758560 908
1758570 905
1758580 903
1758590 901
1758600 900
1758610 898
1758620 896
1758630 894
1758640 893
1758650 892
1758660 892
1758670 893
1758680 894
1758690 895
1758700 896
1758710 897
1758720 898
1758730 898
1758740 899
1758750 899
1758760 899
1758770 900
1758780 901
1758790 903
1758800 906
1758810 908
1758820 909
1758830 909
1758840 909
1758850 908
1758860 908
1758870 908
1758880 907
1758890 907
1758900 907
1758910 907
1758920 907
1758930 908
1758940 908
1758950 909
1758960 910
1758970 911
1758980 912
1758990 913
1759000 914
1759010 915
1759020 916
1759030 917
1759040 918
1759050 919
1759060 920
1759070 921
1759080 921
1759090 922
1759100 922
1759110 923
1759120 923
1759130 923
1759140 922
1759150 922
1759160 922
1759170 922
1759180 923
1759190 923
1759200 923
1759210 924
1759220 925
1759230 926
1759240 928
1759250 930
1759260 932
1759270 935
1759280 937
1759290 939
1759300 941
1759310 943
1759320 945
1759330 947
1759340 949
1759350 951
1759360 953
1759370 955
1759380 957
1759390 959
1759400 960
1759410 962
1759420 963
1759430 964
1759440 966
1759450 967
1759460 969
1759470 970
1759480 972
1759490 973
1759500 974
1759510 975
1759520 976
1759530 978
1759540 979
1759550 980
1759560 981
1759570 982
1759580 983
1759590 984
1759600 985
1759610 986
1759620 986
1759630 987
1759640 987
1759650 987
1759660 986
1759670 985
1759680 982
1759690 980
1759700 978
1759710 976
1759720 975
1759730 976
1759740 979
1759750 983
1759760 988
1759770 992
1759780 997
1759790 1002
1759800 1006
1759810 1010
1759820 1013
1759830 1016
1759840 1020
1759850 1023
1759860 1028
1759870 1036
1759880 1044
1759890 1050
1759900 1053
1759910 1055
1759920 1057
1759930 1058
1759940 1057
1759950 1055
1759960 1053
1759970 1051
1759980 1050
1759990 1050
