1740000 738
1740010 741
1740020 743
1740030 746
1740040 750
1740050 753
1740060 757
1740070 761
1740080 765
1740090 769
1740100 773
1740110 777
1740120 781
1740130 785
1740140 788
1740150 792
1740160 795
1740170 798
1740180 800
1740190 802
1740200 803
1740210 805
1740220 806
1740230 808
1740240 811
1740250 813
1740260 814
1740270 815
1740280 815
1740290 815
1740300 815
1740310 814
1740320 813
1740330 813
1740340 812
1740350 811
1740360 811
1740370 810
1740380 809
1740390 808
1740400 806
1740410 805
1740420 804
1740430 803
1740440 802
1740450 800
1740460 798
1740470 797
1740480 795
1740490 794
1740500 793
1740510 793
1740520 792
1740530 792
1740540 791
1740550 789
1740560 788
1740570 788
1740580 788
1740590 789
1740600 790
1740610 791
1740620 791
1740630 792
1740640 793
1740650 794
1740660 796
1740670 798
1740680 798
1740690 799
1740700 800
1740710 800
1740720 801
1740730 801
1740740 801
1740750 800
1740760 799
1740770 799
1740780 798
1740790 798
1740800 798
1740810 798
1740820 798
1740830 798
1740840 798
1740850 798
1740860 799
1740870 800
1740880 800
1740890 802
1740900 803
1740910 803
1740920 805
1740930 806
1740940 806
1740950 806
1740960 806
1740970 806
1740980 806
1740990 806
1741000 805
1741010 804
1741020 803
1741030 802
1741040 802
1741050 802
1741060 801
1741070 800
1741080 797
1741090 794
1741100 789
1741110 785
1741120 781
1741130 779
1741140 777
1741150 776
1741160 774
1741170 772
1741180 769
1741190 765
1741200 761
1741210 757
1741220 753
1741230 753
1741240 754
1741250 755
1741260 754
1741270 753
1741280 750
1741290 746
1741300 742
1741310 736
1741320 731
1741330 725
1741340 722
1741350 724
1741360 727
1741370 725
1741380 722
1741390 717
1741400 712
1741410 708
1741420 705
1741430 704
1741440 705
1741450 707
1741460 710
1741470 713
1741480 716
1741490 720
1741500 723
1741510 727
1741520 731
1741530 735
1741540 739
1741550 743
1741560 746
1741570 747
1741580 747
1741590 745
1741600 744
1741610 745
1741620 747
1741630 749
1741640 752
1741650 752
1741660 752
1741670 749
1741680 747
1741690 745
1741700 741
1741710 737
1741720 733
1741730 730
1741740 725
1741750 721
1741760 718
1741770 709
1741780 699
1741790 687
1741800 680
1741810 675
1741820 672
1741830 670
1741840 670
1741850 672
1741860 676
1741870 678
1741880 679
1741890 677
1741900 676
1741910 674
1741920 674
1741930 677
1741940 680
1741950 685
1741960 685
1741970 682
1741980 679
1741990 675
1742000 670
1742010 665
1742020 662
1742030 660
1742040 659
1742050 659
1742060 659
1742070 660
1742080 661
1742090 663
1742100 666
1742110 669
1742120 671
1742130 673
1742140 670
1742150 664
1742160 659
1742170 654
1742180 651
1742190 648
1742200 647
1742210 646
1742220 648
1742230 650
1742240 652
1742250 654
1742260 654
1742270 654
1742280 652
1742290 649
1742300 645
1742310 641
1742320 635
1742330 629
1742340 622
1742350 616
1742360 611
1742370 607
1742380 604
1742390 602
1742400 602
1742410 601
1742420 599
1742430 597
1742440 597
1742450 597
1742460 598
1742470 598
1742480 599
1742490 599
1742500 599
1742510 600
1742520 600
1742530 601
1742540 602
1742550 602
1742560 602
1742570 601
1742580 601
1742590 598
1742600 595
1742610 592
1742620 593
1742630 595
1742640 597
1742650 599
1742660 600
1742670 601
1742680 601
1742690 599
1742700 597
1742710 594
1742720 591
1742730 587
1742740 584
1742750 581
1742760 578
1742770 577
1742780 575
1742790 573
1742800 572
1742810 571
1742820 570
1742830 569
1742840 569
1742850 569
1742860 568
1742870 568
1742880 567
1742890 568
1742900 570
1742910 571
1742920 573
1742930 576
1742940 578
1742950 581
1742960 583
1742970 586
1742980 590
1742990 593
1743000 596
1743010 598
1743020 601
1743030 603
1743040 605
1743050 608
1743060 610
1743070 613
1743080 615
1743090 617
1743100 619
1743110 621
1743120 623
1743130 624
1743140 626
1743150 627
1743160 627
1743170 627
1743180 629
1743190 631
1743200 634
1743210 637
1743220 641
1743230 645
1743240 648
1743250 651
1743260 654
1743270 656
1743280 659
1743290 662
1743300 664
1743310 664
1743320 662
1743330 660
1743340 658
1743350 658
1743360 659
1743370 662
1743380 665
1743390 667
1743400 669
1743410 672
1743420 674
1743430 676
1743440 678
1743450 680
1743460 682
1743470 683
1743480 684
1743490 684
1743500 680
1743510 677
1743520 675
1743530 674
1743540 675
1743550 676
1743560 677
1743570 678
1743580 680
1743590 682
1743600 685
1743610 688
1743620 690
1743630 691
1743640 692
1743650 693
1743660 694
1743670 694
1743680 691
1743690 689
1743700 688
1743710 690
1743720 692
1743730 695
1743740 696
1743750 698
1743760 699
1743770 701
1743780 704
1743790 707
1743800 710
1743810 714
1743820 717
1743830 720
1743840 724
1743850 727
1743860 730
1743870 733
1743880 737
1743890 740
1743900 744
1743910 747
1743920 750
1743930 754
1743940 758
1743950 762
1743960 766
1743970 770
1743980 774
1743990 778
1744000 782
1744010 786
1744020 790
1744030 795
1744040 800
1744050 806
1744060 812
1744070 817
1744080 820
1744090 824
1744100 827
1744110 829
1744120 831
1744130 833
1744140 834
1744150 833
1744160 830
1744170 826
1744180 822
1744190 818
1744200 814
1744210 810
1744220 806
1744230 802
1744240 799
1744250 798
1744260 799
1744270 800
1744280 801
1744290 797
1744300 792
1744310 788
1744320 784
1744330 780
1744340 776
1744350 770
1744360 765
1744370 761
1744380 757
1744390 753
1744400 750
1744410 747
1744420 745
1744430 744
1744440 745
1744450 745
1744460 744
1744470 743
1744480 741
1744490 739
1744500 737
1744510 736
1744520 735
1744530 735
1744540 734
1744550 735
1744560 737
1744570 741
1744580 745
1744590 749
1744600 753
1744610 757
1744620 761
1744630 766
1744640 770
1744650 774
1744660 775
1744670 774
1744680 771
1744690 767
1744700 762
1744710 757
1744720 752
1744730 746
1744740 741
1744750 737
1744760 733
1744770 730
1744780 728
1744790 727
1744800 727
1744810 726
1744820 723
1744830 720
1744840 719
1744850 719
1744860 719
1744870 717
1744880 716
1744890 714
1744900 714
1744910 714
1744920 714
1744930 715
1744940 715
1744950 716
1744960 716
1744970 716
1744980 717
1744990 717
1745000 715
1745010 712
1745020 711
1745030 711
1745040 712
1745050 713
1745060 715
1745070 715
1745080 715
1745090 715
1745100 714
1745110 708
1745120 702
1745130 697
1745140 694
1745150 690
1745160 686
1745170 682
1745180 678
1745190 674
1745200 671
1745210 668
1745220 665
1745230 661
1745240 657
1745250 653
1745260 648
1745270 643
1745280 639
1745290 635
1745300 631
1745310 628
1745320 626
1745330 623
1745340 621
1745350 618
1745360 615
1745370 613
1745380 611
1745390 610
1745400 609
1745410 608
1745420 609
1745430 609
1745440 610
1745450 610
1745460 608
1745470 606
1745480 604
1745490 603
1745500 602
1745510 602
1745520 603
1745530 606
1745540 609
1745550 612
1745560 614
1745570 616
1745580 617
1745590 617
1745600 616
1745610 614
1745620 612
1745630 611
1745640 610
1745650 609
1745660 609
1745670 609
1745680 608
1745690 608
1745700 606
1745710 604
1745720 601
1745730 599
1745740 597
1745750 596
1745760 595
1745770 593
1745780 593
1745790 593
1745800 594
1745810 597
1745820 600
1745830 605
1745840 608
1745850 612
1745860 616
1745870 620
1745880 624
1745890 628
1745900 631
1745910 635
1745920 638
1745930 640
1745940 640
1745950 638
1745960 633
1745970 628
1745980 624
1745990 622
1746000 620
1746010 618
1746020 617
1746030 616
1746040 616
1746050 616
1746060 616
1746070 616
1746080 615
1746090 613
1746100 610
1746110 605
1746120 601
1746130 598
1746140 596
1746150 596
1746160 597
1746170 598
1746180 598
1746190 598
1746200 598
1746210 598
1746220 598
1746230 600
1746240 601
1746250 602
1746260 601
1746270 600
1746280 599
1746290 596
1746300 593
1746310 590
1746320 586
1746330 582
1746340 579
1746350 576
1746360 573
1746370 572
1746380 570
1746390 569
1746400 567
1746410 566
1746420 565
1746430 564
1746440 563
1746450 562
1746460 561
1746470 559
1746480 558
1746490 557
1746500 556
1746510 555
1746520 554
1746530 553
1746540 552
1746550 551
1746560 550
1746570 549
1746580 548
1746590 547
1746600 546
1746610 546
1746620 545
1746630 545
1746640 545
1746650 545
1746660 545
1746670 545
1746680 545
1746690 545
1746700 545
1746710 545
1746720 545
1746730 545
1746740 545
1746750 545
1746760 545
1746770 544
1746780 544
1746790 544
1746800 544
1746810 543
1746820 543
1746830 543
1746840 543
1746850 543
1746860 543
1746870 543
1746880 543
1746890 543
1746900 543
1746910 543
1746920 543
1746930 542
1746940 542
1746950 542
1746960 542
1746970 542
1746980 542
1746990 542
1747000 543
1747010 545
1747020 548
1747030 553
1747040 560
1747050 565
1747060 570
1747070 574
1747080 578
1747090 581
1747100 583
1747110 586
1747120 589
1747130 592
1747140 596
1747150 600
1747160 605
1747170 609
1747180 615
1747190 620
1747200 624
1747210 629
1747220 634
1747230 638
1747240 640
1747250 641
1747260 640
1747270 641
1747280 642
1747290 644
1747300 645
1747310 646
1747320 649
1747330 652
1747340 656
1747350 661
1747360 665
1747370 669
1747380 673
1747390 677
1747400 680
1747410 683
1747420 687
1747430 691
1747440 694
1747450 697
1747460 700
1747470 704
1747480 706
1747490 707
1747500 706
1747510 701
1747520 696
1747530 690
1747540 685
1747550 679
1747560 673
1747570 668
1747580 663
1747590 659
1747600 653
1747610 647
1747620 642
1747630 638
1747640 636
1747650 635
1747660 636
1747670 637
1747680 637
1747690 636
1747700 634
1747710 631
1747720 626
1747730 623
1747740 622
1747750 624
1747760 624
1747770 624
1747780 625
1747790 627
1747800 628
1747810 623
1747820 621
1747830 622
1747840 620
1747850 619
1747860 620
1747870 623
1747880 622
1747890 618
1747900 614
1747910 610
1747920 605
1747930 600
1747940 597
1747950 595
1747960 592
1747970 588
1747980 581
1747990 571
1748000 561
1748010 555
1748020 558
1748030 560
1748040 562
1748050 565
1748060 568
1748070 571
1748080 575
1748090 580
1748100 584
1748110 587
1748120 591
1748130 594
1748140 597
1748150 598
1748160 599
1748170 599
1748180 599
1748190 599
1748200 599
1748210 598
1748220 597
1748230 596
1748240 597
1748250 599
1748260 601
1748270 604
1748280 608
1748290 611
1748300 615
1748310 619
1748320 624
1748330 627
1748340 630
1748350 633
1748360 635
1748370 636
1748380 638
1748390 640
1748400 641
1748410 643
1748420 646
1748430 648
1748440 651
1748450 654
1748460 658
1748470 661
1748480 664
1748490 668
1748500 672
1748510 675
1748520 679
1748530 683
1748540 687
1748550 691
1748560 695
1748570 700
1748580 705
1748590 709
1748600 713
1748610 717
1748620 720
1748630 724
1748640 727
1748650 732
1748660 738
1748670 744
1748680 749
1748690 749
1748700 746
1748710 742
1748720 738
1748730 732
1748740 725
1748750 719
1748760 714
1748770 709
1748780 706
1748790 704
1748800 701
1748810 696
1748820 694
1748830 693
1748840 693
1748850 690
1748860 685
1748870 680
1748880 676
1748890 674
1748900 675
1748910 678
1748920 681
1748930 683
1748940 682
1748950 679
1748960 675
1748970 673
1748980 673
1748990 675
1749000 675
1749010 676
1749020 676
1749030 678
1749040 678
1749050 678
1749060 678
1749070 676
1749080 671
1749090 666
1749100 660
1749110 655
1749120 651
1749130 646
1749140 642
1749150 639
1749160 635
1749170 632
1749180 629
1749190 626
1749200 623
1749210 620
1749220 617
1749230 614
1749240 610
1749250 607
1749260 604
1749270 604
1749280 606
1749290 608
1749300 610
1749310 612
1749320 614
1749330 616
1749340 618
1749350 620
1749360 622
1749370 623
1749380 625
1749390 627
1749400 629
1749410 631
1749420 633
1749430 635
1749440 637
1749450 640
1749460 642
1749470 644
1749480 646
1749490 648
1749500 651
1749510 653
1749520 656
1749530 658
1749540 661
1749550 664
1749560 668
1749570 672
1749580 675
1749590 678
1749600 680
1749610 683
1749620 685
1749630 687
1749640 690
1749650 693
1749660 696
1749670 699
1749680 703
1749690 706
1749700 709
1749710 713
1749720 717
1749730 720
1749740 724
1749750 728
1749760 731
1749770 735
1749780 739
1749790 742
1749800 746
1749810 749
1749820 753
1749830 757
1749840 760
1749850 764
1749860 767
1749870 771
1749880 774
1749890 777
1749900 781
1749910 784
1749920 787
1749930 790
1749940 792
1749950 794
1749960 795
1749970 792
1749980 788
1749990 785
1750000 780
1750010 776
1750020 772
1750030 768
1750040 765
1750050 761
1750060 759
1750070 756
1750080 754
1750090 752
1750100 750
1750110 748
1750120 746
1750130 744
1750140 741
1750150 736
1750160 732
1750170 727
1750180 723
1750190 719
1750200 716
1750210 712
1750220 708
1750230 703
1750240 699
1750250 696
1750260 693
1750270 689
1750280 684
1750290 679
1750300 674
1750310 670
1750320 665
1750330 662
1750340 659
1750350 656
1750360 654
1750370 653
1750380 653
1750390 652
1750400 651
1750410 650
1750420 649
1750430 649
1750440 648
1750450 646
1750460 645
1750470 643
1750480 641
1750490 639
1750500 637
1750510 638
1750520 637
1750530 636
1750540 636
1750550 633
1750560 628
1750570 624
1750580 620
1750590 616
1750600 612
1750610 608
1750620 603
1750630 598
1750640 595
1750650 594
1750660 595
1750670 598
1750680 602
1750690 606
1750700 608
1750710 611
1750720 613
1750730 615
1750740 618
1750750 621
1750760 624
1750770 627
1750780 632
1750790 633
1750800 635
1750810 638
1750820 641
1750830 643
1750840 644
1750850 646
1750860 648
1750870 651
1750880 655
1750890 659
1750900 663
1750910 665
1750920 667
1750930 670
1750940 672
1750950 675
1750960 677
1750970 680
1750980 683
1750990 686
1751000 689
1751010 693
1751020 696
1751030 699
1751040 702
1751050 704
1751060 707
1751070 709
1751080 712
1751090 715
1751100 717
1751110 719
1751120 721
1751130 722
1751140 722
1751150 719
1751160 715
1751170 711
1751180 706
1751190 701
1751200 696
1751210 692
1751220 687
1751230 683
1751240 680
1751250 677
1751260 673
1751270 670
1751280 666
1751290 663
1751300 660
1751310 658
1751320 656
1751330 654
1751340 653
1751350 653
1751360 653
1751370 655
1751380 657
1751390 659
1751400 661
1751410 663
1751420 663
1751430 663
1751440 663
1751450 662
1751460 659
1751470 655
1751480 650
1751490 646
1751500 642
1751510 639
1751520 635
1751530 632
1751540 630
1751550 630
1751560 631
1751570 634
1751580 637
1751590 640
1751600 643
1751610 647
1751620 650
1751630 654
1751640 657
1751650 660
1751660 663
1751670 666
1751680 669
1751690 672
1751700 675
1751710 678
1751720 682
1751730 685
1751740 689
1751750 692
1751760 695
1751770 698
1751780 700
1751790 704
1751800 709
1751810 714
1751820 719
1751830 723
1751840 728
1751850 733
1751860 737
1751870 741
1751880 745
1751890 749
1751900 753
1751910 756
1751920 760
1751930 764
1751940 768
1751950 772
1751960 776
1751970 780
1751980 783
1751990 787
1752000 790
1752010 792
1752020 793
1752030 794
1752040 796
1752050 797
1752060 798
1752070 799
1752080 800
1752090 799
1752100 799
1752110 799
1752120 799
1752130 800
1752140 801
1752150 802
1752160 804
1752170 806
1752180 808
1752190 809
1752200 810
1752210 811
1752220 812
1752230 813
1752240 814
1752250 814
1752260 815
1752270 816
1752280 817
1752290 819
1752300 820
1752310 821
1752320 822
1752330 822
1752340 822
1752350 823
1752360 824
1752370 825
1752380 827
1752390 829
1752400 832
1752410 834
1752420 837
1752430 840
1752440 843
1752450 846
1752460 849
1752470 852
1752480 854
1752490 858
1752500 861
1752510 864
1752520 866
1752530 869
1752540 873
1752550 877
1752560 881
1752570 885
1752580 890
1752590 894
1752600 899
1752610 904
1752620 910
1752630 917
1752640 922
1752650 926
1752660 931
1752670 935
1752680 938
1752690 942
1752700 946
1752710 949
1752720 953
1752730 956
1752740 960
1752750 963
1752760 967
1752770 970
1752780 974
1752790 977
1752800 980
1752810 984
1752820 987
1752830 990
1752840 992
1752850 995
1752860 996
1752870 996
1752880 996
1752890 996
1752900 995
1752910 995
1752920 996
1752930 996
1752940 998
1752950 999
1752960 1001
1752970 1003
1752980 1006
1752990 1008
1753000 1011
1753010 1013
1753020 1016
1753030 1019
1753040 1021
1753050 1023
1753060 1024
1753070 1025
1753080 1025
1753090 1024
1753100 1022
1753110 1021
1753120 1021
1753130 1022
1753140 1023
1753150 1025
1753160 1027
1753170 1029
1753180 1031
1753190 1034
1753200 1037
1753210 1039
1753220 1042
1753230 1044
1753240 1047
1753250 1049
1753260 1051
1753270 1053
1753280 1054
1753290 1054
1753300 1055
1753310 1055
1753320 1055
1753330 1054
1753340 1054
1753350 1053
1753360 1053
1753370 1052
1753380 1052
1753390 1052
1753400 1052
1753410 1052
1753420 1053
1753430 1054
1753440 1055
1753450 1057
1753460 1058
1753470 1061
1753480 1063
1753490 1065
1753500 1068
1753510 1071
1753520 1073
1753530 1075
1753540 1077
1753550 1079
1753560 1080
1753570 1081
1753580 1081
1753590 1080
1753600 1080
1753610 1079
1753620 1078
1753630 1077
1753640 1076
1753650 1075
1753660 1073
1753670 1072
1753680 1070
1753690 1068
1753700 1065
1753710 1061
1753720 1058
1753730 1054
1753740 1051
1753750 1048
1753760 1046
1753770 1044
1753780 1041
1753790 1039
1753800 1036
1753810 1032
1753820 1028
1753830 1024
1753840 1020
1753850 1017
1753860 1015
1753870 1012
1753880 1008
1753890 1005
1753900 1002
1753910 999
1753920 995
1753930 992
1753940 989
1753950 984
1753960 980
1753970 975
1753980 971
1753990 967
1754000 962
1754010 956
1754020 951
1754030 946
1754040 941
1754050 936
1754060 930
1754070 925
1754080 920
1754090 916
1754100 911
1754110 907
1754120 903
1754130 899
1754140 896
1754150 892
1754160 889
1754170 887
1754180 884
1754190 882
1754200 880
1754210 879
1754220 877
1754230 876
1754240 874
1754250 873
1754260 872
1754270 873
1754280 875
1754290 877
1754300 878
1754310 879
1754320 879
1754330 880
1754340 881
1754350 882
1754360 882
1754370 882
1754380 882
1754390 882
1754400 881
1754410 880
1754420 879
1754430 876
1754440 872
1754450 868
1754460 864
1754470 860
1754480 857
1754490 857
1754500 857
1754510 858
1754520 859
1754530 859
1754540 859
1754550 859
1754560 859
1754570 859
1754580 858
1754590 857
1754600 856
1754610 857
1754620 858
1754630 859
1754640 860
1754650 862
1754660 866
1754670 871
1754680 875
1754690 880
1754700 884
1754710 887
1754720 890
1754730 892
1754740 893
1754750 894
1754760 895
1754770 897
1754780 898
1754790 899
1754800 900
1754810 901
1754820 901
1754830 901
1754840 900
1754850 899
1754860 898
1754870 897
1754880 896
1754890 896
1754900 896
1754910 896
1754920 896
1754930 897
1754940 898
1754950 896
1754960 893
1754970 890
1754980 887
1754990 886
1755000 886
1755010 889
1755020 891
1755030 893
1755040 893
1755050 891
1755060 886
1755070 882
1755080 877
1755090 873
1755100 869
1755110 868
1755120 868
1755130 870
1755140 871
1755150 872
1755160 873
1755170 875
1755180 878
1755190 882
1755200 886
1755210 890
1755220 894
1755230 897
1755240 900
1755250 902
1755260 902
1755270 901
1755280 899
1755290 897
1755300 896
1755310 895
1755320 894
1755330 893
1755340 892
1755350 890
1755360 887
1755370 883
1755380 879
1755390 874
1755400 868
1755410 863
1755420 858
1755430 853
1755440 849
1755450 846
1755460 844
1755470 846
1755480 849
1755490 852
1755500 856
1755510 859
1755520 862
1755530 865
1755540 868
1755550 872
1755560 875
1755570 877
1755580 880
1755590 883
1755600 885
1755610 887
1755620 888
1755630 889
1755640 889
1755650 889
1755660 887
1755670 883
1755680 880
1755690 880
1755700 881
1755710 883
1755720 885
1755730 887
1755740 890
1755750 892
1755760 894
1755770 894
1755780 895
1755790 895
1755800 895
1755810 894
1755820 893
1755830 893
1755840 892
1755850 892
1755860 892
1755870 892
1755880 892
1755890 893
1755900 893
1755910 893
1755920 893
1755930 892
1755940 890
1755950 889
1755960 888
1755970 888
1755980 889
1755990 889
1756000 889
1756010 890
1756020 890
1756030 890
1756040 891
1756050 891
1756060 892
1756070 894
1756080 896
1756090 898
1756100 900
1756110 903
1756120 905
1756130 907
1756140 908
1756150 909
1756160 909
1756170 910
1756180 910
1756190 912
1756200 913
1756210 915
1756220 917
1756230 919
1756240 921
1756250 924
1756260 926
1756270 928
1756280 931
1756290 933
1756300 936
1756310 938
1756320 941
1756330 945
1756340 948
1756350 951
1756360 954
1756370 956
1756380 958
1756390 960
1756400 962
1756410 962
1756420 962
1756430 961
1756440 960
1756450 958
1756460 956
1756470 954
1756480 953
1756490 951
1756500 950
1756510 948
1756520 947
1756530 945
1756540 943
1756550 941
1756560 939
1756570 936
1756580 934
1756590 931
1756600 929
1756610 926
1756620 923
1756630 919
1756640 916
1756650 914
1756660 912
1756670 910
1756680 909
1756690 908
1756700 907
1756710 905
1756720 904
1756730 901
1756740 898
1756750 895
1756760 892
1756770 889
1756780 886
1756790 883
1756800 880
1756810 877
1756820 874
1756830 870
1756840 866
1756850 862
1756860 857
1756870 853
1756880 849
1756890 844
1756900 840
1756910 836
1756920 833
1756930 829
1756940 826
1756950 823
1756960 820
1756970 817
1756980 814
1756990 814
1757000 815
1757010 816
1757020 817
1757030 819
1757040 821
1757050 822
1757060 823
1757070 824
1757080 826
1757090 827
1757100 828
1757110 830
1757120 832
1757130 834
1757140 836
1757150 838
1757160 840
1757170 842
1757180 844
1757190 847
1757200 850
1757210 853
1757220 856
1757230 859
1757240 862
1757250 865
1757260 869
1757270 872
1757280 875
1757290 878
1757300 882
1757310 885
1757320 888
1757330 892
1757340 896
1757350 900
1757360 904
1757370 907
1757380 911
1757390 915
1757400 919
1757410 922
1757420 926
1757430 930
1757440 934
1757450 937
1757460 940
1757470 944
1757480 948
1757490 951
1757500 954
1757510 958
1757520 961
1757530 965
1757540 968
1757550 971
1757560 974
1757570 977
1757580 981
1757590 983
1757600 986
1757610 990
1757620 993
1757630 997
1757640 1001
1757650 1004
1757660 1007
1757670 1010
1757680 1014
1757690 1017
1757700 1021
1757710 1025
1757720 1028
1757730 1031
1757740 1035
1757750 1039
1757760 1042
1757770 1046
1757780 1050
1757790 1053
1757800 1057
1757810 1060
1757820 1064
1757830 1068
1757840 1072
1757850 1076
1757860 1079
1757870 1084
1757880 1088
1757890 1092
1757900 1096
1757910 1099
1757920 1103
1757930 1107
1757940 1110
1757950 1114
1757960 1118
1757970 1121
1757980 1125
1757990 1129
1758000 1132
1758010 1136
1758020 1139
1758030 1143
1758040 1146
1758050 1150
1758060 1154
1758070 1158
1758080 1163
1758090 1167
1758100 1171
1758110 1172
1758120 1172
1758130 1172
1758140 1172
1758150 1172
1758160 1173
1758170 1173
1758180 1174
1758190 1174
1758200 1175
1758210 1176
1758220 1177
1758230 1177
1758240 1178
1758250 1179
1758260 1179
1758270 1179
1758280 1179
1758290 1179
1758300 1178
1758310 1177
1758320 1175
1758330 1173
1758340 1170
1758350 1168
1758360 1166
1758370 1164
1758380 1161
1758390 1159
1758400 1156
1758410 1153
1758420 1149
1758430 1146
1758440 1143
1758450 1140
1758460 1136
1758470 1133
1758480 1130
1758490 1127
1758500 1124
1758510 1121
1758520 1119
1758530 1116
1758540 1114
1758550 1112
1758560 1109
1758570 1110
1758580 1112
1758590 1115
1758600 1119
1758610 1122
1758620 1126
1758630 1129
1758640 1132
1758650 1136
1758660 1139
1758670 1142
1758680 1146
1758690 1149
1758700 1152
1758710 1154
1758720 1158
1758730 1161
1758740 1165
1758750 1169
1758760 1172
1758770 1174
1758780 1174
1758790 1173
1758800 1173
1758810 1172
1758820 1171
1758830 1170
1758840 1169
1758850 1169
1758860 1168
1758870 1167
1758880 1166
1758890 1165
1758900 1165
1758910 1164
1758920 1164
1758930 1164
1758940 1163
1758950 1164
1758960 1164
1758970 1164
1758980 1164
1758990 1165
1759000 1165
1759010 1166
1759020 1166
1759030 1167
1759040 1167
1759050 1167
1759060 1168
1759070 1168
1759080 1168
1759090 1168
1759100 1169
1759110 1169
1759120 1169
1759130 1169
1759140 1170
1759150 1170
1759160 1170
1759170 1170
1759180 1170
1759190 1170
1759200 1169
1759210 1168
1759220 1167
1759230 1165
1759240 1163
1759250 1162
1759260 1160
1759270 1158
1759280 1156
1759290 1155
1759300 1154
1759310 1153
1759320 1152
1759330 1150
1759340 1149
1759350 1148
1759360 1147
1759370 1145
1759380 1143
1759390 1142
1759400 1141
1759410 1140
1759420 1138
1759430 1136
1759440 1136
1759450 1136
1759460 1135
1759470 1132
1759480 1130
1759490 1130
1759500 1133
1759510 1136
1759520 1139
1759530 1141
1759540 1143
1759550 1145
1759560 1146
1759570 1148
1759580 1149
1759590 1150
1759600 1151
1759610 1152
1759620 1153
1759630 1153
1759640 1154
1759650 1155
1759660 1155
1759670 1155
1759680 1155
1759690 1155
1759700 1155
1759710 1155
1759720 1155
1759730 1154
1759740 1154
1759750 1154
1759760 1153
1759770 1153
1759780 1153
1759790 1153
1759800 1153
1759810 1152
1759820 1152
1759830 1151
1759840 1150
1759850 1149
1759860 1148
1759870 1146
1759880 1144
1759890 1142
1759900 1139
1759910 1135
1759920 1130
1759930 1127
1759940 1125
1759950 1123
1759960 1122
1759970 1120
1759980 1118
1759990 1115
