1740000 808
1740010 808
1740020 807
1740030 806
1740040 804
1740050 802
1740060 801
1740070 801
1740080 801
1740090 802
1740100 802
1740110 802
1740120 803
1740130 804
1740140 804
1740150 802
1740160 799
1740170 797
1740180 795
1740190 796
1740200 797
1740210 799
1740220 801
1740230 803
1740240 805
1740250 806
1740260 808
1740270 809
1740280 810
1740290 811
1740300 813
1740310 813
1740320 814
1740330 815
1740340 817
1740350 818
1740360 820
1740370 821
1740380 823
1740390 824
1740400 826
1740410 827
1740420 828
1740430 828
1740440 828
1740450 829
1740460 829
1740470 829
1740480 830
1740490 830
1740500 831
1740510 831
1740520 830
1740530 829
1740540 828
1740550 826
1740560 824
1740570 822
1740580 820
1740590 819
1740600 817
1740610 816
1740620 815
1740630 814
1740640 813
1740650 815
1740660 818
1740670 821
1740680 824
1740690 826
1740700 829
1740710 831
1740720 833
1740730 834
1740740 836
1740750 839
1740760 841
1740770 843
1740780 844
1740790 845
1740800 846
1740810 847
1740820 849
1740830 851
1740840 852
1740850 852
1740860 853
1740870 855
1740880 858
1740890 860
1740900 862
1740910 865
1740920 867
1740930 869
1740940 871
1740950 873
1740960 875
1740970 878
1740980 880
1740990 882
1741000 884
1741010 885
1741020 886
1741030 887
1741040 887
1741050 889
1741060 891
1741070 895
1741080 898
1741090 901
1741100 905
1741110 909
1741120 913
1741130 917
1741140 921
1741150 925
1741160 928
1741170 931
1741180 935
1741190 937
1741200 939
1741210 942
1741220 945
1741230 948
1741240 951
1741250 954
1741260 957
1741270 959
1741280 961
1741290 962
1741300 961
1741310 961
1741320 962
1741330 962
1741340 963
1741350 965
1741360 967
1741370 970
1741380 974
1741390 977
1741400 980
1741410 983
1741420 986
1741430 990
1741440 992
1741450 994
1741460 995
1741470 996
1741480 997
1741490 998
1741500 999
1741510 999
1741520 999
1741530 999
1741540 998
1741550 997
1741560 996
1741570 996
1741580 995
1741590 996
1741600 996
1741610 996
1741620 997
1741630 997
1741640 998
1741650 998
1741660 999
1741670 999
1741680 999
1741690 1000
1741700 1001
1741710 1002
1741720 1003
1741730 1005
1741740 1008
1741750 1012
1741760 1017
1741770 1022
1741780 1027
1741790 1031
1741800 1034
1741810 1038
1741820 1042
1741830 1046
1741840 1050
1741850 1054
1741860 1058
1741870 1062
1741880 1065
1741890 1067
1741900 1070
1741910 1072
1741920 1075
1741930 1079
1741940 1082
1741950 1086
1741960 1090
1741970 1094
1741980 1097
1741990 1099
1742000 1101
1742010 1103
1742020 1104
1742030 1106
1742040 1107
1742050 1107
1742060 1108
1742070 1110
1742080 1113
1742090 1117
1742100 1119
1742110 1122
1742120 1124
1742130 1126
1742140 1128
1742150 1130
1742160 1133
1742170 1136
1742180 1139
1742190 1142
1742200 1144
1742210 1147
1742220 1150
1742230 1152
1742240 1154
1742250 1155
1742260 1157
1742270 1159
1742280 1161
1742290 1163
1742300 1164
1742310 1166
1742320 1167
1742330 1168
1742340 1169
1742350 1170
1742360 1171
1742370 1172
1742380 1173
1742390 1173
1742400 1173
1742410 1173
1742420 1173
1742430 1174
1742440 1175
1742450 1176
1742460 1178
1742470 1179
1742480 1181
1742490 1182
1742500 1184
1742510 1185
1742520 1187
1742530 1189
1742540 1191
1742550 1192
1742560 1194
1742570 1196
1742580 1197
1742590 1198
1742600 1199
1742610 1200
1742620 1203
1742630 1206
1742640 1209
1742650 1211
1742660 1214
1742670 1216
1742680 1218
1742690 1219
1742700 1221
1742710 1222
1742720 1223
1742730 1224
1742740 1226
1742750 1228
1742760 1231
1742770 1233
1742780 1236
1742790 1239
1742800 1242
1742810 1245
1742820 1247
1742830 1250
1742840 1252
1742850 1253
1742860 1256
1742870 1258
1742880 1260
1742890 1262
1742900 1264
1742910 1267
1742920 1269
1742930 1271
1742940 1272
1742950 1273
1742960 1275
1742970 1276
1742980 1278
1742990 1281
1743000 1283
1743010 1286
1743020 1288
1743030 1290
1743040 1292
1743050 1294
1743060 1296
1743070 1300
1743080 1304
1743090 1309
1743100 1315
1743110 1323
1743120 1330
1743130 1339
1743140 1346
1743150 1354
1743160 1358
1743170 1362
1743180 1364
1743190 1365
1743200 1366
1743210 1367
1743220 1367
1743230 1367
1743240 1368
1743250 1368
1743260 1368
1743270 1369
1743280 1369
1743290 1369
1743300 1370
1743310 1370
1743320 1371
1743330 1371
1743340 1372
1743350 1372
1743360 1373
1743370 1373
1743380 1373
1743390 1374
1743400 1375
1743410 1376
1743420 1377
1743430 1377
1743440 1378
1743450 1379
1743460 1380
1743470 1381
1743480 1382
1743490 1383
1743500 1385
1743510 1386
1743520 1387
1743530 1388
1743540 1389
1743550 1390
1743560 1391
1743570 1392
1743580 1393
1743590 1394
1743600 1395
1743610 1396
1743620 1397
1743630 1397
1743640 1398
1743650 1398
1743660 1397
1743670 1397
1743680 1396
1743690 1395
1743700 1394
1743710 1393
1743720 1392
1743730 1390
1743740 1389
1743750 1387
1743760 1386
1743770 1384
1743780 1383
1743790 1381
1743800 1379
1743810 1377
1743820 1376
1743830 1374
1743840 1373
1743850 1372
1743860 1371
1743870 1370
1743880 1369
1743890 1368
1743900 1367
1743910 1366
1743920 1365
1743930 1364
1743940 1362
1743950 1360
1743960 1358
1743970 1356
1743980 1354
1743990 1352
1744000 1351
1744010 1350
1744020 1350
1744030 1349
1744040 1349
1744050 1348
1744060 1347
1744070 1347
1744080 1345
1744090 1344
1744100 1342
1744110 1341
1744120 1339
1744130 1337
1744140 1334
1744150 1332
1744160 1330
1744170 1327
1744180 1324
1744190 1321
1744200 1317
1744210 1314
1744220 1310
1744230 1306
1744240 1302
1744250 1299
1744260 1295
1744270 1292
1744280 1288
1744290 1284
1744300 1280
1744310 1276
1744320 1273
1744330 1269
1744340 1265
1744350 1261
1744360 1257
1744370 1253
1744380 1248
1744390 1244
1744400 1240
1744410 1237
1744420 1233
1744430 1230
1744440 1227
1744450 1225
1744460 1223
1744470 1222
1744480 1220
1744490 1219
1744500 1217
1744510 1215
1744520 1213
1744530 1210
1744540 1207
1744550 1204
1744560 1203
1744570 1200
1744580 1197
1744590 1194
1744600 1192
1744610 1190
1744620 1188
1744630 1187
1744640 1185
1744650 1183
1744660 1181
1744670 1179
1744680 1177
1744690 1175
1744700 1173
1744710 1171
1744720 1170
1744730 1168
1744740 1167
1744750 1166
1744760 1165
1744770 1163
1744780 1162
1744790 1160
1744800 1158
1744810 1155
1744820 1153
1744830 1150
1744840 1148
1744850 1146
1744860 1143
1744870 1140
1744880 1138
1744890 1138
1744900 1138
1744910 1138
1744920 1137
1744930 1137
1744940 1136
1744950 1136
1744960 1136
1744970 1135
1744980 1135
1744990 1135
1745000 1135
1745010 1134
1745020 1134
1745030 1134
1745040 1133
1745050 1133
1745060 1132
1745070 1131
1745080 1130
1745090 1129
1745100 1128
1745110 1127
1745120 1125
1745130 1124
1745140 1123
1745150 1122
1745160 1121
1745170 1120
1745180 1119
1745190 1118
1745200 1117
1745210 1116
1745220 1115
1745230 1114
1745240 1113
1745250 1112
1745260 1111
1745270 1109
1745280 1107
1745290 1106
1745300 1105
1745310 1104
1745320 1104
1745330 1103
1745340 1102
1745350 1101
1745360 1099
1745370 1095
1745380 1093
1745390 1091
1745400 1088
1745410 1085
1745420 1082
1745430 1079
1745440 1076
1745450 1073
1745460 1070
1745470 1068
1745480 1066
1745490 1063
1745500 1061
1745510 1058
1745520 1055
1745530 1051
1745540 1048
1745550 1045
1745560 1043
1745570 1041
1745580 1038
1745590 1035
1745600 1032
1745610 1028
1745620 1025
1745630 1022
1745640 1018
1745650 1015
1745660 1012
1745670 1009
1745680 1006
1745690 1003
1745700 1000
1745710 997
1745720 995
1745730 992
1745740 990
1745750 987
1745760 985
1745770 982
1745780 980
1745790 978
1745800 976
1745810 974
1745820 972
1745830 971
1745840 971
1745850 971
1745860 971
1745870 971
1745880 971
1745890 970
1745900 970
1745910 969
1745920 969
1745930 970
1745940 970
1745950 970
1745960 970
1745970 970
1745980 970
1745990 971
1746000 971
1746010 972
1746020 972
1746030 972
1746040 972
1746050 971
1746060 971
1746070 970
1746080 968
1746090 967
1746100 966
1746110 965
1746120 963
1746130 961
1746140 959
1746150 958
1746160 956
1746170 954
1746180 953
1746190 951
1746200 948
1746210 946
1746220 944
1746230 942
1746240 940
1746250 938
1746260 937
1746270 935
1746280 934
1746290 932
1746300 930
1746310 928
1746320 926
1746330 924
1746340 922
1746350 920
1746360 916
1746370 912
1746380 908
1746390 905
1746400 902
1746410 899
1746420 895
1746430 890
1746440 887
1746450 884
1746460 881
1746470 878
1746480 875
1746490 872
1746500 869
1746510 867
1746520 864
1746530 862
1746540 859
1746550 856
1746560 854
1746570 851
1746580 848
1746590 845
1746600 842
1746610 838
1746620 835
1746630 832
1746640 829
1746650 825
1746660 822
1746670 818
1746680 815
1746690 811
1746700 807
1746710 804
1746720 800
1746730 796
1746740 791
1746750 787
1746760 783
1746770 779
1746780 776
1746790 772
1746800 769
1746810 765
1746820 761
1746830 757
1746840 753
1746850 749
1746860 746
1746870 742
1746880 738
1746890 734
1746900 730
1746910 726
1746920 722
1746930 718
1746940 714
1746950 709
1746960 705
1746970 701
1746980 698
1746990 694
1747000 690
1747010 686
1747020 682
1747030 678
1747040 676
1747050 676
1747060 678
1747070 684
1747080 687
1747090 689
1747100 691
1747110 694
1747120 698
1747130 701
1747140 702
1747150 703
1747160 704
1747170 705
1747180 706
1747190 708
1747200 708
1747210 709
1747220 709
1747230 708
1747240 708
1747250 707
1747260 706
1747270 705
1747280 703
1747290 702
1747300 700
1747310 697
1747320 695
1747330 693
1747340 690
1747350 686
1747360 682
1747370 678
1747380 673
1747390 669
1747400 664
1747410 658
1747420 652
1747430 646
1747440 641
1747450 636
1747460 632
1747470 628
1747480 625
1747490 624
1747500 625
1747510 627
1747520 630
1747530 635
1747540 640
1747550 645
1747560 650
1747570 655
1747580 659
1747590 661
1747600 663
1747610 664
1747620 666
1747630 669
1747640 672
1747650 677
1747660 681
1747670 684
1747680 686
1747690 688
1747700 688
1747710 689
1747720 689
1747730 690
1747740 693
1747750 695
1747760 697
1747770 699
1747780 701
1747790 702
1747800 704
1747810 706
1747820 708
1747830 711
1747840 713
1747850 716
1747860 719
1747870 721
1747880 724
1747890 728
1747900 732
1747910 736
1747920 740
1747930 744
1747940 748
1747950 751
1747960 754
1747970 756
1747980 759
1747990 761
1748000 763
1748010 764
1748020 765
1748030 767
1748040 768
1748050 769
1748060 771
1748070 772
1748080 773
1748090 774
1748100 775
1748110 777
1748120 780
1748130 782
1748140 786
1748150 789
1748160 793
1748170 797
1748180 802
1748190 806
1748200 811
1748210 817
1748220 822
1748230 827
1748240 832
1748250 838
1748260 843
1748270 849
1748280 855
1748290 861
1748300 867
1748310 873
1748320 878
1748330 884
1748340 890
1748350 897
1748360 906
1748370 916
1748380 923
1748390 928
1748400 929
1748410 928
1748420 927
1748430 926
1748440 925
1748450 923
1748460 922
1748470 920
1748480 918
1748490 916
1748500 914
1748510 912
1748520 910
1748530 908
1748540 906
1748550 904
1748560 902
1748570 901
1748580 900
1748590 899
1748600 897
1748610 896
1748620 895
1748630 894
1748640 893
1748650 893
1748660 892
1748670 890
1748680 889
1748690 887
1748700 885
1748710 883
1748720 881
1748730 879
1748740 877
1748750 874
1748760 872
1748770 869
1748780 867
1748790 864
1748800 862
1748810 859
1748820 857
1748830 854
1748840 852
1748850 849
1748860 846
1748870 843
1748880 840
1748890 837
1748900 834
1748910 830
1748920 827
1748930 824
1748940 821
1748950 818
1748960 815
1748970 811
1748980 808
1748990 805
1749000 801
1749010 797
1749020 793
1749030 789
1749040 784
1749050 781
1749060 777
1749070 774
1749080 771
1749090 767
1749100 763
1749110 760
1749120 756
1749130 752
1749140 748
1749150 745
1749160 741
1749170 738
1749180 734
1749190 730
1749200 726
1749210 723
1749220 720
1749230 716
1749240 712
1749250 709
1749260 705
1749270 702
1749280 698
1749290 694
1749300 690
1749310 687
1749320 683
1749330 679
1749340 675
1749350 671
1749360 667
1749370 663
1749380 659
1749390 655
1749400 651
1749410 647
1749420 643
1749430 639
1749440 635
1749450 631
1749460 627
1749470 623
1749480 619
1749490 614
1749500 610
1749510 605
1749520 601
1749530 597
1749540 592
1749550 588
1749560 583
1749570 578
1749580 574
1749590 569
1749600 565
1749610 561
1749620 556
1749630 552
1749640 548
1749650 544
1749660 541
1749670 538
1749680 535
1749690 533
1749700 530
1749710 528
1749720 526
1749730 524
1749740 522
1749750 520
1749760 518
1749770 516
1749780 514
1749790 512
1749800 510
1749810 508
1749820 506
1749830 505
1749840 503
1749850 500
1749860 497
1749870 495
1749880 493
1749890 493
1749900 493
1749910 493
1749920 493
1749930 493
1749940 494
1749950 496
1749960 499
1749970 503
1749980 508
1749990 511
1750000 515
1750010 518
1750020 525
1750030 533
1750040 542
1750050 549
1750060 555
1750070 561
1750080 565
1750090 568
1750100 571
1750110 573
1750120 575
1750130 577
1750140 579
1750150 583
1750160 586
1750170 588
1750180 589
1750190 590
1750200 591
1750210 593
1750220 596
1750230 599
1750240 603
1750250 607
1750260 611
1750270 615
1750280 620
1750290 625
1750300 630
1750310 636
1750320 644
1750330 650
1750340 656
1750350 659
1750360 661
1750370 664
1750380 666
1750390 671
1750400 678
1750410 683
1750420 686
1750430 689
1750440 694
1750450 699
1750460 703
1750470 705
1750480 706
1750490 705
1750500 704
1750510 702
1750520 701
1750530 699
1750540 697
1750550 695
1750560 693
1750570 690
1750580 688
1750590 686
1750600 684
1750610 682
1750620 680
1750630 677
1750640 675
1750650 673
1750660 670
1750670 668
1750680 666
1750690 664
1750700 663
1750710 661
1750720 660
1750730 659
1750740 657
1750750 656
1750760 655
1750770 653
1750780 651
1750790 650
1750800 649
1750810 647
1750820 646
1750830 645
1750840 643
1750850 642
1750860 640
1750870 639
1750880 637
1750890 635
1750900 633
1750910 631
1750920 629
1750930 627
1750940 625
1750950 623
1750960 620
1750970 618
1750980 615
1750990 613
1751000 610
1751010 608
1751020 605
1751030 603
1751040 601
1751050 599
1751060 596
1751070 594
1751080 592
1751090 589
1751100 587
1751110 583
1751120 580
1751130 575
1751140 571
1751150 567
1751160 563
1751170 558
1751180 554
1751190 550
1751200 546
1751210 544
1751220 542
1751230 542
1751240 542
1751250 543
1751260 547
1751270 550
1751280 554
1751290 558
1751300 561
1751310 564
1751320 567
1751330 570
1751340 573
1751350 575
1751360 576
1751370 577
1751380 577
1751390 576
1751400 575
1751410 575
1751420 574
1751430 573
1751440 572
1751450 571
1751460 570
1751470 569
1751480 568
1751490 566
1751500 565
1751510 564
1751520 563
1751530 561
1751540 560
1751550 559
1751560 557
1751570 556
1751580 555
1751590 555
1751600 556
1751610 557
1751620 558
1751630 559
1751640 559
1751650 560
1751660 560
1751670 560
1751680 560
1751690 560
1751700 560
1751710 560
1751720 561
1751730 561
1751740 561
1751750 561
1751760 561
1751770 562
1751780 562
1751790 563
1751800 563
1751810 564
1751820 564
1751830 565
1751840 565
1751850 565
1751860 564
1751870 563
1751880 561
1751890 559
1751900 559
1751910 560
1751920 560
1751930 561
1751940 561
1751950 561
1751960 561
1751970 561
1751980 561
1751990 561
1752000 561
1752010 560
1752020 560
1752030 560
1752040 560
1752050 559
1752060 559
1752070 559
1752080 558
1752090 557
1752100 556
1752110 555
1752120 553
1752130 551
1752140 550
1752150 549
1752160 549
1752170 549
1752180 549
1752190 549
1752200 549
1752210 550
1752220 550
1752230 550
1752240 550
1752250 550
1752260 550
1752270 550
1752280 550
1752290 551
1752300 552
1752310 554
1752320 555
1752330 557
1752340 559
1752350 561
1752360 563
1752370 565
1752380 566
1752390 568
1752400 570
1752410 572
1752420 573
1752430 573
1752440 573
1752450 572
1752460 572
1752470 572
1752480 571
1752490 571
1752500 570
1752510 570
1752520 570
1752530 570
1752540 570
1752550 571
1752560 572
1752570 572
1752580 572
1752590 573
1752600 573
1752610 573
1752620 573
1752630 573
1752640 573
1752650 573
1752660 573
1752670 572
1752680 571
1752690 570
1752700 569
1752710 567
1752720 564
1752730 562
1752740 559
1752750 559
1752760 559
1752770 561
1752780 563
1752790 563
1752800 563
1752810 563
1752820 562
1752830 562
1752840 561
1752850 560
1752860 560
1752870 559
1752880 558
1752890 557
1752900 555
1752910 554
1752920 553
1752930 553
1752940 553
1752950 553
1752960 552
1752970 551
1752980 550
1752990 549
1753000 548
1753010 547
1753020 548
1753030 548
1753040 549
1753050 548
1753060 548
1753070 548
1753080 548
1753090 547
1753100 547
1753110 547
1753120 546
1753130 544
1753140 542
1753150 541
1753160 542
1753170 542
1753180 542
1753190 542
1753200 542
1753210 541
1753220 540
1753230 540
1753240 540
1753250 540
1753260 540
1753270 539
1753280 539
1753290 538
1753300 537
1753310 536
1753320 535
1753330 535
1753340 534
1753350 533
1753360 531
1753370 529
1753380 528
1753390 527
1753400 526
1753410 526
1753420 526
1753430 525
1753440 525
1753450 525
1753460 525
1753470 525
1753480 526
1753490 526
1753500 526
1753510 526
1753520 526
1753530 526
1753540 527
1753550 527
1753560 528
1753570 528
1753580 528
1753590 529
1753600 529
1753610 529
1753620 529
1753630 529
1753640 529
1753650 529
1753660 529
1753670 529
1753680 529
1753690 529
1753700 528
1753710 528
1753720 527
1753730 527
1753740 527
1753750 527
1753760 527
1753770 527
1753780 527
1753790 527
1753800 527
1753810 527
1753820 527
1753830 527
1753840 527
1753850 526
1753860 526
1753870 526
1753880 527
1753890 527
1753900 528
1753910 528
1753920 529
1753930 529
1753940 529
1753950 530
1753960 530
1753970 530
1753980 530
1753990 531
1754000 531
1754010 531
1754020 531
1754030 532
1754040 532
1754050 533
1754060 534
1754070 535
1754080 536
1754090 537
1754100 537
1754110 537
1754120 537
1754130 536
1754140 536
1754150 536
1754160 536
1754170 536
1754180 537
1754190 538
1754200 539
1754210 542
1754220 544
1754230 545
1754240 546
1754250 547
1754260 547
1754270 547
1754280 548
1754290 548
1754300 549
1754310 551
1754320 552
1754330 554
1754340 555
1754350 555
1754360 555
1754370 553
1754380 550
1754390 548
1754400 547
1754410 547
1754420 547
1754430 549
1754440 551
1754450 555
1754460 559
1754470 562
1754480 566
1754490 569
1754500 572
1754510 575
1754520 577
1754530 579
1754540 582
1754550 586
1754560 590
1754570 594
1754580 598
1754590 602
1754600 605
1754610 609
1754620 613
1754630 618
1754640 622
1754650 627
1754660 631
1754670 635
1754680 640
1754690 645
1754700 649
1754710 654
1754720 657
1754730 661
1754740 664
1754750 667
1754760 669
1754770 671
1754780 669
1754790 666
1754800 662
1754810 660
1754820 659
1754830 658
1754840 657
1754850 655
1754860 653
1754870 649
1754880 646
1754890 643
1754900 640
1754910 639
1754920 637
1754930 636
1754940 634
1754950 631
1754960 629
1754970 628
1754980 626
1754990 624
1755000 622
1755010 621
1755020 620
1755030 618
1755040 615
1755050 614
1755060 611
1755070 609
1755080 604
1755090 600
1755100 596
1755110 592
1755120 587
1755130 583
1755140 578
1755150 574
1755160 571
1755170 569
1755180 570
1755190 571
1755200 574
1755210 578
1755220 581
1755230 585
1755240 589
1755250 594
1755260 599
1755270 604
1755280 609
1755290 615
1755300 620
1755310 623
1755320 626
1755330 628
1755340 630
1755350 632
1755360 635
1755370 637
1755380 640
1755390 643
1755400 646
1755410 649
1755420 652
1755430 655
1755440 658
1755450 661
1755460 664
1755470 667
1755480 671
1755490 674
1755500 677
1755510 681
1755520 685
1755530 689
1755540 692
1755550 696
1755560 700
1755570 704
1755580 707
1755590 711
1755600 714
1755610 718
1755620 721
1755630 725
1755640 728
1755650 731
1755660 735
1755670 738
1755680 741
1755690 744
1755700 746
1755710 747
1755720 746
1755730 744
1755740 742
1755750 739
1755760 737
1755770 734
1755780 731
1755790 728
1755800 725
1755810 721
1755820 718
1755830 714
1755840 710
1755850 707
1755860 703
1755870 699
1755880 695
1755890 692
1755900 688
1755910 684
1755920 681
1755930 677
1755940 674
1755950 670
1755960 667
1755970 664
1755980 661
1755990 658
1756000 655
1756010 652
1756020 650
1756030 647
1756040 644
1756050 641
1756060 639
1756070 636
1756080 634
1756090 632
1756100 630
1756110 628
1756120 625
1756130 623
1756140 621
1756150 619
1756160 618
1756170 616
1756180 615
1756190 614
1756200 613
1756210 613
1756220 612
1756230 612
1756240 612
1756250 612
1756260 612
1756270 613
1756280 613
1756290 613
1756300 614
1756310 614
1756320 614
1756330 615
1756340 615
1756350 616
1756360 617
1756370 618
1756380 618
1756390 619
1756400 620
1756410 622
1756420 624
1756430 626
1756440 627
1756450 629
1756460 631
1756470 632
1756480 633
1756490 635
1756500 636
1756510 638
1756520 639
1756530 640
1756540 641
1756550 642
1756560 643
1756570 645
1756580 646
1756590 647
1756600 649
1756610 650
1756620 652
1756630 653
1756640 654
1756650 655
1756660 656
1756670 657
1756680 658
1756690 659
1756700 660
1756710 661
1756720 661
1756730 661
1756740 660
1756750 660
1756760 660
1756770 660
1756780 661
1756790 661
1756800 661
1756810 661
1756820 662
1756830 662
1756840 662
1756850 662
1756860 662
1756870 662
1756880 661
1756890 661
1756900 660
1756910 658
1756920 656
1756930 654
1756940 652
1756950 650
1756960 648
1756970 649
1756980 649
1756990 651
1757000 654
1757010 656
1757020 658
1757030 659
1757040 661
1757050 662
1757060 663
1757070 664
1757080 665
1757090 666
1757100 667
1757110 668
1757120 668
1757130 669
1757140 670
1757150 671
1757160 672
1757170 672
1757180 674
1757190 674
1757200 675
1757210 675
1757220 675
1757230 676
1757240 676
1757250 676
1757260 676
1757270 676
1757280 675
1757290 675
1757300 674
1757310 673
1757320 671
1757330 668
1757340 666
1757350 664
1757360 663
1757370 662
1757380 662
1757390 662
1757400 662
1757410 661
1757420 657
1757430 655
1757440 653
1757450 655
1757460 656
1757470 657
1757480 658
1757490 659
1757500 661
1757510 662
1757520 664
1757530 665
1757540 667
1757550 669
1757560 671
1757570 673
1757580 676
1757590 678
1757600 680
1757610 682
1757620 685
1757630 688
1757640 691
1757650 693
1757660 696
1757670 698
1757680 701
1757690 704
1757700 707
1757710 710
1757720 712
1757730 714
1757740 717
1757750 720
1757760 723
1757770 726
1757780 728
1757790 730
1757800 732
1757810 734
1757820 736
1757830 737
1757840 738
1757850 738
1757860 739
1757870 739
1757880 740
1757890 740
1757900 739
1757910 738
1757920 738
1757930 738
1757940 739
1757950 740
1757960 741
1757970 742
1757980 743
1757990 744
1758000 745
1758010 745
1758020 746
1758030 746
1758040 747
1758050 748
1758060 748
1758070 749
1758080 749
1758090 750
1758100 750
1758110 750
1758120 750
1758130 750
1758140 750
1758150 748
1758160 746
1758170 743
1758180 741
1758190 737
1758200 733
1758210 730
1758220 727
1758230 727
1758240 726
1758250 725
1758260 724
1758270 724
1758280 723
1758290 723
1758300 723
1758310 722
1758320 722
1758330 722
1758340 722
1758350 721
1758360 721
1758370 721
1758380 719
1758390 715
1758400 714
1758410 713
1758420 716
1758430 717
1758440 719
1758450 720
1758460 721
1758470 721
1758480 721
1758490 719
1758500 718
1758510 716
1758520 714
1758530 712
1758540 711
1758550 709
1758560 708
1758570 707
1758580 707
1758590 706
1758600 705
1758610 705
1758620 705
1758630 706
1758640 706
1758650 707
1758660 707
1758670 707
1758680 706
1758690 705
1758700 705
1758710 703
1758720 702
1758730 700
1758740 697
1758750 695
1758760 692
1758770 689
1758780 686
1758790 683
1758800 680
1758810 678
1758820 675
1758830 673
1758840 671
1758850 669
1758860 666
1758870 664
1758880 661
1758890 658
1758900 655
1758910 652
1758920 649
1758930 646
1758940 643
1758950 640
1758960 636
1758970 632
1758980 628
1758990 624
1759000 622
1759010 619
1759020 618
1759030 616
1759040 614
1759050 613
1759060 611
1759070 611
1759080 610
1759090 610
1759100 610
1759110 609
1759120 608
1759130 607
1759140 607
1759150 607
1759160 607
1759170 607
1759180 607
1759190 606
1759200 606
1759210 605
1759220 604
1759230 604
1759240 603
1759250 603
1759260 602
1759270 602
1759280 603
1759290 604
1759300 605
1759310 606
1759320 608
1759330 610
1759340 612
1759350 615
1759360 617
1759370 619
1759380 621
1759390 623
1759400 624
1759410 625
1759420 625
1759430 625
1759440 623
1759450 621
1759460 620
1759470 620
1759480 621
1759490 621
1759500 621
1759510 621
1759520 621
1759530 620
1759540 621
1759550 622
1759560 624
1759570 626
1759580 629
1759590 631
1759600 633
1759610 635
1759620 636
1759630 638
1759640 639
1759650 640
1759660 641
1759670 642
1759680 642
1759690 642
1759700 642
1759710 643
1759720 644
1759730 645
1759740 646
1759750 648
1759760 652
1759770 656
1759780 660
1759790 663
1759800 666
1759810 669
1759820 671
1759830 674
1759840 676
1759850 678
1759860 681
1759870 684
1759880 687
1759890 691
1759900 694
1759910 698
1759920 701
1759930 705
1759940 709
1759950 713
1759960 717
1759970 721
1759980 724
1759990 728
