1740000 776
1740010 781
1740020 786
1740030 791
1740040 795
1740050 799
1740060 802
1740070 805
1740080 808
1740090 811
1740100 814
1740110 816
1740120 820
1740130 823
1740140 826
1740150 830
1740160 833
1740170 836
1740180 840
1740190 843
1740200 847
1740210 850
1740220 853
1740230 857
1740240 860
1740250 864
1740260 867
1740270 871
1740280 875
1740290 878
1740300 882
1740310 886
1740320 889
1740330 891
1740340 892
1740350 893
1740360 894
1740370 894
1740380 896
1740390 898
1740400 900
1740410 902
1740420 904
1740430 906
1740440 908
1740450 911
1740460 913
1740470 914
1740480 916
1740490 917
1740500 918
1740510 918
1740520 919
1740530 920
1740540 920
1740550 921
1740560 922
1740570 923
1740580 924
1740590 926
1740600 929
1740610 932
1740620 936
1740630 939
1740640 943
1740650 947
1740660 951
1740670 955
1740680 959
1740690 962
1740700 967
1740710 970
1740720 974
1740730 978
1740740 981
1740750 984
1740760 987
1740770 989
1740780 991
1740790 993
1740800 996
1740810 998
1740820 1000
1740830 1002
1740840 1004
1740850 1006
1740860 1008
1740870 1010
1740880 1012
1740890 1014
1740900 1015
1740910 1016
1740920 1017
1740930 1019
1740940 1022
1740950 1024
1740960 1026
1740970 1028
1740980 1030
1740990 1032
1741000 1034
1741010 1036
1741020 1038
1741030 1040
1741040 1041
1741050 1043
1741060 1045
1741070 1047
1741080 1049
1741090 1050
1741100 1051
1741110 1051
1741120 1052
1741130 1052
1741140 1053
1741150 1055
1741160 1056
1741170 1056
1741180 1057
1741190 1058
1741200 1058
1741210 1059
1741220 1060
1741230 1062
1741240 1063
1741250 1064
1741260 1066
1741270 1068
1741280 1069
1741290 1071
1741300 1073
1741310 1075
1741320 1076
1741330 1077
1741340 1079
1741350 1080
1741360 1082
1741370 1084
1741380 1086
1741390 1088
1741400 1090
1741410 1091
1741420 1093
1741430 1095
1741440 1097
1741450 1099
1741460 1101
1741470 1102
1741480 1103
1741490 1105
1741500 1106
1741510 1107
1741520 1107
1741530 1108
1741540 1110
1741550 1111
1741560 1113
1741570 1115
1741580 1117
1741590 1119
1741600 1121
1741610 1123
1741620 1124
1741630 1125
1741640 1125
1741650 1126
1741660 1127
1741670 1129
1741680 1132
1741690 1136
1741700 1141
1741710 1145
1741720 1147
1741730 1149
1741740 1151
1741750 1152
1741760 1154
1741770 1155
1741780 1155
1741790 1155
1741800 1156
1741810 1156
1741820 1156
1741830 1156
1741840 1156
1741850 1156
1741860 1157
1741870 1157
1741880 1156
1741890 1157
1741900 1157
1741910 1157
1741920 1157
1741930 1158
1741940 1158
1741950 1158
1741960 1158
1741970 1157
1741980 1158
1741990 1159
1742000 1160
1742010 1162
1742020 1163
1742030 1164
1742040 1164
1742050 1164
1742060 1163
1742070 1162
1742080 1159
1742090 1157
1742100 1154
1742110 1151
1742120 1149
1742130 1147
1742140 1144
1742150 1141
1742160 1138
1742170 1136
1742180 1133
1742190 1130
1742200 1126
1742210 1123
1742220 1119
1742230 1116
1742240 1113
1742250 1109
1742260 1105
1742270 1102
1742280 1098
1742290 1096
1742300 1094
1742310 1094
1742320 1094
1742330 1095
1742340 1097
1742350 1099
1742360 1101
1742370 1104
1742380 1107
1742390 1110
1742400 1113
1742410 1116
1742420 1120
1742430 1124
1742440 1127
1742450 1129
1742460 1132
1742470 1134
1742480 1136
1742490 1137
1742500 1136
1742510 1134
1742520 1131
1742530 1128
1742540 1126
1742550 1123
1742560 1119
1742570 1116
1742580 1113
1742590 1110
1742600 1107
1742610 1103
1742620 1100
1742630 1098
1742640 1096
1742650 1094
1742660 1091
1742670 1089
1742680 1086
1742690 1085
1742700 1085
1742710 1085
1742720 1085
1742730 1085
1742740 1085
1742750 1084
1742760 1083
1742770 1081
1742780 1080
1742790 1078
1742800 1076
1742810 1074
1742820 1072
1742830 1069
1742840 1068
1742850 1069
1742860 1071
1742870 1074
1742880 1078
1742890 1082
1742900 1086
1742910 1089
1742920 1092
1742930 1095
1742940 1099
1742950 1103
1742960 1107
1742970 1111
1742980 1115
1742990 1119
1743000 1122
1743010 1126
1743020 1129
1743030 1132
1743040 1135
1743050 1136
1743060 1134
1743070 1131
1743080 1127
1743090 1125
1743100 1124
1743110 1122
1743120 1120
1743130 1116
1743140 1111
1743150 1107
1743160 1102
1743170 1097
1743180 1092
1743190 1088
1743200 1084
1743210 1080
1743220 1076
1743230 1072
1743240 1068
1743250 1065
1743260 1062
1743270 1060
1743280 1057
1743290 1053
1743300 1050
1743310 1044
1743320 1039
1743330 1035
1743340 1032
1743350 1028
1743360 1023
1743370 1018
1743380 1011
1743390 1004
1743400 997
1743410 994
1743420 994
1743430 997
1743440 1000
1743450 1002
1743460 1003
1743470 1003
1743480 1003
1743490 1002
1743500 1005
1743510 1008
1743520 1012
1743530 1014
1743540 1016
1743550 1018
1743560 1021
1743570 1025
1743580 1028
1743590 1031
1743600 1035
1743610 1038
1743620 1041
1743630 1045
1743640 1048
1743650 1051
1743660 1054
1743670 1057
1743680 1060
1743690 1063
1743700 1067
1743710 1071
1743720 1075
1743730 1078
1743740 1081
1743750 1084
1743760 1087
1743770 1089
1743780 1092
1743790 1095
1743800 1097
1743810 1100
1743820 1102
1743830 1105
1743840 1107
1743850 1110
1743860 1112
1743870 1113
1743880 1113
1743890 1110
1743900 1107
1743910 1103
1743920 1100
1743930 1098
1743940 1095
1743950 1092
1743960 1090
1743970 1088
1743980 1086
1743990 1083
1744000 1080
1744010 1077
1744020 1073
1744030 1070
1744040 1067
1744050 1064
1744060 1061
1744070 1057
1744080 1053
1744090 1049
1744100 1046
1744110 1043
1744120 1041
1744130 1040
1744140 1042
1744150 1046
1744160 1051
1744170 1056
1744180 1061
1744190 1064
1744200 1067
1744210 1070
1744220 1072
1744230 1074
1744240 1075
1744250 1074
1744260 1074
1744270 1074
1744280 1078
1744290 1081
1744300 1085
1744310 1089
1744320 1093
1744330 1097
1744340 1101
1744350 1106
1744360 1111
1744370 1116
1744380 1119
1744390 1122
1744400 1122
1744410 1120
1744420 1117
1744430 1114
1744440 1111
1744450 1107
1744460 1103
1744470 1100
1744480 1096
1744490 1092
1744500 1088
1744510 1083
1744520 1079
1744530 1075
1744540 1071
1744550 1067
1744560 1064
1744570 1061
1744580 1060
1744590 1059
1744600 1058
1744610 1056
1744620 1053
1744630 1051
1744640 1048
1744650 1045
1744660 1042
1744670 1038
1744680 1034
1744690 1030
1744700 1025
1744710 1021
1744720 1017
1744730 1013
1744740 1009
1744750 1005
1744760 1001
1744770 998
1744780 997
1744790 996
1744800 997
1744810 999
1744820 1001
1744830 1003
1744840 1006
1744850 1008
1744860 1010
1744870 1012
1744880 1013
1744890 1015
1744900 1017
1744910 1019
1744920 1021
1744930 1024
1744940 1026
1744950 1028
1744960 1030
1744970 1032
1744980 1034
1744990 1036
1745000 1038
1745010 1039
1745020 1040
1745030 1041
1745040 1042
1745050 1042
1745060 1042
1745070 1042
1745080 1041
1745090 1041
1745100 1040
1745110 1040
1745120 1040
1745130 1039
1745140 1039
1745150 1038
1745160 1037
1745170 1037
1745180 1036
1745190 1035
1745200 1035
1745210 1034
1745220 1033
1745230 1033
1745240 1032
1745250 1031
1745260 1031
1745270 1030
1745280 1029
1745290 1029
1745300 1028
1745310 1027
1745320 1026
1745330 1026
1745340 1025
1745350 1024
1745360 1024
1745370 1023
1745380 1023
1745390 1022
1745400 1022
1745410 1021
1745420 1021
1745430 1020
1745440 1019
1745450 1018
1745460 1017
1745470 1015
1745480 1014
1745490 1013
1745500 1012
1745510 1011
1745520 1011
1745530 1010
1745540 1009
1745550 1008
1745560 1007
1745570 1006
1745580 1004
1745590 1003
1745600 1001
1745610 999
1745620 998
1745630 996
1745640 994
1745650 992
1745660 990
1745670 988
1745680 987
1745690 987
1745700 986
1745710 986
1745720 986
1745730 986
1745740 986
1745750 986
1745760 987
1745770 987
1745780 987
1745790 987
1745800 987
1745810 987
1745820 987
1745830 988
1745840 988
1745850 989
1745860 989
1745870 990
1745880 991
1745890 991
1745900 991
1745910 992
1745920 992
1745930 993
1745940 993
1745950 994
1745960 994
1745970 995
1745980 996
1745990 996
1746000 997
1746010 997
1746020 998
1746030 999
1746040 1000
1746050 1001
1746060 1002
1746070 1003
1746080 1003
1746090 1004
1746100 1005
1746110 1005
1746120 1005
1746130 1006
1746140 1006
1746150 1006
1746160 1006
1746170 1006
1746180 1006
1746190 1006
1746200 1006
1746210 1006
1746220 1006
1746230 1006
1746240 1007
1746250 1007
1746260 1007
1746270 1007
1746280 1006
1746290 1006
1746300 1006
1746310 1006
1746320 1006
1746330 1006
1746340 1006
1746350 1005
1746360 1005
1746370 1004
1746380 1004
1746390 1003
1746400 1002
1746410 1001
1746420 1000
1746430 1000
1746440 999
1746450 999
1746460 998
1746470 998
1746480 998
1746490 997
1746500 997
1746510 996
1746520 996
1746530 995
1746540 995
1746550 994
1746560 994
1746570 993
1746580 993
1746590 992
1746600 992
1746610 991
1746620 990
1746630 990
1746640 989
1746650 988
1746660 987
1746670 987
1746680 986
1746690 985
1746700 985
1746710 984
1746720 983
1746730 983
1746740 982
1746750 980
1746760 979
1746770 978
1746780 976
1746790 976
1746800 975
1746810 974
1746820 973
1746830 972
1746840 971
1746850 970
1746860 968
1746870 966
1746880 964
1746890 963
1746900 962
1746910 960
1746920 958
1746930 955
1746940 952
1746950 950
1746960 947
1746970 945
1746980 943
1746990 941
1747000 939
1747010 937
1747020 935
1747030 933
1747040 930
1747050 928
1747060 927
1747070 926
1747080 925
1747090 925
1747100 924
1747110 923
1747120 921
1747130 920
1747140 918
1747150 917
1747160 916
1747170 916
1747180 917
1747190 919
1747200 922
1747210 925
1747220 927
1747230 930
1747240 933
1747250 936
1747260 939
1747270 942
1747280 944
1747290 947
1747300 950
1747310 952
1747320 954
1747330 955
1747340 956
1747350 956
1747360 955
1747370 954
1747380 953
1747390 952
1747400 951
1747410 950
1747420 949
1747430 948
1747440 945
1747450 942
1747460 938
1747470 934
1747480 929
1747490 924
1747500 920
1747510 916
1747520 911
1747530 907
1747540 903
1747550 899
1747560 894
1747570 890
1747580 886
1747590 883
1747600 880
1747610 878
1747620 880
1747630 882
1747640 884
1747650 886
1747660 888
1747670 890
1747680 890
1747690 889
1747700 888
1747710 888
1747720 888
1747730 890
1747740 892
1747750 895
1747760 898
1747770 901
1747780 904
1747790 907
1747800 911
1747810 913
1747820 916
1747830 918
1747840 920
1747850 923
1747860 927
1747870 931
1747880 936
1747890 941
1747900 946
1747910 950
1747920 955
1747930 959
1747940 964
1747950 968
1747960 973
1747970 978
1747980 983
1747990 987
1748000 992
1748010 996
1748020 1001
1748030 1005
1748040 1009
1748050 1013
1748060 1015
1748070 1013
1748080 1011
1748090 1009
1748100 1006
1748110 1004
1748120 1002
1748130 999
1748140 997
1748150 995
1748160 993
1748170 991
1748180 989
1748190 987
1748200 985
1748210 982
1748220 980
1748230 977
1748240 974
1748250 971
1748260 968
1748270 966
1748280 963
1748290 960
1748300 956
1748310 953
1748320 950
1748330 947
1748340 944
1748350 940
1748360 937
1748370 934
1748380 932
1748390 929
1748400 926
1748410 923
1748420 919
1748430 916
1748440 913
1748450 910
1748460 907
1748470 904
1748480 901
1748490 898
1748500 895
1748510 892
1748520 889
1748530 886
1748540 883
1748550 880
1748560 878
1748570 875
1748580 873
1748590 870
1748600 867
1748610 865
1748620 862
1748630 859
1748640 855
1748650 852
1748660 848
1748670 845
1748680 842
1748690 839
1748700 836
1748710 832
1748720 827
1748730 822
1748740 817
1748750 813
1748760 808
1748770 805
1748780 801
1748790 797
1748800 792
1748810 788
1748820 784
1748830 780
1748840 776
1748850 772
1748860 768
1748870 763
1748880 759
1748890 754
1748900 748
1748910 742
1748920 738
1748930 734
1748940 731
1748950 729
1748960 726
1748970 721
1748980 717
1748990 713
1749000 710
1749010 707
1749020 707
1749030 707
1749040 705
1749050 703
1749060 700
1749070 698
1749080 697
1749090 696
1749100 694
1749110 691
1749120 688
1749130 684
1749140 682
1749150 679
1749160 677
1749170 674
1749180 671
1749190 670
1749200 668
1749210 665
1749220 662
1749230 660
1749240 658
1749250 658
1749260 657
1749270 657
1749280 656
1749290 655
1749300 654
1749310 654
1749320 653
1749330 652
1749340 651
1749350 650
1749360 649
1749370 648
1749380 648
1749390 649
1749400 649
1749410 650
1749420 651
1749430 653
1749440 654
1749450 655
1749460 656
1749470 657
1749480 657
1749490 658
1749500 659
1749510 661
1749520 663
1749530 664
1749540 665
1749550 667
1749560 669
1749570 672
1749580 678
1749590 682
1749600 682
1749610 679
1749620 677
1749630 675
1749640 671
1749650 668
1749660 666
1749670 663
1749680 660
1749690 657
1749700 654
1749710 651
1749720 649
1749730 647
1749740 646
1749750 646
1749760 647
1749770 648
1749780 648
1749790 649
1749800 649
1749810 649
1749820 649
1749830 649
1749840 649
1749850 650
1749860 651
1749870 652
1749880 653
1749890 656
1749900 658
1749910 660
1749920 660
1749930 659
1749940 657
1749950 655
1749960 653
1749970 651
1749980 650
1749990 648
1750000 646
1750010 643
1750020 640
1750030 637
1750040 635
1750050 633
1750060 630
1750070 628
1750080 625
1750090 622
1750100 619
1750110 616
1750120 612
1750130 608
1750140 604
1750150 600
1750160 595
1750170 590
1750180 584
1750190 577
1750200 570
1750210 564
1750220 558
1750230 553
1750240 548
1750250 543
1750260 539
1750270 534
1750280 530
1750290 525
1750300 520
1750310 516
1750320 512
1750330 508
1750340 504
1750350 501
1750360 498
1750370 495
1750380 492
1750390 490
1750400 486
1750410 486
1750420 485
1750430 485
1750440 485
1750450 484
1750460 483
1750470 484
1750480 486
1750490 489
1750500 495
1750510 501
1750520 507
1750530 514
1750540 522
1750550 531
1750560 537
1750570 543
1750580 548
1750590 553
1750600 558
1750610 564
1750620 570
1750630 574
1750640 578
1750650 582
1750660 585
1750670 588
1750680 591
1750690 594
1750700 597
1750710 599
1750720 602
1750730 605
1750740 608
1750750 611
1750760 614
1750770 618
1750780 622
1750790 627
1750800 631
1750810 635
1750820 639
1750830 646
1750840 651
1750850 654
1750860 655
1750870 655
1750880 655
1750890 655
1750900 655
1750910 656
1750920 656
1750930 656
1750940 657
1750950 658
1750960 659
1750970 660
1750980 660
1750990 661
1751000 661
1751010 662
1751020 663
1751030 664
1751040 665
1751050 666
1751060 667
1751070 668
1751080 668
1751090 668
1751100 668
1751110 668
1751120 667
1751130 666
1751140 664
1751150 663
1751160 661
1751170 661
1751180 660
1751190 659
1751200 657
1751210 655
1751220 653
1751230 650
1751240 646
1751250 643
1751260 640
1751270 638
1751280 635
1751290 633
1751300 631
1751310 628
1751320 625
1751330 623
1751340 620
1751350 618
1751360 617
1751370 615
1751380 614
1751390 612
1751400 610
1751410 608
1751420 606
1751430 604
1751440 602
1751450 600
1751460 598
1751470 595
1751480 593
1751490 591
1751500 589
1751510 586
1751520 584
1751530 581
1751540 579
1751550 576
1751560 574
1751570 571
1751580 569
1751590 566
1751600 564
1751610 561
1751620 558
1751630 556
1751640 553
1751650 551
1751660 549
1751670 547
1751680 546
1751690 545
1751700 544
1751710 542
1751720 539
1751730 535
1751740 531
1751750 530
1751760 529
1751770 530
1751780 532
1751790 535
1751800 538
1751810 541
1751820 544
1751830 546
1751840 548
1751850 549
1751860 551
1751870 551
1751880 552
1751890 553
1751900 553
1751910 552
1751920 552
1751930 552
1751940 551
1751950 552
1751960 551
1751970 550
1751980 548
1751990 547
1752000 546
1752010 545
1752020 544
1752030 543
1752040 542
1752050 541
1752060 540
1752070 538
1752080 537
1752090 536
1752100 535
1752110 534
1752120 531
1752130 528
1752140 526
1752150 525
1752160 525
1752170 526
1752180 526
1752190 526
1752200 525
1752210 524
1752220 525
1752230 526
1752240 526
1752250 526
1752260 527
1752270 528
1752280 528
1752290 529
1752300 529
1752310 529
1752320 530
1752330 531
1752340 532
1752350 533
1752360 534
1752370 536
1752380 538
1752390 540
1752400 541
1752410 543
1752420 544
1752430 546
1752440 547
1752450 549
1752460 551
1752470 553
1752480 554
1752490 556
1752500 557
1752510 559
1752520 560
1752530 562
1752540 563
1752550 564
1752560 565
1752570 566
1752580 566
1752590 567
1752600 567
1752610 566
1752620 565
1752630 563
1752640 560
1752650 558
1752660 557
1752670 557
1752680 557
1752690 558
1752700 559
1752710 559
1752720 560
1752730 561
1752740 562
1752750 563
1752760 564
1752770 565
1752780 567
1752790 568
1752800 570
1752810 572
1752820 573
1752830 575
1752840 576
1752850 577
1752860 579
1752870 580
1752880 581
1752890 583
1752900 584
1752910 585
1752920 587
1752930 588
1752940 590
1752950 592
1752960 594
1752970 596
1752980 599
1752990 602
1753000 605
1753010 609
1753020 611
1753030 614
1753040 616
1753050 617
1753060 618
1753070 619
1753080 620
1753090 621
1753100 621
1753110 622
1753120 621
1753130 620
1753140 618
1753150 617
1753160 616
1753170 617
1753180 617
1753190 618
1753200 619
1753210 621
1753220 624
1753230 626
1753240 629
1753250 632
1753260 634
1753270 635
1753280 637
1753290 639
1753300 640
1753310 642
1753320 644
1753330 646
1753340 649
1753350 651
1753360 654
1753370 656
1753380 658
1753390 661
1753400 663
1753410 666
1753420 669
1753430 672
1753440 675
1753450 678
1753460 681
1753470 684
1753480 687
1753490 690
1753500 693
1753510 696
1753520 699
1753530 702
1753540 704
1753550 707
1753560 710
1753570 714
1753580 717
1753590 720
1753600 724
1753610 728
1753620 731
1753630 734
1753640 736
1753650 740
1753660 744
1753670 748
1753680 755
1753690 757
1753700 758
1753710 762
1753720 766
1753730 769
1753740 769
1753750 769
1753760 768
1753770 767
1753780 767
1753790 769
1753800 772
1753810 773
1753820 773
1753830 769
1753840 765
1753850 761
1753860 756
1753870 751
1753880 747
1753890 744
1753900 741
1753910 739
1753920 737
1753930 734
1753940 730
1753950 727
1753960 724
1753970 722
1753980 721
1753990 720
1754000 719
1754010 718
1754020 718
1754030 718
1754040 717
1754050 715
1754060 713
1754070 712
1754080 711
1754090 709
1754100 708
1754110 705
1754120 703
1754130 700
1754140 701
1754150 703
1754160 706
1754170 707
1754180 707
1754190 707
1754200 707
1754210 707
1754220 707
1754230 706
1754240 706
1754250 706
1754260 705
1754270 705
1754280 705
1754290 706
1754300 707
1754310 709
1754320 710
1754330 713
1754340 717
1754350 720
1754360 724
1754370 727
1754380 730
1754390 734
1754400 737
1754410 740
1754420 744
1754430 748
1754440 752
1754450 757
1754460 762
1754470 766
1754480 769
1754490 773
1754500 776
1754510 779
1754520 781
1754530 783
1754540 786
1754550 788
1754560 791
1754570 791
1754580 791
1754590 790
1754600 788
1754610 786
1754620 784
1754630 782
1754640 780
1754650 777
1754660 774
1754670 770
1754680 766
1754690 762
1754700 758
1754710 754
1754720 751
1754730 747
1754740 744
1754750 743
1754760 742
1754770 744
1754780 745
1754790 747
1754800 748
1754810 750
1754820 751
1754830 752
1754840 754
1754850 755
1754860 756
1754870 756
1754880 756
1754890 755
1754900 752
1754910 750
1754920 746
1754930 745
1754940 744
1754950 744
1754960 745
1754970 746
1754980 748
1754990 751
1755000 754
1755010 758
1755020 762
1755030 766
1755040 769
1755050 774
1755060 778
1755070 782
1755080 786
1755090 790
1755100 795
1755110 799
1755120 803
1755130 807
1755140 811
1755150 815
1755160 819
1755170 822
1755180 826
1755190 829
1755200 831
1755210 834
1755220 836
1755230 837
1755240 838
1755250 839
1755260 840
1755270 840
1755280 841
1755290 841
1755300 841
1755310 841
1755320 841
1755330 841
1755340 841
1755350 841
1755360 840
1755370 838
1755380 834
1755390 830
1755400 826
1755410 821
1755420 817
1755430 813
1755440 809
1755450 805
1755460 802
1755470 799
1755480 797
1755490 795
1755500 794
1755510 794
1755520 795
1755530 796
1755540 796
1755550 797
1755560 798
1755570 799
1755580 800
1755590 801
1755600 801
1755610 803
1755620 804
1755630 805
1755640 806
1755650 808
1755660 809
1755670 811
1755680 812
1755690 814
1755700 815
1755710 817
1755720 818
1755730 819
1755740 821
1755750 822
1755760 824
1755770 825
1755780 826
1755790 826
1755800 827
1755810 828
1755820 829
1755830 830
1755840 832
1755850 834
1755860 836
1755870 838
1755880 841
1755890 843
1755900 846
1755910 848
1755920 849
1755930 847
1755940 844
1755950 840
1755960 835
1755970 830
1755980 826
1755990 823
1756000 819
1756010 816
1756020 812
1756030 809
1756040 805
1756050 802
1756060 798
1756070 795
1756080 791
1756090 788
1756100 784
1756110 781
1756120 777
1756130 774
1756140 770
1756150 766
1756160 763
1756170 759
1756180 755
1756190 751
1756200 748
1756210 745
1756220 743
1756230 741
1756240 739
1756250 736
1756260 734
1756270 733
1756280 733
1756290 732
1756300 732
1756310 732
1756320 731
1756330 729
1756340 727
1756350 723
1756360 723
1756370 724
1756380 727
1756390 731
1756400 734
1756410 736
1756420 738
1756430 739
1756440 741
1756450 742
1756460 743
1756470 744
1756480 744
1756490 742
1756500 740
1756510 736
1756520 733
1756530 730
1756540 728
1756550 727
1756560 728
1756570 729
1756580 732
1756590 734
1756600 738
1756610 741
1756620 744
1756630 746
1756640 749
1756650 752
1756660 755
1756670 757
1756680 759
1756690 761
1756700 764
1756710 766
1756720 768
1756730 771
1756740 773
1756750 776
1756760 779
1756770 781
1756780 783
1756790 785
1756800 786
1756810 787
1756820 787
1756830 789
1756840 791
1756850 794
1756860 798
1756870 801
1756880 805
1756890 808
1756900 812
1756910 816
1756920 819
1756930 823
1756940 827
1756950 830
1756960 834
1756970 837
1756980 839
1756990 838
1757000 835
1757010 831
1757020 828
1757030 825
1757040 822
1757050 820
1757060 818
1757070 818
1757080 818
1757090 819
1757100 819
1757110 820
1757120 819
1757130 819
1757140 818
1757150 816
1757160 814
1757170 810
1757180 807
1757190 803
1757200 799
1757210 795
1757220 791
1757230 788
1757240 785
1757250 782
1757260 779
1757270 776
1757280 773
1757290 770
1757300 767
1757310 764
1757320 762
1757330 761
1757340 759
1757350 758
1757360 757
1757370 756
1757380 754
1757390 753
1757400 752
1757410 750
1757420 748
1757430 746
1757440 744
1757450 741
1757460 738
1757470 735
1757480 733
1757490 730
1757500 727
1757510 723
1757520 720
1757530 716
1757540 712
1757550 708
1757560 705
1757570 703
1757580 701
1757590 700
1757600 699
1757610 699
1757620 699
1757630 698
1757640 697
1757650 696
1757660 694
1757670 692
1757680 690
1757690 688
1757700 687
1757710 685
1757720 684
1757730 683
1757740 683
1757750 682
1757760 682
1757770 683
1757780 683
1757790 682
1757800 682
1757810 680
1757820 679
1757830 676
1757840 674
1757850 671
1757860 668
1757870 665
1757880 664
1757890 663
1757900 663
1757910 665
1757920 667
1757930 670
1757940 674
1757950 677
1757960 680
1757970 682
1757980 684
1757990 686
1758000 687
1758010 689
1758020 690
1758030 691
1758040 692
1758050 693
1758060 694
1758070 695
1758080 695
1758090 694
1758100 693
1758110 691
1758120 688
1758130 684
1758140 680
1758150 677
1758160 674
1758170 672
1758180 669
1758190 666
1758200 664
1758210 663
1758220 663
1758230 662
1758240 663
1758250 664
1758260 665
1758270 667
1758280 668
1758290 671
1758300 673
1758310 676
1758320 678
1758330 681
1758340 682
1758350 684
1758360 686
1758370 688
1758380 690
1758390 691
1758400 692
1758410 693
1758420 693
1758430 692
1758440 691
1758450 692
1758460 692
1758470 693
1758480 692
1758490 691
1758500 689
1758510 687
1758520 685
1758530 684
1758540 684
1758550 684
1758560 685
1758570 686
1758580 687
1758590 689
1758600 691
1758610 693
1758620 695
1758630 697
1758640 699
1758650 700
1758660 701
1758670 701
1758680 702
1758690 702
1758700 702
1758710 701
1758720 701
1758730 701
1758740 700
1758750 698
1758760 696
1758770 693
1758780 690
1758790 688
1758800 685
1758810 684
1758820 684
1758830 685
1758840 685
1758850 686
1758860 687
1758870 687
1758880 688
1758890 689
1758900 689
1758910 689
1758920 689
1758930 688
1758940 688
1758950 688
1758960 688
1758970 688
1758980 688
1758990 689
1759000 691
1759010 692
1759020 693
1759030 693
1759040 694
1759050 694
1759060 694
1759070 695
1759080 695
1759090 695
1759100 695
1759110 695
1759120 695
1759130 696
1759140 696
1759150 697
1759160 697
1759170 697
1759180 697
1759190 697
1759200 697
1759210 696
1759220 696
1759230 695
1759240 695
1759250 694
1759260 694
1759270 693
1759280 692
1759290 691
1759300 690
1759310 690
1759320 689
1759330 688
1759340 687
1759350 686
1759360 684
1759370 681
1759380 679
1759390 678
1759400 677
1759410 676
1759420 676
1759430 676
1759440 675
1759450 675
1759460 672
1759470 669
1759480 665
1759490 662
1759500 660
1759510 658
1759520 656
1759530 654
1759540 651
1759550 650
1759560 648
1759570 647
1759580 645
1759590 644
1759600 642
1759610 640
1759620 638
1759630 636
1759640 635
1759650 633
1759660 631
1759670 628
1759680 626
1759690 624
1759700 622
1759710 620
1759720 619
1759730 617
1759740 616
1759750 615
1759760 614
1759770 613
1759780 612
1759790 612
1759800 611
1759810 610
1759820 608
1759830 605
1759840 603
1759850 601
1759860 600
1759870 598
1759880 596
1759890 593
1759900 591
1759910 588
1759920 586
1759930 584
1759940 582
1759950 579
1759960 578
1759970 575
1759980 573
1759990 572
