1740000 608
1740010 611
1740020 615
1740030 620
1740040 624
1740050 629
1740060 633
1740070 637
1740080 640
1740090 644
1740100 648
1740110 652
1740120 656
1740130 660
1740140 664
1740150 668
1740160 672
1740170 676
1740180 680
1740190 684
1740200 688
1740210 692
1740220 695
1740230 698
1740240 701
1740250 703
1740260 705
1740270 706
1740280 708
1740290 709
1740300 709
1740310 709
1740320 709
1740330 709
1740340 709
1740350 709
1740360 708
1740370 708
1740380 708
1740390 708
1740400 708
1740410 708
1740420 708
1740430 708
1740440 708
1740450 707
1740460 707
1740470 707
1740480 706
1740490 705
1740500 704
1740510 703
1740520 702
1740530 700
1740540 698
1740550 697
1740560 695
1740570 693
1740580 692
1740590 690
1740600 689
1740610 691
1740620 694
1740630 698
1740640 702
1740650 706
1740660 711
1740670 715
1740680 719
1740690 723
1740700 727
1740710 731
1740720 735
1740730 739
1740740 742
1740750 746
1740760 749
1740770 753
1740780 756
1740790 759
1740800 762
1740810 765
1740820 768
1740830 771
1740840 774
1740850 777
1740860 780
1740870 783
1740880 786
1740890 789
1740900 792
1740910 795
1740920 798
1740930 801
1740940 804
1740950 807
1740960 810
1740970 812
1740980 815
1740990 817
1741000 820
1741010 822
1741020 824
1741030 826
1741040 827
1741050 829
1741060 830
1741070 831
1741080 833
1741090 835
1741100 838
1741110 840
1741120 843
1741130 846
1741140 850
1741150 853
1741160 856
1741170 859
1741180 861
1741190 862
1741200 862
1741210 861
1741220 861
1741230 860
1741240 858
1741250 856
1741260 853
1741270 850
1741280 847
1741290 845
1741300 844
1741310 844
1741320 844
1741330 844
1741340 844
1741350 843
1741360 842
1741370 841
1741380 839
1741390 837
1741400 836
1741410 834
1741420 834
1741430 833
1741440 832
1741450 831
1741460 830
1741470 829
1741480 828
1741490 827
1741500 826
1741510 825
1741520 824
1741530 822
1741540 821
1741550 819
1741560 818
1741570 816
1741580 814
1741590 812
1741600 810
1741610 808
1741620 805
1741630 802
1741640 799
1741650 796
1741660 793
1741670 789
1741680 784
1741690 780
1741700 775
1741710 771
1741720 767
1741730 763
1741740 758
1741750 754
1741760 750
1741770 749
1741780 749
1741790 750
1741800 751
1741810 751
1741820 752
1741830 752
1741840 752
1741850 752
1741860 751
1741870 748
1741880 744
1741890 740
1741900 736
1741910 731
1741920 727
1741930 723
1741940 719
1741950 714
1741960 710
1741970 706
1741980 702
1741990 700
1742000 700
1742010 700
1742020 700
1742030 700
1742040 702
1742050 704
1742060 707
1742070 709
1742080 712
1742090 715
1742100 716
1742110 717
1742120 716
1742130 716
1742140 715
1742150 714
1742160 712
1742170 711
1742180 711
1742190 710
1742200 709
1742210 708
1742220 708
1742230 708
1742240 707
1742250 707
1742260 706
1742270 706
1742280 706
1742290 706
1742300 706
1742310 706
1742320 706
1742330 706
1742340 706
1742350 706
1742360 706
1742370 707
1742380 707
1742390 708
1742400 710
1742410 711
1742420 712
1742430 713
1742440 715
1742450 716
1742460 717
1742470 718
1742480 720
1742490 721
1742500 724
1742510 727
1742520 730
1742530 734
1742540 738
1742550 742
1742560 746
1742570 750
1742580 755
1742590 759
1742600 763
1742610 768
1742620 772
1742630 777
1742640 781
1742650 786
1742660 790
1742670 794
1742680 798
1742690 803
1742700 807
1742710 811
1742720 815
1742730 820
1742740 824
1742750 829
1742760 833
1742770 837
1742780 841
1742790 845
1742800 850
1742810 854
1742820 858
1742830 862
1742840 867
1742850 871
1742860 875
1742870 880
1742880 884
1742890 888
1742900 892
1742910 896
1742920 900
1742930 904
1742940 909
1742950 913
1742960 917
1742970 921
1742980 925
1742990 929
1743000 933
1743010 936
1743020 939
1743030 941
1743040 942
1743050 943
1743060 942
1743070 939
1743080 937
1743090 934
1743100 930
1743110 927
1743120 923
1743130 920
1743140 916
1743150 912
1743160 908
1743170 904
1743180 900
1743190 897
1743200 893
1743210 890
1743220 886
1743230 883
1743240 879
1743250 876
1743260 873
1743270 870
1743280 866
1743290 863
1743300 861
1743310 859
1743320 856
1743330 854
1743340 852
1743350 849
1743360 846
1743370 843
1743380 840
1743390 837
1743400 834
1743410 830
1743420 826
1743430 822
1743440 818
1743450 814
1743460 810
1743470 806
1743480 802
1743490 798
1743500 795
1743510 791
1743520 787
1743530 784
1743540 782
1743550 779
1743560 779
1743570 778
1743580 777
1743590 777
1743600 772
1743610 763
1743620 751
1743630 743
1743640 737
1743650 732
1743660 727
1743670 722
1743680 717
1743690 712
1743700 708
1743710 703
1743720 698
1743730 693
1743740 689
1743750 684
1743760 679
1743770 675
1743780 670
1743790 665
1743800 660
1743810 655
1743820 652
1743830 649
1743840 647
1743850 644
1743860 642
1743870 641
1743880 641
1743890 642
1743900 645
1743910 647
1743920 649
1743930 649
1743940 647
1743950 645
1743960 644
1743970 644
1743980 646
1743990 650
1744000 654
1744010 658
1744020 660
1744030 661
1744040 661
1744050 661
1744060 662
1744070 663
1744080 664
1744090 665
1744100 665
1744110 664
1744120 663
1744130 662
1744140 661
1744150 660
1744160 659
1744170 658
1744180 657
1744190 656
1744200 654
1744210 653
1744220 650
1744230 647
1744240 644
1744250 641
1744260 640
1744270 640
1744280 641
1744290 644
1744300 649
1744310 655
1744320 659
1744330 663
1744340 666
1744350 668
1744360 671
1744370 673
1744380 676
1744390 679
1744400 682
1744410 685
1744420 688
1744430 692
1744440 694
1744450 697
1744460 700
1744470 702
1744480 705
1744490 707
1744500 710
1744510 713
1744520 716
1744530 718
1744540 721
1744550 724
1744560 726
1744570 729
1744580 733
1744590 736
1744600 739
1744610 741
1744620 744
1744630 747
1744640 749
1744650 752
1744660 754
1744670 757
1744680 760
1744690 762
1744700 764
1744710 767
1744720 770
1744730 774
1744740 777
1744750 781
1744760 786
1744770 790
1744780 792
1744790 792
1744800 790
1744810 788
1744820 786
1744830 785
1744840 784
1744850 783
1744860 783
1744870 783
1744880 783
1744890 783
1744900 783
1744910 783
1744920 784
1744930 784
1744940 784
1744950 784
1744960 785
1744970 785
1744980 785
1744990 785
1745000 786
1745010 786
1745020 787
1745030 787
1745040 788
1745050 789
1745060 789
1745070 789
1745080 789
1745090 789
1745100 788
1745110 786
1745120 783
1745130 781
1745140 777
1745150 773
1745160 768
1745170 769
1745180 771
1745190 776
1745200 782
1745210 788
1745220 794
1745230 799
1745240 805
1745250 810
1745260 815
1745270 819
1745280 824
1745290 830
1745300 834
1745310 839
1745320 842
1745330 844
1745340 847
1745350 850
1745360 853
1745370 855
1745380 858
1745390 861
1745400 864
1745410 867
1745420 870
1745430 873
1745440 875
1745450 878
1745460 881
1745470 884
1745480 888
1745490 891
1745500 894
1745510 897
1745520 900
1745530 903
1745540 906
1745550 909
1745560 914
1745570 918
1745580 923
1745590 926
1745600 928
1745610 931
1745620 933
1745630 936
1745640 939
1745650 943
1745660 946
1745670 949
1745680 952
1745690 953
1745700 954
1745710 954
1745720 954
1745730 954
1745740 954
1745750 955
1745760 955
1745770 955
1745780 955
1745790 954
1745800 953
1745810 951
1745820 949
1745830 948
1745840 948
1745850 949
1745860 951
1745870 953
1745880 955
1745890 957
1745900 960
1745910 963
1745920 966
1745930 969
1745940 972
1745950 975
1745960 977
1745970 979
1745980 981
1745990 984
1746000 986
1746010 989
1746020 992
1746030 995
1746040 999
1746050 1003
1746060 1007
1746070 1010
1746080 1014
1746090 1019
1746100 1023
1746110 1029
1746120 1034
1746130 1040
1746140 1045
1746150 1050
1746160 1056
1746170 1062
1746180 1069
1746190 1076
1746200 1081
1746210 1087
1746220 1092
1746230 1096
1746240 1100
1746250 1104
1746260 1109
1746270 1115
1746280 1120
1746290 1125
1746300 1129
1746310 1134
1746320 1139
1746330 1144
1746340 1149
1746350 1154
1746360 1159
1746370 1163
1746380 1167
1746390 1171
1746400 1175
1746410 1179
1746420 1182
1746430 1186
1746440 1189
1746450 1193
1746460 1197
1746470 1201
1746480 1205
1746490 1209
1746500 1213
1746510 1217
1746520 1222
1746530 1227
1746540 1232
1746550 1237
1746560 1242
1746570 1248
1746580 1254
1746590 1260
1746600 1266
1746610 1270
1746620 1275
1746630 1278
1746640 1282
1746650 1286
1746660 1290
1746670 1294
1746680 1297
1746690 1296
1746700 1295
1746710 1292
1746720 1289
1746730 1286
1746740 1282
1746750 1278
1746760 1274
1746770 1269
1746780 1265
1746790 1261
1746800 1256
1746810 1252
1746820 1248
1746830 1245
1746840 1241
1746850 1238
1746860 1234
1746870 1231
1746880 1227
1746890 1224
1746900 1221
1746910 1217
1746920 1214
1746930 1212
1746940 1209
1746950 1207
1746960 1205
1746970 1203
1746980 1201
1746990 1199
1747000 1196
1747010 1193
1747020 1190
1747030 1187
1747040 1184
1747050 1181
1747060 1179
1747070 1177
1747080 1175
1747090 1173
1747100 1171
1747110 1170
1747120 1168
1747130 1166
1747140 1165
1747150 1164
1747160 1162
1747170 1161
1747180 1160
1747190 1159
1747200 1158
1747210 1157
1747220 1156
1747230 1155
1747240 1154
1747250 1153
1747260 1151
1747270 1149
1747280 1148
1747290 1146
1747300 1144
1747310 1142
1747320 1139
1747330 1137
1747340 1134
1747350 1131
1747360 1129
1747370 1127
1747380 1125
1747390 1123
1747400 1121
1747410 1119
1747420 1117
1747430 1115
1747440 1114
1747450 1112
1747460 1110
1747470 1108
1747480 1106
1747490 1104
1747500 1101
1747510 1099
1747520 1097
1747530 1096
1747540 1094
1747550 1092
1747560 1091
1747570 1089
1747580 1087
1747590 1086
1747600 1084
1747610 1083
1747620 1082
1747630 1081
1747640 1080
1747650 1079
1747660 1078
1747670 1077
1747680 1075
1747690 1074
1747700 1073
1747710 1073
1747720 1072
1747730 1072
1747740 1071
1747750 1072
1747760 1072
1747770 1072
1747780 1073
1747790 1074
1747800 1074
1747810 1074
1747820 1074
1747830 1074
1747840 1075
1747850 1075
1747860 1076
1747870 1076
1747880 1076
1747890 1076
1747900 1076
1747910 1076
1747920 1076
1747930 1075
1747940 1075
1747950 1073
1747960 1071
1747970 1069
1747980 1067
1747990 1064
1748000 1061
1748010 1058
1748020 1056
1748030 1054
1748040 1052
1748050 1052
1748060 1051
1748070 1051
1748080 1051
1748090 1051
1748100 1052
1748110 1053
1748120 1054
1748130 1056
1748140 1056
1748150 1057
1748160 1058
1748170 1059
1748180 1060
1748190 1061
1748200 1060
1748210 1060
1748220 1059
1748230 1059
1748240 1058
1748250 1057
1748260 1056
1748270 1055
1748280 1054
1748290 1053
1748300 1052
1748310 1052
1748320 1051
1748330 1051
1748340 1050
1748350 1050
1748360 1049
1748370 1048
1748380 1048
1748390 1047
1748400 1046
1748410 1046
1748420 1045
1748430 1044
1748440 1043
1748450 1041
1748460 1040
1748470 1039
1748480 1037
1748490 1036
1748500 1034
1748510 1033
1748520 1032
1748530 1031
1748540 1029
1748550 1028
1748560 1026
1748570 1025
1748580 1023
1748590 1021
1748600 1020
1748610 1018
1748620 1017
1748630 1015
1748640 1014
1748650 1013
1748660 1012
1748670 1011
1748680 1010
1748690 1009
1748700 1007
1748710 1006
1748720 1005
1748730 1003
1748740 1002
1748750 1000
1748760 998
1748770 997
1748780 995
1748790 994
1748800 992
1748810 990
1748820 989
1748830 987
1748840 984
1748850 982
1748860 980
1748870 979
1748880 977
1748890 974
1748900 972
1748910 970
1748920 968
1748930 966
1748940 965
1748950 963
1748960 962
1748970 960
1748980 958
1748990 955
1749000 953
1749010 950
1749020 947
1749030 945
1749040 942
1749050 939
1749060 936
1749070 933
1749080 930
1749090 926
1749100 923
1749110 919
1749120 916
1749130 912
1749140 908
1749150 904
1749160 900
1749170 897
1749180 894
1749190 891
1749200 887
1749210 884
1749220 881
1749230 878
1749240 875
1749250 871
1749260 868
1749270 864
1749280 861
1749290 857
1749300 854
1749310 850
1749320 848
1749330 845
1749340 843
1749350 840
1749360 838
1749370 835
1749380 833
1749390 831
1749400 829
1749410 826
1749420 824
1749430 821
1749440 819
1749450 816
1749460 814
1749470 811
1749480 809
1749490 806
1749500 803
1749510 800
1749520 797
1749530 793
1749540 790
1749550 787
1749560 784
1749570 781
1749580 778
1749590 775
1749600 773
1749610 770
1749620 766
1749630 763
1749640 759
1749650 757
1749660 753
1749670 749
1749680 744
1749690 741
1749700 737
1749710 733
1749720 730
1749730 726
1749740 723
1749750 718
1749760 714
1749770 709
1749780 705
1749790 700
1749800 697
1749810 695
1749820 696
1749830 697
1749840 699
1749850 699
1749860 697
1749870 694
1749880 690
1749890 687
1749900 683
1749910 679
1749920 675
1749930 671
1749940 668
1749950 664
1749960 663
1749970 662
1749980 663
1749990 663
1750000 664
1750010 664
1750020 664
1750030 664
1750040 663
1750050 663
1750060 663
1750070 663
1750080 663
1750090 664
1750100 664
1750110 665
1750120 666
1750130 667
1750140 668
1750150 669
1750160 669
1750170 669
1750180 669
1750190 669
1750200 668
1750210 668
1750220 667
1750230 666
1750240 665
1750250 663
1750260 661
1750270 659
1750280 656
1750290 653
1750300 651
1750310 648
1750320 645
1750330 642
1750340 640
1750350 637
1750360 634
1750370 631
1750380 628
1750390 625
1750400 622
1750410 619
1750420 616
1750430 612
1750440 608
1750450 604
1750460 600
1750470 596
1750480 591
1750490 586
1750500 581
1750510 577
1750520 573
1750530 569
1750540 566
1750550 563
1750560 559
1750570 555
1750580 551
1750590 548
1750600 544
1750610 540
1750620 537
1750630 533
1750640 529
1750650 526
1750660 522
1750670 518
1750680 514
1750690 511
1750700 508
1750710 506
1750720 504
1750730 501
1750740 499
1750750 496
1750760 494
1750770 491
1750780 489
1750790 485
1750800 481
1750810 478
1750820 476
1750830 475
1750840 475
1750850 474
1750860 474
1750870 474
1750880 475
1750890 474
1750900 474
1750910 474
1750920 474
1750930 474
1750940 474
1750950 474
1750960 474
1750970 474
1750980 474
1750990 474
1751000 474
1751010 474
1751020 474
1751030 474
1751040 473
1751050 476
1751060 479
1751070 483
1751080 487
1751090 492
1751100 496
1751110 500
1751120 504
1751130 509
1751140 514
1751150 518
1751160 522
1751170 523
1751180 525
1751190 527
1751200 532
1751210 535
1751220 539
1751230 543
1751240 547
1751250 551
1751260 555
1751270 559
1751280 563
1751290 566
1751300 570
1751310 574
1751320 579
1751330 582
1751340 586
1751350 590
1751360 594
1751370 598
1751380 602
1751390 606
1751400 610
1751410 614
1751420 618
1751430 622
1751440 626
1751450 630
1751460 634
1751470 638
1751480 641
1751490 645
1751500 649
1751510 653
1751520 656
1751530 660
1751540 664
1751550 667
1751560 670
1751570 673
1751580 676
1751590 679
1751600 683
1751610 686
1751620 688
1751630 690
1751640 693
1751650 695
1751660 697
1751670 700
1751680 702
1751690 704
1751700 706
1751710 708
1751720 709
1751730 710
1751740 712
1751750 713
1751760 713
1751770 714
1751780 715
1751790 715
1751800 716
1751810 716
1751820 716
1751830 717
1751840 717
1751850 717
1751860 717
1751870 717
1751880 717
1751890 717
1751900 717
1751910 716
1751920 716
1751930 715
1751940 715
1751950 715
1751960 715
1751970 715
1751980 715
1751990 715
1752000 715
1752010 715
1752020 716
1752030 716
1752040 716
1752050 715
1752060 715
1752070 714
1752080 712
1752090 709
1752100 706
1752110 703
1752120 700
1752130 696
1752140 693
1752150 691
1752160 688
1752170 686
1752180 684
1752190 683
1752200 682
1752210 682
1752220 683
1752230 684
1752240 684
1752250 685
1752260 686
1752270 687
1752280 689
1752290 691
1752300 693
1752310 695
1752320 698
1752330 700
1752340 703
1752350 706
1752360 708
1752370 711
1752380 714
1752390 717
1752400 721
1752410 724
1752420 727
1752430 731
1752440 734
1752450 738
1752460 741
1752470 745
1752480 749
1752490 752
1752500 756
1752510 759
1752520 763
1752530 766
1752540 769
1752550 772
1752560 775
1752570 778
1752580 779
1752590 780
1752600 780
1752610 779
1752620 777
1752630 776
1752640 774
1752650 773
1752660 773
1752670 772
1752680 772
1752690 775
1752700 779
1752710 783
1752720 785
1752730 787
1752740 789
1752750 790
1752760 790
1752770 791
1752780 790
1752790 788
1752800 786
1752810 783
1752820 781
1752830 781
1752840 780
1752850 780
1752860 781
1752870 784
1752880 786
1752890 788
1752900 789
1752910 789
1752920 788
1752930 787
1752940 787
1752950 789
1752960 790
1752970 791
1752980 792
1752990 793
1753000 793
1753010 794
1753020 793
1753030 792
1753040 791
1753050 790
1753060 789
1753070 789
1753080 792
1753090 795
1753100 797
1753110 798
1753120 798
1753130 798
1753140 796
1753150 795
1753160 794
1753170 793
1753180 792
1753190 791
1753200 792
1753210 791
1753220 791
1753230 790
1753240 791
1753250 792
1753260 791
1753270 791
1753280 791
1753290 791
1753300 793
1753310 795
1753320 797
1753330 799
1753340 803
1753350 807
1753360 810
1753370 813
1753380 815
1753390 815
1753400 816
1753410 814
1753420 814
1753430 814
1753440 816
1753450 819
1753460 824
1753470 829
1753480 835
1753490 841
1753500 846
1753510 850
1753520 853
1753530 857
1753540 861
1753550 866
1753560 871
1753570 876
1753580 881
1753590 886
1753600 890
1753610 893
1753620 897
1753630 900
1753640 904
1753650 907
1753660 911
1753670 915
1753680 918
1753690 922
1753700 926
1753710 930
1753720 933
1753730 937
1753740 940
1753750 943
1753760 946
1753770 950
1753780 953
1753790 955
1753800 958
1753810 960
1753820 962
1753830 963
1753840 963
1753850 964
1753860 964
1753870 964
1753880 963
1753890 963
1753900 962
1753910 962
1753920 961
1753930 961
1753940 960
1753950 959
1753960 959
1753970 958
1753980 957
1753990 956
1754000 955
1754010 954
1754020 953
1754030 952
1754040 950
1754050 949
1754060 948
1754070 946
1754080 944
1754090 943
1754100 941
1754110 940
1754120 938
1754130 936
1754140 934
1754150 932
1754160 929
1754170 925
1754180 922
1754190 918
1754200 914
1754210 910
1754220 907
1754230 903
1754240 900
1754250 896
1754260 893
1754270 890
1754280 887
1754290 884
1754300 882
1754310 880
1754320 878
1754330 875
1754340 873
1754350 872
1754360 871
1754370 870
1754380 869
1754390 868
1754400 867
1754410 867
1754420 866
1754430 865
1754440 864
1754450 863
1754460 862
1754470 861
1754480 860
1754490 858
1754500 857
1754510 856
1754520 854
1754530 853
1754540 851
1754550 850
1754560 849
1754570 847
1754580 846
1754590 844
1754600 843
1754610 842
1754620 840
1754630 839
1754640 838
1754650 837
1754660 836
1754670 835
1754680 834
1754690 833
1754700 831
1754710 829
1754720 827
1754730 826
1754740 824
1754750 823
1754760 822
1754770 820
1754780 819
1754790 818
1754800 816
1754810 814
1754820 813
1754830 812
1754840 811
1754850 810
1754860 809
1754870 809
1754880 808
1754890 807
1754900 807
1754910 806
1754920 805
1754930 804
1754940 804
1754950 804
1754960 805
1754970 805
1754980 805
1754990 806
1755000 806
1755010 806
1755020 806
1755030 806
1755040 807
1755050 806
1755060 806
1755070 805
1755080 804
1755090 802
1755100 799
1755110 796
1755120 793
1755130 790
1755140 786
1755150 783
1755160 781
1755170 777
1755180 774
1755190 770
1755200 767
1755210 762
1755220 758
1755230 754
1755240 750
1755250 746
1755260 743
1755270 742
1755280 743
1755290 746
1755300 749
1755310 753
1755320 757
1755330 762
1755340 766
1755350 770
1755360 774
1755370 776
1755380 776
1755390 775
1755400 773
1755410 770
1755420 768
1755430 765
1755440 762
1755450 758
1755460 755
1755470 751
1755480 747
1755490 743
1755500 740
1755510 736
1755520 732
1755530 728
1755540 723
1755550 719
1755560 715
1755570 711
1755580 707
1755590 703
1755600 699
1755610 695
1755620 692
1755630 688
1755640 684
1755650 680
1755660 677
1755670 674
1755680 672
1755690 671
1755700 671
1755710 673
1755720 676
1755730 679
1755740 682
1755750 685
1755760 689
1755770 692
1755780 696
1755790 700
1755800 703
1755810 707
1755820 711
1755830 715
1755840 719
1755850 723
1755860 726
1755870 730
1755880 734
1755890 738
1755900 742
1755910 747
1755920 753
1755930 756
1755940 760
1755950 763
1755960 767
1755970 772
1755980 777
1755990 782
1756000 787
1756010 792
1756020 798
1756030 802
1756040 805
1756050 807
1756060 810
1756070 813
1756080 816
1756090 819
1756100 821
1756110 823
1756120 824
1756130 825
1756140 824
1756150 822
1756160 819
1756170 816
1756180 813
1756190 810
1756200 807
1756210 803
1756220 800
1756230 796
1756240 792
1756250 789
1756260 785
1756270 783
1756280 781
1756290 779
1756300 779
1756310 781
1756320 783
1756330 785
1756340 788
1756350 791
1756360 794
1756370 797
1756380 800
1756390 804
1756400 807
1756410 810
1756420 811
1756430 811
1756440 809
1756450 808
1756460 807
1756470 806
1756480 809
1756490 812
1756500 816
1756510 819
1756520 823
1756530 827
1756540 831
1756550 836
1756560 840
1756570 843
1756580 846
1756590 850
1756600 853
1756610 857
1756620 860
1756630 863
1756640 867
1756650 870
1756660 874
1756670 876
1756680 879
1756690 881
1756700 884
1756710 886
1756720 889
1756730 892
1756740 895
1756750 898
1756760 901
1756770 904
1756780 907
1756790 910
1756800 913
1756810 916
1756820 918
1756830 921
1756840 923
1756850 925
1756860 927
1756870 929
1756880 930
1756890 931
1756900 930
1756910 928
1756920 927
1756930 925
1756940 924
1756950 924
1756960 924
1756970 924
1756980 925
1756990 926
1757000 927
1757010 928
1757020 930
1757030 931
1757040 933
1757050 935
1757060 936
1757070 938
1757080 940
1757090 942
1757100 944
1757110 946
1757120 948
1757130 949
1757140 950
1757150 950
1757160 951
1757170 951
1757180 950
1757190 950
1757200 949
1757210 949
1757220 948
1757230 947
1757240 946
1757250 945
1757260 944
1757270 943
1757280 942
1757290 941
1757300 940
1757310 939
1757320 937
1757330 936
1757340 934
1757350 933
1757360 931
1757370 929
1757380 928
1757390 926
1757400 924
1757410 922
1757420 921
1757430 919
1757440 918
1757450 916
1757460 915
1757470 913
1757480 912
1757490 911
1757500 909
1757510 908
1757520 906
1757530 905
1757540 903
1757550 901
1757560 899
1757570 897
1757580 895
1757590 893
1757600 891
1757610 889
1757620 886
1757630 883
1757640 880
1757650 878
1757660 876
1757670 874
1757680 873
1757690 872
1757700 871
1757710 870
1757720 870
1757730 869
1757740 869
1757750 868
1757760 868
1757770 867
1757780 867
1757790 866
1757800 866
1757810 865
1757820 864
1757830 864
1757840 864
1757850 864
1757860 865
1757870 865
1757880 867
1757890 868
1757900 869
1757910 869
1757920 869
1757930 868
1757940 867
1757950 866
1757960 865
1757970 863
1757980 862
1757990 861
1758000 859
1758010 858
1758020 855
1758030 853
1758040 850
1758050 847
1758060 844
1758070 840
1758080 836
1758090 832
1758100 828
1758110 825
1758120 822
1758130 820
1758140 818
1758150 818
1758160 816
1758170 814
1758180 810
1758190 807
1758200 803
1758210 802
1758220 800
1758230 799
1758240 798
1758250 797
1758260 796
1758270 796
1758280 795
1758290 793
1758300 790
1758310 787
1758320 784
1758330 782
1758340 780
1758350 778
1758360 776
1758370 773
1758380 771
1758390 769
1758400 766
1758410 764
1758420 762
1758430 760
1758440 758
1758450 756
1758460 754
1758470 752
1758480 750
1758490 748
1758500 746
1758510 744
1758520 741
1758530 738
1758540 736
1758550 733
1758560 729
1758570 726
1758580 722
1758590 719
1758600 717
1758610 714
1758620 711
1758630 708
1758640 705
1758650 702
1758660 700
1758670 697
1758680 695
1758690 694
1758700 692
1758710 691
1758720 689
1758730 688
1758740 687
1758750 686
1758760 686
1758770 686
1758780 684
1758790 682
1758800 679
1758810 676
1758820 676
1758830 679
1758840 680
1758850 682
1758860 683
1758870 684
1758880 685
1758890 686
1758900 687
1758910 689
1758920 690
1758930 691
1758940 692
1758950 693
1758960 694
1758970 695
1758980 696
1758990 697
1759000 697
1759010 697
1759020 697
1759030 697
1759040 697
1759050 697
1759060 696
1759070 696
1759080 696
1759090 695
1759100 695
1759110 694
1759120 694
1759130 694
1759140 693
1759150 693
1759160 692
1759170 691
1759180 691
1759190 690
1759200 690
1759210 690
1759220 690
1759230 690
1759240 691
1759250 691
1759260 691
1759270 690
1759280 690
1759290 690
1759300 690
1759310 690
1759320 690
1759330 690
1759340 690
1759350 691
1759360 691
1759370 691
1759380 691
1759390 691
1759400 691
1759410 691
1759420 691
1759430 691
1759440 690
1759450 690
1759460 690
1759470 689
1759480 688
1759490 687
1759500 685
1759510 684
1759520 683
1759530 681
1759540 681
1759550 680
1759560 680
1759570 680
1759580 680
1759590 680
1759600 681
1759610 683
1759620 684
1759630 685
1759640 686
1759650 686
1759660 687
1759670 687
1759680 688
1759690 688
1759700 689
1759710 690
1759720 691
1759730 692
1759740 692
1759750 691
1759760 691
1759770 691
1759780 691
1759790 692
1759800 692
1759810 693
1759820 694
1759830 695
1759840 696
1759850 698
1759860 699
1759870 701
1759880 703
1759890 705
1759900 706
1759910 708
1759920 710
1759930 711
1759940 712
1759950 713
1759960 714
1759970 715
1759980 716
1759990 716
