1740000 614
1740010 614
1740020 613
1740030 612
1740040 612
1740050 611
1740060 610
1740070 609
1740080 608
1740090 607
1740100 606
1740110 605
1740120 604
1740130 603
1740140 601
1740150 599
1740160 596
1740170 593
1740180 591
1740190 590
1740200 589
1740210 587
1740220 585
1740230 582
1740240 579
1740250 576
1740260 573
1740270 571
1740280 569
1740290 567
1740300 565
1740310 562
1740320 560
1740330 557
1740340 554
1740350 550
1740360 547
1740370 544
1740380 541
1740390 539
1740400 536
1740410 533
1740420 531
1740430 528
1740440 526
1740450 524
1740460 522
1740470 520
1740480 518
1740490 515
1740500 513
1740510 509
1740520 505
1740530 502
1740540 498
1740550 494
1740560 490
1740570 486
1740580 482
1740590 477
1740600 472
1740610 467
1740620 462
1740630 457
1740640 453
1740650 449
1740660 446
1740670 442
1740680 439
1740690 436
1740700 433
1740710 429
1740720 426
1740730 424
1740740 424
1740750 423
1740760 423
1740770 423
1740780 423
1740790 424
1740800 424
1740810 424
1740820 425
1740830 425
1740840 425
1740850 427
1740860 429
1740870 430
1740880 432
1740890 434
1740900 436
1740910 437
1740920 439
1740930 441
1740940 443
1740950 446
1740960 448
1740970 450
1740980 452
1740990 454
1741000 456
1741010 458
1741020 460
1741030 462
1741040 464
1741050 466
1741060 468
1741070 470
1741080 472
1741090 475
1741100 477
1741110 478
1741120 480
1741130 482
1741140 485
1741150 488
1741160 491
1741170 494
1741180 497
1741190 500
1741200 503
1741210 506
1741220 509
1741230 513
1741240 516
1741250 519
1741260 522
1741270 525
1741280 528
1741290 531
1741300 533
1741310 536
1741320 539
1741330 541
1741340 544
1741350 547
1741360 550
1741370 553
1741380 556
1741390 559
1741400 562
1741410 565
1741420 568
1741430 571
1741440 573
1741450 576
1741460 579
1741470 581
1741480 584
1741490 586
1741500 589
1741510 591
1741520 593
1741530 596
1741540 598
1741550 600
1741560 603
1741570 605
1741580 607
1741590 609
1741600 610
1741610 612
1741620 614
1741630 616
1741640 618
1741650 619
1741660 621
1741670 623
1741680 624
1741690 626
1741700 628
1741710 630
1741720 632
1741730 633
1741740 635
1741750 637
1741760 639
1741770 641
1741780 643
1741790 645
1741800 647
1741810 648
1741820 650
1741830 652
1741840 653
1741850 655
1741860 657
1741870 659
1741880 661
1741890 663
1741900 665
1741910 668
1741920 670
1741930 672
1741940 674
1741950 676
1741960 679
1741970 681
1741980 683
1741990 686
1742000 688
1742010 690
1742020 693
1742030 695
1742040 698
1742050 701
1742060 703
1742070 706
1742080 708
1742090 711
1742100 713
1742110 716
1742120 718
1742130 721
1742140 723
1742150 726
1742160 728
1742170 729
1742180 731
1742190 734
1742200 736
1742210 738
1742220 740
1742230 742
1742240 744
1742250 746
1742260 749
1742270 751
1742280 753
1742290 755
1742300 757
1742310 759
1742320 760
1742330 760
1742340 760
1742350 759
1742360 760
1742370 760
1742380 761
1742390 762
1742400 763
1742410 764
1742420 765
1742430 766
1742440 768
1742450 769
1742460 769
1742470 769
1742480 768
1742490 767
1742500 767
1742510 766
1742520 765
1742530 765
1742540 765
1742550 765
1742560 765
1742570 765
1742580 766
1742590 767
1742600 768
1742610 768
1742620 769
1742630 770
1742640 771
1742650 772
1742660 773
1742670 775
1742680 776
1742690 777
1742700 778
1742710 779
1742720 780
1742730 782
1742740 783
1742750 785
1742760 787
1742770 788
1742780 791
1742790 793
1742800 795
1742810 797
1742820 799
1742830 801
1742840 804
1742850 806
1742860 808
1742870 810
1742880 812
1742890 814
1742900 816
1742910 817
1742920 819
1742930 820
1742940 822
1742950 824
1742960 827
1742970 827
1742980 826
1742990 822
1743000 817
1743010 812
1743020 807
1743030 801
1743040 795
1743050 789
1743060 785
1743070 780
1743080 777
1743090 773
1743100 770
1743110 767
1743120 764
1743130 761
1743140 759
1743150 756
1743160 755
1743170 753
1743180 753
1743190 752
1743200 752
1743210 751
1743220 750
1743230 749
1743240 749
1743250 749
1743260 749
1743270 750
1743280 750
1743290 750
1743300 750
1743310 750
1743320 750
1743330 751
1743340 751
1743350 753
1743360 754
1743370 755
1743380 756
1743390 756
1743400 757
1743410 758
1743420 759
1743430 759
1743440 760
1743450 760
1743460 761
1743470 763
1743480 765
1743490 767
1743500 770
1743510 772
1743520 774
1743530 775
1743540 777
1743550 778
1743560 779
1743570 781
1743580 783
1743590 784
1743600 785
1743610 786
1743620 787
1743630 787
1743640 787
1743650 786
1743660 786
1743670 786
1743680 786
1743690 785
1743700 785
1743710 785
1743720 784
1743730 783
1743740 783
1743750 783
1743760 783
1743770 783
1743780 783
1743790 783
1743800 784
1743810 785
1743820 786
1743830 787
1743840 788
1743850 790
1743860 791
1743870 792
1743880 793
1743890 793
1743900 792
1743910 792
1743920 792
1743930 793
1743940 793
1743950 793
1743960 793
1743970 794
1743980 795
1743990 795
1744000 795
1744010 796
1744020 796
1744030 797
1744040 798
1744050 799
1744060 801
1744070 802
1744080 804
1744090 807
1744100 809
1744110 811
1744120 814
1744130 816
1744140 820
1744150 823
1744160 824
1744170 827
1744180 829
1744190 831
1744200 832
1744210 832
1744220 832
1744230 833
1744240 833
1744250 834
1744260 834
1744270 834
1744280 834
1744290 834
1744300 834
1744310 834
1744320 835
1744330 836
1744340 837
1744350 838
1744360 839
1744370 840
1744380 840
1744390 842
1744400 843
1744410 844
1744420 845
1744430 846
1744440 847
1744450 849
1744460 850
1744470 852
1744480 854
1744490 856
1744500 858
1744510 860
1744520 862
1744530 863
1744540 866
1744550 869
1744560 871
1744570 874
1744580 876
1744590 875
1744600 874
1744610 875
1744620 878
1744630 878
1744640 877
1744650 875
1744660 874
1744670 873
1744680 872
1744690 870
1744700 867
1744710 864
1744720 861
1744730 858
1744740 856
1744750 855
1744760 853
1744770 852
1744780 851
1744790 851
1744800 850
1744810 851
1744820 851
1744830 852
1744840 853
1744850 853
1744860 853
1744870 852
1744880 851
1744890 850
1744900 849
1744910 848
1744920 847
1744930 846
1744940 846
1744950 845
1744960 844
1744970 844
1744980 844
1744990 844
1745000 844
1745010 844
1745020 844
1745030 844
1745040 845
1745050 846
1745060 848
1745070 849
1745080 850
1745090 851
1745100 853
1745110 854
1745120 854
1745130 854
1745140 854
1745150 854
1745160 854
1745170 853
1745180 852
1745190 851
1745200 850
1745210 850
1745220 849
1745230 849
1745240 849
1745250 849
1745260 848
1745270 847
1745280 845
1745290 844
1745300 844
1745310 843
1745320 844
1745330 844
1745340 845
1745350 845
1745360 846
1745370 847
1745380 848
1745390 850
1745400 851
1745410 853
1745420 855
1745430 857
1745440 860
1745450 863
1745460 866
1745470 868
1745480 872
1745490 875
1745500 879
1745510 882
1745520 885
1745530 888
1745540 892
1745550 896
1745560 902
1745570 908
1745580 915
1745590 920
1745600 922
1745610 922
1745620 923
1745630 921
1745640 919
1745650 917
1745660 914
1745670 911
1745680 909
1745690 906
1745700 903
1745710 900
1745720 896
1745730 893
1745740 889
1745750 886
1745760 883
1745770 880
1745780 876
1745790 873
1745800 871
1745810 868
1745820 866
1745830 864
1745840 862
1745850 860
1745860 859
1745870 857
1745880 856
1745890 854
1745900 853
1745910 852
1745920 851
1745930 850
1745940 849
1745950 848
1745960 848
1745970 847
1745980 846
1745990 845
1746000 845
1746010 844
1746020 843
1746030 842
1746040 841
1746050 840
1746060 839
1746070 838
1746080 837
1746090 837
1746100 836
1746110 835
1746120 834
1746130 833
1746140 832
1746150 831
1746160 830
1746170 829
1746180 828
1746190 828
1746200 827
1746210 826
1746220 826
1746230 824
1746240 823
1746250 822
1746260 821
1746270 820
1746280 819
1746290 818
1746300 817
1746310 815
1746320 813
1746330 811
1746340 809
1746350 806
1746360 802
1746370 799
1746380 795
1746390 792
1746400 788
1746410 784
1746420 779
1746430 775
1746440 769
1746450 764
1746460 759
1746470 754
1746480 748
1746490 743
1746500 737
1746510 731
1746520 726
1746530 722
1746540 717
1746550 714
1746560 710
1746570 705
1746580 701
1746590 696
1746600 691
1746610 687
1746620 683
1746630 680
1746640 676
1746650 674
1746660 671
1746670 668
1746680 666
1746690 664
1746700 661
1746710 658
1746720 658
1746730 659
1746740 660
1746750 661
1746760 661
1746770 663
1746780 665
1746790 667
1746800 668
1746810 669
1746820 671
1746830 673
1746840 674
1746850 676
1746860 677
1746870 679
1746880 680
1746890 681
1746900 682
1746910 683
1746920 684
1746930 686
1746940 687
1746950 688
1746960 690
1746970 691
1746980 693
1746990 695
1747000 696
1747010 697
1747020 698
1747030 699
1747040 699
1747050 701
1747060 702
1747070 703
1747080 704
1747090 706
1747100 707
1747110 709
1747120 711
1747130 712
1747140 714
1747150 716
1747160 717
1747170 719
1747180 720
1747190 720
1747200 719
1747210 717
1747220 715
1747230 712
1747240 708
1747250 705
1747260 701
1747270 698
1747280 695
1747290 691
1747300 688
1747310 686
1747320 684
1747330 682
1747340 681
1747350 680
1747360 679
1747370 677
1747380 676
1747390 676
1747400 676
1747410 678
1747420 681
1747430 685
1747440 688
1747450 691
1747460 694
1747470 698
1747480 701
1747490 705
1747500 708
1747510 711
1747520 715
1747530 718
1747540 722
1747550 725
1747560 728
1747570 732
1747580 735
1747590 738
1747600 741
1747610 745
1747620 748
1747630 751
1747640 753
1747650 756
1747660 759
1747670 762
1747680 764
1747690 766
1747700 767
1747710 769
1747720 771
1747730 772
1747740 773
1747750 774
1747760 775
1747770 776
1747780 776
1747790 777
1747800 777
1747810 777
1747820 777
1747830 776
1747840 775
1747850 774
1747860 772
1747870 770
1747880 768
1747890 767
1747900 768
1747910 769
1747920 770
1747930 771
1747940 772
1747950 773
1747960 774
1747970 774
1747980 775
1747990 775
1748000 776
1748010 777
1748020 779
1748030 783
1748040 787
1748050 790
1748060 794
1748070 799
1748080 803
1748090 808
1748100 812
1748110 816
1748120 820
1748130 824
1748140 828
1748150 831
1748160 835
1748170 839
1748180 842
1748190 845
1748200 848
1748210 851
1748220 854
1748230 857
1748240 860
1748250 862
1748260 865
1748270 867
1748280 869
1748290 871
1748300 873
1748310 874
1748320 876
1748330 877
1748340 877
1748350 878
1748360 878
1748370 878
1748380 877
1748390 874
1748400 871
1748410 867
1748420 863
1748430 859
1748440 855
1748450 852
1748460 848
1748470 844
1748480 840
1748490 837
1748500 833
1748510 829
1748520 825
1748530 821
1748540 817
1748550 814
1748560 810
1748570 807
1748580 804
1748590 802
1748600 800
1748610 798
1748620 797
1748630 795
1748640 793
1748650 791
1748660 789
1748670 787
1748680 785
1748690 782
1748700 780
1748710 778
1748720 776
1748730 773
1748740 771
1748750 770
1748760 768
1748770 766
1748780 764
1748790 762
1748800 760
1748810 759
1748820 758
1748830 756
1748840 755
1748850 753
1748860 751
1748870 750
1748880 750
1748890 749
1748900 748
1748910 747
1748920 747
1748930 746
1748940 746
1748950 746
1748960 746
1748970 746
1748980 746
1748990 746
1749000 746
1749010 747
1749020 747
1749030 747
1749040 748
1749050 748
1749060 749
1749070 750
1749080 750
1749090 751
1749100 752
1749110 752
1749120 753
1749130 753
1749140 754
1749150 754
1749160 755
1749170 755
1749180 756
1749190 756
1749200 757
1749210 758
1749220 758
1749230 759
1749240 760
1749250 761
1749260 762
1749270 762
1749280 763
1749290 764
1749300 765
1749310 766
1749320 766
1749330 767
1749340 768
1749350 768
1749360 769
1749370 769
1749380 769
1749390 770
1749400 770
1749410 770
1749420 771
1749430 771
1749440 771
1749450 771
1749460 772
1749470 772
1749480 773
1749490 774
1749500 774
1749510 774
1749520 775
1749530 774
1749540 774
1749550 773
1749560 772
1749570 771
1749580 770
1749590 768
1749600 766
1749610 764
1749620 763
1749630 762
1749640 760
1749650 758
1749660 756
1749670 755
1749680 753
1749690 751
1749700 748
1749710 746
1749720 744
1749730 741
1749740 739
1749750 737
1749760 734
1749770 732
1749780 729
1749790 727
1749800 725
1749810 722
1749820 720
1749830 718
1749840 715
1749850 713
1749860 711
1749870 708
1749880 706
1749890 704
1749900 702
1749910 699
1749920 697
1749930 695
1749940 693
1749950 690
1749960 688
1749970 686
1749980 684
1749990 682
1750000 680
1750010 678
1750020 676
1750030 675
1750040 673
1750050 671
1750060 670
1750070 668
1750080 667
1750090 665
1750100 664
1750110 662
1750120 660
1750130 659
1750140 657
1750150 655
1750160 654
1750170 652
1750180 651
1750190 649
1750200 648
1750210 646
1750220 644
1750230 642
1750240 641
1750250 639
1750260 637
1750270 635
1750280 634
1750290 632
1750300 630
1750310 629
1750320 627
1750330 626
1750340 624
1750350 623
1750360 621
1750370 620
1750380 618
1750390 616
1750400 614
1750410 613
1750420 611
1750430 610
1750440 608
1750450 606
1750460 605
1750470 603
1750480 602
1750490 600
1750500 599
1750510 597
1750520 596
1750530 594
1750540 593
1750550 591
1750560 589
1750570 588
1750580 586
1750590 584
1750600 583
1750610 582
1750620 580
1750630 579
1750640 577
1750650 576
1750660 574
1750670 573
1750680 571
1750690 570
1750700 568
1750710 566
1750720 565
1750730 563
1750740 562
1750750 561
1750760 559
1750770 557
1750780 556
1750790 554
1750800 552
1750810 551
1750820 550
1750830 548
1750840 547
1750850 546
1750860 544
1750870 543
1750880 542
1750890 541
1750900 540
1750910 538
1750920 536
1750930 533
1750940 529
1750950 524
1750960 518
1750970 513
1750980 508
1750990 504
1751000 500
1751010 496
1751020 493
1751030 490
1751040 487
1751050 485
1751060 482
1751070 480
1751080 478
1751090 476
1751100 474
1751110 472
1751120 471
1751130 470
1751140 468
1751150 467
1751160 465
1751170 463
1751180 460
1751190 458
1751200 456
1751210 454
1751220 451
1751230 449
1751240 447
1751250 444
1751260 442
1751270 440
1751280 438
1751290 436
1751300 434
1751310 432
1751320 429
1751330 425
1751340 422
1751350 421
1751360 421
1751370 421
1751380 421
1751390 421
1751400 421
1751410 421
1751420 421
1751430 421
1751440 421
1751450 421
1751460 420
1751470 420
1751480 420
1751490 420
1751500 420
1751510 420
1751520 420
1751530 420
1751540 421
1751550 421
1751560 422
1751570 423
1751580 423
1751590 423
1751600 423
1751610 423
1751620 424
1751630 424
1751640 425
1751650 427
1751660 428
1751670 429
1751680 429
1751690 429
1751700 429
1751710 430
1751720 430
1751730 430
1751740 430
1751750 431
1751760 431
1751770 432
1751780 433
1751790 433
1751800 434
1751810 434
1751820 435
1751830 436
1751840 436
1751850 437
1751860 438
1751870 439
1751880 440
1751890 440
1751900 442
1751910 443
1751920 445
1751930 447
1751940 450
1751950 451
1751960 452
1751970 452
1751980 453
1751990 453
1752000 453
1752010 452
1752020 452
1752030 452
1752040 452
1752050 452
1752060 453
1752070 453
1752080 454
1752090 454
1752100 456
1752110 458
1752120 460
1752130 462
1752140 465
1752150 469
1752160 474
1752170 479
1752180 484
1752190 488
1752200 491
1752210 494
1752220 497
1752230 500
1752240 504
1752250 507
1752260 510
1752270 513
1752280 516
1752290 519
1752300 522
1752310 525
1752320 529
1752330 532
1752340 536
1752350 539
1752360 542
1752370 545
1752380 549
1752390 552
1752400 556
1752410 559
1752420 562
1752430 565
1752440 569
1752450 572
1752460 576
1752470 579
1752480 582
1752490 584
1752500 586
1752510 587
1752520 588
1752530 590
1752540 591
1752550 592
1752560 594
1752570 595
1752580 596
1752590 598
1752600 600
1752610 602
1752620 603
1752630 605
1752640 606
1752650 608
1752660 610
1752670 611
1752680 613
1752690 615
1752700 617
1752710 619
1752720 621
1752730 623
1752740 625
1752750 627
1752760 630
1752770 632
1752780 634
1752790 636
1752800 639
1752810 641
1752820 643
1752830 646
1752840 649
1752850 651
1752860 653
1752870 656
1752880 659
1752890 661
1752900 663
1752910 665
1752920 668
1752930 670
1752940 672
1752950 673
1752960 675
1752970 677
1752980 678
1752990 679
1753000 681
1753010 682
1753020 683
1753030 684
1753040 684
1753050 685
1753060 686
1753070 686
1753080 686
1753090 686
1753100 686
1753110 685
1753120 685
1753130 683
1753140 682
1753150 681
1753160 680
1753170 680
1753180 680
1753190 680
1753200 680
1753210 680
1753220 681
1753230 681
1753240 682
1753250 683
1753260 683
1753270 684
1753280 685
1753290 686
1753300 687
1753310 687
1753320 688
1753330 689
1753340 690
1753350 691
1753360 693
1753370 694
1753380 695
1753390 696
1753400 697
1753410 698
1753420 699
1753430 700
1753440 701
1753450 701
1753460 702
1753470 702
1753480 703
1753490 704
1753500 706
1753510 708
1753520 710
1753530 712
1753540 713
1753550 714
1753560 715
1753570 717
1753580 719
1753590 720
1753600 722
1753610 723
1753620 724
1753630 725
1753640 726
1753650 727
1753660 729
1753670 731
1753680 732
1753690 734
1753700 736
1753710 738
1753720 739
1753730 741
1753740 742
1753750 744
1753760 746
1753770 748
1753780 750
1753790 752
1753800 755
1753810 758
1753820 761
1753830 763
1753840 765
1753850 768
1753860 770
1753870 772
1753880 774
1753890 776
1753900 778
1753910 780
1753920 782
1753930 783
1753940 785
1753950 784
1753960 781
1753970 777
1753980 773
1753990 769
1754000 765
1754010 761
1754020 757
1754030 753
1754040 748
1754050 744
1754060 740
1754070 736
1754080 732
1754090 729
1754100 725
1754110 721
1754120 717
1754130 714
1754140 710
1754150 707
1754160 703
1754170 699
1754180 696
1754190 692
1754200 688
1754210 684
1754220 680
1754230 676
1754240 672
1754250 668
1754260 664
1754270 659
1754280 655
1754290 651
1754300 647
1754310 643
1754320 639
1754330 635
1754340 632
1754350 628
1754360 624
1754370 621
1754380 617
1754390 614
1754400 610
1754410 607
1754420 604
1754430 602
1754440 603
1754450 605
1754460 608
1754470 610
1754480 613
1754490 616
1754500 619
1754510 621
1754520 624
1754530 627
1754540 630
1754550 632
1754560 635
1754570 638
1754580 642
1754590 645
1754600 647
1754610 650
1754620 651
1754630 653
1754640 655
1754650 657
1754660 659
1754670 661
1754680 663
1754690 665
1754700 667
1754710 668
1754720 669
1754730 671
1754740 672
1754750 672
1754760 673
1754770 673
1754780 674
1754790 674
1754800 674
1754810 673
1754820 673
1754830 672
1754840 671
1754850 670
1754860 668
1754870 667
1754880 665
1754890 663
1754900 662
1754910 660
1754920 658
1754930 656
1754940 655
1754950 653
1754960 652
1754970 650
1754980 649
1754990 647
1755000 646
1755010 645
1755020 643
1755030 642
1755040 641
1755050 640
1755060 638
1755070 637
1755080 635
1755090 633
1755100 631
1755110 629
1755120 629
1755130 627
1755140 626
1755150 624
1755160 624
1755170 623
1755180 622
1755190 622
1755200 621
1755210 620
1755220 619
1755230 619
1755240 618
1755250 617
1755260 616
1755270 615
1755280 614
1755290 613
1755300 612
1755310 609
1755320 605
1755330 600
1755340 595
1755350 590
1755360 585
1755370 580
1755380 575
1755390 570
1755400 565
1755410 560
1755420 555
1755430 551
1755440 548
1755450 546
1755460 546
1755470 548
1755480 550
1755490 553
1755500 556
1755510 558
1755520 560
1755530 563
1755540 566
1755550 568
1755560 571
1755570 573
1755580 576
1755590 578
1755600 581
1755610 583
1755620 585
1755630 588
1755640 590
1755650 592
1755660 594
1755670 596
1755680 598
1755690 599
1755700 601
1755710 603
1755720 604
1755730 606
1755740 607
1755750 608
1755760 608
1755770 608
1755780 608
1755790 608
1755800 608
1755810 607
1755820 607
1755830 606
1755840 606
1755850 605
1755860 604
1755870 603
1755880 603
1755890 602
1755900 601
1755910 600
1755920 599
1755930 597
1755940 595
1755950 592
1755960 589
1755970 585
1755980 580
1755990 575
1756000 570
1756010 565
1756020 561
1756030 556
1756040 552
1756050 548
1756060 543
1756070 539
1756080 535
1756090 531
1756100 527
1756110 523
1756120 519
1756130 515
1756140 511
1756150 507
1756160 503
1756170 501
1756180 500
1756190 502
1756200 503
1756210 505
1756220 506
1756230 507
1756240 508
1756250 508
1756260 508
1756270 507
1756280 505
1756290 504
1756300 502
1756310 500
1756320 498
1756330 497
1756340 495
1756350 494
1756360 491
1756370 489
1756380 487
1756390 485
1756400 483
1756410 480
1756420 478
1756430 476
1756440 474
1756450 472
1756460 470
1756470 467
1756480 465
1756490 463
1756500 461
1756510 459
1756520 457
1756530 455
1756540 453
1756550 452
1756560 450
1756570 449
1756580 449
1756590 449
1756600 449
1756610 449
1756620 449
1756630 449
1756640 448
1756650 448
1756660 448
1756670 448
1756680 448
1756690 448
1756700 448
1756710 448
1756720 448
1756730 449
1756740 449
1756750 449
1756760 449
1756770 450
1756780 450
1756790 451
1756800 451
1756810 452
1756820 454
1756830 455
1756840 455
1756850 456
1756860 457
1756870 458
1756880 459
1756890 459
1756900 460
1756910 461
1756920 461
1756930 461
1756940 461
1756950 461
1756960 461
1756970 460
1756980 460
1756990 461
1757000 462
1757010 465
1757020 467
1757030 471
1757040 473
1757050 476
1757060 479
1757070 482
1757080 485
1757090 488
1757100 489
1757110 489
1757120 490
1757130 490
1757140 491
1757150 492
1757160 493
1757170 495
1757180 497
1757190 498
1757200 499
1757210 500
1757220 501
1757230 502
1757240 501
1757250 500
1757260 500
1757270 499
1757280 498
1757290 497
1757300 496
1757310 495
1757320 494
1757330 494
1757340 493
1757350 492
1757360 492
1757370 491
1757380 490
1757390 490
1757400 489
1757410 489
1757420 488
1757430 487
1757440 486
1757450 485
1757460 484
1757470 483
1757480 482
1757490 481
1757500 479
1757510 477
1757520 476
1757530 475
1757540 474
1757550 473
1757560 472
1757570 471
1757580 470
1757590 468
1757600 467
1757610 466
1757620 465
1757630 465
1757640 466
1757650 466
1757660 466
1757670 466
1757680 467
1757690 468
1757700 470
1757710 472
1757720 474
1757730 475
1757740 476
1757750 478
1757760 479
1757770 480
1757780 481
1757790 482
1757800 483
1757810 485
1757820 486
1757830 487
1757840 488
1757850 489
1757860 491
1757870 492
1757880 493
1757890 494
1757900 494
1757910 495
1757920 496
1757930 497
1757940 497
1757950 498
1757960 499
1757970 500
1757980 500
1757990 501
1758000 502
1758010 503
1758020 505
1758030 506
1758040 507
1758050 508
1758060 509
1758070 509
1758080 509
1758090 509
1758100 510
1758110 510
1758120 510
1758130 511
1758140 511
1758150 512
1758160 512
1758170 512
1758180 512
1758190 513
1758200 513
1758210 513
1758220 513
1758230 513
1758240 514
1758250 514
1758260 514
1758270 515
1758280 515
1758290 515
1758300 516
1758310 516
1758320 517
1758330 517
1758340 517
1758350 518
1758360 518
1758370 519
1758380 520
1758390 520
1758400 520
1758410 520
1758420 520
1758430 521
1758440 521
1758450 521
1758460 521
1758470 522
1758480 522
1758490 522
1758500 522
1758510 521
1758520 521
1758530 522
1758540 522
1758550 522
1758560 523
1758570 523
1758580 524
1758590 524
1758600 524
1758610 525
1758620 525
1758630 525
1758640 526
1758650 526
1758660 526
1758670 527
1758680 527
1758690 527
1758700 527
1758710 528
1758720 528
1758730 527
1758740 527
1758750 526
1758760 525
1758770 524
1758780 524
1758790 523
1758800 523
1758810 524
1758820 525
1758830 526
1758840 526
1758850 527
1758860 527
1758870 529
1758880 530
1758890 531
1758900 532
1758910 533
1758920 534
1758930 535
1758940 536
1758950 537
1758960 538
1758970 539
1758980 540
1758990 541
1759000 541
1759010 542
1759020 543
1759030 544
1759040 545
1759050 546
1759060 547
1759070 548
1759080 548
1759090 549
1759100 550
1759110 551
1759120 551
1759130 552
1759140 553
1759150 554
1759160 554
1759170 555
1759180 555
1759190 556
1759200 556
1759210 557
1759220 557
1759230 557
1759240 557
1759250 557
1759260 557
1759270 556
1759280 556
1759290 556
1759300 556
1759310 557
1759320 557
1759330 557
1759340 556
1759350 556
1759360 556
1759370 556
1759380 556
1759390 556
1759400 556
1759410 556
1759420 555
1759430 555
1759440 555
1759450 555
1759460 555
1759470 555
1759480 555
1759490 555
1759500 555
1759510 555
1759520 555
1759530 555
1759540 556
1759550 555
1759560 555
1759570 555
1759580 555
1759590 556
1759600 556
1759610 555
1759620 554
1759630 553
1759640 552
1759650 552
1759660 551
1759670 550
1759680 549
1759690 548
1759700 545
1759710 543
1759720 541
1759730 539
1759740 538
1759750 537
1759760 536
1759770 535
1759780 535
1759790 534
1759800 534
1759810 534
1759820 535
1759830 535
1759840 536
1759850 537
1759860 537
1759870 538
1759880 538
1759890 539
1759900 539
1759910 540
1759920 541
1759930 542
1759940 542
1759950 543
1759960 544
1759970 544
1759980 545
1759990 545
