1740000 609
1740010 609
1740020 608
1740030 607
1740040 606
1740050 605
1740060 605
1740070 604
1740080 603
1740090 602
1740100 601
1740110 600
1740120 599
1740130 598
1740140 597
1740150 596
1740160 595
1740170 594
1740180 593
1740190 591
1740200 590
1740210 588
1740220 585
1740230 582
1740240 580
1740250 578
1740260 576
1740270 573
1740280 570
1740290 567
1740300 565
1740310 563
1740320 561
1740330 558
1740340 555
1740350 552
1740360 550
1740370 547
1740380 544
1740390 542
1740400 539
1740410 536
1740420 534
1740430 532
1740440 531
1740450 529
1740460 527
1740470 525
1740480 523
1740490 520
1740500 516
1740510 511
1740520 507
1740530 502
1740540 498
1740550 494
1740560 490
1740570 486
1740580 481
1740590 477
1740600 472
1740610 467
1740620 462
1740630 457
1740640 452
1740650 447
1740660 443
1740670 440
1740680 438
1740690 435
1740700 432
1740710 429
1740720 425
1740730 424
1740740 423
1740750 423
1740760 423
1740770 422
1740780 423
1740790 424
1740800 424
1740810 425
1740820 426
1740830 427
1740840 427
1740850 428
1740860 428
1740870 430
1740880 432
1740890 433
1740900 434
1740910 436
1740920 438
1740930 440
1740940 442
1740950 444
1740960 447
1740970 449
1740980 451
1740990 453
1741000 456
1741010 458
1741020 460
1741030 462
1741040 464
1741050 466
1741060 468
1741070 470
1741080 472
1741090 474
1741100 476
1741110 478
1741120 479
1741130 481
1741140 484
1741150 486
1741160 488
1741170 491
1741180 494
1741190 497
1741200 499
1741210 502
1741220 505
1741230 508
1741240 512
1741250 515
1741260 518
1741270 521
1741280 524
1741290 527
1741300 530
1741310 533
1741320 536
1741330 538
1741340 541
1741350 544
1741360 547
1741370 550
1741380 552
1741390 555
1741400 558
1741410 561
1741420 564
1741430 566
1741440 569
1741450 572
1741460 574
1741470 577
1741480 579
1741490 582
1741500 584
1741510 586
1741520 588
1741530 590
1741540 592
1741550 594
1741560 596
1741570 598
1741580 600
1741590 602
1741600 603
1741610 605
1741620 607
1741630 609
1741640 610
1741650 612
1741660 614
1741670 615
1741680 617
1741690 618
1741700 620
1741710 622
1741720 624
1741730 625
1741740 627
1741750 629
1741760 630
1741770 632
1741780 634
1741790 636
1741800 637
1741810 639
1741820 641
1741830 643
1741840 644
1741850 647
1741860 649
1741870 651
1741880 653
1741890 656
1741900 658
1741910 660
1741920 663
1741930 665
1741940 667
1741950 670
1741960 672
1741970 674
1741980 677
1741990 679
1742000 682
1742010 684
1742020 686
1742030 689
1742040 691
1742050 694
1742060 697
1742070 699
1742080 702
1742090 704
1742100 706
1742110 709
1742120 711
1742130 714
1742140 717
1742150 719
1742160 722
1742170 724
1742180 726
1742190 728
1742200 730
1742210 732
1742220 735
1742230 737
1742240 739
1742250 741
1742260 744
1742270 746
1742280 748
1742290 751
1742300 753
1742310 755
1742320 758
1742330 760
1742340 762
1742350 764
1742360 765
1742370 767
1742380 769
1742390 771
1742400 772
1742410 774
1742420 776
1742430 777
1742440 778
1742450 779
1742460 781
1742470 781
1742480 781
1742490 781
1742500 780
1742510 779
1742520 779
1742530 779
1742540 780
1742550 780
1742560 780
1742570 781
1742580 781
1742590 781
1742600 781
1742610 781
1742620 782
1742630 782
1742640 783
1742650 784
1742660 785
1742670 786
1742680 787
1742690 788
1742700 789
1742710 791
1742720 791
1742730 792
1742740 793
1742750 795
1742760 796
1742770 798
1742780 800
1742790 802
1742800 804
1742810 805
1742820 808
1742830 810
1742840 812
1742850 814
1742860 816
1742870 818
1742880 820
1742890 822
1742900 824
1742910 825
1742920 826
1742930 827
1742940 828
1742950 829
1742960 829
1742970 828
1742980 825
1742990 820
1743000 815
1743010 809
1743020 804
1743030 800
1743040 795
1743050 791
1743060 787
1743070 785
1743080 783
1743090 780
1743100 778
1743110 775
1743120 773
1743130 770
1743140 769
1743150 768
1743160 767
1743170 766
1743180 765
1743190 765
1743200 764
1743210 763
1743220 762
1743230 761
1743240 760
1743250 760
1743260 760
1743270 761
1743280 761
1743290 761
1743300 762
1743310 762
1743320 762
1743330 763
1743340 764
1743350 765
1743360 766
1743370 767
1743380 768
1743390 769
1743400 770
1743410 771
1743420 772
1743430 773
1743440 773
1743450 773
1743460 774
1743470 776
1743480 777
1743490 779
1743500 781
1743510 783
1743520 785
1743530 786
1743540 788
1743550 789
1743560 790
1743570 791
1743580 793
1743590 794
1743600 795
1743610 796
1743620 797
1743630 797
1743640 797
1743650 797
1743660 797
1743670 797
1743680 797
1743690 797
1743700 797
1743710 797
1743720 796
1743730 795
1743740 795
1743750 795
1743760 795
1743770 795
1743780 795
1743790 795
1743800 795
1743810 796
1743820 797
1743830 798
1743840 799
1743850 800
1743860 801
1743870 803
1743880 804
1743890 804
1743900 804
1743910 803
1743920 803
1743930 804
1743940 804
1743950 804
1743960 805
1743970 805
1743980 805
1743990 806
1744000 806
1744010 806
1744020 807
1744030 807
1744040 808
1744050 809
1744060 811
1744070 812
1744080 814
1744090 816
1744100 818
1744110 820
1744120 822
1744130 825
1744140 828
1744150 830
1744160 831
1744170 833
1744180 835
1744190 839
1744200 840
1744210 840
1744220 840
1744230 840
1744240 841
1744250 841
1744260 841
1744270 841
1744280 841
1744290 841
1744300 842
1744310 842
1744320 843
1744330 844
1744340 845
1744350 846
1744360 846
1744370 846
1744380 847
1744390 848
1744400 848
1744410 849
1744420 850
1744430 851
1744440 851
1744450 851
1744460 851
1744470 851
1744480 851
1744490 851
1744500 852
1744510 852
1744520 853
1744530 854
1744540 856
1744550 857
1744560 859
1744570 860
1744580 861
1744590 862
1744600 862
1744610 863
1744620 863
1744630 863
1744640 861
1744650 860
1744660 859
1744670 858
1744680 857
1744690 856
1744700 854
1744710 852
1744720 850
1744730 849
1744740 847
1744750 846
1744760 844
1744770 843
1744780 843
1744790 842
1744800 842
1744810 842
1744820 843
1744830 844
1744840 845
1744850 846
1744860 846
1744870 845
1744880 844
1744890 843
1744900 841
1744910 840
1744920 839
1744930 838
1744940 837
1744950 836
1744960 835
1744970 835
1744980 834
1744990 834
1745000 833
1745010 833
1745020 833
1745030 834
1745040 835
1745050 835
1745060 836
1745070 838
1745080 839
1745090 840
1745100 841
1745110 842
1745120 843
1745130 843
1745140 843
1745150 843
1745160 842
1745170 841
1745180 840
1745190 840
1745200 839
1745210 838
1745220 838
1745230 837
1745240 836
1745250 836
1745260 836
1745270 835
1745280 835
1745290 834
1745300 834
1745310 834
1745320 835
1745330 835
1745340 836
1745350 837
1745360 837
1745370 838
1745380 840
1745390 841
1745400 843
1745410 845
1745420 847
1745430 849
1745440 852
1745450 854
1745460 857
1745470 859
1745480 863
1745490 866
1745500 869
1745510 872
1745520 874
1745530 877
1745540 879
1745550 881
1745560 884
1745570 887
1745580 891
1745590 895
1745600 899
1745610 902
1745620 903
1745630 904
1745640 905
1745650 909
1745660 909
1745670 908
1745680 907
1745690 904
1745700 901
1745710 897
1745720 894
1745730 891
1745740 888
1745750 885
1745760 882
1745770 879
1745780 876
1745790 872
1745800 869
1745810 867
1745820 864
1745830 861
1745840 859
1745850 857
1745860 855
1745870 854
1745880 852
1745890 851
1745900 850
1745910 849
1745920 848
1745930 847
1745940 846
1745950 845
1745960 844
1745970 844
1745980 843
1745990 842
1746000 842
1746010 841
1746020 840
1746030 840
1746040 839
1746050 838
1746060 837
1746070 836
1746080 835
1746090 834
1746100 833
1746110 832
1746120 832
1746130 831
1746140 830
1746150 829
1746160 828
1746170 827
1746180 826
1746190 825
1746200 824
1746210 824
1746220 823
1746230 821
1746240 820
1746250 819
1746260 818
1746270 818
1746280 817
1746290 815
1746300 813
1746310 812
1746320 811
1746330 810
1746340 808
1746350 805
1746360 802
1746370 798
1746380 795
1746390 791
1746400 788
1746410 783
1746420 778
1746430 774
1746440 769
1746450 764
1746460 758
1746470 754
1746480 749
1746490 745
1746500 739
1746510 734
1746520 729
1746530 725
1746540 721
1746550 717
1746560 711
1746570 706
1746580 700
1746590 696
1746600 692
1746610 687
1746620 683
1746630 679
1746640 676
1746650 672
1746660 669
1746670 667
1746680 664
1746690 661
1746700 658
1746710 655
1746720 654
1746730 654
1746740 655
1746750 656
1746760 657
1746770 658
1746780 659
1746790 660
1746800 662
1746810 663
1746820 664
1746830 666
1746840 667
1746850 669
1746860 670
1746870 671
1746880 672
1746890 673
1746900 674
1746910 675
1746920 676
1746930 677
1746940 678
1746950 679
1746960 680
1746970 681
1746980 683
1746990 684
1747000 686
1747010 687
1747020 688
1747030 690
1747040 691
1747050 692
1747060 694
1747070 696
1747080 698
1747090 700
1747100 702
1747110 704
1747120 706
1747130 708
1747140 709
1747150 711
1747160 712
1747170 714
1747180 715
1747190 716
1747200 716
1747210 715
1747220 714
1747230 712
1747240 709
1747250 706
1747260 703
1747270 699
1747280 696
1747290 691
1747300 688
1747310 684
1747320 681
1747330 678
1747340 677
1747350 675
1747360 673
1747370 671
1747380 670
1747390 670
1747400 670
1747410 673
1747420 676
1747430 679
1747440 682
1747450 686
1747460 689
1747470 692
1747480 695
1747490 698
1747500 702
1747510 705
1747520 708
1747530 711
1747540 715
1747550 718
1747560 722
1747570 725
1747580 727
1747590 730
1747600 734
1747610 737
1747620 740
1747630 743
1747640 745
1747650 748
1747660 750
1747670 752
1747680 754
1747690 756
1747700 758
1747710 759
1747720 761
1747730 762
1747740 763
1747750 764
1747760 765
1747770 765
1747780 765
1747790 766
1747800 766
1747810 766
1747820 766
1747830 766
1747840 765
1747850 764
1747860 762
1747870 760
1747880 758
1747890 757
1747900 757
1747910 758
1747920 758
1747930 759
1747940 760
1747950 760
1747960 761
1747970 762
1747980 763
1747990 767
1748000 770
1748010 775
1748020 779
1748030 783
1748040 787
1748050 791
1748060 794
1748070 799
1748080 803
1748090 806
1748100 810
1748110 814
1748120 818
1748130 822
1748140 826
1748150 829
1748160 833
1748170 836
1748180 839
1748190 843
1748200 845
1748210 848
1748220 851
1748230 854
1748240 856
1748250 859
1748260 861
1748270 863
1748280 865
1748290 866
1748300 868
1748310 869
1748320 870
1748330 871
1748340 872
1748350 873
1748360 873
1748370 873
1748380 872
1748390 871
1748400 869
1748410 865
1748420 862
1748430 858
1748440 854
1748450 851
1748460 847
1748470 844
1748480 840
1748490 836
1748500 831
1748510 827
1748520 823
1748530 819
1748540 814
1748550 810
1748560 806
1748570 802
1748580 798
1748590 796
1748600 793
1748610 790
1748620 787
1748630 785
1748640 783
1748650 781
1748660 779
1748670 777
1748680 775
1748690 773
1748700 771
1748710 769
1748720 767
1748730 764
1748740 762
1748750 760
1748760 758
1748770 756
1748780 754
1748790 752
1748800 750
1748810 748
1748820 747
1748830 746
1748840 745
1748850 743
1748860 742
1748870 740
1748880 739
1748890 738
1748900 737
1748910 736
1748920 736
1748930 735
1748940 735
1748950 734
1748960 734
1748970 735
1748980 735
1748990 735
1749000 736
1749010 736
1749020 737
1749030 737
1749040 737
1749050 738
1749060 738
1749070 739
1749080 740
1749090 740
1749100 741
1749110 741
1749120 742
1749130 742
1749140 743
1749150 743
1749160 744
1749170 744
1749180 745
1749190 745
1749200 746
1749210 746
1749220 747
1749230 748
1749240 749
1749250 750
1749260 751
1749270 751
1749280 752
1749290 753
1749300 754
1749310 755
1749320 755
1749330 756
1749340 756
1749350 757
1749360 757
1749370 758
1749380 758
1749390 759
1749400 759
1749410 759
1749420 760
1749430 760
1749440 761
1749450 761
1749460 762
1749470 762
1749480 763
1749490 764
1749500 765
1749510 766
1749520 766
1749530 767
1749540 766
1749550 766
1749560 765
1749570 764
1749580 763
1749590 762
1749600 760
1749610 759
1749620 758
1749630 756
1749640 755
1749650 754
1749660 752
1749670 751
1749680 749
1749690 748
1749700 746
1749710 744
1749720 742
1749730 740
1749740 739
1749750 737
1749760 735
1749770 733
1749780 731
1749790 729
1749800 727
1749810 725
1749820 723
1749830 721
1749840 718
1749850 716
1749860 714
1749870 712
1749880 710
1749890 708
1749900 706
1749910 704
1749920 702
1749930 700
1749940 698
1749950 695
1749960 693
1749970 691
1749980 690
1749990 688
1750000 686
1750010 684
1750020 683
1750030 681
1750040 680
1750050 678
1750060 677
1750070 675
1750080 674
1750090 672
1750100 671
1750110 669
1750120 668
1750130 666
1750140 665
1750150 663
1750160 662
1750170 660
1750180 658
1750190 657
1750200 655
1750210 653
1750220 652
1750230 650
1750240 648
1750250 647
1750260 645
1750270 643
1750280 641
1750290 640
1750300 639
1750310 637
1750320 636
1750330 634
1750340 633
1750350 631
1750360 630
1750370 628
1750380 626
1750390 624
1750400 623
1750410 621
1750420 620
1750430 618
1750440 617
1750450 615
1750460 614
1750470 612
1750480 611
1750490 609
1750500 608
1750510 606
1750520 605
1750530 603
1750540 602
1750550 601
1750560 599
1750570 598
1750580 596
1750590 594
1750600 593
1750610 591
1750620 589
1750630 588
1750640 586
1750650 585
1750660 583
1750670 582
1750680 580
1750690 579
1750700 577
1750710 575
1750720 574
1750730 572
1750740 571
1750750 569
1750760 568
1750770 567
1750780 565
1750790 563
1750800 562
1750810 560
1750820 559
1750830 557
1750840 556
1750850 554
1750860 553
1750870 551
1750880 550
1750890 547
1750900 545
1750910 542
1750920 539
1750930 536
1750940 533
1750950 529
1750960 525
1750970 520
1750980 516
1750990 512
1751000 509
1751010 505
1751020 502
1751030 498
1751040 494
1751050 491
1751060 487
1751070 483
1751080 479
1751090 475
1751100 470
1751110 467
1751120 463
1751130 461
1751140 458
1751150 457
1751160 455
1751170 453
1751180 451
1751190 449
1751200 447
1751210 445
1751220 443
1751230 441
1751240 439
1751250 437
1751260 435
1751270 433
1751280 431
1751290 428
1751300 426
1751310 424
1751320 422
1751330 421
1751340 420
1751350 420
1751360 420
1751370 420
1751380 420
1751390 420
1751400 420
1751410 420
1751420 420
1751430 420
1751440 421
1751450 421
1751460 421
1751470 421
1751480 422
1751490 422
1751500 422
1751510 422
1751520 422
1751530 422
1751540 423
1751550 423
1751560 423
1751570 423
1751580 424
1751590 423
1751600 423
1751610 424
1751620 425
1751630 428
1751640 431
1751650 433
1751660 435
1751670 436
1751680 437
1751690 438
1751700 438
1751710 437
1751720 435
1751730 434
1751740 434
1751750 433
1751760 433
1751770 433
1751780 433
1751790 434
1751800 434
1751810 435
1751820 435
1751830 436
1751840 436
1751850 437
1751860 438
1751870 438
1751880 439
1751890 440
1751900 441
1751910 441
1751920 442
1751930 442
1751940 443
1751950 444
1751960 444
1751970 445
1751980 447
1751990 447
1752000 448
1752010 448
1752020 449
1752030 449
1752040 449
1752050 450
1752060 451
1752070 452
1752080 454
1752090 456
1752100 459
1752110 461
1752120 464
1752130 466
1752140 469
1752150 472
1752160 476
1752170 480
1752180 484
1752190 489
1752200 494
1752210 498
1752220 502
1752230 506
1752240 510
1752250 513
1752260 516
1752270 520
1752280 523
1752290 526
1752300 529
1752310 532
1752320 535
1752330 538
1752340 541
1752350 544
1752360 548
1752370 551
1752380 554
1752390 558
1752400 561
1752410 564
1752420 568
1752430 571
1752440 574
1752450 578
1752460 581
1752470 584
1752480 588
1752490 591
1752500 593
1752510 596
1752520 598
1752530 600
1752540 601
1752550 602
1752560 604
1752570 605
1752580 606
1752590 608
1752600 610
1752610 611
1752620 613
1752630 615
1752640 616
1752650 618
1752660 620
1752670 621
1752680 623
1752690 625
1752700 627
1752710 629
1752720 631
1752730 633
1752740 635
1752750 637
1752760 639
1752770 641
1752780 643
1752790 646
1752800 648
1752810 650
1752820 652
1752830 655
1752840 657
1752850 660
1752860 662
1752870 665
1752880 667
1752890 670
1752900 672
1752910 674
1752920 677
1752930 679
1752940 681
1752950 683
1752960 685
1752970 687
1752980 688
1752990 689
1753000 691
1753010 692
1753020 693
1753030 694
1753040 695
1753050 696
1753060 696
1753070 697
1753080 697
1753090 697
1753100 697
1753110 697
1753120 697
1753130 696
1753140 695
1753150 695
1753160 694
1753170 694
1753180 693
1753190 693
1753200 693
1753210 693
1753220 693
1753230 694
1753240 695
1753250 695
1753260 696
1753270 697
1753280 698
1753290 699
1753300 700
1753310 701
1753320 702
1753330 703
1753340 703
1753350 704
1753360 705
1753370 706
1753380 707
1753390 708
1753400 709
1753410 710
1753420 711
1753430 712
1753440 713
1753450 714
1753460 714
1753470 715
1753480 715
1753490 716
1753500 717
1753510 719
1753520 721
1753530 723
1753540 724
1753550 726
1753560 727
1753570 729
1753580 731
1753590 732
1753600 734
1753610 736
1753620 737
1753630 738
1753640 740
1753650 741
1753660 742
1753670 744
1753680 745
1753690 747
1753700 749
1753710 750
1753720 752
1753730 753
1753740 755
1753750 756
1753760 757
1753770 759
1753780 760
1753790 762
1753800 764
1753810 767
1753820 769
1753830 771
1753840 773
1753850 775
1753860 776
1753870 778
1753880 780
1753890 782
1753900 783
1753910 783
1753920 783
1753930 782
1753940 780
1753950 778
1753960 775
1753970 772
1753980 769
1753990 766
1754000 763
1754010 759
1754020 756
1754030 752
1754040 748
1754050 744
1754060 740
1754070 735
1754080 732
1754090 728
1754100 725
1754110 721
1754120 717
1754130 714
1754140 710
1754150 707
1754160 703
1754170 699
1754180 695
1754190 692
1754200 688
1754210 684
1754220 680
1754230 676
1754240 672
1754250 668
1754260 663
1754270 659
1754280 655
1754290 651
1754300 647
1754310 643
1754320 639
1754330 635
1754340 631
1754350 627
1754360 623
1754370 620
1754380 616
1754390 613
1754400 609
1754410 606
1754420 602
1754430 600
1754440 599
1754450 598
1754460 600
1754470 603
1754480 606
1754490 608
1754500 611
1754510 614
1754520 616
1754530 619
1754540 622
1754550 624
1754560 627
1754570 629
1754580 632
1754590 634
1754600 637
1754610 639
1754620 641
1754630 643
1754640 646
1754650 648
1754660 650
1754670 652
1754680 653
1754690 655
1754700 656
1754710 658
1754720 659
1754730 660
1754740 660
1754750 661
1754760 662
1754770 662
1754780 662
1754790 662
1754800 662
1754810 662
1754820 661
1754830 660
1754840 659
1754850 658
1754860 656
1754870 655
1754880 654
1754890 652
1754900 650
1754910 648
1754920 646
1754930 645
1754940 643
1754950 642
1754960 640
1754970 639
1754980 637
1754990 636
1755000 634
1755010 633
1755020 632
1755030 631
1755040 630
1755050 628
1755060 627
1755070 625
1755080 624
1755090 622
1755100 619
1755110 618
1755120 617
1755130 616
1755140 614
1755150 612
1755160 612
1755170 611
1755180 611
1755190 610
1755200 610
1755210 609
1755220 608
1755230 608
1755240 607
1755250 607
1755260 606
1755270 605
1755280 605
1755290 604
1755300 603
1755310 602
1755320 601
1755330 600
1755340 597
1755350 593
1755360 588
1755370 583
1755380 578
1755390 573
1755400 568
1755410 562
1755420 557
1755430 552
1755440 547
1755450 543
1755460 541
1755470 541
1755480 543
1755490 546
1755500 548
1755510 550
1755520 553
1755530 555
1755540 557
1755550 559
1755560 562
1755570 565
1755580 568
1755590 570
1755600 573
1755610 575
1755620 577
1755630 580
1755640 582
1755650 584
1755660 586
1755670 588
1755680 590
1755690 592
1755700 593
1755710 594
1755720 596
1755730 597
1755740 598
1755750 598
1755760 599
1755770 599
1755780 599
1755790 598
1755800 597
1755810 597
1755820 596
1755830 596
1755840 595
1755850 594
1755860 594
1755870 593
1755880 592
1755890 592
1755900 591
1755910 590
1755920 590
1755930 589
1755940 589
1755950 588
1755960 586
1755970 583
1755980 579
1755990 575
1756000 571
1756010 566
1756020 561
1756030 557
1756040 552
1756050 548
1756060 543
1756070 539
1756080 534
1756090 530
1756100 526
1756110 522
1756120 518
1756130 514
1756140 509
1756150 505
1756160 501
1756170 497
1756180 494
1756190 493
1756200 493
1756210 494
1756220 496
1756230 497
1756240 498
1756250 499
1756260 499
1756270 498
1756280 496
1756290 494
1756300 492
1756310 491
1756320 489
1756330 487
1756340 485
1756350 483
1756360 481
1756370 479
1756380 477
1756390 475
1756400 472
1756410 470
1756420 468
1756430 466
1756440 464
1756450 461
1756460 459
1756470 456
1756480 454
1756490 452
1756500 451
1756510 449
1756520 449
1756530 448
1756540 448
1756550 448
1756560 448
1756570 448
1756580 448
1756590 448
1756600 448
1756610 448
1756620 448
1756630 448
1756640 448
1756650 448
1756660 448
1756670 448
1756680 448
1756690 448
1756700 448
1756710 448
1756720 448
1756730 449
1756740 450
1756750 450
1756760 450
1756770 452
1756780 453
1756790 453
1756800 454
1756810 454
1756820 455
1756830 457
1756840 459
1756850 461
1756860 463
1756870 464
1756880 465
1756890 467
1756900 468
1756910 468
1756920 467
1756930 467
1756940 467
1756950 466
1756960 466
1756970 466
1756980 466
1756990 466
1757000 466
1757010 468
1757020 470
1757030 473
1757040 476
1757050 479
1757060 482
1757070 484
1757080 486
1757090 488
1757100 489
1757110 490
1757120 491
1757130 492
1757140 493
1757150 494
1757160 496
1757170 498
1757180 500
1757190 501
1757200 503
1757210 504
1757220 503
1757230 503
1757240 502
1757250 502
1757260 501
1757270 500
1757280 500
1757290 499
1757300 498
1757310 497
1757320 497
1757330 496
1757340 495
1757350 494
1757360 493
1757370 493
1757380 492
1757390 491
1757400 490
1757410 490
1757420 489
1757430 489
1757440 488
1757450 487
1757460 486
1757470 485
1757480 484
1757490 484
1757500 482
1757510 481
1757520 481
1757530 480
1757540 479
1757550 479
1757560 478
1757570 477
1757580 475
1757590 474
1757600 472
1757610 470
1757620 469
1757630 467
1757640 467
1757650 466
1757660 466
1757670 467
1757680 467
1757690 467
1757700 468
1757710 469
1757720 471
1757730 472
1757740 474
1757750 475
1757760 477
1757770 478
1757780 479
1757790 480
1757800 481
1757810 482
1757820 483
1757830 484
1757840 485
1757850 486
1757860 487
1757870 488
1757880 489
1757890 490
1757900 491
1757910 492
1757920 493
1757930 493
1757940 494
1757950 495
1757960 496
1757970 496
1757980 497
1757990 498
1758000 499
1758010 500
1758020 501
1758030 501
1758040 502
1758050 503
1758060 504
1758070 504
1758080 505
1758090 505
1758100 506
1758110 506
1758120 506
1758130 507
1758140 507
1758150 507
1758160 508
1758170 508
1758180 509
1758190 509
1758200 510
1758210 510
1758220 511
1758230 511
1758240 511
1758250 512
1758260 512
1758270 513
1758280 514
1758290 514
1758300 515
1758310 515
1758320 516
1758330 517
1758340 517
1758350 518
1758360 518
1758370 519
1758380 520
1758390 520
1758400 521
1758410 521
1758420 521
1758430 521
1758440 522
1758450 522
1758460 523
1758470 523
1758480 523
1758490 524
1758500 524
1758510 524
1758520 524
1758530 525
1758540 525
1758550 526
1758560 526
1758570 526
1758580 527
1758590 527
1758600 528
1758610 529
1758620 529
1758630 530
1758640 530
1758650 531
1758660 531
1758670 531
1758680 532
1758690 532
1758700 532
1758710 532
1758720 532
1758730 533
1758740 533
1758750 532
1758760 532
1758770 531
1758780 531
1758790 530
1758800 530
1758810 530
1758820 530
1758830 530
1758840 530
1758850 530
1758860 530
1758870 531
1758880 532
1758890 533
1758900 534
1758910 535
1758920 536
1758930 537
1758940 538
1758950 539
1758960 540
1758970 541
1758980 542
1758990 543
1759000 544
1759010 544
1759020 545
1759030 546
1759040 547
1759050 548
1759060 549
1759070 550
1759080 550
1759090 551
1759100 552
1759110 553
1759120 553
1759130 554
1759140 555
1759150 556
1759160 556
1759170 557
1759180 558
1759190 558
1759200 559
1759210 559
1759220 560
1759230 560
1759240 560
1759250 560
1759260 560
1759270 560
1759280 560
1759290 560
1759300 560
1759310 560
1759320 560
1759330 560
1759340 561
1759350 561
1759360 561
1759370 561
1759380 561
1759390 561
1759400 561
1759410 561
1759420 560
1759430 560
1759440 560
1759450 560
1759460 560
1759470 560
1759480 560
1759490 560
1759500 560
1759510 560
1759520 560
1759530 560
1759540 560
1759550 560
1759560 560
1759570 560
1759580 560
1759590 559
1759600 559
1759610 559
1759620 559
1759630 559
1759640 559
1759650 558
1759660 558
1759670 557
1759680 556
1759690 555
1759700 553
1759710 550
1759720 548
1759730 545
1759740 543
1759750 541
1759760 540
1759770 539
1759780 539
1759790 539
1759800 539
1759810 539
1759820 540
1759830 540
1759840 541
1759850 542
1759860 542
1759870 543
1759880 543
1759890 544
1759900 544
1759910 545
1759920 546
1759930 547
1759940 547
1759950 548
1759960 548
1759970 549
1759980 549
1759990 550
