1740000 579
1740010 580
1740020 580
1740030 581
1740040 581
1740050 580
1740060 580
1740070 580
1740080 580
1740090 580
1740100 580
1740110 580
1740120 580
1740130 580
1740140 580
1740150 580
1740160 579
1740170 579
1740180 579
1740190 580
1740200 580
1740210 580
1740220 580
1740230 580
1740240 580
1740250 580
1740260 580
1740270 579
1740280 579
1740290 578
1740300 577
1740310 576
1740320 575
1740330 574
1740340 573
1740350 572
1740360 572
1740370 571
1740380 569
1740390 568
1740400 565
1740410 562
1740420 558
1740430 554
1740440 550
1740450 546
1740460 542
1740470 539
1740480 535
1740490 531
1740500 528
1740510 525
1740520 522
1740530 519
1740540 516
1740550 514
1740560 511
1740570 509
1740580 506
1740590 504
1740600 501
1740610 498
1740620 495
1740630 492
1740640 489
1740650 486
1740660 483
1740670 479
1740680 476
1740690 472
1740700 469
1740710 465
1740720 461
1740730 458
1740740 454
1740750 450
1740760 446
1740770 442
1740780 438
1740790 434
1740800 430
1740810 426
1740820 422
1740830 418
1740840 414
1740850 410
1740860 406
1740870 401
1740880 396
1740890 391
1740900 387
1740910 385
1740920 384
1740930 384
1740940 383
1740950 383
1740960 383
1740970 384
1740980 385
1740990 385
1741000 384
1741010 384
1741020 384
1741030 385
1741040 385
1741050 386
1741060 388
1741070 388
1741080 388
1741090 388
1741100 388
1741110 388
1741120 388
1741130 387
1741140 387
1741150 387
1741160 388
1741170 388
1741180 388
1741190 388
1741200 389
1741210 391
1741220 394
1741230 398
1741240 402
1741250 406
1741260 409
1741270 412
1741280 415
1741290 418
1741300 421
1741310 424
1741320 427
1741330 430
1741340 432
1741350 434
1741360 436
1741370 438
1741380 440
1741390 441
1741400 443
1741410 445
1741420 447
1741430 449
1741440 452
1741450 454
1741460 457
1741470 459
1741480 461
1741490 463
1741500 466
1741510 469
1741520 471
1741530 474
1741540 476
1741550 478
1741560 481
1741570 483
1741580 486
1741590 488
1741600 491
1741610 494
1741620 496
1741630 499
1741640 502
1741650 504
1741660 507
1741670 510
1741680 513
1741690 516
1741700 518
1741710 521
1741720 523
1741730 526
1741740 528
1741750 531
1741760 533
1741770 535
1741780 537
1741790 540
1741800 542
1741810 544
1741820 546
1741830 547
1741840 549
1741850 550
1741860 551
1741870 552
1741880 553
1741890 554
1741900 555
1741910 556
1741920 558
1741930 559
1741940 560
1741950 562
1741960 564
1741970 566
1741980 567
1741990 569
1742000 571
1742010 572
1742020 574
1742030 576
1742040 578
1742050 580
1742060 581
1742070 583
1742080 585
1742090 587
1742100 589
1742110 591
1742120 594
1742130 596
1742140 598
1742150 599
1742160 601
1742170 603
1742180 605
1742190 608
1742200 610
1742210 612
1742220 615
1742230 617
1742240 620
1742250 622
1742260 624
1742270 626
1742280 628
1742290 629
1742300 631
1742310 633
1742320 635
1742330 637
1742340 638
1742350 640
1742360 642
1742370 643
1742380 645
1742390 646
1742400 647
1742410 648
1742420 648
1742430 648
1742440 647
1742450 645
1742460 643
1742470 641
1742480 639
1742490 637
1742500 635
1742510 633
1742520 631
1742530 629
1742540 627
1742550 624
1742560 622
1742570 619
1742580 617
1742590 615
1742600 613
1742610 610
1742620 609
1742630 607
1742640 604
1742650 602
1742660 600
1742670 599
1742680 597
1742690 595
1742700 592
1742710 590
1742720 587
1742730 585
1742740 582
1742750 579
1742760 577
1742770 574
1742780 571
1742790 568
1742800 566
1742810 563
1742820 559
1742830 555
1742840 551
1742850 547
1742860 543
1742870 539
1742880 535
1742890 531
1742900 527
1742910 524
1742920 522
1742930 521
1742940 520
1742950 520
1742960 521
1742970 522
1742980 523
1742990 524
1743000 525
1743010 526
1743020 527
1743030 528
1743040 529
1743050 530
1743060 531
1743070 532
1743080 533
1743090 534
1743100 535
1743110 536
1743120 537
1743130 539
1743140 541
1743150 543
1743160 545
1743170 547
1743180 549
1743190 551
1743200 552
1743210 554
1743220 555
1743230 557
1743240 558
1743250 559
1743260 560
1743270 561
1743280 562
1743290 562
1743300 562
1743310 563
1743320 563
1743330 564
1743340 565
1743350 566
1743360 567
1743370 568
1743380 568
1743390 569
1743400 569
1743410 570
1743420 571
1743430 571
1743440 572
1743450 574
1743460 575
1743470 576
1743480 578
1743490 580
1743500 581
1743510 583
1743520 583
1743530 583
1743540 583
1743550 582
1743560 581
1743570 580
1743580 579
1743590 578
1743600 576
1743610 575
1743620 573
1743630 571
1743640 569
1743650 567
1743660 565
1743670 563
1743680 561
1743690 559
1743700 557
1743710 555
1743720 553
1743730 551
1743740 549
1743750 548
1743760 546
1743770 544
1743780 541
1743790 539
1743800 535
1743810 531
1743820 526
1743830 522
1743840 517
1743850 512
1743860 507
1743870 502
1743880 498
1743890 493
1743900 488
1743910 483
1743920 478
1743930 473
1743940 468
1743950 464
1743960 459
1743970 455
1743980 450
1743990 446
1744000 442
1744010 439
1744020 436
1744030 435
1744040 436
1744050 437
1744060 441
1744070 444
1744080 448
1744090 451
1744100 454
1744110 457
1744120 459
1744130 462
1744140 464
1744150 467
1744160 470
1744170 473
1744180 475
1744190 478
1744200 481
1744210 483
1744220 486
1744230 488
1744240 490
1744250 493
1744260 495
1744270 498
1744280 500
1744290 503
1744300 505
1744310 507
1744320 510
1744330 512
1744340 515
1744350 518
1744360 520
1744370 523
1744380 525
1744390 528
1744400 532
1744410 534
1744420 537
1744430 540
1744440 543
1744450 547
1744460 549
1744470 552
1744480 555
1744490 559
1744500 562
1744510 565
1744520 569
1744530 572
1744540 575
1744550 577
1744560 580
1744570 582
1744580 584
1744590 585
1744600 587
1744610 588
1744620 589
1744630 589
1744640 589
1744650 588
1744660 588
1744670 588
1744680 588
1744690 588
1744700 588
1744710 588
1744720 588
1744730 588
1744740 587
1744750 587
1744760 586
1744770 586
1744780 585
1744790 585
1744800 584
1744810 584
1744820 583
1744830 582
1744840 582
1744850 581
1744860 581
1744870 580
1744880 580
1744890 580
1744900 580
1744910 579
1744920 579
1744930 579
1744940 578
1744950 578
1744960 578
1744970 577
1744980 577
1744990 577
1745000 576
1745010 576
1745020 575
1745030 574
1745040 574
1745050 573
1745060 572
1745070 571
1745080 570
1745090 568
1745100 566
1745110 564
1745120 561
1745130 558
1745140 554
1745150 551
1745160 547
1745170 543
1745180 540
1745190 536
1745200 533
1745210 531
1745220 528
1745230 526
1745240 523
1745250 521
1745260 519
1745270 517
1745280 515
1745290 513
1745300 511
1745310 508
1745320 506
1745330 503
1745340 501
1745350 498
1745360 495
1745370 492
1745380 488
1745390 485
1745400 482
1745410 479
1745420 477
1745430 474
1745440 471
1745450 467
1745460 462
1745470 458
1745480 452
1745490 447
1745500 442
1745510 436
1745520 431
1745530 426
1745540 422
1745550 417
1745560 414
1745570 412
1745580 411
1745590 410
1745600 410
1745610 410
1745620 411
1745630 411
1745640 411
1745650 412
1745660 414
1745670 417
1745680 419
1745690 422
1745700 425
1745710 428
1745720 431
1745730 434
1745740 437
1745750 440
1745760 444
1745770 447
1745780 451
1745790 455
1745800 459
1745810 463
1745820 468
1745830 473
1745840 477
1745850 481
1745860 486
1745870 490
1745880 494
1745890 498
1745900 500
1745910 502
1745920 503
1745930 503
1745940 504
1745950 504
1745960 505
1745970 505
1745980 506
1745990 507
1746000 508
1746010 509
1746020 510
1746030 511
1746040 513
1746050 514
1746060 516
1746070 517
1746080 519
1746090 521
1746100 522
1746110 524
1746120 526
1746130 527
1746140 528
1746150 530
1746160 531
1746170 532
1746180 533
1746190 533
1746200 533
1746210 532
1746220 532
1746230 531
1746240 530
1746250 530
1746260 529
1746270 528
1746280 528
1746290 528
1746300 529
1746310 529
1746320 530
1746330 530
1746340 531
1746350 532
1746360 533
1746370 534
1746380 535
1746390 536
1746400 537
1746410 538
1746420 540
1746430 542
1746440 543
1746450 545
1746460 547
1746470 548
1746480 549
1746490 551
1746500 552
1746510 553
1746520 554
1746530 554
1746540 554
1746550 554
1746560 554
1746570 553
1746580 552
1746590 551
1746600 550
1746610 549
1746620 548
1746630 547
1746640 546
1746650 545
1746660 544
1746670 543
1746680 542
1746690 541
1746700 540
1746710 538
1746720 536
1746730 533
1746740 529
1746750 524
1746760 520
1746770 516
1746780 512
1746790 508
1746800 504
1746810 501
1746820 498
1746830 495
1746840 491
1746850 487
1746860 484
1746870 481
1746880 477
1746890 474
1746900 470
1746910 467
1746920 464
1746930 461
1746940 458
1746950 454
1746960 451
1746970 449
1746980 446
1746990 442
1747000 439
1747010 436
1747020 433
1747030 430
1747040 427
1747050 423
1747060 420
1747070 418
1747080 416
1747090 415
1747100 415
1747110 414
1747120 414
1747130 414
1747140 414
1747150 414
1747160 414
1747170 414
1747180 414
1747190 414
1747200 414
1747210 415
1747220 415
1747230 417
1747240 419
1747250 421
1747260 424
1747270 426
1747280 429
1747290 431
1747300 433
1747310 436
1747320 438
1747330 440
1747340 441
1747350 443
1747360 445
1747370 447
1747380 449
1747390 451
1747400 453
1747410 455
1747420 457
1747430 460
1747440 463
1747450 465
1747460 468
1747470 471
1747480 473
1747490 476
1747500 480
1747510 482
1747520 485
1747530 488
1747540 492
1747550 495
1747560 499
1747570 502
1747580 505
1747590 507
1747600 510
1747610 513
1747620 516
1747630 520
1747640 523
1747650 526
1747660 529
1747670 532
1747680 535
1747690 536
1747700 538
1747710 539
1747720 541
1747730 542
1747740 541
1747750 540
1747760 538
1747770 536
1747780 534
1747790 532
1747800 530
1747810 528
1747820 527
1747830 525
1747840 523
1747850 521
1747860 519
1747870 518
1747880 516
1747890 514
1747900 512
1747910 510
1747920 507
1747930 505
1747940 503
1747950 501
1747960 500
1747970 498
1747980 497
1747990 496
1748000 495
1748010 494
1748020 493
1748030 493
1748040 492
1748050 492
1748060 492
1748070 492
1748080 493
1748090 494
1748100 495
1748110 496
1748120 496
1748130 497
1748140 498
1748150 499
1748160 500
1748170 501
1748180 503
1748190 504
1748200 506
1748210 508
1748220 510
1748230 511
1748240 513
1748250 515
1748260 517
1748270 519
1748280 522
1748290 524
1748300 527
1748310 529
1748320 531
1748330 533
1748340 535
1748350 537
1748360 540
1748370 542
1748380 545
1748390 546
1748400 547
1748410 547
1748420 548
1748430 548
1748440 547
1748450 546
1748460 545
1748470 544
1748480 543
1748490 542
1748500 540
1748510 538
1748520 537
1748530 535
1748540 534
1748550 532
1748560 531
1748570 530
1748580 528
1748590 527
1748600 526
1748610 525
1748620 524
1748630 522
1748640 521
1748650 520
1748660 518
1748670 517
1748680 516
1748690 515
1748700 515
1748710 514
1748720 513
1748730 512
1748740 511
1748750 510
1748760 509
1748770 507
1748780 506
1748790 504
1748800 502
1748810 499
1748820 496
1748830 493
1748840 489
1748850 486
1748860 482
1748870 479
1748880 476
1748890 473
1748900 470
1748910 466
1748920 462
1748930 458
1748940 454
1748950 450
1748960 446
1748970 443
1748980 440
1748990 438
1749000 440
1749010 443
1749020 446
1749030 449
1749040 452
1749050 454
1749060 457
1749070 460
1749080 462
1749090 465
1749100 468
1749110 470
1749120 472
1749130 474
1749140 476
1749150 478
1749160 479
1749170 481
1749180 483
1749190 485
1749200 486
1749210 487
1749220 489
1749230 490
1749240 491
1749250 491
1749260 491
1749270 491
1749280 491
1749290 490
1749300 490
1749310 489
1749320 489
1749330 489
1749340 488
1749350 488
1749360 488
1749370 487
1749380 487
1749390 486
1749400 486
1749410 485
1749420 485
1749430 485
1749440 484
1749450 484
1749460 484
1749470 484
1749480 483
1749490 483
1749500 483
1749510 482
1749520 482
1749530 482
1749540 482
1749550 481
1749560 481
1749570 480
1749580 480
1749590 480
1749600 479
1749610 479
1749620 478
1749630 478
1749640 477
1749650 477
1749660 476
1749670 475
1749680 474
1749690 473
1749700 472
1749710 472
1749720 471
1749730 471
1749740 470
1749750 470
1749760 469
1749770 469
1749780 468
1749790 468
1749800 467
1749810 466
1749820 466
1749830 465
1749840 464
1749850 464
1749860 463
1749870 462
1749880 461
1749890 460
1749900 459
1749910 458
1749920 458
1749930 457
1749940 456
1749950 456
1749960 455
1749970 455
1749980 454
1749990 454
1750000 453
1750010 453
1750020 452
1750030 451
1750040 450
1750050 449
1750060 448
1750070 448
1750080 447
1750090 446
1750100 445
1750110 444
1750120 443
1750130 442
1750140 441
1750150 441
1750160 440
1750170 439
1750180 438
1750190 436
1750200 435
1750210 433
1750220 431
1750230 429
1750240 428
1750250 426
1750260 424
1750270 422
1750280 420
1750290 418
1750300 415
1750310 412
1750320 409
1750330 407
1750340 405
1750350 404
1750360 403
1750370 402
1750380 402
1750390 401
1750400 400
1750410 400
1750420 400
1750430 400
1750440 400
1750450 399
1750460 399
1750470 399
1750480 399
1750490 399
1750500 399
1750510 399
1750520 399
1750530 398
1750540 399
1750550 400
1750560 400
1750570 401
1750580 403
1750590 406
1750600 410
1750610 414
1750620 417
1750630 420
1750640 423
1750650 426
1750660 428
1750670 431
1750680 433
1750690 435
1750700 437
1750710 439
1750720 440
1750730 442
1750740 444
1750750 445
1750760 447
1750770 448
1750780 449
1750790 450
1750800 450
1750810 451
1750820 452
1750830 452
1750840 453
1750850 453
1750860 454
1750870 455
1750880 455
1750890 456
1750900 457
1750910 458
1750920 458
1750930 459
1750940 459
1750950 460
1750960 460
1750970 461
1750980 461
1750990 462
1751000 463
1751010 465
1751020 465
1751030 465
1751040 465
1751050 466
1751060 466
1751070 466
1751080 466
1751090 466
1751100 467
1751110 468
1751120 468
1751130 469
1751140 469
1751150 470
1751160 471
1751170 471
1751180 472
1751190 472
1751200 473
1751210 474
1751220 474
1751230 475
1751240 476
1751250 476
1751260 476
1751270 477
1751280 478
1751290 478
1751300 479
1751310 479
1751320 479
1751330 480
1751340 480
1751350 480
1751360 481
1751370 481
1751380 481
1751390 482
1751400 482
1751410 482
1751420 482
1751430 483
1751440 483
1751450 483
1751460 483
1751470 484
1751480 484
1751490 484
1751500 484
1751510 484
1751520 485
1751530 485
1751540 485
1751550 486
1751560 486
1751570 486
1751580 487
1751590 487
1751600 487
1751610 487
1751620 488
1751630 488
1751640 488
1751650 488
1751660 488
1751670 488
1751680 488
1751690 488
1751700 488
1751710 488
1751720 488
1751730 488
1751740 488
1751750 488
1751760 488
1751770 487
1751780 486
1751790 485
1751800 483
1751810 482
1751820 481
1751830 480
1751840 480
1751850 479
1751860 479
1751870 479
1751880 480
1751890 480
1751900 481
1751910 481
1751920 482
1751930 483
1751940 485
1751950 487
1751960 490
1751970 493
1751980 496
1751990 498
1752000 501
1752010 502
1752020 504
1752030 505
1752040 505
1752050 506
1752060 507
1752070 507
1752080 507
1752090 507
1752100 506
1752110 506
1752120 506
1752130 505
1752140 505
1752150 505
1752160 505
1752170 505
1752180 505
1752190 505
1752200 504
1752210 504
1752220 503
1752230 503
1752240 502
1752250 502
1752260 502
1752270 501
1752280 501
1752290 501
1752300 501
1752310 501
1752320 501
1752330 501
1752340 501
1752350 501
1752360 500
1752370 500
1752380 500
1752390 499
1752400 499
1752410 499
1752420 499
1752430 499
1752440 499
1752450 498
1752460 498
1752470 498
1752480 497
1752490 497
1752500 497
1752510 497
1752520 496
1752530 496
1752540 496
1752550 495
1752560 495
1752570 494
1752580 494
1752590 493
1752600 492
1752610 491
1752620 490
1752630 489
1752640 489
1752650 487
1752660 486
1752670 485
1752680 484
1752690 483
1752700 482
1752710 481
1752720 480
1752730 479
1752740 478
1752750 477
1752760 476
1752770 475
1752780 473
1752790 472
1752800 470
1752810 468
1752820 466
1752830 465
1752840 462
1752850 459
1752860 456
1752870 455
1752880 455
1752890 457
1752900 459
1752910 462
1752920 466
1752930 469
1752940 473
1752950 476
1752960 480
1752970 483
1752980 487
1752990 490
1753000 493
1753010 496
1753020 498
1753030 501
1753040 504
1753050 507
1753060 510
1753070 513
1753080 516
1753090 519
1753100 522
1753110 524
1753120 526
1753130 528
1753140 530
1753150 531
1753160 532
1753170 533
1753180 534
1753190 535
1753200 535
1753210 535
1753220 536
1753230 536
1753240 536
1753250 536
1753260 536
1753270 536
1753280 536
1753290 535
1753300 535
1753310 534
1753320 533
1753330 532
1753340 531
1753350 530
1753360 529
1753370 527
1753380 526
1753390 524
1753400 522
1753410 519
1753420 516
1753430 512
1753440 509
1753450 505
1753460 501
1753470 497
1753480 493
1753490 489
1753500 486
1753510 483
1753520 481
1753530 479
1753540 478
1753550 476
1753560 475
1753570 473
1753580 472
1753590 471
1753600 472
1753610 474
1753620 476
1753630 478
1753640 480
1753650 482
1753660 484
1753670 486
1753680 489
1753690 491
1753700 493
1753710 495
1753720 497
1753730 499
1753740 500
1753750 502
1753760 503
1753770 504
1753780 505
1753790 505
1753800 505
1753810 504
1753820 503
1753830 503
1753840 503
1753850 503
1753860 504
1753870 504
1753880 504
1753890 504
1753900 504
1753910 504
1753920 504
1753930 503
1753940 502
1753950 500
1753960 498
1753970 496
1753980 494
1753990 492
1754000 490
1754010 489
1754020 487
1754030 486
1754040 485
1754050 484
1754060 483
1754070 482
1754080 481
1754090 481
1754100 480
1754110 479
1754120 478
1754130 478
1754140 477
1754150 476
1754160 476
1754170 476
1754180 475
1754190 475
1754200 475
1754210 475
1754220 474
1754230 474
1754240 474
1754250 473
1754260 473
1754270 473
1754280 473
1754290 473
1754300 473
1754310 472
1754320 472
1754330 472
1754340 471
1754350 471
1754360 470
1754370 470
1754380 470
1754390 470
1754400 469
1754410 469
1754420 469
1754430 469
1754440 469
1754450 468
1754460 468
1754470 468
1754480 468
1754490 467
1754500 467
1754510 466
1754520 466
1754530 466
1754540 466
1754550 465
1754560 464
1754570 464
1754580 464
1754590 463
1754600 463
1754610 463
1754620 463
1754630 462
1754640 462
1754650 462
1754660 461
1754670 461
1754680 460
1754690 460
1754700 460
1754710 459
1754720 459
1754730 458
1754740 457
1754750 457
1754760 456
1754770 456
1754780 455
1754790 454
1754800 453
1754810 452
1754820 452
1754830 452
1754840 453
1754850 452
1754860 452
1754870 451
1754880 451
1754890 450
1754900 450
1754910 449
1754920 448
1754930 447
1754940 446
1754950 446
1754960 445
1754970 444
1754980 444
1754990 443
1755000 443
1755010 443
1755020 442
1755030 442
1755040 441
1755050 441
1755060 440
1755070 440
1755080 440
1755090 439
1755100 439
1755110 439
1755120 439
1755130 438
1755140 438
1755150 438
1755160 437
1755170 437
1755180 437
1755190 436
1755200 436
1755210 435
1755220 435
1755230 435
1755240 434
1755250 434
1755260 434
1755270 433
1755280 433
1755290 433
1755300 432
1755310 432
1755320 432
1755330 431
1755340 431
1755350 430
1755360 429
1755370 428
1755380 427
1755390 426
1755400 426
1755410 426
1755420 425
1755430 425
1755440 425
1755450 425
1755460 425
1755470 424
1755480 424
1755490 424
1755500 424
1755510 424
1755520 424
1755530 424
1755540 423
1755550 423
1755560 423
1755570 422
1755580 422
1755590 422
1755600 422
1755610 422
1755620 422
1755630 422
1755640 423
1755650 422
1755660 422
1755670 422
1755680 422
1755690 422
1755700 422
1755710 422
1755720 422
1755730 422
1755740 422
1755750 422
1755760 422
1755770 422
1755780 422
1755790 422
1755800 422
1755810 422
1755820 422
1755830 422
1755840 421
1755850 421
1755860 421
1755870 421
1755880 421
1755890 421
1755900 421
1755910 421
1755920 421
1755930 421
1755940 421
1755950 421
1755960 421
1755970 421
1755980 421
1755990 421
1756000 422
1756010 421
1756020 420
1756030 419
1756040 418
1756050 419
1756060 419
1756070 420
1756080 420
1756090 421
1756100 421
1756110 421
1756120 421
1756130 421
1756140 422
1756150 423
1756160 423
1756170 423
1756180 423
1756190 423
1756200 423
1756210 423
1756220 423
1756230 425
1756240 426
1756250 427
1756260 430
1756270 432
1756280 434
1756290 435
1756300 437
1756310 438
1756320 440
1756330 441
1756340 442
1756350 443
1756360 443
1756370 443
1756380 443
1756390 443
1756400 442
1756410 442
1756420 441
1756430 440
1756440 441
1756450 441
1756460 442
1756470 441
1756480 440
1756490 440
1756500 440
1756510 439
1756520 438
1756530 437
1756540 436
1756550 435
1756560 435
1756570 435
1756580 435
1756590 435
1756600 435
1756610 434
1756620 434
1756630 433
1756640 433
1756650 433
1756660 433
1756670 432
1756680 432
1756690 432
1756700 434
1756710 434
1756720 434
1756730 434
1756740 434
1756750 434
1756760 434
1756770 434
1756780 434
1756790 434
1756800 434
1756810 433
1756820 433
1756830 433
1756840 433
1756850 433
1756860 432
1756870 433
1756880 433
1756890 433
1756900 433
1756910 433
1756920 433
1756930 433
1756940 434
1756950 434
1756960 433
1756970 433
1756980 433
1756990 433
1757000 433
1757010 433
1757020 433
1757030 433
1757040 433
1757050 434
1757060 434
1757070 434
1757080 434
1757090 434
1757100 434
1757110 434
1757120 434
1757130 434
1757140 434
1757150 434
1757160 435
1757170 435
1757180 435
1757190 435
1757200 436
1757210 436
1757220 436
1757230 436
1757240 436
1757250 437
1757260 437
1757270 436
1757280 436
1757290 437
1757300 437
1757310 437
1757320 437
1757330 437
1757340 437
1757350 437
1757360 437
1757370 437
1757380 438
1757390 438
1757400 438
1757410 438
1757420 438
1757430 438
1757440 438
1757450 438
1757460 438
1757470 438
1757480 438
1757490 438
1757500 437
1757510 437
1757520 436
1757530 436
1757540 436
1757550 435
1757560 435
1757570 435
1757580 435
1757590 435
1757600 435
1757610 435
1757620 434
1757630 434
1757640 434
1757650 434
1757660 434
1757670 434
1757680 434
1757690 434
1757700 434
1757710 434
1757720 434
1757730 434
1757740 434
1757750 434
1757760 434
1757770 434
1757780 434
1757790 433
1757800 433
1757810 433
1757820 433
1757830 433
1757840 433
1757850 433
1757860 433
1757870 433
1757880 433
1757890 433
1757900 433
1757910 433
1757920 433
1757930 433
1757940 433
1757950 432
1757960 432
1757970 432
1757980 432
1757990 432
1758000 432
1758010 432
1758020 432
1758030 432
1758040 432
1758050 432
1758060 431
1758070 431
1758080 431
1758090 430
1758100 430
1758110 430
1758120 430
1758130 430
1758140 430
1758150 430
1758160 430
1758170 430
1758180 430
1758190 430
1758200 430
1758210 430
1758220 431
1758230 431
1758240 431
1758250 431
1758260 432
1758270 432
1758280 432
1758290 432
1758300 432
1758310 432
1758320 432
1758330 431
1758340 431
1758350 431
1758360 431
1758370 432
1758380 433
1758390 434
1758400 434
1758410 435
1758420 436
1758430 437
1758440 437
1758450 438
1758460 438
1758470 438
1758480 438
1758490 438
1758500 438
1758510 439
1758520 439
1758530 439
1758540 439
1758550 439
1758560 439
1758570 439
1758580 440
1758590 440
1758600 440
1758610 440
1758620 440
1758630 440
1758640 441
1758650 441
1758660 441
1758670 441
1758680 441
1758690 441
1758700 442
1758710 442
1758720 442
1758730 443
1758740 443
1758750 443
1758760 443
1758770 443
1758780 443
1758790 444
1758800 444
1758810 444
1758820 444
1758830 445
1758840 445
1758850 445
1758860 445
1758870 446
1758880 446
1758890 446
1758900 446
1758910 446
1758920 446
1758930 447
1758940 447
1758950 447
1758960 447
1758970 447
1758980 448
1758990 448
1759000 448
1759010 448
1759020 449
1759030 449
1759040 449
1759050 449
1759060 449
1759070 450
1759080 450
1759090 450
1759100 450
1759110 451
1759120 451
1759130 451
1759140 451
1759150 452
1759160 452
1759170 452
1759180 452
1759190 453
1759200 453
1759210 453
1759220 453
1759230 453
1759240 453
1759250 454
1759260 454
1759270 454
1759280 454
1759290 454
1759300 454
1759310 454
1759320 454
1759330 455
1759340 455
1759350 455
1759360 455
1759370 455
1759380 456
1759390 456
1759400 456
1759410 456
1759420 456
1759430 457
1759440 457
1759450 456
1759460 457
1759470 457
1759480 457
1759490 457
1759500 458
1759510 458
1759520 458
1759530 458
1759540 458
1759550 458
1759560 458
1759570 458
1759580 458
1759590 458
1759600 458
1759610 458
1759620 458
1759630 458
1759640 458
1759650 458
1759660 457
1759670 457
1759680 457
1759690 458
1759700 458
1759710 459
1759720 459
1759730 459
1759740 459
1759750 459
1759760 459
1759770 460
1759780 460
1759790 460
1759800 460
1759810 460
1759820 460
1759830 460
1759840 460
1759850 460
1759860 460
1759870 460
1759880 461
1759890 461
1759900 461
1759910 461
1759920 461
1759930 461
1759940 461
1759950 461
1759960 461
1759970 461
1759980 460
1759990 460
