1740000 518
1740010 518
1740020 518
1740030 519
1740040 520
1740050 521
1740060 522
1740070 523
1740080 524
1740090 526
1740100 527
1740110 529
1740120 530
1740130 530
1740140 530
1740150 530
1740160 530
1740170 530
1740180 530
1740190 529
1740200 529
1740210 528
1740220 527
1740230 526
1740240 525
1740250 524
1740260 523
1740270 521
1740280 520
1740290 518
1740300 516
1740310 515
1740320 514
1740330 512
1740340 511
1740350 509
1740360 508
1740370 506
1740380 505
1740390 504
1740400 502
1740410 500
1740420 498
1740430 495
1740440 493
1740450 491
1740460 489
1740470 487
1740480 485
1740490 482
1740500 479
1740510 477
1740520 475
1740530 474
1740540 472
1740550 470
1740560 468
1740570 466
1740580 464
1740590 462
1740600 461
1740610 459
1740620 457
1740630 456
1740640 454
1740650 452
1740660 450
1740670 447
1740680 445
1740690 442
1740700 440
1740710 438
1740720 435
1740730 433
1740740 432
1740750 430
1740760 427
1740770 425
1740780 423
1740790 421
1740800 419
1740810 417
1740820 414
1740830 412
1740840 409
1740850 406
1740860 404
1740870 401
1740880 398
1740890 394
1740900 391
1740910 388
1740920 385
1740930 383
1740940 382
1740950 380
1740960 380
1740970 380
1740980 381
1740990 381
1741000 381
1741010 381
1741020 381
1741030 381
1741040 381
1741050 380
1741060 380
1741070 381
1741080 381
1741090 382
1741100 384
1741110 384
1741120 384
1741130 384
1741140 384
1741150 384
1741160 384
1741170 384
1741180 384
1741190 384
1741200 384
1741210 384
1741220 385
1741230 385
1741240 385
1741250 385
1741260 385
1741270 385
1741280 386
1741290 387
1741300 389
1741310 391
1741320 394
1741330 396
1741340 399
1741350 401
1741360 404
1741370 406
1741380 409
1741390 411
1741400 413
1741410 414
1741420 415
1741430 417
1741440 418
1741450 420
1741460 422
1741470 423
1741480 425
1741490 427
1741500 429
1741510 430
1741520 432
1741530 434
1741540 436
1741550 439
1741560 441
1741570 443
1741580 445
1741590 447
1741600 449
1741610 451
1741620 453
1741630 454
1741640 455
1741650 456
1741660 458
1741670 460
1741680 463
1741690 466
1741700 469
1741710 471
1741720 474
1741730 477
1741740 480
1741750 483
1741760 486
1741770 488
1741780 490
1741790 491
1741800 493
1741810 495
1741820 497
1741830 500
1741840 503
1741850 506
1741860 509
1741870 512
1741880 514
1741890 517
1741900 520
1741910 522
1741920 525
1741930 527
1741940 529
1741950 531
1741960 533
1741970 535
1741980 537
1741990 539
1742000 541
1742010 544
1742020 546
1742030 549
1742040 551
1742050 554
1742060 556
1742070 559
1742080 561
1742090 562
1742100 563
1742110 564
1742120 564
1742130 564
1742140 565
1742150 565
1742160 565
1742170 565
1742180 565
1742190 565
1742200 565
1742210 566
1742220 566
1742230 566
1742240 567
1742250 569
1742260 570
1742270 571
1742280 572
1742290 573
1742300 572
1742310 572
1742320 571
1742330 569
1742340 568
1742350 567
1742360 566
1742370 565
1742380 565
1742390 565
1742400 565
1742410 565
1742420 565
1742430 564
1742440 564
1742450 564
1742460 564
1742470 564
1742480 564
1742490 564
1742500 564
1742510 563
1742520 563
1742530 563
1742540 562
1742550 562
1742560 562
1742570 561
1742580 561
1742590 561
1742600 560
1742610 559
1742620 559
1742630 558
1742640 556
1742650 555
1742660 553
1742670 552
1742680 551
1742690 550
1742700 548
1742710 547
1742720 546
1742730 545
1742740 544
1742750 543
1742760 542
1742770 541
1742780 540
1742790 539
1742800 538
1742810 536
1742820 535
1742830 533
1742840 532
1742850 531
1742860 530
1742870 529
1742880 527
1742890 525
1742900 523
1742910 520
1742920 517
1742930 514
1742940 512
1742950 509
1742960 506
1742970 502
1742980 499
1742990 496
1743000 493
1743010 491
1743020 488
1743030 485
1743040 482
1743050 479
1743060 476
1743070 473
1743080 471
1743090 468
1743100 466
1743110 464
1743120 463
1743130 462
1743140 462
1743150 463
1743160 464
1743170 467
1743180 469
1743190 472
1743200 475
1743210 478
1743220 480
1743230 483
1743240 485
1743250 488
1743260 490
1743270 492
1743280 494
1743290 495
1743300 496
1743310 497
1743320 498
1743330 500
1743340 501
1743350 502
1743360 503
1743370 504
1743380 506
1743390 507
1743400 509
1743410 510
1743420 511
1743430 512
1743440 513
1743450 514
1743460 515
1743470 516
1743480 517
1743490 518
1743500 518
1743510 519
1743520 520
1743530 521
1743540 521
1743550 521
1743560 521
1743570 521
1743580 522
1743590 522
1743600 522
1743610 522
1743620 522
1743630 521
1743640 520
1743650 520
1743660 519
1743670 518
1743680 517
1743690 517
1743700 516
1743710 515
1743720 514
1743730 514
1743740 514
1743750 514
1743760 515
1743770 515
1743780 516
1743790 516
1743800 516
1743810 517
1743820 518
1743830 519
1743840 520
1743850 521
1743860 521
1743870 519
1743880 516
1743890 512
1743900 508
1743910 504
1743920 500
1743930 496
1743940 491
1743950 486
1743960 482
1743970 477
1743980 472
1743990 467
1744000 462
1744010 457
1744020 452
1744030 447
1744040 442
1744050 437
1744060 433
1744070 428
1744080 424
1744090 420
1744100 417
1744110 416
1744120 414
1744130 414
1744140 413
1744150 414
1744160 415
1744170 416
1744180 418
1744190 421
1744200 423
1744210 426
1744220 428
1744230 430
1744240 433
1744250 436
1744260 438
1744270 441
1744280 444
1744290 447
1744300 449
1744310 452
1744320 455
1744330 457
1744340 460
1744350 462
1744360 464
1744370 467
1744380 469
1744390 471
1744400 474
1744410 476
1744420 479
1744430 481
1744440 483
1744450 485
1744460 487
1744470 490
1744480 492
1744490 494
1744500 497
1744510 499
1744520 501
1744530 503
1744540 505
1744550 507
1744560 508
1744570 509
1744580 510
1744590 511
1744600 511
1744610 511
1744620 510
1744630 509
1744640 509
1744650 508
1744660 507
1744670 506
1744680 505
1744690 504
1744700 503
1744710 502
1744720 500
1744730 499
1744740 498
1744750 497
1744760 496
1744770 495
1744780 494
1744790 494
1744800 493
1744810 492
1744820 492
1744830 491
1744840 490
1744850 490
1744860 489
1744870 489
1744880 489
1744890 489
1744900 489
1744910 490
1744920 491
1744930 491
1744940 492
1744950 493
1744960 495
1744970 496
1744980 498
1744990 499
1745000 501
1745010 501
1745020 502
1745030 502
1745040 503
1745050 503
1745060 503
1745070 503
1745080 503
1745090 503
1745100 503
1745110 503
1745120 503
1745130 503
1745140 502
1745150 501
1745160 501
1745170 499
1745180 498
1745190 496
1745200 495
1745210 493
1745220 491
1745230 489
1745240 488
1745250 486
1745260 484
1745270 481
1745280 479
1745290 475
1745300 473
1745310 471
1745320 470
1745330 469
1745340 468
1745350 466
1745360 464
1745370 462
1745380 460
1745390 458
1745400 456
1745410 454
1745420 452
1745430 450
1745440 448
1745450 445
1745460 442
1745470 439
1745480 436
1745490 432
1745500 429
1745510 425
1745520 422
1745530 419
1745540 416
1745550 413
1745560 410
1745570 408
1745580 406
1745590 405
1745600 404
1745610 403
1745620 402
1745630 402
1745640 402
1745650 402
1745660 401
1745670 401
1745680 401
1745690 401
1745700 402
1745710 402
1745720 402
1745730 402
1745740 402
1745750 404
1745760 408
1745770 411
1745780 415
1745790 418
1745800 420
1745810 423
1745820 426
1745830 429
1745840 432
1745850 434
1745860 437
1745870 440
1745880 442
1745890 445
1745900 447
1745910 449
1745920 451
1745930 454
1745940 456
1745950 458
1745960 460
1745970 462
1745980 464
1745990 466
1746000 468
1746010 470
1746020 473
1746030 475
1746040 477
1746050 480
1746060 482
1746070 484
1746080 485
1746090 486
1746100 487
1746110 488
1746120 488
1746130 488
1746140 486
1746150 485
1746160 481
1746170 478
1746180 475
1746190 472
1746200 470
1746210 469
1746220 468
1746230 467
1746240 467
1746250 467
1746260 467
1746270 468
1746280 469
1746290 470
1746300 471
1746310 472
1746320 473
1746330 474
1746340 475
1746350 475
1746360 476
1746370 477
1746380 478
1746390 480
1746400 481
1746410 483
1746420 484
1746430 486
1746440 487
1746450 489
1746460 490
1746470 491
1746480 493
1746490 494
1746500 494
1746510 495
1746520 496
1746530 497
1746540 497
1746550 498
1746560 498
1746570 498
1746580 498
1746590 498
1746600 498
1746610 498
1746620 497
1746630 496
1746640 495
1746650 494
1746660 493
1746670 492
1746680 491
1746690 490
1746700 488
1746710 487
1746720 485
1746730 484
1746740 482
1746750 480
1746760 478
1746770 477
1746780 475
1746790 473
1746800 471
1746810 469
1746820 467
1746830 467
1746840 466
1746850 466
1746860 465
1746870 465
1746880 465
1746890 464
1746900 462
1746910 459
1746920 458
1746930 456
1746940 455
1746950 453
1746960 452
1746970 450
1746980 448
1746990 446
1747000 444
1747010 442
1747020 440
1747030 438
1747040 436
1747050 433
1747060 431
1747070 429
1747080 427
1747090 425
1747100 423
1747110 421
1747120 419
1747130 417
1747140 415
1747150 412
1747160 410
1747170 408
1747180 406
1747190 406
1747200 406
1747210 406
1747220 406
1747230 406
1747240 406
1747250 406
1747260 406
1747270 406
1747280 406
1747290 407
1747300 409
1747310 410
1747320 413
1747330 416
1747340 420
1747350 424
1747360 428
1747370 432
1747380 436
1747390 439
1747400 443
1747410 447
1747420 450
1747430 454
1747440 458
1747450 461
1747460 465
1747470 468
1747480 471
1747490 474
1747500 477
1747510 479
1747520 482
1747530 484
1747540 486
1747550 488
1747560 490
1747570 492
1747580 494
1747590 496
1747600 498
1747610 501
1747620 504
1747630 506
1747640 508
1747650 509
1747660 511
1747670 512
1747680 513
1747690 513
1747700 514
1747710 514
1747720 514
1747730 514
1747740 513
1747750 513
1747760 513
1747770 513
1747780 513
1747790 513
1747800 513
1747810 513
1747820 513
1747830 512
1747840 512
1747850 512
1747860 511
1747870 510
1747880 509
1747890 508
1747900 507
1747910 505
1747920 504
1747930 502
1747940 500
1747950 498
1747960 496
1747970 494
1747980 491
1747990 489
1748000 487
1748010 485
1748020 483
1748030 481
1748040 479
1748050 477
1748060 474
1748070 472
1748080 469
1748090 467
1748100 465
1748110 464
1748120 462
1748130 460
1748140 458
1748150 456
1748160 454
1748170 452
1748180 450
1748190 448
1748200 446
1748210 444
1748220 444
1748230 445
1748240 446
1748250 448
1748260 451
1748270 453
1748280 456
1748290 459
1748300 462
1748310 464
1748320 467
1748330 469
1748340 472
1748350 474
1748360 476
1748370 478
1748380 480
1748390 482
1748400 483
1748410 484
1748420 485
1748430 486
1748440 486
1748450 486
1748460 486
1748470 486
1748480 486
1748490 485
1748500 484
1748510 483
1748520 482
1748530 481
1748540 480
1748550 479
1748560 477
1748570 476
1748580 474
1748590 473
1748600 472
1748610 470
1748620 469
1748630 468
1748640 468
1748650 467
1748660 466
1748670 465
1748680 465
1748690 464
1748700 464
1748710 463
1748720 463
1748730 463
1748740 463
1748750 463
1748760 463
1748770 464
1748780 464
1748790 464
1748800 464
1748810 464
1748820 464
1748830 464
1748840 463
1748850 462
1748860 462
1748870 461
1748880 460
1748890 459
1748900 457
1748910 456
1748920 455
1748930 454
1748940 452
1748950 451
1748960 449
1748970 448
1748980 446
1748990 445
1749000 443
1749010 442
1749020 440
1749030 439
1749040 438
1749050 438
1749060 437
1749070 437
1749080 436
1749090 435
1749100 431
1749110 427
1749120 423
1749130 420
1749140 419
1749150 418
1749160 418
1749170 417
1749180 417
1749190 416
1749200 416
1749210 416
1749220 417
1749230 418
1749240 419
1749250 421
1749260 424
1749270 426
1749280 429
1749290 432
1749300 434
1749310 435
1749320 436
1749330 436
1749340 437
1749350 437
1749360 437
1749370 437
1749380 437
1749390 437
1749400 437
1749410 437
1749420 437
1749430 437
1749440 437
1749450 437
1749460 437
1749470 437
1749480 437
1749490 437
1749500 437
1749510 437
1749520 436
1749530 436
1749540 436
1749550 436
1749560 436
1749570 436
1749580 436
1749590 435
1749600 435
1749610 435
1749620 434
1749630 434
1749640 433
1749650 432
1749660 431
1749670 431
1749680 430
1749690 430
1749700 429
1749710 428
1749720 428
1749730 428
1749740 428
1749750 427
1749760 427
1749770 426
1749780 426
1749790 426
1749800 425
1749810 425
1749820 425
1749830 425
1749840 425
1749850 425
1749860 425
1749870 425
1749880 426
1749890 427
1749900 427
1749910 428
1749920 428
1749930 428
1749940 428
1749950 429
1749960 429
1749970 430
1749980 430
1749990 430
1750000 430
1750010 430
1750020 430
1750030 430
1750040 430
1750050 429
1750060 429
1750070 428
1750080 427
1750090 426
1750100 425
1750110 425
1750120 424
1750130 422
1750140 419
1750150 415
1750160 410
1750170 406
1750180 402
1750190 400
1750200 399
1750210 398
1750220 398
1750230 398
1750240 398
1750250 399
1750260 399
1750270 399
1750280 398
1750290 398
1750300 398
1750310 398
1750320 398
1750330 398
1750340 398
1750350 398
1750360 398
1750370 398
1750380 399
1750390 399
1750400 398
1750410 397
1750420 396
1750430 396
1750440 397
1750450 398
1750460 398
1750470 398
1750480 398
1750490 398
1750500 398
1750510 398
1750520 399
1750530 400
1750540 402
1750550 403
1750560 404
1750570 404
1750580 405
1750590 406
1750600 407
1750610 408
1750620 410
1750630 411
1750640 412
1750650 413
1750660 414
1750670 415
1750680 416
1750690 417
1750700 418
1750710 419
1750720 419
1750730 420
1750740 421
1750750 422
1750760 423
1750770 424
1750780 425
1750790 426
1750800 427
1750810 428
1750820 429
1750830 430
1750840 431
1750850 432
1750860 432
1750870 433
1750880 434
1750890 434
1750900 435
1750910 436
1750920 437
1750930 437
1750940 438
1750950 438
1750960 439
1750970 440
1750980 440
1750990 441
1751000 441
1751010 441
1751020 442
1751030 442
1751040 443
1751050 443
1751060 443
1751070 443
1751080 443
1751090 443
1751100 443
1751110 443
1751120 443
1751130 444
1751140 444
1751150 444
1751160 444
1751170 444
1751180 444
1751190 445
1751200 445
1751210 445
1751220 445
1751230 445
1751240 445
1751250 446
1751260 446
1751270 446
1751280 446
1751290 447
1751300 447
1751310 447
1751320 447
1751330 447
1751340 448
1751350 448
1751360 448
1751370 448
1751380 448
1751390 449
1751400 449
1751410 449
1751420 449
1751430 450
1751440 450
1751450 450
1751460 450
1751470 450
1751480 451
1751490 450
1751500 450
1751510 450
1751520 450
1751530 451
1751540 451
1751550 451
1751560 451
1751570 451
1751580 451
1751590 451
1751600 451
1751610 451
1751620 451
1751630 451
1751640 452
1751650 452
1751660 452
1751670 452
1751680 452
1751690 452
1751700 452
1751710 452
1751720 452
1751730 452
1751740 452
1751750 451
1751760 451
1751770 451
1751780 451
1751790 452
1751800 453
1751810 454
1751820 456
1751830 457
1751840 457
1751850 458
1751860 459
1751870 459
1751880 460
1751890 460
1751900 460
1751910 460
1751920 461
1751930 461
1751940 461
1751950 461
1751960 461
1751970 462
1751980 462
1751990 462
1752000 462
1752010 463
1752020 463
1752030 463
1752040 463
1752050 463
1752060 463
1752070 463
1752080 463
1752090 463
1752100 463
1752110 463
1752120 463
1752130 463
1752140 463
1752150 463
1752160 463
1752170 462
1752180 462
1752190 462
1752200 461
1752210 461
1752220 461
1752230 461
1752240 461
1752250 462
1752260 462
1752270 463
1752280 463
1752290 464
1752300 465
1752310 465
1752320 466
1752330 467
1752340 467
1752350 467
1752360 467
1752370 467
1752380 467
1752390 467
1752400 467
1752410 467
1752420 467
1752430 468
1752440 468
1752450 468
1752460 469
1752470 469
1752480 469
1752490 470
1752500 470
1752510 470
1752520 469
1752530 469
1752540 469
1752550 468
1752560 468
1752570 468
1752580 467
1752590 467
1752600 467
1752610 467
1752620 467
1752630 467
1752640 467
1752650 466
1752660 466
1752670 465
1752680 465
1752690 464
1752700 463
1752710 463
1752720 462
1752730 461
1752740 460
1752750 458
1752760 457
1752770 455
1752780 453
1752790 451
1752800 450
1752810 448
1752820 446
1752830 444
1752840 442
1752850 441
1752860 439
1752870 439
1752880 438
1752890 438
1752900 437
1752910 437
1752920 437
1752930 438
1752940 440
1752950 443
1752960 445
1752970 447
1752980 449
1752990 451
1753000 453
1753010 456
1753020 458
1753030 460
1753040 462
1753050 463
1753060 465
1753070 465
1753080 466
1753090 467
1753100 468
1753110 468
1753120 468
1753130 469
1753140 469
1753150 469
1753160 469
1753170 469
1753180 470
1753190 470
1753200 470
1753210 470
1753220 469
1753230 469
1753240 469
1753250 469
1753260 468
1753270 468
1753280 467
1753290 467
1753300 466
1753310 466
1753320 465
1753330 465
1753340 465
1753350 464
1753360 464
1753370 464
1753380 463
1753390 463
1753400 463
1753410 462
1753420 462
1753430 461
1753440 461
1753450 460
1753460 459
1753470 459
1753480 458
1753490 457
1753500 457
1753510 456
1753520 456
1753530 456
1753540 455
1753550 455
1753560 454
1753570 454
1753580 454
1753590 453
1753600 453
1753610 452
1753620 451
1753630 450
1753640 449
1753650 448
1753660 447
1753670 446
1753680 445
1753690 444
1753700 443
1753710 442
1753720 442
1753730 441
1753740 441
1753750 441
1753760 441
1753770 441
1753780 441
1753790 441
1753800 441
1753810 442
1753820 441
1753830 441
1753840 441
1753850 441
1753860 440
1753870 440
1753880 440
1753890 439
1753900 439
1753910 439
1753920 439
1753930 439
1753940 438
1753950 438
1753960 438
1753970 438
1753980 438
1753990 438
1754000 438
1754010 438
1754020 438
1754030 437
1754040 437
1754050 437
1754060 437
1754070 436
1754080 436
1754090 436
1754100 436
1754110 436
1754120 436
1754130 436
1754140 436
1754150 436
1754160 436
1754170 436
1754180 436
1754190 436
1754200 436
1754210 436
1754220 436
1754230 436
1754240 436
1754250 436
1754260 436
1754270 436
1754280 436
1754290 436
1754300 435
1754310 435
1754320 435
1754330 435
1754340 434
1754350 434
1754360 434
1754370 434
1754380 434
1754390 434
1754400 434
1754410 433
1754420 433
1754430 433
1754440 432
1754450 432
1754460 432
1754470 432
1754480 431
1754490 431
1754500 431
1754510 431
1754520 431
1754530 430
1754540 430
1754550 430
1754560 430
1754570 430
1754580 430
1754590 430
1754600 430
1754610 430
1754620 430
1754630 430
1754640 430
1754650 430
1754660 430
1754670 429
1754680 429
1754690 429
1754700 429
1754710 429
1754720 429
1754730 429
1754740 428
1754750 428
1754760 428
1754770 428
1754780 428
1754790 428
1754800 428
1754810 427
1754820 427
1754830 427
1754840 427
1754850 427
1754860 426
1754870 426
1754880 426
1754890 426
1754900 426
1754910 426
1754920 426
1754930 426
1754940 426
1754950 426
1754960 426
1754970 426
1754980 426
1754990 426
1755000 426
1755010 426
1755020 426
1755030 425
1755040 425
1755050 425
1755060 425
1755070 425
1755080 424
1755090 424
1755100 424
1755110 424
1755120 423
1755130 423
1755140 422
1755150 421
1755160 420
1755170 419
1755180 419
1755190 418
1755200 418
1755210 418
1755220 418
1755230 419
1755240 419
1755250 419
1755260 419
1755270 418
1755280 417
1755290 416
1755300 416
1755310 415
1755320 414
1755330 413
1755340 413
1755350 413
1755360 413
1755370 413
1755380 413
1755390 413
1755400 414
1755410 414
1755420 414
1755430 415
1755440 415
1755450 415
1755460 415
1755470 416
1755480 416
1755490 416
1755500 417
1755510 417
1755520 417
1755530 417
1755540 417
1755550 417
1755560 417
1755570 417
1755580 418
1755590 418
1755600 418
1755610 418
1755620 418
1755630 418
1755640 418
1755650 418
1755660 418
1755670 418
1755680 418
1755690 418
1755700 418
1755710 418
1755720 418
1755730 419
1755740 419
1755750 419
1755760 419
1755770 419
1755780 419
1755790 419
1755800 419
1755810 419
1755820 420
1755830 420
1755840 420
1755850 419
1755860 419
1755870 419
1755880 419
1755890 419
1755900 420
1755910 420
1755920 420
1755930 420
1755940 420
1755950 420
1755960 420
1755970 420
1755980 420
1755990 420
1756000 421
1756010 421
1756020 422
1756030 424
1756040 425
1756050 428
1756060 429
1756070 431
1756080 432
1756090 433
1756100 434
1756110 436
1756120 437
1756130 439
1756140 441
1756150 442
1756160 444
1756170 446
1756180 448
1756190 450
1756200 453
1756210 454
1756220 456
1756230 457
1756240 459
1756250 460
1756260 461
1756270 462
1756280 464
1756290 465
1756300 466
1756310 468
1756320 469
1756330 470
1756340 470
1756350 471
1756360 471
1756370 472
1756380 472
1756390 472
1756400 473
1756410 473
1756420 473
1756430 473
1756440 473
1756450 473
1756460 472
1756470 472
1756480 471
1756490 471
1756500 470
1756510 469
1756520 469
1756530 468
1756540 468
1756550 467
1756560 467
1756570 467
1756580 467
1756590 466
1756600 465
1756610 464
1756620 463
1756630 462
1756640 462
1756650 461
1756660 461
1756670 461
1756680 462
1756690 462
1756700 461
1756710 461
1756720 461
1756730 460
1756740 459
1756750 458
1756760 456
1756770 454
1756780 455
1756790 457
1756800 459
1756810 459
1756820 459
1756830 459
1756840 459
1756850 459
1756860 459
1756870 458
1756880 457
1756890 457
1756900 457
1756910 458
1756920 461
1756930 462
1756940 463
1756950 464
1756960 464
1756970 465
1756980 465
1756990 466
1757000 466
1757010 467
1757020 467
1757030 467
1757040 468
1757050 468
1757060 468
1757070 468
1757080 468
1757090 468
1757100 468
1757110 467
1757120 467
1757130 467
1757140 467
1757150 467
1757160 466
1757170 466
1757180 465
1757190 463
1757200 462
1757210 464
1757220 466
1757230 465
1757240 464
1757250 464
1757260 464
1757270 464
1757280 465
1757290 465
1757300 465
1757310 465
1757320 465
1757330 465
1757340 465
1757350 465
1757360 464
1757370 464
1757380 464
1757390 464
1757400 464
1757410 463
1757420 463
1757430 463
1757440 463
1757450 463
1757460 463
1757470 463
1757480 463
1757490 463
1757500 463
1757510 463
1757520 463
1757530 463
1757540 464
1757550 464
1757560 464
1757570 464
1757580 464
1757590 464
1757600 464
1757610 465
1757620 465
1757630 465
1757640 465
1757650 465
1757660 465
1757670 465
1757680 465
1757690 465
1757700 465
1757710 465
1757720 465
1757730 465
1757740 465
1757750 465
1757760 464
1757770 463
1757780 463
1757790 462
1757800 461
1757810 460
1757820 460
1757830 459
1757840 457
1757850 456
1757860 454
1757870 453
1757880 451
1757890 451
1757900 451
1757910 452
1757920 453
1757930 454
1757940 455
1757950 457
1757960 458
1757970 459
1757980 459
1757990 460
1758000 460
1758010 460
1758020 460
1758030 459
1758040 459
1758050 458
1758060 458
1758070 457
1758080 457
1758090 457
1758100 457
1758110 456
1758120 455
1758130 455
1758140 454
1758150 454
1758160 453
1758170 453
1758180 452
1758190 452
1758200 452
1758210 452
1758220 452
1758230 452
1758240 452
1758250 452
1758260 452
1758270 451
1758280 451
1758290 451
1758300 451
1758310 451
1758320 451
1758330 450
1758340 450
1758350 449
1758360 448
1758370 447
1758380 447
1758390 446
1758400 444
1758410 443
1758420 442
1758430 441
1758440 438
1758450 436
1758460 434
1758470 434
1758480 434
1758490 434
1758500 434
1758510 434
1758520 434
1758530 435
1758540 436
1758550 437
1758560 437
1758570 437
1758580 437
1758590 437
1758600 436
1758610 435
1758620 436
1758630 438
1758640 439
1758650 440
1758660 441
1758670 441
1758680 442
1758690 442
1758700 442
1758710 442
1758720 442
1758730 442
1758740 442
1758750 442
1758760 443
1758770 443
1758780 443
1758790 444
1758800 444
1758810 444
1758820 444
1758830 444
1758840 445
1758850 445
1758860 445
1758870 446
1758880 446
1758890 447
1758900 447
1758910 447
1758920 448
1758930 448
1758940 448
1758950 449
1758960 449
1758970 449
1758980 450
1758990 450
1759000 450
1759010 451
1759020 451
1759030 451
1759040 452
1759050 452
1759060 452
1759070 453
1759080 453
1759090 453
1759100 453
1759110 453
1759120 454
1759130 454
1759140 455
1759150 455
1759160 455
1759170 456
1759180 456
1759190 456
1759200 457
1759210 457
1759220 457
1759230 458
1759240 458
1759250 459
1759260 460
1759270 461
1759280 461
1759290 462
1759300 462
1759310 462
1759320 463
1759330 463
1759340 464
1759350 464
1759360 465
1759370 465
1759380 465
1759390 465
1759400 466
1759410 466
1759420 467
1759430 468
1759440 468
1759450 469
1759460 469
1759470 470
1759480 470
1759490 470
1759500 470
1759510 470
1759520 470
1759530 470
1759540 470
1759550 470
1759560 469
1759570 468
1759580 468
1759590 467
1759600 466
1759610 464
1759620 463
1759630 463
1759640 463
1759650 463
1759660 463
1759670 463
1759680 463
1759690 464
1759700 464
1759710 464
1759720 464
1759730 465
1759740 465
1759750 466
1759760 467
1759770 468
1759780 469
1759790 470
1759800 471
1759810 472
1759820 473
1759830 474
1759840 475
1759850 476
1759860 477
1759870 478
1759880 479
1759890 481
1759900 482
1759910 483
1759920 485
1759930 487
1759940 489
1759950 490
1759960 490
1759970 491
1759980 491
1759990 492
