1740000 500
1740010 501
1740020 502
1740030 503
1740040 504
1740050 505
1740060 506
1740070 507
1740080 509
1740090 510
1740100 512
1740110 514
1740120 516
1740130 517
1740140 518
1740150 520
1740160 522
1740170 523
1740180 524
1740190 525
1740200 526
1740210 527
1740220 528
1740230 528
1740240 527
1740250 525
1740260 523
1740270 521
1740280 519
1740290 518
1740300 517
1740310 515
1740320 514
1740330 512
1740340 510
1740350 508
1740360 506
1740370 503
1740380 501
1740390 499
1740400 497
1740410 495
1740420 492
1740430 489
1740440 487
1740450 485
1740460 482
1740470 479
1740480 476
1740490 474
1740500 471
1740510 468
1740520 466
1740530 463
1740540 460
1740550 457
1740560 454
1740570 451
1740580 448
1740590 445
1740600 442
1740610 438
1740620 434
1740630 431
1740640 427
1740650 424
1740660 420
1740670 417
1740680 415
1740690 412
1740700 410
1740710 408
1740720 406
1740730 403
1740740 401
1740750 399
1740760 397
1740770 395
1740780 393
1740790 391
1740800 389
1740810 387
1740820 385
1740830 383
1740840 381
1740850 380
1740860 380
1740870 380
1740880 380
1740890 380
1740900 379
1740910 379
1740920 379
1740930 379
1740940 379
1740950 378
1740960 379
1740970 379
1740980 380
1740990 380
1741000 380
1741010 380
1741020 380
1741030 379
1741040 379
1741050 379
1741060 380
1741070 381
1741080 382
1741090 382
1741100 382
1741110 382
1741120 382
1741130 382
1741140 382
1741150 382
1741160 383
1741170 383
1741180 383
1741190 383
1741200 383
1741210 383
1741220 383
1741230 383
1741240 383
1741250 384
1741260 384
1741270 384
1741280 384
1741290 385
1741300 386
1741310 388
1741320 389
1741330 391
1741340 393
1741350 394
1741360 396
1741370 397
1741380 399
1741390 400
1741400 402
1741410 403
1741420 404
1741430 406
1741440 407
1741450 409
1741460 410
1741470 412
1741480 413
1741490 415
1741500 416
1741510 418
1741520 419
1741530 421
1741540 422
1741550 424
1741560 426
1741570 427
1741580 429
1741590 430
1741600 432
1741610 433
1741620 435
1741630 437
1741640 438
1741650 440
1741660 442
1741670 444
1741680 446
1741690 449
1741700 451
1741710 453
1741720 455
1741730 457
1741740 459
1741750 461
1741760 463
1741770 465
1741780 467
1741790 469
1741800 471
1741810 474
1741820 476
1741830 478
1741840 480
1741850 482
1741860 484
1741870 486
1741880 489
1741890 491
1741900 494
1741910 496
1741920 499
1741930 501
1741940 504
1741950 506
1741960 508
1741970 510
1741980 512
1741990 514
1742000 516
1742010 518
1742020 519
1742030 521
1742040 523
1742050 524
1742060 526
1742070 527
1742080 528
1742090 529
1742100 530
1742110 531
1742120 531
1742130 532
1742140 532
1742150 532
1742160 532
1742170 532
1742180 532
1742190 532
1742200 532
1742210 532
1742220 532
1742230 532
1742240 532
1742250 532
1742260 532
1742270 533
1742280 532
1742290 532
1742300 533
1742310 533
1742320 533
1742330 533
1742340 533
1742350 533
1742360 532
1742370 533
1742380 533
1742390 533
1742400 533
1742410 533
1742420 533
1742430 533
1742440 533
1742450 533
1742460 532
1742470 532
1742480 531
1742490 531
1742500 530
1742510 530
1742520 530
1742530 530
1742540 530
1742550 529
1742560 529
1742570 529
1742580 528
1742590 528
1742600 527
1742610 527
1742620 526
1742630 526
1742640 525
1742650 524
1742660 524
1742670 523
1742680 522
1742690 521
1742700 521
1742710 520
1742720 519
1742730 518
1742740 518
1742750 517
1742760 516
1742770 516
1742780 515
1742790 514
1742800 514
1742810 513
1742820 513
1742830 512
1742840 512
1742850 512
1742860 511
1742870 510
1742880 509
1742890 508
1742900 507
1742910 506
1742920 505
1742930 503
1742940 502
1742950 499
1742960 497
1742970 493
1742980 490
1742990 486
1743000 483
1743010 481
1743020 479
1743030 477
1743040 475
1743050 472
1743060 469
1743070 466
1743080 462
1743090 459
1743100 455
1743110 452
1743120 450
1743130 448
1743140 446
1743150 444
1743160 444
1743170 445
1743180 447
1743190 449
1743200 451
1743210 453
1743220 455
1743230 457
1743240 459
1743250 462
1743260 465
1743270 468
1743280 471
1743290 474
1743300 476
1743310 479
1743320 482
1743330 485
1743340 487
1743350 489
1743360 492
1743370 494
1743380 497
1743390 499
1743400 502
1743410 504
1743420 506
1743430 506
1743440 506
1743450 507
1743460 508
1743470 509
1743480 510
1743490 509
1743500 509
1743510 509
1743520 508
1743530 508
1743540 507
1743550 507
1743560 506
1743570 504
1743580 503
1743590 500
1743600 497
1743610 494
1743620 491
1743630 488
1743640 485
1743650 482
1743660 479
1743670 477
1743680 477
1743690 476
1743700 477
1743710 478
1743720 480
1743730 482
1743740 485
1743750 488
1743760 491
1743770 494
1743780 496
1743790 499
1743800 501
1743810 503
1743820 505
1743830 506
1743840 507
1743850 507
1743860 506
1743870 505
1743880 504
1743890 502
1743900 500
1743910 498
1743920 496
1743930 493
1743940 490
1743950 487
1743960 485
1743970 482
1743980 479
1743990 476
1744000 474
1744010 470
1744020 467
1744030 464
1744040 461
1744050 458
1744060 454
1744070 450
1744080 446
1744090 442
1744100 437
1744110 433
1744120 429
1744130 425
1744140 421
1744150 417
1744160 414
1744170 412
1744180 409
1744190 408
1744200 407
1744210 406
1744220 406
1744230 406
1744240 405
1744250 405
1744260 406
1744270 407
1744280 410
1744290 412
1744300 414
1744310 418
1744320 421
1744330 424
1744340 427
1744350 430
1744360 432
1744370 435
1744380 438
1744390 441
1744400 444
1744410 446
1744420 449
1744430 452
1744440 455
1744450 457
1744460 460
1744470 463
1744480 466
1744490 469
1744500 472
1744510 475
1744520 477
1744530 480
1744540 483
1744550 485
1744560 487
1744570 489
1744580 491
1744590 492
1744600 493
1744610 492
1744620 492
1744630 491
1744640 490
1744650 489
1744660 487
1744670 485
1744680 484
1744690 483
1744700 481
1744710 479
1744720 477
1744730 475
1744740 473
1744750 471
1744760 469
1744770 468
1744780 466
1744790 464
1744800 461
1744810 459
1744820 457
1744830 455
1744840 454
1744850 453
1744860 453
1744870 453
1744880 454
1744890 455
1744900 457
1744910 459
1744920 462
1744930 465
1744940 465
1744950 467
1744960 468
1744970 469
1744980 470
1744990 470
1745000 469
1745010 469
1745020 468
1745030 468
1745040 467
1745050 467
1745060 468
1745070 468
1745080 469
1745090 469
1745100 470
1745110 471
1745120 472
1745130 473
1745140 474
1745150 475
1745160 476
1745170 476
1745180 477
1745190 478
1745200 479
1745210 479
1745220 479
1745230 480
1745240 480
1745250 479
1745260 479
1745270 479
1745280 478
1745290 478
1745300 477
1745310 477
1745320 476
1745330 475
1745340 474
1745350 473
1745360 472
1745370 470
1745380 469
1745390 468
1745400 465
1745410 463
1745420 459
1745430 455
1745440 451
1745450 447
1745460 443
1745470 439
1745480 436
1745490 432
1745500 428
1745510 425
1745520 421
1745530 418
1745540 415
1745550 412
1745560 410
1745570 408
1745580 406
1745590 405
1745600 403
1745610 401
1745620 400
1745630 399
1745640 398
1745650 398
1745660 397
1745670 397
1745680 397
1745690 397
1745700 397
1745710 397
1745720 397
1745730 397
1745740 398
1745750 398
1745760 398
1745770 398
1745780 398
1745790 398
1745800 399
1745810 399
1745820 402
1745830 405
1745840 409
1745850 412
1745860 415
1745870 418
1745880 420
1745890 423
1745900 426
1745910 429
1745920 431
1745930 434
1745940 437
1745950 439
1745960 442
1745970 445
1745980 447
1745990 450
1746000 452
1746010 455
1746020 457
1746030 459
1746040 461
1746050 463
1746060 465
1746070 467
1746080 469
1746090 471
1746100 472
1746110 473
1746120 473
1746130 473
1746140 472
1746150 470
1746160 468
1746170 466
1746180 464
1746190 462
1746200 460
1746210 457
1746220 454
1746230 451
1746240 449
1746250 447
1746260 445
1746270 443
1746280 442
1746290 442
1746300 442
1746310 442
1746320 442
1746330 442
1746340 444
1746350 445
1746360 446
1746370 448
1746380 450
1746390 452
1746400 454
1746410 456
1746420 458
1746430 461
1746440 464
1746450 466
1746460 469
1746470 471
1746480 474
1746490 476
1746500 479
1746510 481
1746520 484
1746530 486
1746540 487
1746550 489
1746560 490
1746570 490
1746580 491
1746590 492
1746600 493
1746610 493
1746620 493
1746630 494
1746640 494
1746650 494
1746660 493
1746670 493
1746680 493
1746690 493
1746700 492
1746710 492
1746720 492
1746730 492
1746740 492
1746750 492
1746760 492
1746770 492
1746780 492
1746790 492
1746800 491
1746810 491
1746820 490
1746830 490
1746840 489
1746850 488
1746860 486
1746870 485
1746880 483
1746890 481
1746900 479
1746910 477
1746920 475
1746930 473
1746940 470
1746950 468
1746960 466
1746970 464
1746980 461
1746990 459
1747000 455
1747010 451
1747020 448
1747030 444
1747040 439
1747050 435
1747060 431
1747070 426
1747080 422
1747090 419
1747100 417
1747110 415
1747120 413
1747130 410
1747140 408
1747150 406
1747160 405
1747170 403
1747180 403
1747190 402
1747200 402
1747210 402
1747220 402
1747230 402
1747240 402
1747250 403
1747260 403
1747270 403
1747280 403
1747290 403
1747300 403
1747310 403
1747320 403
1747330 404
1747340 406
1747350 409
1747360 412
1747370 416
1747380 419
1747390 423
1747400 426
1747410 430
1747420 433
1747430 437
1747440 440
1747450 442
1747460 445
1747470 447
1747480 449
1747490 451
1747500 453
1747510 455
1747520 458
1747530 460
1747540 462
1747550 464
1747560 465
1747570 466
1747580 468
1747590 469
1747600 471
1747610 472
1747620 473
1747630 474
1747640 476
1747650 477
1747660 477
1747670 478
1747680 479
1747690 479
1747700 480
1747710 480
1747720 481
1747730 481
1747740 481
1747750 481
1747760 481
1747770 481
1747780 482
1747790 483
1747800 484
1747810 485
1747820 486
1747830 487
1747840 487
1747850 487
1747860 486
1747870 486
1747880 486
1747890 486
1747900 486
1747910 486
1747920 485
1747930 485
1747940 484
1747950 483
1747960 483
1747970 482
1747980 481
1747990 481
1748000 480
1748010 479
1748020 479
1748030 477
1748040 476
1748050 475
1748060 475
1748070 474
1748080 473
1748090 471
1748100 470
1748110 469
1748120 467
1748130 466
1748140 464
1748150 463
1748160 461
1748170 459
1748180 457
1748190 454
1748200 451
1748210 448
1748220 445
1748230 442
1748240 439
1748250 437
1748260 435
1748270 432
1748280 431
1748290 430
1748300 431
1748310 432
1748320 435
1748330 438
1748340 441
1748350 445
1748360 447
1748370 450
1748380 452
1748390 453
1748400 453
1748410 454
1748420 455
1748430 455
1748440 455
1748450 455
1748460 455
1748470 455
1748480 455
1748490 455
1748500 455
1748510 455
1748520 455
1748530 455
1748540 454
1748550 454
1748560 454
1748570 453
1748580 453
1748590 452
1748600 451
1748610 450
1748620 449
1748630 448
1748640 446
1748650 445
1748660 443
1748670 442
1748680 440
1748690 439
1748700 438
1748710 438
1748720 438
1748730 437
1748740 437
1748750 437
1748760 437
1748770 438
1748780 439
1748790 441
1748800 442
1748810 443
1748820 443
1748830 443
1748840 443
1748850 442
1748860 442
1748870 442
1748880 442
1748890 441
1748900 441
1748910 441
1748920 440
1748930 440
1748940 439
1748950 438
1748960 438
1748970 437
1748980 437
1748990 437
1749000 436
1749010 436
1749020 435
1749030 434
1749040 434
1749050 433
1749060 433
1749070 432
1749080 432
1749090 431
1749100 430
1749110 430
1749120 429
1749130 428
1749140 427
1749150 426
1749160 425
1749170 423
1749180 422
1749190 421
1749200 419
1749210 417
1749220 415
1749230 413
1749240 410
1749250 409
1749260 408
1749270 408
1749280 408
1749290 408
1749300 408
1749310 408
1749320 409
1749330 410
1749340 411
1749350 412
1749360 415
1749370 417
1749380 419
1749390 421
1749400 422
1749410 423
1749420 423
1749430 423
1749440 423
1749450 423
1749460 422
1749470 421
1749480 420
1749490 419
1749500 417
1749510 415
1749520 414
1749530 412
1749540 411
1749550 409
1749560 408
1749570 406
1749580 405
1749590 404
1749600 403
1749610 402
1749620 401
1749630 400
1749640 399
1749650 398
1749660 398
1749670 397
1749680 397
1749690 396
1749700 396
1749710 396
1749720 396
1749730 396
1749740 396
1749750 396
1749760 396
1749770 396
1749780 396
1749790 396
1749800 396
1749810 396
1749820 396
1749830 396
1749840 396
1749850 396
1749860 397
1749870 397
1749880 397
1749890 397
1749900 397
1749910 397
1749920 397
1749930 397
1749940 397
1749950 397
1749960 397
1749970 397
1749980 397
1749990 398
1750000 398
1750010 398
1750020 397
1750030 397
1750040 397
1750050 397
1750060 398
1750070 398
1750080 398
1750090 398
1750100 398
1750110 398
1750120 398
1750130 398
1750140 398
1750150 398
1750160 398
1750170 398
1750180 397
1750190 397
1750200 397
1750210 397
1750220 397
1750230 397
1750240 397
1750250 397
1750260 397
1750270 397
1750280 397
1750290 396
1750300 395
1750310 395
1750320 395
1750330 395
1750340 396
1750350 396
1750360 397
1750370 397
1750380 397
1750390 397
1750400 397
1750410 397
1750420 397
1750430 397
1750440 397
1750450 397
1750460 397
1750470 398
1750480 398
1750490 399
1750500 400
1750510 401
1750520 402
1750530 403
1750540 404
1750550 405
1750560 406
1750570 407
1750580 408
1750590 408
1750600 409
1750610 410
1750620 411
1750630 411
1750640 412
1750650 413
1750660 415
1750670 418
1750680 420
1750690 422
1750700 424
1750710 426
1750720 428
1750730 430
1750740 432
1750750 432
1750760 433
1750770 433
1750780 434
1750790 434
1750800 434
1750810 434
1750820 434
1750830 435
1750840 435
1750850 435
1750860 435
1750870 435
1750880 435
1750890 436
1750900 436
1750910 436
1750920 437
1750930 437
1750940 437
1750950 437
1750960 437
1750970 437
1750980 437
1750990 436
1751000 436
1751010 436
1751020 436
1751030 436
1751040 436
1751050 436
1751060 436
1751070 436
1751080 436
1751090 436
1751100 436
1751110 436
1751120 436
1751130 436
1751140 436
1751150 436
1751160 436
1751170 436
1751180 436
1751190 437
1751200 437
1751210 437
1751220 437
1751230 437
1751240 437
1751250 437
1751260 437
1751270 437
1751280 437
1751290 437
1751300 438
1751310 438
1751320 438
1751330 438
1751340 438
1751350 439
1751360 439
1751370 439
1751380 439
1751390 439
1751400 439
1751410 439
1751420 439
1751430 439
1751440 439
1751450 440
1751460 440
1751470 440
1751480 440
1751490 440
1751500 441
1751510 441
1751520 441
1751530 441
1751540 441
1751550 441
1751560 441
1751570 441
1751580 442
1751590 442
1751600 442
1751610 442
1751620 442
1751630 442
1751640 442
1751650 442
1751660 442
1751670 442
1751680 442
1751690 442
1751700 442
1751710 442
1751720 441
1751730 440
1751740 439
1751750 439
1751760 440
1751770 441
1751780 442
1751790 443
1751800 444
1751810 444
1751820 445
1751830 445
1751840 445
1751850 446
1751860 446
1751870 446
1751880 447
1751890 447
1751900 447
1751910 448
1751920 448
1751930 448
1751940 448
1751950 448
1751960 449
1751970 449
1751980 449
1751990 449
1752000 449
1752010 449
1752020 449
1752030 449
1752040 449
1752050 449
1752060 448
1752070 448
1752080 447
1752090 446
1752100 445
1752110 443
1752120 442
1752130 442
1752140 444
1752150 446
1752160 448
1752170 449
1752180 450
1752190 450
1752200 450
1752210 451
1752220 451
1752230 452
1752240 452
1752250 452
1752260 453
1752270 453
1752280 452
1752290 452
1752300 452
1752310 452
1752320 452
1752330 452
1752340 452
1752350 453
1752360 453
1752370 454
1752380 455
1752390 455
1752400 456
1752410 456
1752420 456
1752430 457
1752440 457
1752450 457
1752460 457
1752470 457
1752480 457
1752490 456
1752500 456
1752510 456
1752520 456
1752530 456
1752540 455
1752550 455
1752560 455
1752570 455
1752580 455
1752590 455
1752600 455
1752610 455
1752620 455
1752630 454
1752640 454
1752650 454
1752660 453
1752670 453
1752680 453
1752690 452
1752700 452
1752710 451
1752720 451
1752730 450
1752740 450
1752750 450
1752760 450
1752770 449
1752780 448
1752790 446
1752800 445
1752810 444
1752820 444
1752830 443
1752840 442
1752850 441
1752860 440
1752870 438
1752880 437
1752890 435
1752900 433
1752910 432
1752920 431
1752930 431
1752940 430
1752950 430
1752960 430
1752970 430
1752980 430
1752990 432
1753000 434
1753010 436
1753020 437
1753030 439
1753040 440
1753050 441
1753060 442
1753070 443
1753080 443
1753090 444
1753100 445
1753110 446
1753120 446
1753130 447
1753140 447
1753150 447
1753160 447
1753170 447
1753180 446
1753190 446
1753200 446
1753210 446
1753220 446
1753230 446
1753240 446
1753250 446
1753260 446
1753270 446
1753280 446
1753290 445
1753300 445
1753310 444
1753320 444
1753330 444
1753340 443
1753350 443
1753360 443
1753370 443
1753380 443
1753390 443
1753400 442
1753410 441
1753420 440
1753430 439
1753440 439
1753450 438
1753460 438
1753470 437
1753480 437
1753490 436
1753500 436
1753510 435
1753520 435
1753530 435
1753540 434
1753550 434
1753560 433
1753570 433
1753580 433
1753590 432
1753600 432
1753610 432
1753620 432
1753630 432
1753640 431
1753650 431
1753660 431
1753670 431
1753680 431
1753690 431
1753700 430
1753710 430
1753720 429
1753730 429
1753740 430
1753750 430
1753760 430
1753770 430
1753780 430
1753790 430
1753800 429
1753810 429
1753820 429
1753830 429
1753840 429
1753850 429
1753860 429
1753870 429
1753880 429
1753890 428
1753900 428
1753910 428
1753920 428
1753930 428
1753940 428
1753950 427
1753960 427
1753970 427
1753980 427
1753990 427
1754000 427
1754010 427
1754020 427
1754030 427
1754040 427
1754050 428
1754060 427
1754070 427
1754080 427
1754090 427
1754100 427
1754110 427
1754120 427
1754130 428
1754140 428
1754150 427
1754160 427
1754170 427
1754180 427
1754190 427
1754200 427
1754210 427
1754220 427
1754230 426
1754240 426
1754250 426
1754260 425
1754270 425
1754280 425
1754290 425
1754300 425
1754310 425
1754320 425
1754330 425
1754340 425
1754350 425
1754360 425
1754370 425
1754380 425
1754390 425
1754400 425
1754410 425
1754420 424
1754430 424
1754440 424
1754450 424
1754460 423
1754470 423
1754480 423
1754490 423
1754500 423
1754510 423
1754520 423
1754530 423
1754540 423
1754550 423
1754560 423
1754570 423
1754580 423
1754590 423
1754600 423
1754610 423
1754620 423
1754630 423
1754640 422
1754650 422
1754660 423
1754670 423
1754680 423
1754690 423
1754700 423
1754710 423
1754720 422
1754730 423
1754740 423
1754750 423
1754760 423
1754770 423
1754780 423
1754790 423
1754800 423
1754810 423
1754820 423
1754830 423
1754840 423
1754850 423
1754860 423
1754870 423
1754880 423
1754890 423
1754900 423
1754910 423
1754920 422
1754930 422
1754940 422
1754950 422
1754960 422
1754970 422
1754980 421
1754990 421
1755000 420
1755010 420
1755020 418
1755030 416
1755040 416
1755050 416
1755060 416
1755070 416
1755080 416
1755090 416
1755100 416
1755110 416
1755120 416
1755130 415
1755140 413
1755150 412
1755160 412
1755170 413
1755180 414
1755190 415
1755200 415
1755210 415
1755220 415
1755230 415
1755240 416
1755250 416
1755260 416
1755270 416
1755280 416
1755290 416
1755300 416
1755310 416
1755320 416
1755330 416
1755340 417
1755350 417
1755360 417
1755370 417
1755380 417
1755390 417
1755400 417
1755410 417
1755420 417
1755430 417
1755440 417
1755450 417
1755460 417
1755470 417
1755480 417
1755490 417
1755500 417
1755510 418
1755520 418
1755530 418
1755540 418
1755550 418
1755560 418
1755570 418
1755580 418
1755590 418
1755600 418
1755610 418
1755620 418
1755630 418
1755640 418
1755650 418
1755660 419
1755670 419
1755680 419
1755690 419
1755700 419
1755710 419
1755720 419
1755730 419
1755740 419
1755750 419
1755760 420
1755770 419
1755780 419
1755790 419
1755800 419
1755810 419
1755820 419
1755830 419
1755840 420
1755850 420
1755860 420
1755870 421
1755880 421
1755890 421
1755900 422
1755910 422
1755920 423
1755930 424
1755940 425
1755950 426
1755960 428
1755970 429
1755980 431
1755990 432
1756000 434
1756010 435
1756020 438
1756030 440
1756040 441
1756050 443
1756060 445
1756070 447
1756080 449
1756090 450
1756100 451
1756110 453
1756120 454
1756130 456
1756140 457
1756150 458
1756160 459
1756170 460
1756180 461
1756190 463
1756200 464
1756210 466
1756220 467
1756230 469
1756240 471
1756250 473
1756260 475
1756270 477
1756280 479
1756290 481
1756300 482
1756310 483
1756320 484
1756330 484
1756340 485
1756350 487
1756360 489
1756370 490
1756380 490
1756390 490
1756400 490
1756410 490
1756420 490
1756430 490
1756440 490
1756450 490
1756460 490
1756470 490
1756480 490
1756490 489
1756500 489
1756510 488
1756520 488
1756530 487
1756540 486
1756550 485
1756560 484
1756570 483
1756580 481
1756590 480
1756600 479
1756610 479
1756620 478
1756630 478
1756640 477
1756650 477
1756660 477
1756670 476
1756680 475
1756690 474
1756700 472
1756710 471
1756720 470
1756730 469
1756740 468
1756750 468
1756760 467
1756770 468
1756780 469
1756790 471
1756800 472
1756810 472
1756820 472
1756830 473
1756840 473
1756850 473
1756860 474
1756870 474
1756880 474
1756890 475
1756900 475
1756910 475
1756920 475
1756930 475
1756940 474
1756950 475
1756960 477
1756970 478
1756980 479
1756990 479
1757000 479
1757010 480
1757020 480
1757030 480
1757040 480
1757050 481
1757060 481
1757070 481
1757080 481
1757090 481
1757100 481
1757110 480
1757120 480
1757130 480
1757140 479
1757150 479
1757160 478
1757170 476
1757180 475
1757190 477
1757200 478
1757210 479
1757220 479
1757230 479
1757240 479
1757250 478
1757260 479
1757270 479
1757280 480
1757290 480
1757300 480
1757310 480
1757320 481
1757330 481
1757340 481
1757350 481
1757360 481
1757370 481
1757380 481
1757390 481
1757400 481
1757410 482
1757420 483
1757430 483
1757440 484
1757450 484
1757460 485
1757470 485
1757480 485
1757490 486
1757500 486
1757510 486
1757520 487
1757530 486
1757540 486
1757550 486
1757560 486
1757570 486
1757580 485
1757590 485
1757600 485
1757610 484
1757620 484
1757630 483
1757640 483
1757650 482
1757660 481
1757670 480
1757680 478
1757690 476
1757700 473
1757710 470
1757720 468
1757730 466
1757740 465
1757750 464
1757760 464
1757770 466
1757780 468
1757790 469
1757800 469
1757810 469
1757820 468
1757830 468
1757840 468
1757850 468
1757860 468
1757870 468
1757880 467
1757890 467
1757900 467
1757910 467
1757920 468
1757930 468
1757940 469
1757950 469
1757960 469
1757970 469
1757980 468
1757990 468
1758000 468
1758010 468
1758020 467
1758030 467
1758040 467
1758050 466
1758060 466
1758070 465
1758080 465
1758090 465
1758100 464
1758110 464
1758120 463
1758130 463
1758140 462
1758150 462
1758160 461
1758170 461
1758180 460
1758190 460
1758200 459
1758210 459
1758220 458
1758230 458
1758240 457
1758250 456
1758260 456
1758270 455
1758280 454
1758290 453
1758300 452
1758310 451
1758320 450
1758330 449
1758340 447
1758350 446
1758360 445
1758370 444
1758380 443
1758390 441
1758400 439
1758410 438
1758420 437
1758430 438
1758440 438
1758450 440
1758460 443
1758470 444
1758480 443
1758490 442
1758500 441
1758510 441
1758520 441
1758530 441
1758540 441
1758550 441
1758560 441
1758570 441
1758580 441
1758590 441
1758600 441
1758610 441
1758620 442
1758630 442
1758640 442
1758650 442
1758660 443
1758670 443
1758680 443
1758690 444
1758700 444
1758710 445
1758720 445
1758730 445
1758740 445
1758750 445
1758760 446
1758770 446
1758780 446
1758790 446
1758800 447
1758810 447
1758820 447
1758830 447
1758840 448
1758850 448
1758860 448
1758870 449
1758880 449
1758890 449
1758900 449
1758910 450
1758920 450
1758930 450
1758940 451
1758950 451
1758960 451
1758970 451
1758980 452
1758990 452
1759000 452
1759010 453
1759020 453
1759030 453
1759040 453
1759050 453
1759060 454
1759070 454
1759080 454
1759090 455
1759100 455
1759110 456
1759120 456
1759130 457
1759140 457
1759150 458
1759160 459
1759170 460
1759180 460
1759190 460
1759200 460
1759210 460
1759220 461
1759230 461
1759240 461
1759250 462
1759260 463
1759270 463
1759280 464
1759290 465
1759300 465
1759310 466
1759320 466
1759330 467
1759340 468
1759350 468
1759360 469
1759370 469
1759380 470
1759390 470
1759400 471
1759410 471
1759420 471
1759430 472
1759440 472
1759450 472
1759460 472
1759470 472
1759480 472
1759490 473
1759500 473
1759510 473
1759520 473
1759530 473
1759540 473
1759550 473
1759560 473
1759570 473
1759580 473
1759590 472
1759600 471
1759610 470
1759620 469
1759630 467
1759640 465
1759650 464
1759660 465
1759670 466
1759680 466
1759690 466
1759700 467
1759710 467
1759720 467
1759730 468
1759740 469
1759750 470
1759760 471
1759770 473
1759780 475
1759790 477
1759800 479
1759810 481
1759820 482
1759830 484
1759840 486
1759850 488
1759860 490
1759870 492
1759880 492
1759890 493
1759900 494
1759910 494
1759920 495
1759930 496
1759940 497
1759950 499
1759960 502
1759970 504
1759980 506
1759990 508
