1740000 377
1740010 375
1740020 374
1740030 372
1740040 371
1740050 371
1740060 372
1740070 372
1740080 373
1740090 374
1740100 376
1740110 378
1740120 379
1740130 381
1740140 383
1740150 384
1740160 385
1740170 386
1740180 387
1740190 388
1740200 389
1740210 389
1740220 390
1740230 390
1740240 391
1740250 391
1740260 391
1740270 391
1740280 392
1740290 392
1740300 392
1740310 392
1740320 393
1740330 393
1740340 393
1740350 393
1740360 393
1740370 393
1740380 393
1740390 393
1740400 394
1740410 394
1740420 394
1740430 394
1740440 394
1740450 394
1740460 394
1740470 394
1740480 394
1740490 394
1740500 394
1740510 394
1740520 394
1740530 394
1740540 394
1740550 394
1740560 394
1740570 393
1740580 393
1740590 393
1740600 392
1740610 392
1740620 392
1740630 391
1740640 390
1740650 390
1740660 389
1740670 388
1740680 388
1740690 386
1740700 385
1740710 383
1740720 381
1740730 378
1740740 374
1740750 371
1740760 368
1740770 366
1740780 364
1740790 362
1740800 362
1740810 361
1740820 361
1740830 360
1740840 360
1740850 361
1740860 361
1740870 361
1740880 361
1740890 361
1740900 361
1740910 361
1740920 361
1740930 361
1740940 361
1740950 362
1740960 362
1740970 363
1740980 364
1740990 365
1741000 365
1741010 366
1741020 366
1741030 366
1741040 366
1741050 366
1741060 366
1741070 366
1741080 367
1741090 367
1741100 367
1741110 367
1741120 367
1741130 366
1741140 366
1741150 366
1741160 366
1741170 366
1741180 366
1741190 366
1741200 366
1741210 366
1741220 366
1741230 366
1741240 366
1741250 366
1741260 366
1741270 366
1741280 366
1741290 366
1741300 366
1741310 366
1741320 366
1741330 366
1741340 366
1741350 367
1741360 367
1741370 368
1741380 369
1741390 371
1741400 371
1741410 371
1741420 371
1741430 371
1741440 371
1741450 371
1741460 371
1741470 371
1741480 371
1741490 371
1741500 370
1741510 370
1741520 370
1741530 370
1741540 370
1741550 370
1741560 370
1741570 370
1741580 370
1741590 370
1741600 370
1741610 370
1741620 370
1741630 370
1741640 370
1741650 370
1741660 370
1741670 370
1741680 369
1741690 369
1741700 369
1741710 369
1741720 368
1741730 368
1741740 368
1741750 368
1741760 367
1741770 367
1741780 367
1741790 367
1741800 367
1741810 367
1741820 366
1741830 366
1741840 366
1741850 366
1741860 366
1741870 366
1741880 366
1741890 366
1741900 366
1741910 366
1741920 366
1741930 366
1741940 366
1741950 366
1741960 365
1741970 365
1741980 365
1741990 365
1742000 365
1742010 365
1742020 365
1742030 365
1742040 364
1742050 364
1742060 364
1742070 364
1742080 363
1742090 363
1742100 363
1742110 363
1742120 362
1742130 362
1742140 362
1742150 362
1742160 362
1742170 362
1742180 362
1742190 362
1742200 362
1742210 361
1742220 361
1742230 360
1742240 359
1742250 358
1742260 357
1742270 357
1742280 357
1742290 357
1742300 357
1742310 357
1742320 357
1742330 357
1742340 357
1742350 357
1742360 358
1742370 358
1742380 358
1742390 358
1742400 358
1742410 358
1742420 358
1742430 358
1742440 358
1742450 358
1742460 358
1742470 358
1742480 358
1742490 358
1742500 359
1742510 359
1742520 359
1742530 358
1742540 358
1742550 358
1742560 358
1742570 358
1742580 358
1742590 358
1742600 358
1742610 358
1742620 358
1742630 358
1742640 358
1742650 358
1742660 358
1742670 358
1742680 358
1742690 359
1742700 359
1742710 359
1742720 359
1742730 359
1742740 359
1742750 358
1742760 358
1742770 358
1742780 358
1742790 358
1742800 358
1742810 359
1742820 359
1742830 359
1742840 360
1742850 360
1742860 360
1742870 361
1742880 361
1742890 361
1742900 361
1742910 361
1742920 361
1742930 361
1742940 361
1742950 362
1742960 362
1742970 362
1742980 362
1742990 362
1743000 362
1743010 362
1743020 362
1743030 362
1743040 362
1743050 362
1743060 362
1743070 362
1743080 362
1743090 362
1743100 362
1743110 362
1743120 362
1743130 362
1743140 362
1743150 362
1743160 362
1743170 363
1743180 363
1743190 362
1743200 362
1743210 362
1743220 362
1743230 362
1743240 362
1743250 362
1743260 363
1743270 363
1743280 363
1743290 363
1743300 363
1743310 363
1743320 363
1743330 363
1743340 364
1743350 364
1743360 364
1743370 363
1743380 363
1743390 363
1743400 363
1743410 363
1743420 363
1743430 363
1743440 363
1743450 363
1743460 364
1743470 364
1743480 364
1743490 364
1743500 364
1743510 364
1743520 364
1743530 364
1743540 364
1743550 364
1743560 365
1743570 365
1743580 367
1743590 367
1743600 368
1743610 369
1743620 370
1743630 372
1743640 374
1743650 377
1743660 378
1743670 380
1743680 381
1743690 382
1743700 383
1743710 385
1743720 385
1743730 386
1743740 387
1743750 388
1743760 388
1743770 389
1743780 389
1743790 390
1743800 390
1743810 391
1743820 391
1743830 392
1743840 392
1743850 392
1743860 392
1743870 392
1743880 393
1743890 393
1743900 393
1743910 393
1743920 394
1743930 394
1743940 395
1743950 395
1743960 395
1743970 396
1743980 396
1743990 396
1744000 396
1744010 395
1744020 393
1744030 391
1744040 389
1744050 387
1744060 386
1744070 387
1744080 389
1744090 390
1744100 391
1744110 392
1744120 393
1744130 394
1744140 395
1744150 395
1744160 396
1744170 397
1744180 397
1744190 398
1744200 399
1744210 399
1744220 400
1744230 400
1744240 401
1744250 401
1744260 402
1744270 402
1744280 403
1744290 403
1744300 404
1744310 404
1744320 404
1744330 405
1744340 405
1744350 406
1744360 406
1744370 406
1744380 406
1744390 406
1744400 407
1744410 407
1744420 407
1744430 407
1744440 407
1744450 408
1744460 408
1744470 408
1744480 409
1744490 409
1744500 409
1744510 409
1744520 409
1744530 410
1744540 410
1744550 410
1744560 410
1744570 410
1744580 410
1744590 410
1744600 411
1744610 411
1744620 412
1744630 412
1744640 413
1744650 415
1744660 416
1744670 417
1744680 418
1744690 418
1744700 419
1744710 419
1744720 418
1744730 416
1744740 415
1744750 417
1744760 420
1744770 422
1744780 424
1744790 426
1744800 427
1744810 429
1744820 430
1744830 431
1744840 433
1744850 434
1744860 435
1744870 436
1744880 437
1744890 438
1744900 439
1744910 440
1744920 441
1744930 442
1744940 443
1744950 444
1744960 445
1744970 446
1744980 446
1744990 447
1745000 448
1745010 449
1745020 450
1745030 451
1745040 452
1745050 453
1745060 454
1745070 454
1745080 455
1745090 456
1745100 457
1745110 457
1745120 458
1745130 458
1745140 458
1745150 458
1745160 458
1745170 458
1745180 459
1745190 459
1745200 460
1745210 460
1745220 460
1745230 460
1745240 461
1745250 461
1745260 461
1745270 461
1745280 461
1745290 461
1745300 461
1745310 460
1745320 459
1745330 456
1745340 452
1745350 447
1745360 442
1745370 437
1745380 433
1745390 428
1745400 424
1745410 419
1745420 415
1745430 411
1745440 406
1745450 402
1745460 398
1745470 395
1745480 392
1745490 390
1745500 388
1745510 386
1745520 385
1745530 384
1745540 384
1745550 384
1745560 384
1745570 384
1745580 384
1745590 384
1745600 384
1745610 384
1745620 384
1745630 385
1745640 385
1745650 384
1745660 384
1745670 383
1745680 383
1745690 383
1745700 382
1745710 382
1745720 382
1745730 385
1745740 387
1745750 388
1745760 388
1745770 388
1745780 388
1745790 388
1745800 389
1745810 389
1745820 394
1745830 400
1745840 405
1745850 408
1745860 411
1745870 414
1745880 417
1745890 419
1745900 421
1745910 421
1745920 422
1745930 422
1745940 423
1745950 424
1745960 425
1745970 426
1745980 427
1745990 427
1746000 427
1746010 426
1746020 425
1746030 424
1746040 423
1746050 421
1746060 421
1746070 420
1746080 419
1746090 418
1746100 419
1746110 419
1746120 420
1746130 421
1746140 422
1746150 424
1746160 426
1746170 428
1746180 431
1746190 433
1746200 436
1746210 437
1746220 439
1746230 441
1746240 444
1746250 447
1746260 450
1746270 453
1746280 455
1746290 458
1746300 460
1746310 462
1746320 463
1746330 465
1746340 467
1746350 468
1746360 470
1746370 472
1746380 475
1746390 477
1746400 479
1746410 481
1746420 482
1746430 484
1746440 486
1746450 487
1746460 489
1746470 490
1746480 491
1746490 492
1746500 493
1746510 494
1746520 495
1746530 496
1746540 497
1746550 498
1746560 499
1746570 500
1746580 501
1746590 502
1746600 503
1746610 503
1746620 503
1746630 502
1746640 500
1746650 497
1746660 495
1746670 492
1746680 490
1746690 488
1746700 486
1746710 485
1746720 484
1746730 482
1746740 481
1746750 479
1746760 478
1746770 477
1746780 476
1746790 473
1746800 470
1746810 468
1746820 466
1746830 465
1746840 464
1746850 462
1746860 461
1746870 460
1746880 459
1746890 458
1746900 456
1746910 454
1746920 452
1746930 450
1746940 448
1746950 446
1746960 444
1746970 442
1746980 440
1746990 437
1747000 434
1747010 432
1747020 428
1747030 426
1747040 423
1747050 421
1747060 419
1747070 416
1747080 414
1747090 412
1747100 410
1747110 408
1747120 405
1747130 403
1747140 400
1747150 398
1747160 397
1747170 395
1747180 394
1747190 392
1747200 390
1747210 388
1747220 385
1747230 383
1747240 381
1747250 379
1747260 378
1747270 378
1747280 377
1747290 377
1747300 377
1747310 376
1747320 376
1747330 376
1747340 376
1747350 376
1747360 376
1747370 376
1747380 376
1747390 376
1747400 376
1747410 376
1747420 376
1747430 376
1747440 376
1747450 377
1747460 377
1747470 377
1747480 377
1747490 377
1747500 377
1747510 376
1747520 376
1747530 376
1747540 377
1747550 377
1747560 376
1747570 377
1747580 377
1747590 377
1747600 377
1747610 377
1747620 377
1747630 377
1747640 377
1747650 377
1747660 377
1747670 377
1747680 377
1747690 377
1747700 377
1747710 377
1747720 377
1747730 377
1747740 377
1747750 378
1747760 378
1747770 378
1747780 378
1747790 378
1747800 378
1747810 378
1747820 378
1747830 377
1747840 378
1747850 377
1747860 377
1747870 377
1747880 377
1747890 377
1747900 376
1747910 376
1747920 376
1747930 376
1747940 376
1747950 376
1747960 376
1747970 376
1747980 376
1747990 376
1748000 376
1748010 377
1748020 377
1748030 378
1748040 378
1748050 378
1748060 379
1748070 379
1748080 379
1748090 379
1748100 379
1748110 379
1748120 379
1748130 379
1748140 379
1748150 379
1748160 379
1748170 379
1748180 379
1748190 379
1748200 379
1748210 379
1748220 379
1748230 379
1748240 379
1748250 379
1748260 379
1748270 379
1748280 379
1748290 379
1748300 379
1748310 379
1748320 379
1748330 379
1748340 379
1748350 380
1748360 380
1748370 380
1748380 380
1748390 380
1748400 380
1748410 380
1748420 380
1748430 380
1748440 380
1748450 380
1748460 380
1748470 380
1748480 380
1748490 380
1748500 380
1748510 380
1748520 380
1748530 380
1748540 380
1748550 380
1748560 380
1748570 380
1748580 380
1748590 380
1748600 381
1748610 382
1748620 383
1748630 383
1748640 384
1748650 384
1748660 384
1748670 384
1748680 384
1748690 384
1748700 384
1748710 384
1748720 384
1748730 384
1748740 384
1748750 384
1748760 384
1748770 384
1748780 384
1748790 384
1748800 384
1748810 384
1748820 384
1748830 384
1748840 384
1748850 384
1748860 384
1748870 384
1748880 384
1748890 384
1748900 384
1748910 384
1748920 384
1748930 385
1748940 385
1748950 384
1748960 384
1748970 384
1748980 384
1748990 385
1749000 385
1749010 385
1749020 385
1749030 385
1749040 385
1749050 385
1749060 385
1749070 385
1749080 385
1749090 385
1749100 385
1749110 385
1749120 385
1749130 385
1749140 385
1749150 385
1749160 385
1749170 385
1749180 385
1749190 384
1749200 383
1749210 383
1749220 384
1749230 385
1749240 385
1749250 385
1749260 384
1749270 384
1749280 384
1749290 384
1749300 384
1749310 384
1749320 384
1749330 384
1749340 384
1749350 384
1749360 384
1749370 384
1749380 384
1749390 384
1749400 384
1749410 384
1749420 385
1749430 385
1749440 385
1749450 385
1749460 385
1749470 385
1749480 385
1749490 385
1749500 385
1749510 385
1749520 385
1749530 385
1749540 385
1749550 385
1749560 385
1749570 386
1749580 386
1749590 386
1749600 386
1749610 386
1749620 386
1749630 386
1749640 386
1749650 386
1749660 386
1749670 386
1749680 386
1749690 386
1749700 386
1749710 386
1749720 386
1749730 386
1749740 386
1749750 386
1749760 386
1749770 386
1749780 386
1749790 386
1749800 386
1749810 386
1749820 386
1749830 386
1749840 386
1749850 386
1749860 386
1749870 386
1749880 386
1749890 386
1749900 386
1749910 386
1749920 387
1749930 387
1749940 387
1749950 387
1749960 387
1749970 388
1749980 388
1749990 389
1750000 389
1750010 389
1750020 389
1750030 388
1750040 387
1750050 387
1750060 387
1750070 388
1750080 388
1750090 388
1750100 388
1750110 388
1750120 388
1750130 388
1750140 388
1750150 388
1750160 388
1750170 388
1750180 388
1750190 388
1750200 388
1750210 388
1750220 388
1750230 388
1750240 388
1750250 388
1750260 388
1750270 388
1750280 388
1750290 388
1750300 388
1750310 388
1750320 388
1750330 388
1750340 388
1750350 389
1750360 389
1750370 389
1750380 389
1750390 389
1750400 389
1750410 389
1750420 389
1750430 389
1750440 389
1750450 389
1750460 389
1750470 389
1750480 389
1750490 389
1750500 389
1750510 388
1750520 388
1750530 387
1750540 387
1750550 387
1750560 387
1750570 387
1750580 387
1750590 388
1750600 388
1750610 389
1750620 389
1750630 390
1750640 390
1750650 390
1750660 390
1750670 390
1750680 390
1750690 390
1750700 390
1750710 390
1750720 390
1750730 390
1750740 390
1750750 390
1750760 390
1750770 390
1750780 390
1750790 391
1750800 391
1750810 391
1750820 391
1750830 391
1750840 391
1750850 391
1750860 391
1750870 391
1750880 391
1750890 391
1750900 391
1750910 391
1750920 391
1750930 391
1750940 391
1750950 391
1750960 391
1750970 391
1750980 391
1750990 392
1751000 392
1751010 392
1751020 392
1751030 392
1751040 392
1751050 392
1751060 392
1751070 392
1751080 392
1751090 392
1751100 392
1751110 392
1751120 392
1751130 392
1751140 392
1751150 392
1751160 392
1751170 392
1751180 392
1751190 393
1751200 392
1751210 392
1751220 392
1751230 393
1751240 393
1751250 393
1751260 393
1751270 393
1751280 393
1751290 393
1751300 393
1751310 393
1751320 393
1751330 393
1751340 393
1751350 394
1751360 394
1751370 394
1751380 394
1751390 394
1751400 394
1751410 394
1751420 394
1751430 394
1751440 394
1751450 394
1751460 394
1751470 394
1751480 394
1751490 394
1751500 395
1751510 395
1751520 395
1751530 395
1751540 395
1751550 395
1751560 396
1751570 396
1751580 396
1751590 396
1751600 396
1751610 397
1751620 397
1751630 397
1751640 397
1751650 397
1751660 397
1751670 397
1751680 397
1751690 398
1751700 398
1751710 398
1751720 398
1751730 398
1751740 398
1751750 398
1751760 398
1751770 398
1751780 398
1751790 399
1751800 399
1751810 399
1751820 399
1751830 399
1751840 399
1751850 399
1751860 399
1751870 399
1751880 399
1751890 399
1751900 399
1751910 400
1751920 400
1751930 400
1751940 400
1751950 400
1751960 400
1751970 400
1751980 400
1751990 400
1752000 400
1752010 400
1752020 400
1752030 400
1752040 401
1752050 401
1752060 401
1752070 401
1752080 401
1752090 401
1752100 401
1752110 401
1752120 401
1752130 401
1752140 401
1752150 400
1752160 400
1752170 400
1752180 400
1752190 400
1752200 401
1752210 401
1752220 401
1752230 401
1752240 401
1752250 401
1752260 401
1752270 401
1752280 401
1752290 401
1752300 401
1752310 401
1752320 401
1752330 401
1752340 401
1752350 401
1752360 401
1752370 401
1752380 401
1752390 401
1752400 400
1752410 401
1752420 401
1752430 402
1752440 403
1752450 403
1752460 403
1752470 403
1752480 403
1752490 403
1752500 403
1752510 403
1752520 403
1752530 403
1752540 403
1752550 403
1752560 404
1752570 403
1752580 403
1752590 403
1752600 403
1752610 403
1752620 403
1752630 403
1752640 403
1752650 402
1752660 402
1752670 402
1752680 402
1752690 402
1752700 402
1752710 402
1752720 402
1752730 403
1752740 403
1752750 404
1752760 405
1752770 406
1752780 407
1752790 408
1752800 409
1752810 410
1752820 410
1752830 411
1752840 412
1752850 413
1752860 413
1752870 414
1752880 414
1752890 415
1752900 415
1752910 415
1752920 415
1752930 416
1752940 416
1752950 416
1752960 417
1752970 417
1752980 417
1752990 417
1753000 418
1753010 418
1753020 419
1753030 419
1753040 419
1753050 419
1753060 419
1753070 419
1753080 420
1753090 420
1753100 420
1753110 420
1753120 421
1753130 421
1753140 421
1753150 421
1753160 421
1753170 422
1753180 422
1753190 422
1753200 422
1753210 422
1753220 423
1753230 423
1753240 423
1753250 423
1753260 424
1753270 424
1753280 424
1753290 425
1753300 425
1753310 425
1753320 426
1753330 426
1753340 427
1753350 427
1753360 427
1753370 428
1753380 428
1753390 429
1753400 429
1753410 429
1753420 430
1753430 430
1753440 430
1753450 431
1753460 431
1753470 432
1753480 432
1753490 433
1753500 433
1753510 434
1753520 434
1753530 434
1753540 435
1753550 436
1753560 436
1753570 437
1753580 438
1753590 438
1753600 439
1753610 440
1753620 440
1753630 441
1753640 441
1753650 442
1753660 442
1753670 443
1753680 443
1753690 444
1753700 444
1753710 445
1753720 446
1753730 447
1753740 447
1753750 448
1753760 449
1753770 449
1753780 449
1753790 449
1753800 449
1753810 449
1753820 449
1753830 450
1753840 450
1753850 451
1753860 452
1753870 452
1753880 453
1753890 454
1753900 454
1753910 454
1753920 454
1753930 455
1753940 455
1753950 456
1753960 456
1753970 457
1753980 457
1753990 458
1754000 459
1754010 459
1754020 460
1754030 460
1754040 461
1754050 461
1754060 462
1754070 462
1754080 463
1754090 463
1754100 464
1754110 464
1754120 465
1754130 465
1754140 466
1754150 466
1754160 467
1754170 468
1754180 468
1754190 469
1754200 470
1754210 470
1754220 471
1754230 472
1754240 472
1754250 473
1754260 473
1754270 474
1754280 474
1754290 475
1754300 475
1754310 476
1754320 476
1754330 476
1754340 476
1754350 476
1754360 476
1754370 476
1754380 476
1754390 476
1754400 476
1754410 476
1754420 476
1754430 476
1754440 476
1754450 476
1754460 477
1754470 477
1754480 477
1754490 477
1754500 477
1754510 477
1754520 477
1754530 477
1754540 477
1754550 477
1754560 478
1754570 478
1754580 478
1754590 479
1754600 479
1754610 480
1754620 480
1754630 480
1754640 481
1754650 481
1754660 482
1754670 482
1754680 483
1754690 484
1754700 484
1754710 485
1754720 486
1754730 486
1754740 487
1754750 488
1754760 490
1754770 491
1754780 492
1754790 494
1754800 495
1754810 496
1754820 497
1754830 498
1754840 498
1754850 499
1754860 500
1754870 500
1754880 500
1754890 501
1754900 501
1754910 501
1754920 502
1754930 502
1754940 502
1754950 503
1754960 503
1754970 504
1754980 504
1754990 505
1755000 505
1755010 506
1755020 506
1755030 507
1755040 507
1755050 508
1755060 508
1755070 509
1755080 509
1755090 510
1755100 510
1755110 511
1755120 512
1755130 512
1755140 513
1755150 513
1755160 514
1755170 514
1755180 515
1755190 515
1755200 516
1755210 517
1755220 518
1755230 519
1755240 519
1755250 520
1755260 522
1755270 523
1755280 524
1755290 526
1755300 526
1755310 527
1755320 527
1755330 527
1755340 528
1755350 530
1755360 531
1755370 532
1755380 533
1755390 534
1755400 535
1755410 536
1755420 538
1755430 539
1755440 541
1755450 542
1755460 542
1755470 542
1755480 543
1755490 543
1755500 544
1755510 545
1755520 546
1755530 547
1755540 548
1755550 549
1755560 549
1755570 550
1755580 550
1755590 551
1755600 551
1755610 552
1755620 552
1755630 553
1755640 554
1755650 555
1755660 556
1755670 556
1755680 557
1755690 557
1755700 558
1755710 558
1755720 559
1755730 559
1755740 560
1755750 560
1755760 560
1755770 561
1755780 562
1755790 562
1755800 563
1755810 564
1755820 564
1755830 564
1755840 565
1755850 566
1755860 567
1755870 568
1755880 569
1755890 570
1755900 572
1755910 573
1755920 574
1755930 576
1755940 577
1755950 579
1755960 581
1755970 583
1755980 584
1755990 586
1756000 587
1756010 588
1756020 589
1756030 590
1756040 591
1756050 592
1756060 594
1756070 596
1756080 597
1756090 599
1756100 600
1756110 602
1756120 603
1756130 604
1756140 605
1756150 607
1756160 608
1756170 609
1756180 610
1756190 611
1756200 612
1756210 614
1756220 615
1756230 616
1756240 617
1756250 618
1756260 618
1756270 619
1756280 620
1756290 620
1756300 621
1756310 621
1756320 622
1756330 622
1756340 623
1756350 623
1756360 623
1756370 623
1756380 624
1756390 624
1756400 624
1756410 623
1756420 623
1756430 623
1756440 623
1756450 622
1756460 622
1756470 621
1756480 621
1756490 620
1756500 619
1756510 619
1756520 618
1756530 618
1756540 617
1756550 616
1756560 615
1756570 614
1756580 613
1756590 613
1756600 612
1756610 611
1756620 610
1756630 609
1756640 608
1756650 607
1756660 607
1756670 606
1756680 606
1756690 605
1756700 604
1756710 603
1756720 602
1756730 600
1756740 599
1756750 598
1756760 597
1756770 595
1756780 594
1756790 593
1756800 591
1756810 590
1756820 588
1756830 587
1756840 585
1756850 584
1756860 582
1756870 580
1756880 579
1756890 577
1756900 575
1756910 574
1756920 572
1756930 571
1756940 569
1756950 568
1756960 566
1756970 565
1756980 563
1756990 561
1757000 560
1757010 558
1757020 557
1757030 556
1757040 555
1757050 553
1757060 551
1757070 549
1757080 548
1757090 547
1757100 546
1757110 546
1757120 545
1757130 543
1757140 542
1757150 543
1757160 543
1757170 544
1757180 544
1757190 543
1757200 542
1757210 541
1757220 541
1757230 541
1757240 540
1757250 540
1757260 539
1757270 539
1757280 538
1757290 537
1757300 537
1757310 536
1757320 536
1757330 535
1757340 534
1757350 534
1757360 533
1757370 533
1757380 532
1757390 531
1757400 531
1757410 530
1757420 530
1757430 529
1757440 528
1757450 527
1757460 527
1757470 526
1757480 525
1757490 525
1757500 524
1757510 523
1757520 523
1757530 522
1757540 522
1757550 521
1757560 521
1757570 521
1757580 521
1757590 520
1757600 520
1757610 520
1757620 520
1757630 520
1757640 519
1757650 518
1757660 516
1757670 515
1757680 515
1757690 514
1757700 513
1757710 512
1757720 511
1757730 510
1757740 510
1757750 509
1757760 508
1757770 507
1757780 506
1757790 504
1757800 503
1757810 502
1757820 501
1757830 500
1757840 499
1757850 498
1757860 497
1757870 496
1757880 495
1757890 494
1757900 493
1757910 492
1757920 491
1757930 491
1757940 490
1757950 489
1757960 488
1757970 487
1757980 486
1757990 485
1758000 484
1758010 482
1758020 481
1758030 480
1758040 478
1758050 477
1758060 476
1758070 475
1758080 474
1758090 472
1758100 470
1758110 468
1758120 466
1758130 464
1758140 462
1758150 461
1758160 460
1758170 459
1758180 458
1758190 458
1758200 458
1758210 457
1758220 456
1758230 456
1758240 455
1758250 455
1758260 455
1758270 455
1758280 455
1758290 454
1758300 453
1758310 454
1758320 455
1758330 456
1758340 458
1758350 460
1758360 465
1758370 469
1758380 472
1758390 474
1758400 474
1758410 475
1758420 476
1758430 477
1758440 478
1758450 478
1758460 478
1758470 478
1758480 478
1758490 478
1758500 479
1758510 481
1758520 482
1758530 484
1758540 486
1758550 487
1758560 489
1758570 491
1758580 492
1758590 494
1758600 496
1758610 497
1758620 499
1758630 500
1758640 502
1758650 503
1758660 505
1758670 506
1758680 507
1758690 508
1758700 509
1758710 511
1758720 512
1758730 513
1758740 514
1758750 515
1758760 516
1758770 517
1758780 519
1758790 520
1758800 521
1758810 522
1758820 523
1758830 524
1758840 525
1758850 526
1758860 527
1758870 528
1758880 530
1758890 531
1758900 533
1758910 535
1758920 537
1758930 540
1758940 543
1758950 546
1758960 548
1758970 550
1758980 552
1758990 554
1759000 555
1759010 556
1759020 557
1759030 557
1759040 557
1759050 558
1759060 557
1759070 557
1759080 556
1759090 555
1759100 555
1759110 554
1759120 553
1759130 553
1759140 552
1759150 552
1759160 552
1759170 552
1759180 551
1759190 550
1759200 550
1759210 550
1759220 550
1759230 549
1759240 548
1759250 547
1759260 547
1759270 546
1759280 546
1759290 546
1759300 546
1759310 546
1759320 547
1759330 548
1759340 549
1759350 550
1759360 550
1759370 551
1759380 551
1759390 551
1759400 552
1759410 552
1759420 553
1759430 553
1759440 554
1759450 555
1759460 556
1759470 556
1759480 556
1759490 556
1759500 557
1759510 557
1759520 558
1759530 559
1759540 560
1759550 560
1759560 561
1759570 562
1759580 563
1759590 564
1759600 565
1759610 566
1759620 567
1759630 568
1759640 569
1759650 569
1759660 570
1759670 570
1759680 571
1759690 571
1759700 572
1759710 572
1759720 573
1759730 573
1759740 574
1759750 574
1759760 574
1759770 575
1759780 575
1759790 575
1759800 576
1759810 576
1759820 577
1759830 577
1759840 578
1759850 578
1759860 578
1759870 579
1759880 579
1759890 579
1759900 580
1759910 579
1759920 579
1759930 579
1759940 578
1759950 578
1759960 577
1759970 577
1759980 577
1759990 576
