1740000 351
1740010 351
1740020 351
1740030 351
1740040 351
1740050 351
1740060 351
1740070 351
1740080 351
1740090 351
1740100 351
1740110 352
1740120 352
1740130 352
1740140 353
1740150 354
1740160 353
1740170 353
1740180 352
1740190 351
1740200 350
1740210 350
1740220 350
1740230 349
1740240 349
1740250 349
1740260 350
1740270 350
1740280 351
1740290 352
1740300 352
1740310 353
1740320 353
1740330 353
1740340 353
1740350 353
1740360 353
1740370 353
1740380 353
1740390 353
1740400 353
1740410 353
1740420 354
1740430 354
1740440 354
1740450 354
1740460 354
1740470 354
1740480 355
1740490 355
1740500 355
1740510 355
1740520 356
1740530 356
1740540 356
1740550 356
1740560 356
1740570 357
1740580 358
1740590 358
1740600 357
1740610 357
1740620 356
1740630 356
1740640 356
1740650 356
1740660 356
1740670 356
1740680 356
1740690 356
1740700 356
1740710 357
1740720 358
1740730 359
1740740 360
1740750 361
1740760 362
1740770 362
1740780 363
1740790 364
1740800 365
1740810 367
1740820 368
1740830 369
1740840 370
1740850 370
1740860 372
1740870 373
1740880 374
1740890 374
1740900 375
1740910 375
1740920 376
1740930 377
1740940 378
1740950 379
1740960 380
1740970 381
1740980 381
1740990 382
1741000 383
1741010 384
1741020 385
1741030 385
1741040 386
1741050 386
1741060 387
1741070 388
1741080 389
1741090 390
1741100 390
1741110 390
1741120 391
1741130 391
1741140 391
1741150 392
1741160 392
1741170 393
1741180 393
1741190 394
1741200 395
1741210 396
1741220 398
1741230 400
1741240 402
1741250 403
1741260 404
1741270 406
1741280 407
1741290 408
1741300 409
1741310 411
1741320 413
1741330 415
1741340 417
1741350 420
1741360 422
1741370 423
1741380 425
1741390 426
1741400 428
1741410 430
1741420 431
1741430 433
1741440 435
1741450 436
1741460 438
1741470 439
1741480 440
1741490 441
1741500 442
1741510 442
1741520 443
1741530 443
1741540 444
1741550 444
1741560 444
1741570 444
1741580 444
1741590 444
1741600 443
1741610 442
1741620 441
1741630 440
1741640 439
1741650 438
1741660 437
1741670 435
1741680 432
1741690 430
1741700 427
1741710 425
1741720 422
1741730 420
1741740 418
1741750 416
1741760 414
1741770 412
1741780 410
1741790 408
1741800 406
1741810 404
1741820 401
1741830 399
1741840 396
1741850 393
1741860 390
1741870 388
1741880 385
1741890 381
1741900 377
1741910 373
1741920 369
1741930 365
1741940 363
1741950 363
1741960 362
1741970 362
1741980 362
1741990 362
1742000 362
1742010 362
1742020 362
1742030 362
1742040 362
1742050 363
1742060 365
1742070 368
1742080 370
1742090 372
1742100 373
1742110 375
1742120 377
1742130 378
1742140 380
1742150 380
1742160 381
1742170 383
1742180 385
1742190 388
1742200 391
1742210 393
1742220 395
1742230 397
1742240 399
1742250 401
1742260 404
1742270 406
1742280 409
1742290 413
1742300 416
1742310 419
1742320 421
1742330 424
1742340 427
1742350 430
1742360 433
1742370 436
1742380 439
1742390 442
1742400 444
1742410 447
1742420 450
1742430 452
1742440 454
1742450 456
1742460 459
1742470 461
1742480 463
1742490 466
1742500 468
1742510 471
1742520 474
1742530 477
1742540 480
1742550 483
1742560 486
1742570 488
1742580 489
1742590 491
1742600 492
1742610 492
1742620 493
1742630 493
1742640 494
1742650 494
1742660 494
1742670 494
1742680 494
1742690 494
1742700 494
1742710 494
1742720 494
1742730 493
1742740 493
1742750 492
1742760 491
1742770 491
1742780 490
1742790 489
1742800 489
1742810 488
1742820 488
1742830 488
1742840 489
1742850 490
1742860 490
1742870 491
1742880 491
1742890 492
1742900 492
1742910 493
1742920 493
1742930 493
1742940 494
1742950 494
1742960 494
1742970 494
1742980 494
1742990 495
1743000 495
1743010 495
1743020 496
1743030 496
1743040 497
1743050 497
1743060 497
1743070 497
1743080 497
1743090 497
1743100 497
1743110 497
1743120 497
1743130 497
1743140 497
1743150 497
1743160 497
1743170 497
1743180 496
1743190 496
1743200 496
1743210 495
1743220 494
1743230 493
1743240 492
1743250 491
1743260 490
1743270 489
1743280 488
1743290 486
1743300 484
1743310 482
1743320 479
1743330 477
1743340 475
1743350 473
1743360 471
1743370 469
1743380 467
1743390 466
1743400 464
1743410 463
1743420 462
1743430 460
1743440 459
1743450 457
1743460 455
1743470 454
1743480 452
1743490 451
1743500 449
1743510 448
1743520 446
1743530 445
1743540 443
1743550 442
1743560 440
1743570 439
1743580 438
1743590 436
1743600 434
1743610 432
1743620 431
1743630 429
1743640 428
1743650 427
1743660 426
1743670 424
1743680 423
1743690 423
1743700 421
1743710 420
1743720 418
1743730 416
1743740 413
1743750 411
1743760 408
1743770 406
1743780 404
1743790 402
1743800 401
1743810 401
1743820 402
1743830 403
1743840 404
1743850 405
1743860 406
1743870 408
1743880 409
1743890 411
1743900 412
1743910 413
1743920 414
1743930 415
1743940 416
1743950 416
1743960 417
1743970 418
1743980 418
1743990 419
1744000 419
1744010 420
1744020 420
1744030 421
1744040 422
1744050 423
1744060 424
1744070 425
1744080 425
1744090 426
1744100 427
1744110 428
1744120 428
1744130 429
1744140 430
1744150 431
1744160 432
1744170 433
1744180 434
1744190 435
1744200 436
1744210 437
1744220 438
1744230 439
1744240 439
1744250 441
1744260 442
1744270 443
1744280 444
1744290 445
1744300 446
1744310 447
1744320 448
1744330 449
1744340 449
1744350 450
1744360 451
1744370 452
1744380 454
1744390 455
1744400 457
1744410 458
1744420 460
1744430 461
1744440 462
1744450 464
1744460 466
1744470 468
1744480 470
1744490 473
1744500 475
1744510 477
1744520 478
1744530 480
1744540 481
1744550 482
1744560 482
1744570 483
1744580 483
1744590 483
1744600 484
1744610 484
1744620 484
1744630 484
1744640 485
1744650 485
1744660 486
1744670 486
1744680 487
1744690 487
1744700 488
1744710 488
1744720 488
1744730 488
1744740 488
1744750 488
1744760 488
1744770 488
1744780 487
1744790 487
1744800 487
1744810 486
1744820 486
1744830 485
1744840 485
1744850 485
1744860 484
1744870 484
1744880 484
1744890 483
1744900 483
1744910 482
1744920 481
1744930 479
1744940 478
1744950 477
1744960 477
1744970 477
1744980 476
1744990 476
1745000 475
1745010 474
1745020 474
1745030 473
1745040 472
1745050 471
1745060 470
1745070 469
1745080 468
1745090 467
1745100 466
1745110 465
1745120 464
1745130 463
1745140 462
1745150 461
1745160 461
1745170 460
1745180 459
1745190 458
1745200 458
1745210 457
1745220 456
1745230 456
1745240 455
1745250 454
1745260 454
1745270 453
1745280 452
1745290 451
1745300 450
1745310 449
1745320 449
1745330 448
1745340 447
1745350 447
1745360 446
1745370 446
1745380 445
1745390 444
1745400 444
1745410 443
1745420 443
1745430 442
1745440 441
1745450 441
1745460 440
1745470 439
1745480 439
1745490 438
1745500 437
1745510 437
1745520 436
1745530 435
1745540 434
1745550 433
1745560 432
1745570 430
1745580 429
1745590 427
1745600 426
1745610 424
1745620 423
1745630 422
1745640 421
1745650 420
1745660 419
1745670 418
1745680 417
1745690 417
1745700 417
1745710 418
1745720 420
1745730 420
1745740 421
1745750 422
1745760 424
1745770 426
1745780 428
1745790 429
1745800 430
1745810 431
1745820 432
1745830 433
1745840 434
1745850 435
1745860 435
1745870 436
1745880 436
1745890 437
1745900 438
1745910 438
1745920 439
1745930 439
1745940 440
1745950 441
1745960 441
1745970 442
1745980 442
1745990 443
1746000 443
1746010 444
1746020 445
1746030 445
1746040 446
1746050 446
1746060 447
1746070 447
1746080 447
1746090 448
1746100 448
1746110 448
1746120 448
1746130 449
1746140 449
1746150 449
1746160 449
1746170 449
1746180 450
1746190 450
1746200 450
1746210 450
1746220 450
1746230 450
1746240 450
1746250 450
1746260 450
1746270 451
1746280 451
1746290 451
1746300 452
1746310 452
1746320 452
1746330 452
1746340 451
1746350 451
1746360 450
1746370 449
1746380 448
1746390 447
1746400 445
1746410 444
1746420 442
1746430 441
1746440 439
1746450 436
1746460 433
1746470 430
1746480 427
1746490 425
1746500 422
1746510 421
1746520 420
1746530 419
1746540 417
1746550 415
1746560 414
1746570 414
1746580 414
1746590 414
1746600 413
1746610 411
1746620 410
1746630 410
1746640 409
1746650 409
1746660 409
1746670 408
1746680 407
1746690 407
1746700 408
1746710 410
1746720 412
1746730 415
1746740 418
1746750 420
1746760 422
1746770 425
1746780 427
1746790 429
1746800 431
1746810 433
1746820 435
1746830 436
1746840 437
1746850 438
1746860 439
1746870 440
1746880 441
1746890 441
1746900 442
1746910 444
1746920 446
1746930 448
1746940 448
1746950 449
1746960 451
1746970 454
1746980 456
1746990 458
1747000 460
1747010 461
1747020 463
1747030 464
1747040 466
1747050 468
1747060 470
1747070 472
1747080 473
1747090 475
1747100 477
1747110 479
1747120 481
1747130 482
1747140 484
1747150 486
1747160 488
1747170 490
1747180 492
1747190 493
1747200 495
1747210 497
1747220 498
1747230 499
1747240 501
1747250 502
1747260 504
1747270 505
1747280 507
1747290 508
1747300 509
1747310 509
1747320 510
1747330 510
1747340 511
1747350 511
1747360 511
1747370 512
1747380 512
1747390 512
1747400 513
1747410 513
1747420 514
1747430 514
1747440 515
1747450 515
1747460 516
1747470 517
1747480 518
1747490 519
1747500 520
1747510 521
1747520 522
1747530 523
1747540 524
1747550 525
1747560 526
1747570 527
1747580 527
1747590 528
1747600 528
1747610 529
1747620 530
1747630 532
1747640 533
1747650 534
1747660 535
1747670 536
1747680 538
1747690 538
1747700 539
1747710 539
1747720 538
1747730 538
1747740 538
1747750 537
1747760 537
1747770 537
1747780 536
1747790 536
1747800 535
1747810 535
1747820 535
1747830 534
1747840 534
1747850 534
1747860 534
1747870 534
1747880 533
1747890 533
1747900 533
1747910 533
1747920 532
1747930 532
1747940 532
1747950 532
1747960 532
1747970 533
1747980 533
1747990 534
1748000 534
1748010 534
1748020 534
1748030 533
1748040 533
1748050 531
1748060 530
1748070 529
1748080 528
1748090 528
1748100 527
1748110 525
1748120 524
1748130 522
1748140 520
1748150 517
1748160 515
1748170 512
1748180 508
1748190 505
1748200 501
1748210 497
1748220 493
1748230 490
1748240 488
1748250 485
1748260 483
1748270 482
1748280 482
1748290 481
1748300 481
1748310 480
1748320 479
1748330 477
1748340 476
1748350 475
1748360 474
1748370 472
1748380 471
1748390 469
1748400 467
1748410 465
1748420 463
1748430 462
1748440 460
1748450 458
1748460 457
1748470 455
1748480 454
1748490 452
1748500 450
1748510 449
1748520 447
1748530 446
1748540 445
1748550 444
1748560 442
1748570 441
1748580 440
1748590 439
1748600 438
1748610 438
1748620 437
1748630 436
1748640 436
1748650 435
1748660 435
1748670 435
1748680 435
1748690 434
1748700 434
1748710 433
1748720 432
1748730 432
1748740 431
1748750 431
1748760 430
1748770 430
1748780 429
1748790 429
1748800 428
1748810 427
1748820 426
1748830 425
1748840 425
1748850 424
1748860 424
1748870 423
1748880 423
1748890 422
1748900 421
1748910 421
1748920 420
1748930 419
1748940 419
1748950 418
1748960 418
1748970 418
1748980 417
1748990 417
1749000 417
1749010 417
1749020 417
1749030 416
1749040 414
1749050 414
1749060 413
1749070 412
1749080 412
1749090 413
1749100 413
1749110 413
1749120 413
1749130 413
1749140 414
1749150 414
1749160 414
1749170 415
1749180 415
1749190 415
1749200 415
1749210 414
1749220 414
1749230 414
1749240 413
1749250 413
1749260 414
1749270 414
1749280 415
1749290 416
1749300 417
1749310 417
1749320 417
1749330 418
1749340 418
1749350 418
1749360 418
1749370 418
1749380 418
1749390 418
1749400 418
1749410 418
1749420 418
1749430 418
1749440 418
1749450 418
1749460 417
1749470 416
1749480 415
1749490 413
1749500 411
1749510 408
1749520 406
1749530 404
1749540 402
1749550 401
1749560 403
1749570 405
1749580 407
1749590 408
1749600 410
1749610 411
1749620 413
1749630 414
1749640 414
1749650 415
1749660 415
1749670 416
1749680 416
1749690 416
1749700 416
1749710 416
1749720 416
1749730 416
1749740 416
1749750 415
1749760 415
1749770 415
1749780 415
1749790 414
1749800 414
1749810 414
1749820 414
1749830 413
1749840 413
1749850 413
1749860 413
1749870 413
1749880 413
1749890 413
1749900 413
1749910 413
1749920 413
1749930 413
1749940 413
1749950 413
1749960 413
1749970 412
1749980 412
1749990 412
1750000 412
1750010 411
1750020 411
1750030 411
1750040 410
1750050 409
1750060 409
1750070 408
1750080 407
1750090 406
1750100 404
1750110 402
1750120 403
1750130 405
1750140 406
1750150 406
1750160 407
1750170 408
1750180 408
1750190 409
1750200 410
1750210 410
1750220 411
1750230 412
1750240 412
1750250 413
1750260 413
1750270 414
1750280 413
1750290 413
1750300 413
1750310 413
1750320 411
1750330 411
1750340 413
1750350 414
1750360 415
1750370 416
1750380 417
1750390 418
1750400 418
1750410 419
1750420 419
1750430 419
1750440 419
1750450 419
1750460 420
1750470 420
1750480 421
1750490 422
1750500 423
1750510 424
1750520 424
1750530 425
1750540 425
1750550 426
1750560 426
1750570 427
1750580 427
1750590 427
1750600 428
1750610 428
1750620 428
1750630 429
1750640 429
1750650 429
1750660 429
1750670 430
1750680 431
1750690 432
1750700 433
1750710 434
1750720 435
1750730 435
1750740 436
1750750 437
1750760 438
1750770 438
1750780 439
1750790 439
1750800 439
1750810 438
1750820 438
1750830 436
1750840 437
1750850 438
1750860 438
1750870 438
1750880 437
1750890 437
1750900 437
1750910 436
1750920 435
1750930 435
1750940 436
1750950 437
1750960 437
1750970 437
1750980 437
1750990 436
1751000 436
1751010 436
1751020 435
1751030 434
1751040 434
1751050 433
1751060 433
1751070 433
1751080 433
1751090 433
1751100 433
1751110 433
1751120 433
1751130 433
1751140 434
1751150 434
1751160 435
1751170 436
1751180 436
1751190 436
1751200 436
1751210 437
1751220 437
1751230 437
1751240 437
1751250 437
1751260 437
1751270 437
1751280 438
1751290 439
1751300 440
1751310 441
1751320 442
1751330 443
1751340 443
1751350 444
1751360 444
1751370 444
1751380 444
1751390 444
1751400 443
1751410 443
1751420 443
1751430 443
1751440 442
1751450 442
1751460 441
1751470 441
1751480 441
1751490 441
1751500 440
1751510 440
1751520 441
1751530 441
1751540 441
1751550 441
1751560 441
1751570 441
1751580 441
1751590 441
1751600 441
1751610 441
1751620 441
1751630 441
1751640 441
1751650 441
1751660 441
1751670 442
1751680 442
1751690 442
1751700 442
1751710 442
1751720 442
1751730 442
1751740 441
1751750 441
1751760 441
1751770 440
1751780 440
1751790 440
1751800 439
1751810 438
1751820 438
1751830 438
1751840 437
1751850 437
1751860 436
1751870 436
1751880 436
1751890 435
1751900 435
1751910 434
1751920 434
1751930 433
1751940 432
1751950 431
1751960 430
1751970 429
1751980 429
1751990 428
1752000 427
1752010 426
1752020 425
1752030 424
1752040 422
1752050 422
1752060 421
1752070 421
1752080 421
1752090 421
1752100 420
1752110 420
1752120 419
1752130 419
1752140 418
1752150 417
1752160 417
1752170 416
1752180 416
1752190 416
1752200 416
1752210 416
1752220 417
1752230 417
1752240 417
1752250 416
1752260 416
1752270 416
1752280 417
1752290 417
1752300 417
1752310 417
1752320 417
1752330 417
1752340 417
1752350 417
1752360 416
1752370 416
1752380 416
1752390 416
1752400 416
1752410 416
1752420 416
1752430 415
1752440 415
1752450 416
1752460 416
1752470 416
1752480 416
1752490 416
1752500 416
1752510 416
1752520 416
1752530 416
1752540 416
1752550 416
1752560 416
1752570 416
1752580 416
1752590 416
1752600 417
1752610 417
1752620 417
1752630 417
1752640 417
1752650 417
1752660 417
1752670 417
1752680 417
1752690 417
1752700 417
1752710 417
1752720 417
1752730 417
1752740 417
1752750 417
1752760 417
1752770 417
1752780 417
1752790 417
1752800 417
1752810 417
1752820 417
1752830 417
1752840 418
1752850 418
1752860 418
1752870 418
1752880 417
1752890 417
1752900 417
1752910 417
1752920 417
1752930 418
1752940 418
1752950 419
1752960 419
1752970 420
1752980 420
1752990 420
1753000 421
1753010 421
1753020 421
1753030 422
1753040 422
1753050 423
1753060 424
1753070 425
1753080 425
1753090 425
1753100 425
1753110 425
1753120 425
1753130 425
1753140 425
1753150 425
1753160 425
1753170 425
1753180 426
1753190 426
1753200 426
1753210 426
1753220 426
1753230 426
1753240 426
1753250 426
1753260 426
1753270 426
1753280 426
1753290 426
1753300 427
1753310 427
1753320 428
1753330 428
1753340 429
1753350 430
1753360 430
1753370 431
1753380 432
1753390 432
1753400 433
1753410 433
1753420 434
1753430 434
1753440 434
1753450 435
1753460 435
1753470 435
1753480 435
1753490 436
1753500 436
1753510 436
1753520 436
1753530 437
1753540 437
1753550 437
1753560 438
1753570 438
1753580 438
1753590 439
1753600 439
1753610 439
1753620 440
1753630 440
1753640 440
1753650 440
1753660 441
1753670 441
1753680 441
1753690 441
1753700 441
1753710 441
1753720 442
1753730 442
1753740 442
1753750 442
1753760 442
1753770 442
1753780 442
1753790 442
1753800 442
1753810 442
1753820 442
1753830 442
1753840 442
1753850 443
1753860 443
1753870 443
1753880 443
1753890 443
1753900 443
1753910 443
1753920 443
1753930 443
1753940 443
1753950 443
1753960 444
1753970 444
1753980 444
1753990 444
1754000 444
1754010 444
1754020 444
1754030 444
1754040 444
1754050 444
1754060 444
1754070 444
1754080 444
1754090 444
1754100 444
1754110 444
1754120 444
1754130 444
1754140 444
1754150 444
1754160 444
1754170 444
1754180 444
1754190 444
1754200 444
1754210 444
1754220 444
1754230 444
1754240 444
1754250 443
1754260 443
1754270 443
1754280 443
1754290 443
1754300 443
1754310 442
1754320 442
1754330 442
1754340 442
1754350 441
1754360 441
1754370 441
1754380 440
1754390 440
1754400 438
1754410 437
1754420 436
1754430 435
1754440 433
1754450 432
1754460 431
1754470 431
1754480 431
1754490 431
1754500 431
1754510 432
1754520 432
1754530 432
1754540 433
1754550 433
1754560 432
1754570 431
1754580 432
1754590 433
1754600 433
1754610 433
1754620 434
1754630 434
1754640 434
1754650 434
1754660 435
1754670 435
1754680 435
1754690 435
1754700 436
1754710 436
1754720 436
1754730 436
1754740 435
1754750 435
1754760 435
1754770 434
1754780 434
1754790 434
1754800 434
1754810 435
1754820 437
1754830 438
1754840 439
1754850 439
1754860 439
1754870 439
1754880 440
1754890 440
1754900 440
1754910 440
1754920 440
1754930 440
1754940 440
1754950 440
1754960 440
1754970 441
1754980 441
1754990 441
1755000 441
1755010 441
1755020 441
1755030 441
1755040 441
1755050 441
1755060 441
1755070 441
1755080 441
1755090 441
1755100 441
1755110 440
1755120 440
1755130 440
1755140 440
1755150 440
1755160 440
1755170 440
1755180 440
1755190 440
1755200 441
1755210 441
1755220 441
1755230 441
1755240 442
1755250 442
1755260 442
1755270 442
1755280 443
1755290 443
1755300 443
1755310 443
1755320 443
1755330 443
1755340 443
1755350 442
1755360 442
1755370 442
1755380 442
1755390 442
1755400 442
1755410 442
1755420 443
1755430 445
1755440 446
1755450 448
1755460 450
1755470 452
1755480 453
1755490 454
1755500 454
1755510 455
1755520 455
1755530 456
1755540 456
1755550 457
1755560 457
1755570 456
1755580 455
1755590 453
1755600 452
1755610 452
1755620 452
1755630 453
1755640 454
1755650 455
1755660 456
1755670 457
1755680 459
1755690 460
1755700 461
1755710 463
1755720 464
1755730 465
1755740 466
1755750 467
1755760 468
1755770 470
1755780 471
1755790 473
1755800 474
1755810 475
1755820 476
1755830 477
1755840 478
1755850 480
1755860 481
1755870 482
1755880 483
1755890 483
1755900 484
1755910 485
1755920 486
1755930 488
1755940 489
1755950 491
1755960 492
1755970 493
1755980 494
1755990 495
1756000 496
1756010 497
1756020 498
1756030 499
1756040 500
1756050 501
1756060 501
1756070 502
1756080 502
1756090 503
1756100 504
1756110 505
1756120 506
1756130 506
1756140 507
1756150 507
1756160 508
1756170 508
1756180 509
1756190 509
1756200 510
1756210 511
1756220 511
1756230 512
1756240 512
1756250 513
1756260 514
1756270 515
1756280 516
1756290 517
1756300 518
1756310 518
1756320 519
1756330 519
1756340 520
1756350 520
1756360 521
1756370 522
1756380 523
1756390 524
1756400 524
1756410 525
1756420 526
1756430 526
1756440 527
1756450 527
1756460 527
1756470 527
1756480 527
1756490 527
1756500 527
1756510 528
1756520 529
1756530 529
1756540 530
1756550 531
1756560 532
1756570 533
1756580 534
1756590 535
1756600 536
1756610 537
1756620 538
1756630 538
1756640 539
1756650 540
1756660 540
1756670 541
1756680 541
1756690 542
1756700 542
1756710 543
1756720 543
1756730 543
1756740 544
1756750 544
1756760 545
1756770 545
1756780 545
1756790 545
1756800 545
1756810 546
1756820 546
1756830 546
1756840 546
1756850 546
1756860 546
1756870 546
1756880 546
1756890 545
1756900 545
1756910 545
1756920 545
1756930 546
1756940 546
1756950 546
1756960 546
1756970 546
1756980 546
1756990 546
1757000 546
1757010 547
1757020 547
1757030 548
1757040 548
1757050 549
1757060 550
1757070 550
1757080 551
1757090 551
1757100 552
1757110 553
1757120 553
1757130 553
1757140 553
1757150 554
1757160 554
1757170 554
1757180 554
1757190 554
1757200 554
1757210 554
1757220 554
1757230 553
1757240 553
1757250 552
1757260 552
1757270 551
1757280 550
1757290 550
1757300 549
1757310 549
1757320 548
1757330 548
1757340 547
1757350 546
1757360 545
1757370 544
1757380 543
1757390 542
1757400 541
1757410 539
1757420 538
1757430 537
1757440 536
1757450 534
1757460 533
1757470 532
1757480 530
1757490 529
1757500 527
1757510 526
1757520 524
1757530 522
1757540 521
1757550 519
1757560 517
1757570 515
1757580 513
1757590 510
1757600 507
1757610 505
1757620 503
1757630 502
1757640 502
1757650 501
1757660 500
1757670 499
1757680 498
1757690 497
1757700 497
1757710 497
1757720 498
1757730 497
1757740 497
1757750 496
1757760 497
1757770 498
1757780 498
1757790 497
1757800 497
1757810 496
1757820 495
1757830 495
1757840 495
1757850 495
1757860 494
1757870 492
1757880 492
1757890 492
1757900 492
1757910 492
1757920 492
1757930 491
1757940 491
1757950 491
1757960 491
1757970 491
1757980 491
1757990 491
1758000 492
1758010 492
1758020 493
1758030 493
1758040 493
1758050 492
1758060 491
1758070 492
1758080 494
1758090 496
1758100 499
1758110 501
1758120 502
1758130 502
1758140 503
1758150 503
1758160 504
1758170 505
1758180 506
1758190 508
1758200 509
1758210 510
1758220 512
1758230 513
1758240 514
1758250 515
1758260 516
1758270 516
1758280 516
1758290 515
1758300 514
1758310 512
1758320 510
1758330 509
1758340 508
1758350 508
1758360 508
1758370 508
1758380 507
1758390 507
1758400 506
1758410 506
1758420 505
1758430 505
1758440 504
1758450 503
1758460 503
1758470 502
1758480 502
1758490 501
1758500 501
1758510 500
1758520 499
1758530 499
1758540 498
1758550 498
1758560 498
1758570 497
1758580 496
1758590 496
1758600 495
1758610 495
1758620 495
1758630 494
1758640 494
1758650 493
1758660 493
1758670 492
1758680 492
1758690 492
1758700 491
1758710 491
1758720 491
1758730 491
1758740 490
1758750 490
1758760 490
1758770 490
1758780 490
1758790 489
1758800 489
1758810 489
1758820 488
1758830 488
1758840 488
1758850 487
1758860 486
1758870 485
1758880 485
1758890 485
1758900 484
1758910 484
1758920 484
1758930 483
1758940 483
1758950 482
1758960 482
1758970 481
1758980 479
1758990 477
1759000 475
1759010 473
1759020 473
1759030 473
1759040 472
1759050 470
1759060 469
1759070 468
1759080 469
1759090 470
1759100 470
1759110 470
1759120 471
1759130 472
1759140 472
1759150 471
1759160 470
1759170 468
1759180 469
1759190 470
1759200 471
1759210 472
1759220 472
1759230 473
1759240 473
1759250 472
1759260 472
1759270 472
1759280 472
1759290 471
1759300 471
1759310 471
1759320 470
1759330 470
1759340 471
1759350 472
1759360 476
1759370 480
1759380 484
1759390 486
1759400 488
1759410 490
1759420 492
1759430 495
1759440 498
1759450 500
1759460 503
1759470 507
1759480 509
1759490 512
1759500 514
1759510 516
1759520 517
1759530 517
1759540 518
1759550 518
1759560 518
1759570 519
1759580 519
1759590 520
1759600 522
1759610 524
1759620 525
1759630 526
1759640 527
1759650 527
1759660 528
1759670 529
1759680 530
1759690 531
1759700 532
1759710 533
1759720 534
1759730 534
1759740 534
1759750 534
1759760 535
1759770 536
1759780 537
1759790 538
1759800 539
1759810 539
1759820 539
1759830 539
1759840 538
1759850 538
1759860 538
1759870 538
1759880 538
1759890 538
1759900 538
1759910 538
1759920 538
1759930 537
1759940 537
1759950 537
1759960 537
1759970 537
1759980 537
1759990 537
