1740060 632
1740070 631
1740080 632
1740090 632
1740100 632
1740110 632
1740120 633
1740130 633
1740140 633
1740150 633
1740160 633
1740170 633
1740180 633
1740190 633
1740200 634
1740210 634
1740220 634
1740230 634
1740240 634
1740250 633
1740260 633
1740270 633
1740280 632
1740290 632
1740300 631
1740310 630
1740320 630
1740330 629
1740340 629
1740350 628
1740360 628
1740370 628
1740380 627
1740390 627
1740400 626
1740410 626
1740420 625
1740430 625
1740440 624
1740450 624
1740460 623
1740470 623
1740480 622
1740490 622
1740500 621
1740510 620
1740520 620
1740530 619
1740540 618
1740550 617
1740560 616
1740570 615
1740580 614
1740590 612
1740600 611
1740610 609
1740620 607
1740630 606
1740640 604
1740650 602
1740660 600
1740670 598
1740680 596
1740690 594
1740700 593
1740710 591
1740720 589
1740730 587
1740740 586
1740750 585
1740760 584
1740770 584
1740780 583
1740790 583
1740800 582
1740810 580
1740820 579
1740830 577
1740840 576
1740850 575
1740860 574
1740870 573
1740880 572
1740890 570
1740900 569
1740910 568
1740920 567
1740930 565
1740940 565
1740950 564
1740960 563
1740970 561
1740980 560
1740990 558
1741000 557
1741010 555
1741020 554
1741030 553
1741040 552
1741050 550
1741060 549
1741070 547
1741080 546
1741090 545
1741100 545
1741110 544
1741120 542
1741130 541
1741140 541
1741150 540
1741160 539
1741170 539
1741180 539
1741190 538
1741200 537
1741210 536
1741220 535
1741230 534
1741240 532
1741250 531
1741260 530
1741270 529
1741280 528
1741290 527
1741300 525
1741310 524
1741320 522
1741330 521
1741340 518
1741350 515
1741360 512
1741370 507
1741380 503
1741390 500
1741400 498
1741410 498
1741420 497
1741430 496
1741440 495
1741450 495
1741460 496
1741470 497
1741480 497
1741490 496
1741500 496
1741510 496
1741520 496
1741530 496
1741540 496
1741550 495
1741560 495
1741570 495
1741580 495
1741590 495
1741600 494
1741610 494
1741620 493
1741630 493
1741640 492
1741650 492
1741660 492
1741670 492
1741680 492
1741690 492
1741700 492
1741710 492
1741720 491
1741730 491
1741740 491
1741750 490
1741760 490
1741770 489
1741780 489
1741790 488
1741800 488
1741810 488
1741820 487
1741830 487
1741840 486
1741850 486
1741860 485
1741870 485
1741880 484
1741890 484
1741900 483
1741910 482
1741920 482
1741930 481
1741940 480
1741950 480
1741960 479
1741970 479
1741980 478
1741990 477
1742000 476
1742010 475
1742020 474
1742030 473
1742040 473
1742050 471
1742060 470
1742070 468
1742080 466
1742090 463
1742100 460
1742110 457
1742120 454
1742130 451
1742140 448
1742150 445
1742160 443
1742170 441
1742180 438
1742190 436
1742200 433
1742210 430
1742220 426
1742230 425
1742240 424
1742250 424
1742260 425
1742270 427
1742280 431
1742290 434
1742300 436
1742310 439
1742320 441
1742330 443
1742340 445
1742350 447
1742360 448
1742370 450
1742380 451
1742390 452
1742400 453
1742410 454
1742420 455
1742430 456
1742440 457
1742450 458
1742460 459
1742470 460
1742480 461
1742490 463
1742500 464
1742510 464
1742520 465
1742530 465
1742540 466
1742550 466
1742560 466
1742570 467
1742580 467
1742590 467
1742600 467
1742610 467
1742620 467
1742630 467
1742640 468
1742650 468
1742660 468
1742670 468
1742680 468
1742690 469
1742700 469
1742710 469
1742720 470
1742730 470
1742740 470
1742750 470
1742760 469
1742770 469
1742780 469
1742790 469
1742800 468
1742810 468
1742820 467
1742830 467
1742840 466
1742850 465
1742860 464
1742870 464
1742880 463
1742890 461
1742900 459
1742910 459
1742920 460
1742930 461
1742940 462
1742950 462
1742960 462
1742970 463
1742980 463
1742990 463
1743000 464
1743010 464
1743020 464
1743030 464
1743040 464
1743050 463
1743060 463
1743070 463
1743080 462
1743090 462
1743100 462
1743110 461
1743120 461
1743130 460
1743140 460
1743150 459
1743160 459
1743170 458
1743180 458
1743190 457
1743200 457
1743210 456
1743220 456
1743230 455
1743240 454
1743250 453
1743260 452
1743270 451
1743280 450
1743290 449
1743300 448
1743310 447
1743320 446
1743330 445
1743340 443
1743350 442
1743360 441
1743370 439
1743380 438
1743390 436
1743400 433
1743410 430
1743420 427
1743430 426
1743440 425
1743450 424
1743460 422
1743470 419
1743480 416
1743490 415
1743500 415
1743510 416
1743520 417
1743530 417
1743540 417
1743550 417
1743560 418
1743570 418
1743580 418
1743590 418
1743600 417
1743610 417
1743620 416
1743630 416
1743640 415
1743650 415
1743660 414
1743670 414
1743680 413
1743690 412
1743700 412
1743710 412
1743720 412
1743730 413
1743740 413
1743750 413
1743760 413
1743770 413
1743780 413
1743790 413
1743800 413
1743810 413
1743820 413
1743830 413
1743840 412
1743850 414
1743860 415
1743870 418
1743880 421
1743890 424
1743900 427
1743910 429
1743920 431
1743930 432
1743940 434
1743950 436
1743960 438
1743970 440
1743980 441
1743990 443
1744000 444
1744010 446
1744020 448
1744030 449
1744040 451
1744050 453
1744060 454
1744070 456
1744080 457
1744090 459
1744100 460
1744110 461
1744120 462
1744130 462
1744140 463
1744150 464
1744160 464
1744170 464
1744180 464
1744190 465
1744200 465
1744210 465
1744220 466
1744230 466
1744240 467
1744250 467
1744260 468
1744270 468
1744280 468
1744290 468
1744300 468
1744310 468
1744320 468
1744330 469
1744340 468
1744350 468
1744360 468
1744370 468
1744380 468
1744390 468
1744400 468
1744410 467
1744420 467
1744430 467
1744440 466
1744450 466
1744460 465
1744470 464
1744480 464
1744490 463
1744500 462
1744510 461
1744520 460
1744530 460
1744540 459
1744550 458
1744560 456
1744570 455
1744580 454
1744590 454
1744600 454
1744610 455
1744620 455
1744630 454
1744640 453
1744650 453
1744660 453
1744670 452
1744680 453
1744690 454
1744700 454
1744710 454
1744720 455
1744730 456
1744740 458
1744750 460
1744760 463
1744770 465
1744780 467
1744790 470
1744800 472
1744810 474
1744820 475
1744830 477
1744840 478
1744850 480
1744860 482
1744870 484
1744880 485
1744890 487
1744900 488
1744910 489
1744920 490
1744930 492
1744940 494
1744950 495
1744960 497
1744970 498
1744980 500
1744990 501
1745000 503
1745010 504
1745020 506
1745030 507
1745040 508
1745050 508
1745060 509
1745070 509
1745080 509
1745090 509
1745100 509
1745110 509
1745120 508
1745130 508
1745140 508
1745150 508
1745160 508
1745170 508
1745180 508
1745190 508
1745200 509
1745210 509
1745220 509
1745230 509
1745240 509
1745250 509
1745260 509
1745270 509
1745280 509
1745290 509
1745300 511
1745310 512
1745320 514
1745330 516
1745340 517
1745350 519
1745360 520
1745370 521
1745380 522
1745390 522
1745400 523
1745410 524
1745420 525
1745430 526
1745440 526
1745450 527
1745460 528
1745470 528
1745480 529
1745490 530
1745500 530
1745510 530
1745520 531
1745530 531
1745540 531
1745550 531
1745560 531
1745570 531
1745580 531
1745590 531
1745600 532
1745610 531
1745620 531
1745630 531
1745640 531
1745650 531
1745660 531
1745670 530
1745680 530
1745690 530
1745700 530
1745710 529
1745720 529
1745730 528
1745740 527
1745750 526
1745760 524
1745770 523
1745780 521
1745790 520
1745800 519
1745810 519
1745820 520
1745830 521
1745840 521
1745850 521
1745860 521
1745870 521
1745880 521
1745890 521
1745900 521
1745910 522
1745920 522
1745930 523
1745940 523
1745950 523
1745960 523
1745970 524
1745980 524
1745990 523
1746000 523
1746010 523
1746020 523
1746030 525
1746040 525
1746050 526
1746060 527
1746070 528
1746080 529
1746090 530
1746100 531
1746110 532
1746120 532
1746130 532
1746140 533
1746150 534
1746160 535
1746170 535
1746180 534
1746190 534
1746200 534
1746210 536
1746220 536
1746230 535
1746240 535
1746250 537
1746260 538
1746270 540
1746280 542
1746290 543
1746300 544
1746310 544
1746320 544
1746330 545
1746340 546
1746350 546
1746360 545
1746370 546
1746380 548
1746390 549
1746400 550
1746410 550
1746420 551
1746430 552
1746440 553
1746450 554
1746460 555
1746470 556
1746480 557
1746490 558
1746500 559
1746510 559
1746520 560
1746530 560
1746540 561
1746550 561
1746560 561
1746570 561
1746580 561
1746590 561
1746600 562
1746610 563
1746620 564
1746630 566
1746640 567
1746650 568
1746660 569
1746670 569
1746680 570
1746690 571
1746700 572
1746710 572
1746720 573
1746730 574
1746740 575
1746750 576
1746760 578
1746770 579
1746780 580
1746790 581
1746800 583
1746810 584
1746820 585
1746830 586
1746840 588
1746850 589
1746860 590
1746870 591
1746880 591
1746890 592
1746900 593
1746910 594
1746920 595
1746930 596
1746940 596
1746950 597
1746960 598
1746970 598
1746980 599
1746990 599
1747000 600
1747010 600
1747020 601
1747030 601
1747040 601
1747050 601
1747060 602
1747070 602
1747080 602
1747090 602
1747100 602
1747110 602
1747120 602
1747130 602
1747140 601
1747150 601
1747160 601
1747170 601
1747180 601
1747190 600
1747200 600
1747210 600
1747220 600
1747230 600
1747240 600
1747250 600
1747260 600
1747270 601
1747280 601
1747290 601
1747300 601
1747310 601
1747320 601
1747330 601
1747340 602
1747350 602
1747360 602
1747370 601
1747380 601
1747390 600
1747400 600
1747410 599
1747420 599
1747430 598
1747440 597
1747450 597
1747460 596
1747470 595
1747480 594
1747490 593
1747500 592
1747510 591
1747520 590
1747530 589
1747540 588
1747550 587
1747560 586
1747570 584
1747580 583
1747590 582
1747600 581
1747610 581
1747620 580
1747630 580
1747640 579
1747650 579
1747660 578
1747670 578
1747680 577
1747690 577
1747700 577
1747710 576
1747720 576
1747730 576
1747740 575
1747750 575
1747760 574
1747770 574
1747780 573
1747790 572
1747800 571
1747810 570
1747820 569
1747830 568
1747840 568
1747850 568
1747860 567
1747870 567
1747880 566
1747890 566
1747900 566
1747910 565
1747920 565
1747930 565
1747940 565
1747950 565
1747960 564
1747970 564
1747980 563
1747990 562
1748000 560
1748010 559
1748020 558
1748030 556
1748040 555
1748050 554
1748060 553
1748070 551
1748080 550
1748090 548
1748100 546
1748110 544
1748120 543
1748130 541
1748140 539
1748150 537
1748160 535
1748170 533
1748180 530
1748190 529
1748200 528
1748210 527
1748220 526
1748230 525
1748240 524
1748250 524
1748260 524
1748270 524
1748280 524
1748290 524
1748300 524
1748310 524
1748320 524
1748330 525
1748340 525
1748350 525
1748360 525
1748370 525
1748380 525
1748390 525
1748400 524
1748410 524
1748420 523
1748430 523
1748440 522
1748450 521
1748460 520
1748470 519
1748480 517
1748490 516
1748500 514
1748510 513
1748520 512
1748530 510
1748540 509
1748550 508
1748560 506
1748570 503
1748580 500
1748590 498
1748600 496
1748610 496
1748620 497
1748630 498
1748640 499
1748650 498
1748660 498
1748670 498
1748680 498
1748690 498
1748700 498
1748710 498
1748720 498
1748730 498
1748740 498
1748750 498
1748760 498
1748770 498
1748780 499
1748790 499
1748800 499
1748810 499
1748820 499
1748830 498
1748840 499
1748850 499
1748860 499
1748870 498
1748880 498
1748890 498
1748900 498
1748910 497
1748920 496
1748930 495
1748940 494
1748950 493
1748960 495
1748970 496
1748980 497
1748990 497
1749000 497
1749010 497
1749020 497
1749030 497
1749040 497
1749050 497
1749060 497
1749070 497
1749080 497
1749090 496
1749100 496
1749110 496
1749120 496
1749130 496
1749140 496
1749150 496
1749160 496
1749170 496
1749180 496
1749190 496
1749200 495
1749210 494
1749220 492
1749230 492
1749240 493
1749250 493
1749260 495
1749270 497
1749280 498
1749290 499
1749300 501
1749310 503
1749320 504
1749330 506
1749340 507
1749350 508
1749360 509
1749370 510
1749380 512
1749390 513
1749400 514
1749410 515
1749420 516
1749430 517
1749440 518
1749450 520
1749460 521
1749470 522
1749480 523
1749490 524
1749500 525
1749510 526
1749520 527
1749530 529
1749540 530
1749550 531
1749560 532
1749570 534
1749580 535
1749590 537
1749600 538
1749610 540
1749620 541
1749630 542
1749640 543
1749650 544
1749660 545
1749670 546
1749680 547
1749690 548
1749700 549
1749710 550
1749720 551
1749730 552
1749740 553
1749750 554
1749760 555
1749770 556
1749780 557
1749790 558
1749800 559
1749810 559
1749820 560
1749830 561
1749840 562
1749850 564
1749860 565
1749870 566
1749880 567
1749890 568
1749900 569
1749910 569
1749920 570
1749930 570
1749940 571
1749950 572
1749960 573
1749970 574
1749980 575
1749990 575
1750000 576
1750010 577
1750020 579
1750030 580
1750040 581
1750050 582
1750060 583
1750070 584
1750080 585
1750090 586
1750100 587
1750110 587
1750120 588
1750130 589
1750140 590
1750150 591
1750160 592
1750170 594
1750180 595
1750190 596
1750200 597
1750210 598
1750220 600
1750230 601
1750240 602
1750250 602
1750260 603
1750270 603
1750280 604
1750290 604
1750300 604
1750310 605
1750320 606
1750330 606
1750340 607
1750350 608
1750360 610
1750370 611
1750380 612
1750390 614
1750400 615
1750410 616
1750420 617
1750430 618
1750440 619
1750450 620
1750460 621
1750470 622
1750480 624
1750490 625
1750500 626
1750510 627
1750520 628
1750530 629
1750540 630
1750550 632
1750560 633
1750570 634
1750580 634
1750590 635
1750600 637
1750610 638
1750620 640
1750630 641
1750640 643
1750650 644
1750660 646
1750670 647
1750680 649
1750690 650
1750700 651
1750710 652
1750720 653
1750730 654
1750740 655
1750750 656
1750760 658
1750770 660
1750780 661
1750790 663
1750800 665
1750810 666
1750820 668
1750830 669
1750840 670
1750850 672
1750860 673
1750870 674
1750880 675
1750890 676
1750900 678
1750910 679
1750920 680
1750930 682
1750940 683
1750950 684
1750960 685
1750970 686
1750980 687
1750990 688
1751000 689
1751010 690
1751020 691
1751030 693
1751040 694
1751050 695
1751060 696
1751070 697
1751080 699
1751090 700
1751100 701
1751110 702
1751120 703
1751130 704
1751140 705
1751150 707
1751160 708
1751170 709
1751180 710
1751190 711
1751200 713
1751210 714
1751220 715
1751230 716
1751240 717
1751250 717
1751260 718
1751270 718
1751280 718
1751290 718
1751300 718
1751310 718
1751320 718
1751330 717
1751340 717
1751350 716
1751360 713
1751370 708
1751380 702
1751390 696
1751400 692
1751410 689
1751420 688
1751430 688
1751440 688
1751450 688
1751460 688
1751470 688
1751480 687
1751490 686
1751500 684
1751510 683
1751520 681
1751530 680
1751540 679
1751550 678
1751560 676
1751570 674
1751580 673
1751590 672
1751600 670
1751610 669
1751620 669
1751630 668
1751640 667
1751650 666
1751660 666
1751670 665
1751680 664
1751690 662
1751700 661
1751710 660
1751720 659
1751730 659
1751740 657
1751750 656
1751760 654
1751770 653
1751780 652
1751790 651
1751800 651
1751810 651
1751820 650
1751830 650
1751840 650
1751850 649
1751860 648
1751870 648
1751880 648
1751890 649
1751900 650
1751910 651
1751920 650
1751930 648
1751940 647
1751950 646
1751960 644
1751970 643
1751980 642
1751990 641
1752000 640
1752010 639
1752020 638
1752030 637
1752040 636
1752050 635
1752060 633
1752070 632
1752080 631
1752090 629
1752100 629
1752110 628
1752120 626
1752130 625
1752140 623
1752150 622
1752160 621
1752170 620
1752180 619
1752190 618
1752200 617
1752210 616
1752220 615
1752230 614
1752240 612
1752250 611
1752260 610
1752270 609
1752280 608
1752290 607
1752300 607
1752310 605
1752320 604
1752330 603
1752340 602
1752350 602
1752360 601
1752370 600
1752380 598
1752390 597
1752400 596
1752410 595
1752420 594
1752430 593
1752440 592
1752450 591
1752460 590
1752470 588
1752480 587
1752490 585
1752500 584
1752510 582
1752520 581
1752530 580
1752540 579
1752550 578
1752560 577
1752570 576
1752580 574
1752590 573
1752600 572
1752610 570
1752620 569
1752630 568
1752640 567
1752650 566
1752660 565
1752670 564
1752680 563
1752690 562
1752700 561
1752710 560
1752720 559
1752730 559
1752740 558
1752750 557
1752760 556
1752770 555
1752780 554
1752790 553
1752800 552
1752810 551
1752820 550
1752830 549
1752840 548
1752850 548
1752860 547
1752870 546
1752880 545
1752890 544
1752900 543
1752910 543
1752920 542
1752930 541
1752940 540
1752950 539
1752960 538
1752970 537
1752980 536
1752990 536
1753000 535
1753010 534
1753020 533
1753030 532
1753040 532
1753050 531
1753060 531
1753070 530
1753080 530
1753090 529
1753100 529
1753110 529
1753120 528
1753130 528
1753140 527
1753150 527
1753160 526
1753170 526
1753180 526
1753190 525
1753200 525
1753210 525
1753220 524
1753230 524
1753240 523
1753250 523
1753260 522
1753270 522
1753280 521
1753290 520
1753300 519
1753310 518
1753320 517
1753330 517
1753340 516
1753350 515
1753360 514
1753370 513
1753380 512
1753390 512
1753400 511
1753410 510
1753420 509
1753430 509
1753440 508
1753450 507
1753460 506
1753470 505
1753480 505
1753490 504
1753500 503
1753510 502
1753520 502
1753530 501
1753540 501
1753550 500
1753560 500
1753570 499
1753580 499
1753590 499
1753600 498
1753610 497
1753620 497
1753630 496
1753640 495
1753650 495
1753660 494
1753670 493
1753680 492
1753690 491
1753700 490
1753710 489
1753720 488
1753730 487
1753740 486
1753750 485
1753760 483
1753770 482
1753780 480
1753790 479
1753800 479
1753810 478
1753820 478
1753830 477
1753840 477
1753850 477
1753860 476
1753870 476
1753880 476
1753890 476
1753900 477
1753910 477
1753920 479
1753930 481
1753940 483
1753950 485
1753960 486
1753970 488
1753980 489
1753990 491
1754000 492
1754010 493
1754020 494
1754030 494
1754040 495
1754050 496
1754060 497
1754070 498
1754080 499
1754090 500
1754100 501
1754110 503
1754120 504
1754130 505
1754140 506
1754150 507
1754160 508
1754170 509
1754180 510
1754190 512
1754200 513
1754210 514
1754220 515
1754230 516
1754240 517
1754250 518
1754260 519
1754270 520
1754280 522
1754290 523
1754300 524
1754310 525
1754320 526
1754330 527
1754340 528
1754350 529
1754360 531
1754370 532
1754380 533
1754390 534
1754400 534
1754410 535
1754420 536
1754430 537
1754440 538
1754450 539
1754460 540
1754470 541
1754480 541
1754490 542
1754500 543
1754510 543
1754520 544
1754530 546
1754540 547
1754550 548
1754560 549
1754570 550
1754580 551
1754590 552
1754600 553
1754610 555
1754620 556
1754630 558
1754640 560
1754650 562
1754660 565
1754670 567
1754680 569
1754690 572
1754700 573
1754710 575
1754720 576
1754730 578
1754740 579
1754750 581
1754760 582
1754770 583
1754780 584
1754790 585
1754800 587
1754810 588
1754820 589
1754830 590
1754840 592
1754850 593
1754860 595
1754870 596
1754880 598
1754890 601
1754900 603
1754910 605
1754920 608
1754930 610
1754940 612
1754950 615
1754960 617
1754970 620
1754980 622
1754990 624
1755000 625
1755010 627
1755020 629
1755030 630
1755040 632
1755050 633
1755060 635
1755070 637
1755080 639
1755090 641
1755100 642
1755110 644
1755120 645
1755130 647
1755140 648
1755150 650
1755160 652
1755170 654
1755180 656
1755190 658
1755200 660
1755210 662
1755220 663
1755230 665
1755240 667
1755250 668
1755260 670
1755270 671
1755280 673
1755290 674
1755300 676
1755310 677
1755320 679
1755330 680
1755340 681
1755350 682
1755360 682
1755370 683
1755380 683
1755390 684
1755400 684
1755410 685
1755420 687
1755430 688
1755440 690
1755450 692
1755460 693
1755470 695
1755480 696
1755490 698
1755500 699
1755510 700
1755520 700
1755530 701
1755540 701
1755550 702
1755560 702
1755570 702
1755580 703
1755590 703
1755600 704
1755610 704
1755620 704
1755630 704
1755640 704
1755650 705
1755660 705
1755670 704
1755680 704
1755690 704
1755700 704
1755710 705
1755720 705
1755730 706
1755740 706
1755750 707
1755760 708
1755770 708
1755780 709
1755790 710
1755800 711
1755810 712
1755820 713
1755830 714
1755840 715
1755850 716
1755860 716
1755870 717
1755880 718
1755890 718
1755900 719
1755910 719
1755920 719
1755930 720
1755940 720
1755950 720
1755960 721
1755970 721
1755980 722
1755990 722
1756000 723
1756010 723
1756020 724
1756030 724
1756040 724
1756050 725
1756060 726
1756070 727
1756080 727
1756090 728
1756100 729
1756110 729
1756120 730
1756130 731
1756140 732
1756150 733
1756160 734
1756170 735
1756180 737
1756190 738
1756200 739
1756210 740
1756220 741
1756230 742
1756240 743
1756250 744
1756260 745
1756270 745
1756280 745
1756290 745
1756300 744
1756310 744
1756320 743
1756330 742
1756340 741
1756350 740
1756360 739
1756370 738
1756380 738
1756390 737
1756400 736
1756410 735
1756420 734
1756430 734
1756440 733
1756450 732
1756460 732
1756470 731
1756480 730
1756490 730
1756500 729
1756510 728
1756520 728
1756530 728
1756540 728
1756550 728
1756560 728
1756570 727
1756580 727
1756590 727
1756600 727
1756610 727
1756620 726
1756630 726
1756640 727
1756650 727
1756660 727
1756670 727
1756680 727
1756690 728
1756700 728
1756710 729
1756720 730
1756730 730
1756740 731
1756750 732
1756760 732
1756770 733
1756780 734
1756790 734
1756800 735
1756810 736
1756820 736
1756830 737
1756840 737
1756850 738
1756860 739
1756870 739
1756880 740
1756890 740
1756900 740
1756910 740
1756920 740
1756930 739
1756940 739
1756950 738
1756960 738
1756970 737
1756980 736
1756990 735
1757000 734
1757010 734
1757020 733
1757030 732
1757040 731
1757050 730
1757060 728
1757070 727
1757080 726
1757090 725
1757100 724
1757110 723
1757120 722
1757130 720
1757140 719
1757150 718
1757160 716
1757170 715
1757180 713
1757190 712
1757200 710
1757210 709
1757220 707
1757230 704
1757240 701
1757250 699
1757260 698
1757270 699
1757280 700
1757290 701
1757300 701
1757310 702
1757320 702
1757330 702
1757340 702
1757350 702
1757360 702
1757370 701
1757380 701
1757390 701
1757400 700
1757410 700
1757420 699
1757430 699
1757440 699
1757450 699
1757460 699
1757470 699
1757480 699
1757490 700
1757500 700
1757510 700
1757520 700
1757530 701
1757540 701
1757550 701
1757560 701
1757570 701
1757580 702
1757590 702
1757600 703
1757610 704
1757620 704
1757630 704
1757640 704
1757650 704
1757660 704
1757670 704
1757680 704
1757690 704
1757700 704
1757710 704
1757720 705
1757730 704
1757740 704
1757750 704
1757760 703
1757770 703
1757780 702
1757790 701
1757800 701
1757810 700
1757820 699
1757830 697
1757840 696
1757850 696
1757860 695
1757870 694
1757880 694
1757890 694
1757900 694
1757910 693
1757920 693
1757930 693
1757940 693
1757950 694
1757960 694
1757970 694
1757980 694
1757990 694
1758000 695
1758010 695
1758020 695
1758030 695
1758040 696
1758050 697
1758060 698
1758070 699
1758080 700
1758090 702
1758100 703
1758110 703
1758120 704
1758130 704
1758140 704
1758150 704
1758160 704
1758170 704
1758180 704
1758190 703
1758200 701
1758210 700
1758220 698
1758230 696
1758240 695
1758250 694
1758260 692
1758270 691
1758280 690
1758290 689
1758300 687
1758310 685
1758320 684
1758330 682
1758340 681
1758350 680
1758360 679
1758370 678
1758380 677
1758390 676
1758400 675
1758410 673
1758420 671
1758430 670
1758440 668
1758450 667
1758460 666
1758470 665
1758480 664
1758490 663
1758500 662
1758510 660
1758520 658
1758530 657
1758540 655
1758550 654
1758560 653
1758570 651
1758580 650
1758590 648
1758600 645
1758610 643
1758620 641
1758630 638
1758640 635
1758650 633
1758660 632
1758670 630
1758680 629
1758690 628
1758700 628
1758710 627
1758720 626
1758730 626
1758740 625
1758750 623
1758760 622
1758770 622
1758780 621
1758790 620
1758800 619
1758810 618
1758820 618
1758830 617
1758840 617
1758850 617
1758860 616
1758870 616
1758880 615
1758890 615
1758900 614
1758910 612
1758920 611
1758930 610
1758940 608
1758950 607
1758960 606
1758970 606
1758980 605
1758990 604
1759000 603
1759010 602
1759020 601
1759030 600
1759040 599
1759050 598
1759060 597
1759070 595
1759080 593
1759090 591
1759100 588
1759110 585
1759120 581
1759130 578
1759140 575
1759150 572
1759160 570
1759170 567
1759180 565
1759190 562
1759200 563
1759210 564
1759220 566
1759230 567
1759240 568
1759250 570
1759260 571
1759270 573
1759280 574
1759290 576
1759300 578
1759310 580
1759320 581
1759330 581
1759340 581
1759350 580
1759360 578
1759370 577
1759380 575
1759390 573
1759400 570
1759410 568
1759420 566
1759430 564
1759440 562
1759450 559
1759460 557
1759470 554
1759480 552
1759490 550
1759500 551
1759510 552
1759520 553
1759530 554
1759540 556
1759550 558
1759560 561
1759570 563
1759580 565
1759590 567
1759600 569
1759610 571
1759620 573
1759630 575
1759640 577
1759650 578
1759660 579
1759670 580
1759680 580
1759690 581
1759700 582
1759710 582
1759720 583
1759730 584
1759740 585
1759750 586
1759760 587
1759770 588
1759780 589
1759790 590
1759800 591
1759810 592
1759820 593
1759830 594
1759840 595
1759850 596
1759860 597
1759870 597
1759880 598
1759890 599
1759900 600
1759910 601
1759920 602
1759930 603
1759940 604
1759950 606
1759960 607
1759970 608
1759980 609
1759990 610
