1740840 561
1740850 563
1740860 564
1740870 566
1740880 567
1740890 569
1740900 570
1740910 571
1740920 573
1740930 574
1740940 576
1740950 577
1740960 578
1740970 580
1740980 581
1740990 582
1741000 584
1741010 585
1741020 586
1741030 587
1741040 588
1741050 589
1741060 590
1741070 591
1741080 592
1741090 593
1741100 594
1741110 595
1741120 596
1741130 596
1741140 596
1741150 597
1741160 597
1741170 597
1741180 597
1741190 597
1741200 597
1741210 597
1741220 597
1741230 596
1741240 596
1741250 596
1741260 596
1741270 596
1741280 597
1741290 596
1741300 596
1741310 596
1741320 596
1741330 595
1741340 595
1741350 594
1741360 593
1741370 593
1741380 592
1741390 591
1741400 590
1741410 590
1741420 589
1741430 588
1741440 586
1741450 585
1741460 584
1741470 583
1741480 582
1741490 581
1741500 580
1741510 579
1741520 578
1741530 577
1741540 576
1741550 575
1741560 574
1741570 573
1741580 572
1741590 571
1741600 570
1741610 569
1741620 567
1741630 566
1741640 565
1741650 563
1741660 561
1741670 559
1741680 557
1741690 554
1741700 552
1741710 550
1741720 548
1741730 547
1741740 546
1741750 545
1741760 543
1741770 541
1741780 539
1741790 536
1741800 534
1741810 533
1741820 532
1741830 531
1741840 530
1741850 529
1741860 528
1741870 526
1741880 524
1741890 521
1741900 518
1741910 515
1741920 512
1741930 510
1741940 507
1741950 504
1741960 502
1741970 500
1741980 497
1741990 494
1742000 491
1742010 488
1742020 484
1742030 481
1742040 480
1742050 482
1742060 484
1742070 486
1742080 488
1742090 490
1742100 492
1742110 494
1742120 496
1742130 498
1742140 499
1742150 501
1742160 503
1742170 505
1742180 506
1742190 508
1742200 510
1742210 512
1742220 513
1742230 515
1742240 517
1742250 519
1742260 521
1742270 522
1742280 524
1742290 526
1742300 527
1742310 529
1742320 530
1742330 532
1742340 534
1742350 535
1742360 537
1742370 538
1742380 540
1742390 541
1742400 543
1742410 545
1742420 546
1742430 548
1742440 549
1742450 551
1742460 552
1742470 554
1742480 556
1742490 557
1742500 559
1742510 561
1742520 562
1742530 564
1742540 565
1742550 566
1742560 567
1742570 568
1742580 569
1742590 570
1742600 571
1742610 572
1742620 573
1742630 573
1742640 574
1742650 574
1742660 574
1742670 574
1742680 574
1742690 574
1742700 573
1742710 573
1742720 572
1742730 571
1742740 571
1742750 570
1742760 570
1742770 569
1742780 568
1742790 568
1742800 567
1742810 567
1742820 566
1742830 565
1742840 564
1742850 563
1742860 563
1742870 562
1742880 562
1742890 561
1742900 561
1742910 561
1742920 560
1742930 560
1742940 560
1742950 559
1742960 559
1742970 558
1742980 558
1742990 558
1743000 557
1743010 557
1743020 557
1743030 556
1743040 556
1743050 556
1743060 556
1743070 556
1743080 555
1743090 555
1743100 555
1743110 555
1743120 554
1743130 554
1743140 553
1743150 552
1743160 552
1743170 551
1743180 550
1743190 550
1743200 549
1743210 548
1743220 547
1743230 547
1743240 546
1743250 546
1743260 545
1743270 545
1743280 544
1743290 543
1743300 542
1743310 541
1743320 541
1743330 540
1743340 539
1743350 538
1743360 537
1743370 536
1743380 535
1743390 535
1743400 534
1743410 532
1743420 531
1743430 530
1743440 529
1743450 528
1743460 526
1743470 525
1743480 524
1743490 523
1743500 522
1743510 521
1743520 519
1743530 518
1743540 517
1743550 515
1743560 514
1743570 513
1743580 511
1743590 509
1743600 508
1743610 506
1743620 505
1743630 505
1743640 504
1743650 503
1743660 502
1743670 501
1743680 500
1743690 500
1743700 499
1743710 498
1743720 497
1743730 497
1743740 496
1743750 496
1743760 495
1743770 495
1743780 494
1743790 492
1743800 491
1743810 489
1743820 488
1743830 487
1743840 485
1743850 483
1743860 482
1743870 480
1743880 479
1743890 477
1743900 476
1743910 474
1743920 472
1743930 471
1743940 469
1743950 467
1743960 466
1743970 464
1743980 462
1743990 460
1744000 459
1744010 458
1744020 457
1744030 457
1744040 454
1744050 451
1744060 448
1744070 450
1744080 451
1744090 454
1744100 456
1744110 458
1744120 459
1744130 459
1744140 460
1744150 461
1744160 463
1744170 466
1744180 469
1744190 472
1744200 475
1744210 477
1744220 479
1744230 481
1744240 484
1744250 487
1744260 489
1744270 492
1744280 494
1744290 497
1744300 499
1744310 501
1744320 503
1744330 505
1744340 507
1744350 509
1744360 510
1744370 511
1744380 512
1744390 513
1744400 514
1744410 515
1744420 517
1744430 517
1744440 518
1744450 519
1744460 519
1744470 519
1744480 519
1744490 518
1744500 518
1744510 517
1744520 517
1744530 516
1744540 515
1744550 514
1744560 513
1744570 512
1744580 511
1744590 510
1744600 509
1744610 508
1744620 507
1744630 506
1744640 505
1744650 504
1744660 503
1744670 502
1744680 501
1744690 500
1744700 498
1744710 497
1744720 496
1744730 495
1744740 493
1744750 492
1744760 491
1744770 489
1744780 488
1744790 486
1744800 485
1744810 484
1744820 483
1744830 482
1744840 481
1744850 479
1744860 478
1744870 477
1744880 476
1744890 475
1744900 473
1744910 471
1744920 469
1744930 468
1744940 466
1744950 465
1744960 464
1744970 463
1744980 462
1744990 462
1745000 462
1745010 461
1745020 461
1745030 461
1745040 460
1745050 459
1745060 456
1745070 455
1745080 453
1745090 452
1745100 451
1745110 451
1745120 451
1745130 451
1745140 451
1745150 450
1745160 450
1745170 450
1745180 449
1745190 450
1745200 452
1745210 453
1745220 455
1745230 457
1745240 460
1745250 464
1745260 467
1745270 469
1745280 470
1745290 472
1745300 473
1745310 475
1745320 477
1745330 478
1745340 480
1745350 481
1745360 483
1745370 485
1745380 487
1745390 489
1745400 491
1745410 493
1745420 495
1745430 497
1745440 499
1745450 501
1745460 502
1745470 503
1745480 505
1745490 506
1745500 508
1745510 509
1745520 510
1745530 511
1745540 513
1745550 514
1745560 515
1745570 517
1745580 518
1745590 519
1745600 520
1745610 521
1745620 522
1745630 523
1745640 524
1745650 525
1745660 527
1745670 528
1745680 529
1745690 530
1745700 531
1745710 532
1745720 534
1745730 535
1745740 537
1745750 538
1745760 539
1745770 540
1745780 541
1745790 542
1745800 544
1745810 545
1745820 546
1745830 547
1745840 549
1745850 550
1745860 550
1745870 551
1745880 552
1745890 553
1745900 554
1745910 555
1745920 556
1745930 558
1745940 559
1745950 559
1745960 560
1745970 561
1745980 562
1745990 563
1746000 564
1746010 565
1746020 566
1746030 567
1746040 568
1746050 569
1746060 570
1746070 572
1746080 573
1746090 575
1746100 577
1746110 579
1746120 581
1746130 582
1746140 584
1746150 586
1746160 587
1746170 589
1746180 590
1746190 591
1746200 592
1746210 593
1746220 594
1746230 595
1746240 595
1746250 596
1746260 596
1746270 596
1746280 597
1746290 597
1746300 598
1746310 599
1746320 599
1746330 600
1746340 600
1746350 601
1746360 601
1746370 602
1746380 602
1746390 603
1746400 603
1746410 603
1746420 604
1746430 604
1746440 604
1746450 605
1746460 606
1746470 607
1746480 607
1746490 608
1746500 609
1746510 609
1746520 610
1746530 611
1746540 612
1746550 612
1746560 613
1746570 614
1746580 614
1746590 614
1746600 615
1746610 615
1746620 616
1746630 617
1746640 617
1746650 618
1746660 618
1746670 619
1746680 619
1746690 620
1746700 620
1746710 621
1746720 621
1746730 622
1746740 623
1746750 624
1746760 625
1746770 626
1746780 627
1746790 627
1746800 628
1746810 629
1746820 630
1746830 631
1746840 631
1746850 632
1746860 632
1746870 633
1746880 634
1746890 634
1746900 635
1746910 635
1746920 636
1746930 637
1746940 637
1746950 638
1746960 639
1746970 639
1746980 640
1746990 641
1747000 641
1747010 642
1747020 643
1747030 643
1747040 644
1747050 645
1747060 645
1747070 646
1747080 646
1747090 647
1747100 648
1747110 649
1747120 650
1747130 651
1747140 652
1747150 654
1747160 655
1747170 657
1747180 658
1747190 659
1747200 660
1747210 662
1747220 663
1747230 665
1747240 666
1747250 667
1747260 668
1747270 669
1747280 671
1747290 672
1747300 673
1747310 675
1747320 676
1747330 677
1747340 678
1747350 679
1747360 680
1747370 681
1747380 682
1747390 683
1747400 684
1747410 685
1747420 686
1747430 686
1747440 687
1747450 687
1747460 688
1747470 688
1747480 688
1747490 688
1747500 688
1747510 688
1747520 688
1747530 687
1747540 686
1747550 685
1747560 684
1747570 683
1747580 682
1747590 681
1747600 680
1747610 678
1747620 677
1747630 675
1747640 674
1747650 673
1747660 671
1747670 670
1747680 669
1747690 667
1747700 666
1747710 664
1747720 662
1747730 661
1747740 659
1747750 657
1747760 655
1747770 654
1747780 652
1747790 651
1747800 650
1747810 648
1747820 646
1747830 644
1747840 642
1747850 641
1747860 640
1747870 638
1747880 637
1747890 635
1747900 634
1747910 632
1747920 630
1747930 628
1747940 625
1747950 622
1747960 619
1747970 619
1747980 619
1747990 621
1748000 622
1748010 624
1748020 625
1748030 625
1748040 626
1748050 627
1748060 627
1748070 628
1748080 628
1748090 628
1748100 628
1748110 629
1748120 629
1748130 628
1748140 628
1748150 628
1748160 627
1748170 627
1748180 627
1748190 627
1748200 627
1748210 627
1748220 627
1748230 626
1748240 626
1748250 625
1748260 624
1748270 623
1748280 622
1748290 620
1748300 618
1748310 616
1748320 614
1748330 611
1748340 607
1748350 603
1748360 600
1748370 598
1748380 598
1748390 600
1748400 602
1748410 603
1748420 604
1748430 605
1748440 606
1748450 607
1748460 608
1748470 609
1748480 609
1748490 610
1748500 611
1748510 612
1748520 612
1748530 613
1748540 613
1748550 613
1748560 614
1748570 614
1748580 613
1748590 613
1748600 612
1748610 611
1748620 609
1748630 608
1748640 606
1748650 605
1748660 603
1748670 602
1748680 600
1748690 599
1748700 597
1748710 594
1748720 591
1748730 588
1748740 586
1748750 584
1748760 581
1748770 578
1748780 575
1748790 575
1748800 576
1748810 577
1748820 578
1748830 580
1748840 581
1748850 583
1748860 585
1748870 586
1748880 588
1748890 590
1748900 592
1748910 594
1748920 596
1748930 597
1748940 599
1748950 600
1748960 601
1748970 602
1748980 603
1748990 604
1749000 605
1749010 606
1749020 606
1749030 607
1749040 607
1749050 607
1749060 607
1749070 608
1749080 608
1749090 608
1749100 608
1749110 608
1749120 608
1749130 608
1749140 608
1749150 607
1749160 606
1749170 605
1749180 604
1749190 602
1749200 599
1749210 596
1749220 593
1749230 591
1749240 588
1749250 586
1749260 584
1749270 582
1749280 581
1749290 580
1749300 579
1749310 578
1749320 576
1749330 577
1749340 578
1749350 581
1749360 584
1749370 587
1749380 589
1749390 591
1749400 593
1749410 594
1749420 596
1749430 598
1749440 599
1749450 601
1749460 602
1749470 604
1749480 605
1749490 606
1749500 607
1749510 608
1749520 608
1749530 609
1749540 609
1749550 610
1749560 610
1749570 610
1749580 609
1749590 609
1749600 609
1749610 609
1749620 608
1749630 608
1749640 607
1749650 606
1749660 606
1749670 605
1749680 605
1749690 603
1749700 602
1749710 600
1749720 599
1749730 597
1749740 595
1749750 594
1749760 592
1749770 591
1749780 589
1749790 588
1749800 587
1749810 585
1749820 584
1749830 582
1749840 580
1749850 578
1749860 576
1749870 575
1749880 573
1749890 570
1749900 568
1749910 566
1749920 564
1749930 568
1749940 573
1749950 577
1749960 580
1749970 583
1749980 587
1749990 590
1750000 592
1750010 594
1750020 597
1750030 599
1750040 601
1750050 603
1750060 605
1750070 607
1750080 609
1750090 611
1750100 614
1750110 617
1750120 619
1750130 620
1750140 622
1750150 624
1750160 626
1750170 628
1750180 629
1750190 631
1750200 633
1750210 636
1750220 638
1750230 640
1750240 641
1750250 643
1750260 644
1750270 645
1750280 647
1750290 648
1750300 648
1750310 649
1750320 649
1750330 648
1750340 648
1750350 647
1750360 647
1750370 646
1750380 646
1750390 646
1750400 646
1750410 646
1750420 646
1750430 646
1750440 647
1750450 648
1750460 650
1750470 650
1750480 650
1750490 650
1750500 650
1750510 650
1750520 650
1750530 650
1750540 650
1750550 650
1750560 650
1750570 651
1750580 651
1750590 652
1750600 652
1750610 652
1750620 652
1750630 652
1750640 652
1750650 653
1750660 654
1750670 655
1750680 656
1750690 657
1750700 659
1750710 660
1750720 661
1750730 662
1750740 663
1750750 665
1750760 666
1750770 668
1750780 669
1750790 671
1750800 673
1750810 676
1750820 678
1750830 680
1750840 682
1750850 685
1750860 687
1750870 689
1750880 691
1750890 693
1750900 695
1750910 697
1750920 699
1750930 701
1750940 703
1750950 705
1750960 707
1750970 709
1750980 711
1750990 713
1751000 715
1751010 718
1751020 720
1751030 723
1751040 725
1751050 728
1751060 731
1751070 733
1751080 736
1751090 739
1751100 741
1751110 743
1751120 746
1751130 748
1751140 750
1751150 752
1751160 754
1751170 756
1751180 758
1751190 761
1751200 762
1751210 764
1751220 766
1751230 768
1751240 769
1751250 771
1751260 772
1751270 773
1751280 774
1751290 774
1751300 775
1751310 775
1751320 775
1751330 774
1751340 773
1751350 773
1751360 772
1751370 771
1751380 770
1751390 769
1751400 768
1751410 767
1751420 765
1751430 764
1751440 763
1751450 761
1751460 760
1751470 758
1751480 757
1751490 755
1751500 753
1751510 752
1751520 750
1751530 748
1751540 747
1751550 745
1751560 743
1751570 742
1751580 740
1751590 738
1751600 737
1751610 735
1751620 733
1751630 731
1751640 730
1751650 729
1751660 727
1751670 725
1751680 723
1751690 721
1751700 718
1751710 715
1751720 712
1751730 709
1751740 707
1751750 704
1751760 702
1751770 700
1751780 698
1751790 696
1751800 694
1751810 692
1751820 691
1751830 689
1751840 688
1751850 688
1751860 687
1751870 687
1751880 687
1751890 688
1751900 688
1751910 688
1751920 688
1751930 689
1751940 689
1751950 689
1751960 689
1751970 689
1751980 689
1751990 690
1752000 690
1752010 690
1752020 689
1752030 689
1752040 689
1752050 688
1752060 688
1752070 688
1752080 687
1752090 686
1752100 686
1752110 685
1752120 684
1752130 684
1752140 683
1752150 683
1752160 682
1752170 682
1752180 681
1752190 680
1752200 678
1752210 676
1752220 674
1752230 672
1752240 671
1752250 670
1752260 669
1752270 668
1752280 668
1752290 667
1752300 666
1752310 666
1752320 665
1752330 665
1752340 664
1752350 663
1752360 662
1752370 662
1752380 661
1752390 660
1752400 659
1752410 658
1752420 658
1752430 657
1752440 656
1752450 655
1752460 655
1752470 654
1752480 653
1752490 652
1752500 651
1752510 650
1752520 649
1752530 648
1752540 647
1752550 646
1752560 645
1752570 644
1752580 643
1752590 642
1752600 641
1752610 639
1752620 638
1752630 637
1752640 636
1752650 635
1752660 634
1752670 633
1752680 632
1752690 631
1752700 630
1752710 629
1752720 628
1752730 626
1752740 625
1752750 623
1752760 621
1752770 618
1752780 615
1752790 612
1752800 612
1752810 611
1752820 610
1752830 610
1752840 609
1752850 608
1752860 606
1752870 604
1752880 601
1752890 599
1752900 598
1752910 597
1752920 595
1752930 592
1752940 589
1752950 589
1752960 590
1752970 590
1752980 590
1752990 589
1753000 588
1753010 587
1753020 587
1753030 587
1753040 588
1753050 588
1753060 587
1753070 586
1753080 585
1753090 584
1753100 583
1753110 583
1753120 583
1753130 583
1753140 582
1753150 582
1753160 581
1753170 581
1753180 580
1753190 579
1753200 579
1753210 578
1753220 578
1753230 577
1753240 576
1753250 576
1753260 575
1753270 574
1753280 572
1753290 570
1753300 568
1753310 567
1753320 566
1753330 564
1753340 561
1753350 561
1753360 563
1753370 567
1753380 570
1753390 572
1753400 574
1753410 576
1753420 577
1753430 577
1753440 577
1753450 576
1753460 575
1753470 574
1753480 573
1753490 572
1753500 571
1753510 570
1753520 569
1753530 568
1753540 568
1753550 566
1753560 567
1753570 568
1753580 569
1753590 570
1753600 571
1753610 572
1753620 572
1753630 574
1753640 575
1753650 576
1753660 578
1753670 579
1753680 580
1753690 581
1753700 581
1753710 581
1753720 581
1753730 581
1753740 581
1753750 581
1753760 581
1753770 581
1753780 580
1753790 580
1753800 580
1753810 580
1753820 580
1753830 580
1753840 580
1753850 581
1753860 580
1753870 580
1753880 580
1753890 579
1753900 579
1753910 579
1753920 579
1753930 580
1753940 580
1753950 580
1753960 580
1753970 580
1753980 580
1753990 581
1754000 581
1754010 582
1754020 582
1754030 582
1754040 582
1754050 582
1754060 582
1754070 581
1754080 581
1754090 581
1754100 581
1754110 581
1754120 581
1754130 581
1754140 581
1754150 581
1754160 581
1754170 581
1754180 580
1754190 581
1754200 581
1754210 581
1754220 581
1754230 581
1754240 581
1754250 580
1754260 579
1754270 579
1754280 578
1754290 577
1754300 577
1754310 577
1754320 576
1754330 576
1754340 575
1754350 575
1754360 574
1754370 574
1754380 573
1754390 573
1754400 572
1754410 571
1754420 571
1754430 570
1754440 570
1754450 569
1754460 569
1754470 569
1754480 569
1754490 569
1754500 568
1754510 568
1754520 568
1754530 568
1754540 568
1754550 569
1754560 569
1754570 569
1754580 569
1754590 569
1754600 569
1754610 569
1754620 568
1754630 568
1754640 567
1754650 567
1754660 566
1754670 566
1754680 565
1754690 564
1754700 564
1754710 563
1754720 562
1754730 562
1754740 563
1754750 563
1754760 563
1754770 563
1754780 563
1754790 563
1754800 563
1754810 563
1754820 564
1754830 564
1754840 564
1754850 563
1754860 563
1754870 562
1754880 562
1754890 562
1754900 562
1754910 561
1754920 561
1754930 561
1754940 561
1754950 561
1754960 561
1754970 561
1754980 560
1754990 560
1755000 560
1755010 560
1755020 560
1755030 560
1755040 560
1755050 560
1755060 560
1755070 560
1755080 560
1755090 560
1755100 560
1755110 560
1755120 560
1755130 560
1755140 560
1755150 560
1755160 560
1755170 559
1755180 560
1755190 560
1755200 561
1755210 561
1755220 561
1755230 561
1755240 561
1755250 561
1755260 561
1755270 561
1755280 561
1755290 561
1758470 730
1758480 731
1758490 731
1758500 732
1758510 732
1758520 733
1758530 733
1758540 733
1758550 733
1758560 733
1758570 732
1758580 732
1758590 732
1758600 732
1758610 732
1758620 732
1758630 732
1758640 732
1758650 731
1758660 731
1758670 731
1758680 732
1758690 732
1758700 732
1758710 732
1758720 733
1758730 733
1758740 734
1758750 734
1758760 735
1758770 735
1758780 735
1758790 735
1758800 735
1758810 734
1758820 734
1758830 734
1758840 733
1758850 733
1758860 732
1758870 732
1758880 732
1758890 732
1758900 731
1758910 731
1758920 731
1758930 731
1758940 731
1758950 731
1758960 731
1758970 731
1758980 731
1758990 731
1759000 731
1759010 730
1759020 730
1759030 729
1759040 728
1759050 727
1759060 727
1759070 726
1759080 725
1759090 724
1759100 723
1759110 722
1759120 721
1759130 720
1759140 720
1759150 719
1759160 718
1759170 717
1759180 716
1759190 715
1759200 714
1759210 714
1759220 713
1759230 712
1759240 711
1759250 710
1759260 709
1759270 708
1759280 708
1759290 707
1759300 706
1759310 706
1759320 705
1759330 704
1759340 703
1759350 702
1759360 702
1759370 701
1759380 701
1759390 701
1759400 700
1759410 700
1759420 700
1759430 699
1759440 699
1759450 698
1759460 698
1759470 697
1759480 696
1759490 695
1759500 695
1759510 694
1759520 693
1759530 693
1759540 693
1759550 692
1759560 692
1759570 692
1759580 692
1759590 691
1759600 691
1759610 691
1759620 690
1759630 689
1759640 689
1759650 688
1759660 688
1759670 687
1759680 687
1759690 687
1759700 686
1759710 685
1759720 684
1759730 682
1759740 680
1759750 678
1759760 676
1759770 674
1759780 673
1759790 672
1759800 672
1759810 672
1759820 672
1759830 670
1759840 669
1759850 669
1759860 670
1759870 672
1759880 674
1759890 675
1759900 677
1759910 679
1759920 681
1759930 682
1759940 684
1759950 685
1759960 686
1759970 687
1759980 688
1759990 689
1740000 521
1740010 520
1740020 519
1740030 518
1740040 517
1740050 516
1740060 515
1740070 514
1740080 514
1740090 513
1740100 512
1740110 511
1740120 510
1740130 509
1740140 507
1740150 506
1740160 504
1740170 502
1740180 498
1740190 495
1740200 494
1740210 494
1740220 494
1740230 495
1740240 495
1740250 494
1740260 494
1740270 494
1740280 494
1740290 494
1740300 493
1740310 492
1740320 491
1740330 490
1740340 490
1740350 490
1740360 493
1740370 495
1740380 497
1740390 498
1740400 499
1740410 501
1740420 503
1740430 505
1740440 506
1740450 508
1740460 510
1740470 511
1740480 513
1740490 515
1740500 516
1740510 517
1740520 519
1740530 520
1740540 520
1740550 521
1740560 521
1740570 521
1740580 522
1740590 523
1740600 525
1740610 526
1740620 527
1740630 528
1740640 530
1740650 531
1740660 532
1740670 533
1740680 534
1740690 536
1740700 537
1740710 538
1740720 541
1740730 543
1755120 560
1755130 560
1755140 560
1755150 560
1755160 560
1755170 559
1755180 560
1755190 560
1755200 561
1755210 561
1755220 561
1755230 561
1755240 561
1755250 561
1755260 561
1755270 561
1755280 561
1755290 561
1755300 561
1755310 561
1755320 561
1755330 561
1755340 561
1755350 561
1755360 561
1755370 561
1755380 561
1755390 561
1755400 560
1755410 560
1755420 560
1755430 559
1755440 559
1755450 559
1755460 559
1755470 559
1755480 558
1755490 558
1755500 558
1755510 557
1755520 557
1755530 557
1755540 556
1755550 556
1755560 555
1755570 555
1755580 554
1755590 554
1755600 554
1755610 554
1755620 553
1755630 553
1755640 553
1755650 553
1755660 552
1755670 552
1755680 552
1755690 552
1755700 551
1755710 551
1755720 551
1755730 551
1755740 550
1755750 550
1755760 550
1755770 550
1755780 549
1755790 549
1755800 548
1755810 548
1755820 547
1755830 547
1755840 547
1755850 546
1755860 546
1755870 545
1755880 544
1755890 544
1755900 543
1755910 541
1755920 540
1755930 539
1755940 537
1755950 536
1755960 537
1755970 539
1755980 541
1755990 542
1756000 542
1756010 543
1756020 543
1756030 543
1756040 543
1756050 543
1756060 544
1756070 544
1756080 544
1756090 544
1756100 544
1756110 544
1756120 544
1756130 545
1756140 545
1756150 545
1756160 545
1756170 545
1756180 545
1756190 545
1756200 545
1756210 545
1756220 546
1756230 546
1756240 546
1756250 547
1756260 547
1756270 547
1756280 547
1756290 547
1756300 547
1756310 547
1756320 546
1756330 545
1756340 545
1756350 545
1756360 546
1756370 547
1756380 549
1756390 551
1756400 552
1756410 553
1756420 554
1756430 555
1756440 556
1756450 557
1756460 559
1756470 560
1756480 561
1756490 562
1756500 563
1756510 564
1756520 564
1756530 565
1756540 566
1756550 567
1756560 568
1756570 569
1756580 570
1756590 571
1756600 572
1756610 574
1756620 575
1756630 577
1756640 578
1756650 580
1756660 581
1756670 582
1756680 584
1756690 585
1756700 586
1756710 587
1756720 588
1756730 590
1756740 591
1756750 592
1756760 594
1756770 596
1756780 598
1756790 599
1756800 600
1756810 601
1756820 602
1756830 603
1756840 604
1756850 604
1756860 605
1756870 606
1756880 606
1756890 606
1756900 607
1756910 607
1756920 608
1756930 609
1756940 610
1756950 611
1756960 611
1756970 612
1756980 612
1756990 613
1757000 613
1757010 614
1757020 615
1757030 615
1757040 616
1757050 615
1757060 615
1757070 614
1757080 612
1757090 610
1757100 608
1757110 607
1757120 604
1757130 602
1757140 601
1757150 604
1757160 608
1757170 612
1757180 615
1757190 618
1757200 621
1757210 624
1757220 627
1757230 631
1757240 633
1757250 636
1757260 638
1757270 640
1757280 643
1757290 645
1757300 646
1757310 648
1757320 650
1757330 651
1757340 653
1757350 655
1757360 656
1757370 658
1757380 659
1757390 659
1757400 659
1757410 658
1757420 657
1757430 656
1757440 654
1757450 652
1757460 650
1757470 648
1757480 647
1757490 645
1757500 644
1757510 642
1757520 641
1757530 640
1757540 639
1757550 639
1757560 640
1757570 643
1757580 646
1757590 649
1757600 651
1757610 654
1757620 657
1757630 660
1757640 663
1757650 665
1757660 668
1757670 671
1757680 674
1757690 676
1757700 679
1757710 682
1757720 684
1757730 687
1757740 690
1757750 693
1757760 696
1757770 699
1757780 702
1757790 705
1757800 708
1757810 711
1757820 713
1757830 716
1757840 718
1757850 720
1757860 721
1757870 722
1757880 722
1757890 722
1757900 721
1757910 721
1757920 721
1757930 721
1757940 721
1757950 721
1757960 721
1757970 721
1757980 721
1757990 721
1758000 721
1758010 720
1758020 719
1758030 719
1758040 719
1758050 718
1758060 718
1758070 718
1758080 717
1758090 717
1758100 716
1758110 716
1758120 715
1758130 714
1758140 713
1758150 712
1758160 712
1758170 712
1758180 711
1758190 711
1758200 711
1758210 711
1758220 710
1758230 710
1758240 710
1758250 710
1758260 710
1758270 710
1758280 710
1758290 710
1758300 711
1758310 711
1758320 712
1758330 713
1758340 714
1758350 715
1758360 717
1758370 719
1758380 721
1758390 723
1758400 725
1758410 726
1758420 727
1758430 728
1758440 728
1758450 729
1758460 730
1758470 730
1758480 731
1758490 731
1758500 732
