1740000 532
1740010 531
1740020 529
1740030 528
1740040 526
1740050 524
1740060 523
1740070 521
1740080 520
1740090 518
1740100 517
1740110 515
1740120 513
1740130 511
1740140 509
1740150 507
1740160 505
1740170 502
1740180 500
1740190 500
1740200 501
1740210 501
1740220 501
1740230 501
1740240 500
1740250 500
1740260 499
1740270 499
1740280 498
1740290 498
1740300 497
1740310 497
1740320 496
1740330 495
1740340 495
1740350 496
1740360 497
1740370 499
1740380 501
1740390 503
1740400 505
1740410 507
1740420 508
1740430 509
1740440 510
1740450 511
1740460 512
1740470 513
1740480 515
1740490 517
1740500 518
1740510 520
1740520 521
1740530 523
1740540 526
1740550 527
1740560 528
1740570 529
1740580 530
1740590 531
1740600 533
1740610 534
1740620 535
1740630 536
1740640 538
1740650 539
1740660 540
1740670 541
1740680 542
1740690 543
1740700 545
1740710 546
1740720 548
1755160 563
1755170 564
1755180 564
1755190 564
1755200 565
1755210 565
1755220 565
1755230 566
1755240 566
1755250 566
1755260 567
1755270 567
1755280 567
1755290 567
1755300 567
1755310 567
1755320 567
1755330 567
1755340 567
1755350 566
1755360 566
1755370 566
1755380 566
1755390 566
1755400 566
1755410 566
1755420 566
1755430 565
1755440 565
1755450 564
1755460 564
1755470 564
1755480 564
1755490 563
1755500 563
1755510 563
1755520 562
1755530 562
1755540 562
1755550 562
1755560 561
1755570 561
1755580 561
1755590 560
1755600 560
1755610 560
1755620 560
1755630 560
1755640 560
1755650 560
1755660 559
1755670 559
1755680 559
1755690 559
1755700 559
1755710 559
1755720 559
1755730 558
1755740 558
1755750 558
1755760 557
1755770 557
1755780 556
1755790 556
1755800 555
1755810 555
1755820 554
1755830 554
1755840 553
1755850 553
1755860 552
1755870 551
1755880 551
1755890 550
1755900 550
1755910 549
1755920 548
1755930 547
1755940 545
1755950 544
1755960 543
1755970 544
1755980 546
1755990 547
1756000 548
1756010 549
1756020 550
1756030 550
1756040 551
1756050 551
1756060 551
1756070 552
1756080 552
1756090 553
1756100 553
1756110 553
1756120 553
1756130 553
1756140 553
1756150 553
1756160 553
1756170 553
1756180 553
1756190 553
1756200 553
1756210 554
1756220 554
1756230 554
1756240 555
1756250 555
1756260 555
1756270 556
1756280 556
1756290 557
1756300 557
1756310 557
1756320 557
1756330 557
1756340 557
1756350 556
1756360 556
1756370 555
1756380 555
1756390 557
1756400 560
1756410 563
1756420 565
1756430 567
1756440 568
1756450 570
1756460 571
1756470 572
1756480 573
1756490 574
1756500 575
1756510 576
1756520 577
1756530 577
1756540 578
1756550 579
1756560 580
1756570 581
1756580 582
1756590 583
1756600 584
1756610 586
1756620 587
1756630 588
1756640 589
1756650 590
1756660 592
1756670 593
1756680 595
1756690 596
1756700 598
1756710 599
1756720 601
1756730 603
1756740 605
1756750 606
1756760 608
1756770 609
1756780 610
1756790 611
1756800 612
1756810 613
1756820 615
1756830 616
1756840 617
1756850 618
1756860 619
1756870 620
1756880 621
1756890 622
1756900 623
1756910 623
1756920 624
1756930 624
1756940 624
1756950 625
1756960 625
1756970 626
1756980 626
1756990 627
1757000 628
1757010 628
1757020 629
1757030 630
1757040 630
1757050 630
1757060 628
1757070 626
1757080 624
1757090 622
1757100 621
1757110 620
1757120 619
1757130 617
1757140 613
1757150 613
1757160 615
1757170 619
1757180 622
1757190 624
1757200 627
1757210 630
1757220 633
1757230 636
1757240 639
1757250 642
1757260 645
1757270 647
1757280 650
1757290 652
1757300 654
1757310 656
1757320 658
1757330 660
1757340 662
1757350 664
1757360 665
1757370 666
1757380 667
1757390 667
1757400 667
1757410 667
1757420 666
1757430 664
1757440 663
1757450 661
1757460 660
1757470 658
1757480 657
1757490 656
1757500 655
1757510 654
1757520 653
1757530 652
1757540 652
1757550 651
1757560 649
1757570 648
1757580 649
1757590 652
1757600 655
1757610 658
1757620 660
1757630 663
1757640 665
1757650 668
1757660 671
1757670 673
1757680 676
1757690 679
1757700 681
1757710 684
1757720 687
1757730 689
1757740 692
1757750 695
1757760 698
1757770 701
1757780 704
1757790 707
1757800 710
1757810 713
1757820 715
1757830 718
1757840 720
1757850 723
1757860 725
1757870 727
1757880 728
1757890 730
1757900 731
1757910 732
1757920 733
1757930 733
1757940 734
1757950 734
1757960 734
1757970 734
1757980 734
1757990 734
1758000 734
1758010 734
1758020 733
1758030 733
1758040 733
1758050 733
1758060 732
1758070 731
1758080 731
1758090 730
1758100 730
1758110 729
1758120 728
1758130 728
1758140 727
1758150 726
1758160 726
1758170 725
1758180 725
1758190 725
1758200 724
1758210 724
1758220 723
1758230 723
1758240 722
1758250 722
1758260 722
1758270 722
1758280 722
1758290 722
1758300 723
1758310 724
1758320 726
1758330 728
1758340 729
1758350 730
1758360 730
1758370 730
