1740000 448
1740010 447
1740020 445
1740030 444
1740040 443
1740050 442
1740060 442
1740070 441
1740080 440
1740090 438
1740100 435
1740110 433
1740120 432
1740130 431
1740140 430
1740150 429
1740160 431
1740170 431
1740180 431
1740190 429
1740200 427
1740210 425
1740220 423
1740230 422
1740240 423
1740250 427
1740260 431
1740270 435
1740280 439
1740290 442
1740300 446
1740310 449
1740320 452
1740330 455
1740340 458
1740350 461
1740360 464
1740370 467
1740380 470
1740390 472
1740400 475
1740410 478
1740420 480
1740430 482
1740440 484
1740450 486
1740460 488
1740470 489
1740480 491
1740490 492
1740500 494
1740510 495
1740520 497
1740530 498
1740540 499
1740550 501
1740560 502
1740570 504
1740580 505
1740590 507
1740600 509
1740610 510
1740620 512
1740630 514
1740640 515
1740650 517
1740660 519
1740670 520
1740680 522
1740690 524
1740700 525
1740710 527
1740720 528
1740730 530
1740740 531
1740750 533
1740760 534
1740770 535
1740780 536
1740790 537
1740800 538
1740810 538
1740820 539
1740830 539
1740840 540
1740850 540
1740860 540
1740870 541
1740880 541
1740890 541
1740900 541
1740910 541
1740920 542
1740930 542
1740940 542
1740950 542
1740960 542
1740970 543
1740980 543
1740990 542
1741000 542
1741010 542
1741020 542
1741030 541
1741040 541
1741050 541
1741060 541
1741070 540
1741080 540
1741090 540
1741100 540
1741110 540
1741120 539
1741130 539
1741140 539
1741150 538
1741160 538
1741170 538
1741180 537
1741190 537
1741200 537
1741210 537
1741220 537
1741230 536
1741240 536
1741250 536
1741260 536
1741270 536
1741280 536
1741290 535
1741300 535
1741310 535
1741320 535
1741330 536
1741340 537
1741350 537
1741360 537
1741370 539
1741380 540
1741390 541
1741400 541
1741410 541
1741420 542
1741430 543
1741440 545
1741450 548
1741460 550
1741470 551
1741480 552
1741490 552
1741500 552
1741510 551
1741520 552
1741530 554
1741540 555
1741550 557
1741560 558
1741570 558
1741580 560
1750750 739
1750760 738
1750770 737
1750780 736
1750790 735
1750800 734
1750810 733
1750820 732
1750830 731
1750840 730
1750850 728
1750860 726
1750870 724
1750880 722
1750890 720
1750900 717
1750910 715
1750920 712
1750930 709
1750940 706
1750950 703
1750960 699
1750970 695
1750980 691
1750990 687
1751000 684
1751010 681
1751020 678
1751030 675
1751040 672
1751050 670
1751060 668
1751070 666
1751080 663
1751090 660
1751100 658
1751110 657
1751120 659
1751130 661
1751140 662
1751150 664
1751160 665
1751170 667
1751180 668
1751190 670
1751200 671
1751210 672
1751220 673
1751230 675
1751240 676
1751250 678
1751260 679
1751270 680
1751280 682
1751290 683
1751300 685
1751310 686
1751320 687
1751330 687
1751340 688
1751350 689
1751360 690
1751370 691
1751380 692
1751390 693
1751400 694
1751410 694
1751420 695
1751430 696
1751440 697
1751450 698
1751460 698
1751470 698
1751480 698
1751490 698
1751500 698
1751510 699
1751520 699
1751530 699
1751540 699
1751550 699
1751560 699
1751570 698
1751580 696
1751590 694
1751600 692
1751610 690
1751620 688
1751630 685
1751640 683
1751650 680
1751660 678
1751670 676
1751680 673
1751690 671
1751700 668
1751710 666
1751720 663
1751730 661
1751740 659
1751750 657
1751760 655
1751770 653
1751780 651
1751790 649
1751800 647
1751810 645
1751820 643
1751830 640
1751840 638
1751850 636
1751860 633
1751870 630
1751880 628
1751890 625
1751900 623
1751910 619
1751920 616
1751930 613
1751940 610
1751950 607
1751960 604
1751970 600
1751980 597
1751990 595
1752000 592
1752010 589
1752020 587
1752030 587
1752040 588
1752050 588
1752060 589
1752070 590
1752080 591
1752090 592
1752100 592
1752110 592
1752120 593
1752130 595
1752140 596
1752150 596
1752160 597
1752170 598
1752180 599
1752190 600
1752200 601
1752210 602
1752220 603
1752230 604
1752240 606
1752250 607
1752260 608
1752270 609
1752280 610
1752290 611
1752300 612
1752310 614
1752320 615
1752330 615
1752340 616
1752350 617
1752360 618
1752370 619
1752380 621
1752390 623
1752400 624
1752410 625
1752420 625
1752430 626
1752440 626
1752450 627
1752460 627
1752470 627
1752480 628
1752490 628
1752500 628
1752510 628
1752520 628
1752530 628
1752540 628
1752550 628
1752560 629
1752570 629
1752580 629
1752590 629
1752600 629
1752610 629
1752620 628
1752630 628
1752640 628
1752650 628
1752660 628
1752670 628
1752680 628
1752690 628
1752700 628
1752710 629
1752720 629
1752730 629
1752740 629
1752750 630
1752760 630
1752770 631
1752780 631
1752790 632
1752800 633
1752810 633
1752820 634
1752830 635
1752840 635
1752850 636
1752860 637
1752870 638
1752880 638
1752890 639
1752900 640
1752910 641
1752920 642
1752930 642
1752940 643
1752950 644
1752960 645
1752970 645
1752980 646
1752990 647
1753000 648
1753010 649
1753020 650
1753030 651
1753040 652
1753050 653
1753060 654
1753070 655
1753080 656
1753090 657
1753100 658
1753110 659
1753120 660
1753130 661
1753140 662
1753150 662
1753160 663
1753170 663
1753180 663
1753190 664
1753200 664
1753210 664
1753220 664
1753230 664
1753240 663
1753250 663
1753260 663
1753270 663
1753280 663
1753290 662
1753300 662
1753310 662
1753320 661
1753330 661
1753340 661
1753350 660
1753360 660
1753370 659
1753380 659
1753390 659
1753400 659
1753410 659
1753420 658
1753430 658
1753440 658
1753450 658
1753460 657
1753470 657
1753480 656
1753490 656
1753500 656
1753510 655
1753520 655
1753530 655
1753540 655
1753550 655
1753560 654
1753570 654
1753580 654
1753590 654
1753600 654
1753610 654
1753620 653
1753630 653
1753640 653
1753650 653
1753660 652
1753670 652
1753680 651
1753690 651
1753700 651
1753710 651
1753720 651
1753730 651
1753740 651
1753750 651
1753760 652
1753770 652
1753780 652
1753790 652
1753800 652
1753810 652
1753820 652
1753830 652
1753840 652
1753850 651
1753860 651
1753870 651
1753880 651
1753890 650
1753900 650
1753910 650
1753920 649
1753930 649
1753940 649
1753950 648
1753960 647
1753970 647
1753980 646
1753990 645
1754000 645
1754010 644
1754020 643
1754030 642
1754040 641
1754050 640
1754060 639
1754070 638
1754080 637
1754090 637
1754100 636
1754110 635
1754120 634
1754130 633
1754140 632
1754150 631
1754160 630
1754170 629
1754180 628
1754190 627
1754200 626
1754210 625
1754220 623
1754230 622
1754240 621
1754250 620
1754260 619
1754270 618
1754280 617
1754290 615
1754300 614
1754310 612
1754320 611
1754330 610
1754340 608
1754350 607
1754360 606
1754370 605
1754380 603
1754390 602
1754400 601
1754410 599
1754420 598
1754430 596
1754440 595
1754450 594
1754460 593
1754470 591
1754480 590
1754490 589
1754500 589
1754510 588
1754520 587
1754530 586
1754540 585
1754550 584
1754560 584
1754570 583
1754580 582
1754590 582
1754600 582
1754610 581
1754620 581
1754630 580
1754640 580
1754650 580
1754660 579
1754670 579
1754680 579
1754690 578
1754700 578
1754710 579
1754720 579
1754730 579
1754740 579
1754750 579
1754760 579
1754770 580
1754780 580
1754790 581
1754800 581
1754810 582
1754820 582
1754830 583
1754840 583
1754850 583
1754860 584
1754870 585
1754880 585
1754890 586
1754900 586
1754910 587
1754920 587
1754930 588
1754940 588
1754950 589
1754960 589
1754970 590
1754980 591
1754990 592
1755000 592
1755010 593
1755020 594
1755030 594
1755040 595
1755050 595
1755060 596
1755070 596
1755080 597
1755090 598
1755100 598
1755110 599
1755120 599
1755130 600
1755140 600
1755150 601
1755160 601
1755170 601
1755180 601
1755190 601
1755200 601
1755210 601
1755220 601
1755230 601
1755240 600
1755250 600
1755260 599
1755270 599
1755280 598
1755290 598
1755300 597
1755310 597
1755320 596
1755330 596
1755340 595
1755350 595
1755360 594
1755370 594
1755380 593
1755390 593
1755400 593
1755410 592
1755420 592
1755430 591
1755440 591
1755450 591
1755460 590
1755470 590
1755480 590
1755490 590
1755500 590
1755510 590
1755520 589
1755530 589
1755540 589
1755550 589
1755560 589
1755570 589
1755580 589
1755590 589
1755600 590
1755610 590
1755620 590
1755630 590
1755640 590
1755650 589
1755660 588
1755670 587
1755680 586
1755690 585
1755700 584
1755710 583
1755720 581
1755730 580
1755740 579
1755750 577
1755760 576
1755770 574
1755780 572
1755790 571
1755800 569
1755810 567
1755820 566
1755830 564
1755840 563
1755850 561
1755860 559
1755870 558
1755880 556
1755890 554
1755900 553
1755910 551
1755920 548
1755930 546
1755940 544
1755950 541
1755960 538
1755970 535
1755980 531
1755990 528
1756000 525
1756010 521
1756020 518
1756030 516
1756040 514
1756050 512
1756060 510
1756070 507
1756080 505
1756090 503
1756100 500
1756110 498
1756120 495
1756130 492
1756140 489
1756150 486
1756160 483
1756170 479
1756180 476
1756190 473
1756200 470
1756210 467
1756220 464
1756230 462
1756240 462
1756250 464
1756260 465
1756270 466
1756280 467
1756290 469
1756300 471
1756310 472
1756320 473
1756330 475
1756340 476
1756350 478
1756360 479
1756370 480
1756380 481
1756390 482
1756400 484
1756410 485
1756420 486
1756430 487
1756440 488
1756450 489
1756460 490
1756470 491
1756480 492
1756490 493
1756500 495
1756510 496
1756520 496
1756530 497
1756540 498
1756550 499
1756560 500
1756570 500
1756580 500
1756590 500
1756600 500
1756610 500
1756620 500
1756630 499
1756640 499
1756650 498
1756660 497
1756670 496
1756680 495
1756690 495
1756700 494
1756710 493
1756720 492
1756730 491
1756740 490
1756750 489
1756760 489
1756770 488
1756780 488
1756790 488
1756800 488
1756810 488
1756820 488
1756830 487
1756840 486
1756850 486
1756860 485
1756870 484
1756880 484
1756890 484
1756900 483
1756910 483
1756920 482
1756930 482
1756940 482
1756950 481
1756960 481
1756970 482
1756980 481
1756990 480
1757000 479
1757010 481
1757020 482
1757030 484
1757040 485
1757050 486
1757060 488
1757070 489
1757080 490
1757090 491
1757100 492
1757110 493
1757120 494
1757130 494
1757140 494
1757150 494
1757160 494
1757170 495
1757180 497
1757190 499
1757200 500
1757210 501
1757220 502
1757230 503
1757240 504
1757250 505
1757260 506
1757270 507
1757280 508
1757290 509
1757300 510
1757310 512
1757320 513
1757330 514
1757340 515
1757350 516
1757360 517
1757370 519
1757380 520
1757390 522
1757400 523
1757410 524
1757420 525
1757430 527
1757440 528
1757450 529
1757460 531
1757470 532
1757480 533
1757490 534
1757500 536
1757510 537
1757520 538
1757530 539
1757540 540
1757550 541
1757560 543
1757570 544
1757580 546
1757590 548
1757600 550
1757610 552
1757620 554
1757630 556
1757640 557
1757650 558
1757660 560
1757670 561
1757680 562
1757690 564
1757700 565
1757710 566
1757720 567
1757730 567
1757740 568
1757750 568
1757760 569
1757770 569
1757780 569
1757790 569
1757800 569
1757810 569
1757820 569
1757830 569
1757840 569
1757850 569
1757860 568
1757870 568
1757880 567
1757890 566
1757900 565
1757910 564
1757920 563
1757930 562
1757940 560
1757950 558
1757960 556
1757970 553
1757980 550
1757990 547
1758000 543
1758010 540
1758020 537
1758030 537
1758040 540
1758050 544
1758060 547
1758070 551
1758080 554
1758090 558
1758100 561
1758110 564
1758120 566
1758130 567
1758140 568
1758150 570
1758160 571
1758170 572
1758180 574
1758190 575
1758200 577
1758210 578
1758220 579
1758230 580
1758240 581
1758250 582
1758260 583
1758270 583
1758280 584
1758290 584
1758300 585
1758310 585
1758320 585
1758330 586
1758340 587
1758350 587
1758360 588
1758370 588
1758380 588
1758390 588
1758400 588
1758410 589
1758420 590
1758430 591
1758440 592
1758450 592
1758460 593
1758470 593
1758480 593
1758490 593
1758500 593
1758510 593
1758520 593
1758530 592
1758540 591
1758550 590
1758560 589
1758570 587
1758580 585
1758590 584
1758600 582
1758610 582
1758620 581
1758630 581
1758640 580
1758650 580
1758660 580
1758670 580
1758680 580
1758690 580
1758700 580
1758710 581
1758720 582
1758730 584
1758740 585
1758750 586
1758760 587
1758770 588
1758780 588
1758790 589
1758800 589
1758810 590
1758820 591
1758830 592
1758840 593
1758850 593
1758860 593
1758870 593
1758880 594
1758890 594
1758900 594
1758910 595
1758920 596
1758930 597
1758940 597
1758950 597
1758960 597
1758970 597
1758980 597
1758990 598
1759000 598
1759010 598
1759020 598
1759030 598
1759040 599
1759050 599
1759060 598
1759070 598
1759080 597
1759090 596
1759100 596
1759110 596
1759120 596
1759130 595
1759140 595
1759150 593
1759160 592
1759170 592
1759180 593
1759190 594
1759200 594
1759210 595
1759220 595
1759230 596
1759240 597
1759250 597
1759260 598
1759270 599
1759280 600
1759290 600
1759300 600
1759310 601
1759320 601
1759330 601
1759340 602
1759350 602
1759360 602
1759370 602
1759380 601
1759390 601
1759400 600
1759410 600
1759420 600
1759430 600
1759440 600
1759450 600
1759460 600
1759470 601
1759480 601
1759490 602
1759500 603
1759510 603
1759520 604
1759530 604
1759540 605
1759550 605
1759560 606
1759570 607
1759580 607
1759590 608
1759600 608
1759610 608
1759620 608
1759630 608
1759640 608
1759650 608
1759660 608
1759670 607
1759680 607
1759690 606
1759700 606
1759710 605
1759720 604
1759730 603
1759740 602
1759750 601
1759760 600
1759770 598
1759780 596
1759790 595
1759800 595
1759810 594
1759820 594
1759830 593
1759840 593
1759850 592
1759860 592
1759870 593
1759880 593
1759890 593
1759900 593
1759910 593
1759920 593
1759930 593
1759940 593
1759950 594
1759960 595
1759970 596
1759980 597
1759990 598
