1745940 687
1745950 686
1745960 686
1745970 685
1745980 684
1745990 684
1746000 683
1746010 683
1746020 682
1746030 682
1746040 681
1746050 680
1746060 679
1746070 678
1746080 678
1746090 677
1746100 676
1746110 675
1746120 675
1746130 674
1746140 673
1746150 672
1746160 671
1746170 670
1746180 669
1746190 669
1746200 668
1746210 667
1746220 666
1746230 665
1746240 664
1747490 596
1747500 595
1747510 593
1747520 590
1747530 588
1747540 585
1747550 583
1747560 581
1747570 579
1747580 577
1747590 574
1747600 571
1747610 569
1747620 566
1747630 564
1747640 561
1747650 558
1747660 557
1747670 555
1747680 555
1747690 555
1747700 554
1747710 554
1747720 554
1747730 553
1747740 552
1747750 552
1747760 553
1747770 553
1747780 554
1747790 553
1747800 552
1747810 551
1747820 551
1747830 553
1747840 553
1747850 553
1747860 553
1747870 552
1747880 551
1747890 550
1747900 548
1747910 546
1747920 543
