1740000 448
1740010 449
1740020 450
1740030 450
1740040 451
1740050 451
1740060 452
1740070 452
1740080 453
1740090 453
1740100 453
1740110 454
1740120 454
1740130 454
1740140 454
1740150 455
1740160 455
1740170 455
1740180 455
1740190 455
1740200 455
1740210 455
1740220 455
1740230 455
1740240 455
1740250 454
1740260 454
1740270 454
1740280 454
1740290 454
1740300 454
1740310 453
1740320 453
1740330 453
1740340 452
1740350 452
1740360 452
1740370 451
1740380 451
1740390 450
1740400 450
1740410 449
1740420 449
1740430 448
1740440 447
1740450 447
1740460 446
1740470 445
1740480 444
1740490 444
1740500 443
1740510 442
1740520 441
1740530 440
1740540 440
1740550 439
1740560 437
1740570 436
1740580 435
1740590 433
1740600 431
1740610 428
1740620 425
1740630 422
1740640 421
1740650 421
1740660 421
1740670 420
1740680 420
1740690 419
1740700 418
1740710 417
1740720 418
1740730 418
1740740 417
1740750 416
1740760 416
1740770 415
1740780 416
1740790 416
1740800 415
1740810 416
1740820 416
1740830 416
1740840 416
1740850 416
1740860 416
1740870 416
1740880 416
1740890 416
1740900 416
1740910 416
1740920 416
1740930 416
1740940 416
1740950 416
1740960 416
1740970 417
1740980 417
1740990 418
1741000 418
1741010 418
1741020 418
1741030 418
1741040 418
1741050 418
1741060 418
1741070 417
1741080 417
1741090 417
1741100 417
1741110 416
1741120 416
1741130 415
1741140 414
1741150 413
1741160 412
1741170 411
1741180 410
1741190 409
1741200 408
1741210 407
1741220 406
1741230 405
1741240 403
1741250 402
1741260 401
1741270 399
1741280 397
1741290 396
1741300 394
1741310 392
1741320 390
1741330 389
1741340 388
1741350 388
1741360 387
1741370 386
1741380 384
1741390 383
1741400 384
1741410 386
1741420 387
1741430 388
1741440 389
1741450 390
1741460 390
1741470 391
1741480 392
1741490 392
1741500 393
1741510 394
1741520 394
1741530 394
1741540 395
1741550 396
1741560 397
1741570 398
1741580 398
1741590 399
1741600 400
1741610 400
1741620 401
1741630 401
1741640 402
1741650 402
1741660 403
1741670 403
1741680 404
1741690 404
1741700 405
1741710 405
1741720 406
1741730 406
1741740 406
1741750 406
1741760 406
1741770 406
1741780 405
1741790 405
1741800 405
1741810 404
1741820 404
1741830 404
1741840 403
1741850 403
1741860 402
1741870 402
1741880 400
1741890 399
1741900 397
1741910 396
1741920 395
1741930 394
1741940 394
1741950 393
1741960 392
1741970 391
1741980 389
1741990 388
1742000 388
1742010 387
1742020 387
1742030 387
1742040 387
1742050 387
1742060 387
1742070 388
1742080 388
1742090 388
1742100 388
1742110 388
1742120 388
1742130 388
1742140 388
1742150 388
1742160 388
1742170 388
1742180 388
1742190 388
1742200 389
1742210 389
1742220 389
1742230 389
1742240 390
1742250 390
1742260 390
1742270 390
1742280 391
1742290 391
1742300 392
1742310 393
1742320 394
1742330 394
1742340 395
1742350 396
1742360 397
1742370 399
1742380 401
1742390 403
1742400 406
1742410 407
1742420 408
1742430 409
1742440 410
1742450 411
1742460 412
1742470 414
1742480 415
1742490 416
1742500 417
1742510 418
1742520 419
1742530 420
1742540 422
1742550 423
1742560 424
1742570 426
1742580 427
1742590 428
1742600 429
1742610 430
1742620 431
1742630 431
1742640 432
1742650 433
1742660 434
1742670 435
1742680 436
1742690 437
1742700 437
1742710 438
1742720 439
1742730 440
1742740 440
1742750 441
1742760 442
1742770 442
1742780 443
1742790 443
1742800 444
1742810 444
1742820 445
1742830 445
1742840 445
1742850 445
1742860 446
1742870 446
1742880 446
1742890 445
1742900 445
1742910 444
1742920 444
1742930 443
1742940 441
1742950 439
1742960 438
1742970 436
1742980 434
1742990 433
1743000 432
1743010 431
1743020 430
1743030 429
1743040 429
1743050 428
1743060 428
1743070 430
1743080 433
1743090 436
1743100 439
1743110 442
1743120 446
1743130 449
1743140 451
1743150 454
1743160 457
1743170 459
1743180 461
1743190 462
1743200 463
1743210 464
1743220 464
1743230 465
1743240 465
1743250 466
1743260 467
1743270 467
1743280 468
1743290 469
1743300 469
1743310 470
1743320 471
1743330 471
1743340 472
1743350 472
1743360 473
1743370 473
1743380 474
1743390 474
1743400 475
1743410 476
1743420 476
1743430 477
1743440 477
1743450 478
1743460 478
1743470 479
1743480 479
1743490 480
1743500 480
1743510 481
1743520 481
1743530 482
1743540 482
1743550 483
1743560 483
1743570 483
1743580 484
1743590 484
1743600 484
1743610 485
1743620 485
1743630 485
1743640 486
1743650 486
1743660 486
1743670 486
1743680 487
1743690 487
1743700 487
1743710 487
1743720 487
1743730 488
1743740 488
1743750 488
1743760 488
1743770 488
1743780 488
1743790 488
1743800 489
1743810 489
1743820 489
1743830 489
1743840 489
1743850 489
1743860 489
1743870 488
1743880 488
1743890 488
1743900 488
1743910 488
1743920 487
1743930 487
1743940 487
1743950 486
1743960 486
1743970 485
1743980 485
1743990 484
1744000 484
1744010 483
1744020 483
1744030 482
1744040 481
1744050 480
1744060 479
1744070 478
1744080 477
1744090 475
1744100 474
1744110 473
1744120 470
1744130 468
1744140 465
1744150 463
1744160 461
1744170 460
1744180 458
1744190 456
1744200 455
1744210 453
1744220 452
1744230 451
1744240 450
1744250 449
1744260 449
1744270 448
1744280 449
1744290 452
1744300 454
1744310 455
1744320 456
1744330 458
1744340 460
1744350 462
1744360 465
1744370 467
1744380 468
1744390 470
1744400 471
1744410 472
1744420 474
1744430 475
1744440 476
1744450 477
1744460 478
1744470 479
1744480 480
1744490 481
1744500 482
1744510 483
1744520 484
1744530 485
1744540 486
1744550 487
1744560 489
1744570 490
1744580 491
1744590 493
1744600 494
1744610 496
1744620 497
1744630 499
1744640 500
1744650 501
1744660 503
1744670 504
1744680 506
1744690 507
1744700 508
1744710 510
1744720 511
1744730 512
1744740 514
1744750 515
1744760 516
1744770 517
1744780 519
1744790 520
1744800 522
1744810 523
1744820 525
1744830 526
1744840 527
1744850 528
1744860 529
1744870 530
1744880 531
1744890 532
1744900 533
1744910 533
1744920 534
1744930 535
1744940 535
1744950 536
1744960 536
1744970 537
1744980 538
1744990 538
1745000 539
1745010 540
1745020 540
1745030 540
1745040 541
1745050 541
1745060 541
1745070 541
1745080 541
1745090 542
1745100 542
1745110 543
1745120 545
1745130 546
1745140 546
1745150 547
1745160 548
1745170 548
1745180 549
1745190 549
1745200 550
1745210 551
1745220 553
1745230 554
1745240 554
1745250 555
1745260 556
1745270 557
1745280 558
1745290 559
1745300 559
1745310 560
1745320 562
1745330 563
1745340 564
1745350 566
1745360 567
1745370 569
1745380 570
1745390 572
1745400 574
1745410 576
1745420 578
1745430 580
1745440 582
1745450 583
1745460 585
1745470 587
1745480 589
1745490 590
1745500 592
1745510 593
1745520 595
1745530 596
1745540 597
1745550 598
1745560 599
1745570 600
1745580 600
1745590 601
1745600 602
1745610 602
1745620 603
1745630 604
1745640 604
1745650 605
1745660 606
1745670 607
1745680 608
1745690 608
1745700 609
1745710 610
1745720 610
1745730 611
1745740 611
1745750 611
1745760 612
1745770 612
1745780 612
1745790 612
1745800 612
1745810 612
1745820 611
1745830 611
1745840 611
1745850 611
1745860 611
1745870 611
1745880 611
1745890 610
1745900 610
1745910 609
1745920 609
1745930 609
1745940 608
1745950 607
1745960 606
1745970 606
1745980 605
1745990 604
1746000 603
1746010 602
1746020 600
1746030 599
1746040 598
1746050 597
1746060 596
1746070 594
1746080 593
1746090 592
1746100 590
1746110 589
1746120 588
1746130 587
1746140 585
1746150 584
1746160 582
1746170 581
1746180 580
1746190 578
1746200 576
1746210 575
1746220 573
1746230 571
1746240 569
1746250 567
1746260 566
1746270 565
1746280 564
1746290 562
1746300 561
1746310 559
1746320 558
1746330 556
1746340 554
1746350 552
1746360 550
1746370 547
1746380 544
1746390 542
1746400 539
1746410 537
1746420 535
1746430 534
1746440 532
1746450 531
1746460 530
1746470 529
1746480 528
1746490 527
1746500 526
1746510 525
1746520 525
1746530 524
1746540 523
1746550 522
1746560 521
1746570 519
1746580 518
1746590 517
1746600 516
1746610 514
1746620 513
1746630 512
1746640 510
1746650 509
1746660 508
1746670 506
1746680 505
1746690 503
1746700 501
1746710 500
1746720 498
1746730 496
1746740 494
1746750 492
1746760 491
1746770 490
1746780 489
1746790 488
1746800 486
1746810 484
1746820 482
1746830 480
1746840 478
1746850 475
1746860 472
1746870 469
1746880 466
1746890 464
1746900 461
1746910 460
1746920 458
1746930 457
1746940 456
1746950 455
1746960 455
1746970 454
1746980 453
1746990 451
1747000 449
1747010 448
1747020 447
1747030 449
1747040 451
1747050 454
1747060 456
1747070 458
1747080 459
1747090 460
1747100 461
1747110 461
1747120 462
1747130 463
1747140 465
1747150 466
1747160 468
1747170 469
1747180 470
1747190 472
1747200 473
1747210 475
1747220 477
1747230 479
1747240 481
1747250 483
1747260 485
1747270 487
1747280 489
1747290 491
1747300 493
1747310 495
1747320 497
1747330 499
1747340 500
1747350 502
1747360 503
1747370 505
1747380 506
1747390 507
1747400 508
1747410 509
1747420 510
1747430 512
1747440 513
1747450 515
1747460 516
1747470 518
1747480 519
1747490 520
1747500 521
1747510 522
1747520 523
1747530 523
1747540 524
1747550 525
1747560 525
1747570 526
1747580 526
1747590 526
1747600 526
1747610 526
1747620 525
1747630 524
1747640 523
1747650 522
1747660 520
1747670 519
1747680 517
1747690 516
1747700 514
1747710 512
1747720 511
1747730 509
1747740 506
1747750 504
1747760 501
1747770 497
1747780 494
1747790 491
1747800 489
1747810 486
1747820 485
1747830 483
1747840 481
1747850 480
1747860 479
1747870 478
1747880 477
1747890 477
1747900 476
1747910 475
1747920 474
1747930 473
1747940 472
1747950 471
1747960 470
1747970 469
1747980 468
1747990 467
1748000 466
1748010 465
1748020 464
1748030 463
1748040 461
1748050 459
1748060 457
1748070 455
1748080 452
1748090 450
1748100 448
1748110 445
1748120 442
1748130 439
1748140 435
1748150 432
1748160 430
1748170 428
1748180 425
1748190 423
1748200 423
1748210 424
1748220 426
1748230 428
1748240 431
1748250 434
1748260 437
1748270 439
1748280 442
1748290 445
1748300 447
1748310 449
1748320 451
1748330 452
1748340 453
1748350 455
1748360 456
1748370 457
1748380 458
1748390 458
1748400 459
1748410 460
1748420 460
1748430 460
1748440 460
1748450 461
1748460 462
1748470 463
1748480 463
1748490 463
1748500 463
1748510 463
1748520 464
1748530 464
1748540 465
1748550 466
1748560 467
1748570 467
1748580 468
1748590 468
1748600 469
1748610 470
1748620 471
1748630 472
1748640 473
1748650 474
1748660 475
1748670 476
1748680 477
1748690 479
1748700 481
1748710 483
1748720 484
1748730 485
1748740 487
1748750 488
1748760 489
1748770 489
1748780 490
1748790 491
1748800 493
1748810 494
1748820 496
1748830 499
1748840 501
1748850 503
1748860 505
1748870 506
1748880 507
1748890 508
1748900 511
1748910 513
1748920 515
1748930 517
1748940 519
1748950 521
1748960 523
1748970 525
1748980 527
1748990 529
1749000 530
1749010 532
1749020 533
1749030 535
1749040 536
1749050 537
1749060 538
1749070 539
1749080 541
1749090 542
1749100 544
1749110 545
1749120 547
1749130 548
1749140 550
1749150 551
1749160 552
1749170 554
1749180 555
1749190 557
1749200 559
1749210 560
1749220 561
1749230 563
1749240 564
1749250 566
1749260 567
1749270 569
1749280 570
1749290 572
1749300 573
1749310 575
1749320 576
1749330 578
1749340 579
1749350 581
1749360 582
1749370 584
1749380 585
1749390 587
1749400 589
1749410 590
1749420 592
1749430 594
1749440 595
1749450 597
1749460 599
1749470 600
1749480 602
1749490 604
1749500 606
1749510 608
1749520 610
1749530 611
1749540 613
1749550 615
1749560 616
1749570 618
1749580 619
1749590 621
1749600 623
1749610 624
1749620 626
1749630 628
1749640 630
1749650 631
1749660 633
1749670 635
1749680 636
1749690 638
1749700 639
1749710 641
1749720 643
1749730 644
1749740 646
1749750 647
1749760 649
1749770 651
1749780 653
1749790 654
1749800 655
1749810 657
1749820 658
1749830 659
1749840 660
1749850 661
1749860 662
1749870 662
1749880 663
1749890 664
1749900 665
1749910 666
1749920 666
1749930 667
1749940 667
1749950 666
1749960 665
1749970 664
1749980 663
1749990 663
1750000 662
1750010 661
1750020 660
1750030 659
1750040 658
1750050 657
1750060 656
1750070 655
1750080 653
1750090 652
1750100 651
1750110 650
1750120 648
1750130 647
1750140 646
1750150 645
1750160 644
1750170 642
1750180 641
1750190 639
1750200 638
1750210 636
1750220 635
1750230 633
1750240 631
1750250 629
1750260 628
1750270 626
1750280 624
1750290 622
1750300 621
1750310 619
1750320 618
1750330 616
1750340 614
1750350 612
1750360 610
1750370 608
1750380 606
1750390 604
1750400 602
1750410 601
1750420 600
1750430 598
1750440 595
1750450 593
1750460 591
1750470 588
1750480 586
1750490 584
1750500 582
1750510 580
1750520 579
1750530 577
1750540 575
1750550 573
1750560 570
1750570 568
1750580 566
1750590 564
1750600 563
1750610 561
1750620 559
1750630 558
1750640 556
1750650 554
1750660 551
1750670 548
1750680 546
1750690 545
1750700 544
1750710 544
1750720 543
1750730 543
1750740 542
1750750 541
1750760 540
1750770 539
1750780 539
1750790 539
1750800 538
1750810 538
1750820 538
1750830 538
1750840 538
1750850 538
1750860 537
1750870 537
1750880 537
1750890 536
1750900 536
1750910 536
1750920 536
1750930 536
1750940 535
1750950 535
1750960 534
1750970 534
1750980 534
1750990 533
1751000 533
1751010 532
1751020 532
1751030 531
1751040 530
1751050 530
1751060 529
1751070 529
1751080 528
1751090 527
1751100 525
1751110 524
1751120 523
1751130 521
1751140 520
1751150 519
1751160 519
1751170 517
1751180 515
1751190 513
1751200 512
1751210 510
1751220 508
1751230 507
1751240 505
1751250 504
1751260 502
1751270 501
1751280 499
1751290 498
1751300 496
1751310 494
1751320 491
1751330 487
1751340 483
1751350 480
1751360 477
1751370 473
1751380 472
1751390 472
1751400 472
1751410 472
1751420 472
1751430 473
1751440 472
1751450 470
1751460 469
1751470 470
1751480 471
1751490 471
1751500 472
1751510 472
1751520 471
1751530 471
1751540 471
1751550 471
1751560 472
1751570 473
1751580 473
1751590 473
1751600 474
1751610 474
1751620 474
1751630 474
1751640 474
1751650 473
1751660 473
1751670 472
1751680 472
1751690 471
1751700 470
1751710 469
1751720 468
1751730 466
1751740 465
1751750 464
1751760 464
1751770 464
1751780 464
1751790 463
1751800 463
1751810 463
1751820 463
1751830 463
1751840 462
1751850 462
1751860 461
1751870 460
1751880 460
1751890 459
1751900 458
1751910 457
1751920 456
1751930 454
1751940 453
1751950 451
1751960 450
1751970 449
1751980 449
1751990 449
1752000 450
1752010 450
1752020 451
1752030 451
1752040 452
1752050 452
1752060 452
1752070 452
1752080 452
1752090 452
1752100 452
1752110 452
1752120 452
1752130 452
1752140 451
1752150 450
1752160 449
1752170 448
1752180 447
1752190 446
1752200 445
1752210 443
1752220 441
1752230 439
1752240 438
1752250 436
1752260 433
1752270 431
1752280 429
1752290 431
1752300 432
1752310 434
1752320 435
1752330 436
1752340 437
1752350 437
1752360 438
1752370 438
1752380 438
1752390 438
1752400 437
1752410 437
1752420 437
1752430 437
1752440 438
1752450 439
1752460 439
1752470 440
1752480 440
1752490 441
1752500 440
1752510 440
1752520 440
1752530 440
1752540 440
1752550 440
1752560 441
1752570 441
1752580 441
1752590 441
1752600 441
1752610 441
1752620 442
1752630 442
1752640 442
1752650 442
1752660 441
1752670 441
1752680 441
1752690 440
1752700 440
1752710 439
1752720 439
1752730 438
1752740 437
1752750 437
1752760 436
1752770 436
1752780 435
1752790 435
1752800 434
1752810 433
1752820 432
1752830 431
1752840 430
1752850 429
1752860 428
1752870 427
1752880 426
1752890 425
1752900 425
1752910 424
1752920 422
1752930 421
1752940 420
1752950 418
1752960 416
1752970 414
1752980 411
1752990 409
1753000 407
1753010 405
1753020 403
1753030 401
1753040 400
1753050 398
1753060 397
1753070 396
1753080 396
1753090 395
1753100 394
1753110 394
1753120 393
1753130 393
1753140 392
1753150 391
1753160 391
1753170 390
1753180 390
1753190 390
1753200 390
1753210 391
1753220 391
1753230 391
1753240 391
1753250 391
1753260 391
1753270 391
1753280 391
1753290 391
1753300 390
1753310 390
1753320 390
1753330 390
1753340 390
1753350 389
1753360 389
1753370 389
1753380 389
1753390 389
1753400 388
1753410 388
1753420 388
1753430 388
1753440 388
1753450 388
1753460 388
1753470 387
1753480 387
1753490 387
1753500 387
1753510 387
1753520 386
1753530 386
1753540 386
1753550 386
1753560 385
1753570 385
1753580 385
1753590 385
1753600 384
1753610 384
1753620 384
1753630 384
1753640 383
1753650 383
1753660 383
1753670 383
1753680 383
1753690 382
1753700 382
1753710 381
1753720 382
1753730 383
1753740 386
1753750 388
1753760 391
1753770 393
1753780 394
1753790 395
1753800 397
1753810 398
1753820 400
1753830 402
1753840 404
1753850 405
1753860 406
1753870 406
1753880 407
1753890 407
1753900 408
1753910 409
1753920 409
1753930 410
1753940 410
1753950 410
1753960 411
1753970 411
1753980 411
1753990 412
1754000 412
1754010 412
1754020 412
1754030 412
1754040 412
1754050 411
1754060 411
1754070 410
1754080 409
1754090 408
1754100 406
1754110 405
1754120 404
1754130 402
1754140 400
1754150 399
1754160 398
1754170 397
1754180 396
1754190 397
1754200 398
1754210 400
1754220 403
1754230 406
1754240 408
1754250 409
1754260 411
1754270 413
1754280 416
1754290 419
1754300 421
1754310 423
1754320 424
1754330 426
1754340 427
1754350 428
1754360 430
1754370 431
1754380 432
1754390 433
1754400 435
1754410 436
1754420 437
1754430 437
1754440 438
1754450 439
1754460 439
1754470 440
1754480 441
1754490 441
1754500 441
1754510 441
1754520 442
1754530 442
1754540 442
1754550 442
1754560 442
1754570 443
1754580 443
1754590 443
1754600 443
1754610 443
1754620 443
1754630 443
1754640 443
1754650 443
1754660 442
1754670 442
1754680 441
1754690 440
1754700 440
1754710 439
1754720 439
1754730 438
1754740 438
1754750 437
1754760 436
1754770 435
1754780 435
1754790 434
1754800 433
1754810 432
1754820 431
1754830 430
1754840 429
1754850 428
1754860 427
1754870 426
1754880 425
1754890 424
1754900 423
1754910 422
1754920 421
1754930 420
1754940 419
1754950 418
1754960 416
1754970 415
1754980 414
1754990 413
1755000 412
1755010 411
1755020 409
1755030 408
1755040 407
1755050 405
1755060 405
1755070 404
1755080 403
1755090 403
1755100 402
1755110 402
1755120 401
1755130 400
1755140 400
1755150 399
1755160 398
1755170 397
1755180 396
1755190 395
1755200 395
1755210 394
1755220 393
1755230 392
1755240 391
1755250 390
1755260 388
1755270 387
1755280 385
1755290 383
1755300 381
1755310 378
1755320 376
1755330 375
1755340 375
1755350 374
1755360 374
1755370 373
1755380 372
1755390 371
1755400 371
1755410 370
1755420 370
1755430 369
1755440 370
1755450 373
1755460 375
1755470 375
1755480 376
1755490 376
1755500 377
1755510 378
1755520 379
1755530 380
1755540 382
1755550 384
1755560 385
1755570 386
1755580 388
1755590 389
1755600 391
1755610 392
1755620 393
1755630 394
1755640 395
1755650 397
1755660 398
1755670 399
1755680 400
1755690 401
1755700 402
1755710 403
1755720 404
1755730 406
1755740 407
1755750 408
1755760 410
1755770 411
1755780 412
1755790 414
1755800 415
1755810 416
1755820 417
1755830 419
1755840 420
1755850 421
1755860 423
1755870 424
1755880 426
1755890 427
1755900 429
1755910 430
1755920 431
1755930 433
1755940 434
1755950 436
1755960 437
1755970 438
1755980 439
1755990 440
1756000 442
1756010 443
1756020 444
1756030 446
1756040 447
1756050 449
1756060 450
1756070 451
1756080 451
1756090 452
1756100 453
1756110 455
1756120 456
1756130 458
1756140 459
1756150 461
1756160 462
1756170 464
1756180 465
1756190 466
1756200 467
1756210 468
1756220 470
1756230 471
1756240 472
1756250 474
1756260 475
1756270 477
1756280 478
1756290 480
1756300 481
1756310 483
1756320 484
1756330 486
1756340 488
1756350 489
1756360 491
1756370 492
1756380 494
1756390 496
1756400 498
1756410 500
1756420 502
1756430 504
1756440 506
1756450 509
1756460 511
1756470 514
1756480 516
1756490 518
1756500 520
1756510 522
1756520 524
1756530 525
1756540 527
1756550 528
1756560 530
1756570 531
1756580 532
1756590 533
1756600 534
1756610 535
1756620 535
1756630 536
1756640 537
1756650 537
1756660 538
1756670 539
1756680 539
1756690 540
1756700 541
1756710 541
1756720 541
1756730 541
1756740 541
1756750 541
1756760 541
1756770 541
1756780 541
1756790 541
1756800 541
1756810 541
1756820 541
1756830 541
1756840 541
1756850 541
1756860 542
1756870 542
1756880 542
1756890 542
1756900 542
1756910 543
1756920 543
1756930 544
1756940 544
1756950 544
1756960 545
1756970 545
1756980 545
1756990 545
1757000 545
1757010 546
1757020 546
1757030 546
1757040 547
1757050 547
1757060 548
1757070 549
1757080 550
1757090 550
1757100 551
1757110 552
1757120 553
1757130 553
1757140 554
1757150 555
1757160 556
1757170 556
1757180 557
1757190 558
1757200 558
1757210 559
1757220 559
1757230 559
1757240 559
1757250 559
1757260 560
1757270 560
1757280 560
1757290 560
1757300 560
1757310 560
1757320 560
1757330 560
1757340 561
1757350 561
1757360 561
1757370 561
1757380 562
1757390 562
1757400 562
1757410 562
1757420 562
1757430 562
1757440 562
1757450 562
1757460 562
1757470 563
1757480 563
1757490 563
1757500 564
1757510 564
1757520 565
1757530 565
1757540 565
1757550 566
1757560 565
1757570 565
1757580 565
1757590 565
1757600 565
1757610 565
1757620 565
1757630 565
1757640 565
1757650 565
1757660 565
1757670 565
1757680 565
1757690 565
1757700 564
1757710 564
1757720 564
1757730 565
1757740 565
1757750 565
1757760 565
1757770 565
1757780 565
1757790 565
1757800 565
1757810 565
1757820 566
1757830 566
1757840 566
1757850 566
1757860 567
1757870 566
1757880 566
1757890 566
1757900 566
1757910 566
1757920 566
1757930 566
1757940 566
1757950 565
1757960 565
1757970 565
1757980 565
1757990 565
1758000 565
1758010 565
1758020 566
1758030 566
1758040 566
1758050 566
1758060 567
1758070 567
1758080 568
1758090 568
1758100 568
1758110 569
1758120 569
1758130 570
1758140 571
1758150 572
1758160 573
1758170 574
1758180 575
1758190 575
1758200 576
1758210 577
1758220 578
1758230 579
1758240 580
1758250 581
1758260 582
1758270 583
1758280 584
1758290 585
1758300 585
1758310 586
1758320 586
1758330 587
1758340 587
1758350 588
1758360 588
1758370 588
1758380 588
1758390 588
1758400 589
1758410 589
1758420 589
1758430 590
1758440 590
1758450 590
1758460 590
1758470 589
1758480 589
1758490 589
1758500 589
1758510 589
1758520 589
1758530 589
1758540 588
1758550 588
1758560 587
1758570 587
1758580 587
1758590 586
1758600 586
1758610 585
1758620 584
1758630 584
1758640 583
1758650 583
1758660 583
1758670 583
1758680 583
1758690 582
1758700 582
1758710 581
1758720 581
1758730 580
1758740 580
1758750 579
1758760 579
1758770 578
1758780 577
1758790 576
1758800 576
1758810 575
1758820 574
1758830 574
1758840 573
1758850 573
1758860 572
1758870 571
1758880 571
1758890 570
1758900 569
1758910 569
1758920 568
1758930 567
1758940 567
1758950 566
1758960 566
1758970 565
1758980 564
1758990 564
1759000 563
1759010 562
1759020 562
1759030 561
1759040 560
1759050 560
1759060 559
1759070 558
1759080 558
1759090 557
1759100 556
1759110 556
1759120 555
1759130 554
1759140 553
1759150 552
1759160 552
1759170 551
1759180 550
1759190 549
1759200 548
1759210 547
1759220 546
1759230 545
1759240 545
1759250 544
1759260 543
1759270 542
1759280 541
1759290 540
1759300 539
1759310 537
1759320 536
1759330 534
1759340 533
1759350 531
1759360 528
1759370 526
1759380 523
1759390 520
1759400 517
1759410 515
1759420 514
1759430 512
1759440 509
1759450 506
1759460 503
1759470 501
1759480 498
1759490 496
1759500 493
1759510 491
1759520 487
1759530 486
1759540 488
1759550 493
1759560 496
1759570 498
1759580 499
1759590 501
1759600 503
1759610 504
1759620 506
1759630 507
1759640 508
1759650 509
1759660 510
1759670 511
1759680 512
1759690 513
1759700 514
1759710 514
1759720 515
1759730 515
1759740 516
1759750 517
1759760 518
1759770 518
1759780 519
1759790 520
1759800 521
1759810 522
1759820 522
1759830 523
1759840 524
1759850 524
1759860 525
1759870 525
1759880 526
1759890 526
1759900 526
1759910 527
1759920 527
1759930 527
1759940 526
1759950 526
1759960 526
1759970 525
1759980 525
1759990 524
