1740000 428
1740010 430
1740020 432
1740030 433
1740040 435
1740050 437
1740060 439
1740070 440
1740080 442
1740090 443
1740100 445
1740110 447
1740120 448
1740130 450
1740140 452
1740150 454
1740160 456
1740170 457
1740180 459
1740190 461
1740200 463
1740210 464
1740220 466
1740230 468
1740240 469
1740250 471
1740260 473
1740270 474
1740280 476
1740290 478
1740300 479
1740310 481
1740320 482
1740330 484
1740340 485
1740350 486
1740360 488
1740370 489
1740380 491
1740390 493
1740400 495
1740410 496
1740420 498
1740430 500
1740440 501
1740450 503
1740460 504
1740470 506
1740480 508
1740490 509
1740500 511
1740510 512
1740520 514
1740530 516
1740540 517
1740550 517
1740560 518
1740570 519
1740580 520
1740590 521
1740600 521
1740610 522
1740620 522
1740630 522
1740640 522
1740650 522
1740660 522
1740670 522
1740680 522
1740690 522
1740700 521
1740710 521
1740720 520
1740730 519
1740740 519
1740750 518
1740760 517
1740770 516
1740780 515
1740790 514
1740800 514
1740810 512
1740820 511
1740830 510
1740840 509
1740850 508
1740860 507
1740870 505
1740880 504
1740890 503
1740900 502
1740910 501
1740920 500
1740930 498
1740940 497
1740950 496
1740960 494
1740970 493
1740980 492
1740990 491
1741000 490
1741010 488
1741020 487
1741030 485
1741040 484
1741050 483
1741060 482
1741070 480
1741080 479
1741090 477
1741100 476
1741110 474
1741120 473
1741130 471
1741140 470
1741150 468
1741160 466
1741170 464
1741180 462
1741190 459
1741200 455
1741210 452
1741220 450
1741230 447
1741240 445
1741250 442
1741260 439
1741270 436
1741280 435
1741290 435
1741300 436
1741310 439
1741320 441
1741330 443
1741340 445
1741350 446
1741360 448
1741370 450
1741380 451
1741390 453
1741400 454
1741410 455
1741420 456
1741430 456
1741440 457
1741450 457
1741460 458
1741470 457
1741480 457
1741490 456
1741500 455
1741510 454
1741520 453
1741530 452
1741540 451
1741550 449
1741560 447
1741570 445
1741580 443
1741590 443
1741600 445
1741610 447
1741620 449
1741630 450
1741640 452
1741650 453
1741660 455
1741670 456
1741680 457
1741690 458
1741700 459
1741710 460
1741720 462
1741730 463
1741740 464
1741750 465
1741760 466
1741770 466
1741780 467
1741790 468
1741800 469
1741810 469
1741820 470
1741830 471
1741840 471
1741850 472
1741860 473
1741870 474
1741880 474
1741890 475
1741900 475
1741910 475
1741920 475
1741930 476
1741940 476
1741950 476
1741960 476
1741970 476
1741980 476
1741990 476
1742000 475
1742010 475
1742020 475
1742030 475
1742040 474
1742050 473
1742060 473
1742070 472
1742080 471
1742090 471
1742100 470
1742110 469
1742120 468
1742130 467
1742140 465
1742150 464
1742160 463
1742170 462
1742180 460
1742190 459
1742200 458
1742210 456
1742220 455
1742230 453
1742240 452
1742250 450
1742260 448
1742270 446
1742280 444
1742290 442
1742300 440
1742310 438
1742320 436
1742330 434
1742340 432
1742350 430
1742360 428
1742370 426
1742380 424
1742390 423
1742400 422
1742410 422
1742420 421
1742430 420
1742440 420
1742450 420
1742460 422
1742470 423
1742480 424
1742490 424
1742500 424
1742510 423
1742520 422
1742530 421
1742540 420
1742550 420
1742560 419
1742570 418
1742580 417
1742590 416
1742600 415
1742610 415
1742620 415
1742630 414
1742640 413
1742650 413
1742660 414
1742670 415
1742680 417
1742690 419
1742700 422
1742710 424
1742720 427
1742730 430
1742740 432
1742750 434
1742760 436
1742770 438
1742780 440
1742790 442
1742800 444
1742810 445
1742820 447
1742830 448
1742840 449
1742850 450
1742860 451
1742870 452
1742880 453
1742890 454
1742900 455
1742910 456
1742920 457
1742930 458
1742940 458
1742950 459
1742960 460
1742970 460
1742980 461
1742990 461
1743000 461
1743010 462
1743020 462
1743030 462
1743040 462
1743050 462
1743060 462
1743070 463
1743080 463
1743090 463
1743100 464
1743110 464
1743120 465
1743130 465
1743140 465
1743150 465
1743160 464
1743170 464
1743180 464
1743190 464
1743200 464
1743210 464
1743220 464
1743230 464
1743240 464
1743250 465
1743260 465
1743270 465
1743280 465
1743290 465
1743300 465
1743310 465
1743320 465
1743330 465
1743340 465
1743350 464
1743360 464
1743370 465
1743380 465
1743390 465
1743400 465
1743410 465
1743420 465
1743430 466
1743440 466
1743450 466
1743460 466
1743470 465
1743480 465
1743490 466
1743500 466
1743510 466
1743520 466
1743530 466
1743540 466
1743550 466
1743560 466
1743570 466
1743580 467
1743590 467
1743600 467
1743610 467
1743620 467
1743630 467
1743640 467
1743650 467
1743660 467
1743670 468
1743680 468
1743690 468
1743700 468
1743710 468
1743720 468
1743730 468
1743740 468
1743750 468
1743760 468
1743770 468
1743780 468
1743790 467
1743800 467
1743810 467
1743820 467
1743830 467
1743840 467
1743850 467
1743860 467
1743870 466
1743880 466
1743890 466
1743900 466
1743910 466
1743920 465
1743930 464
1743940 463
1743950 462
1743960 461
1743970 461
1743980 460
1743990 459
1744000 457
1744010 454
1744020 452
1744030 451
1744040 451
1744050 451
1744060 451
1744070 450
1744080 449
1744090 451
1744100 453
1744110 455
1744120 457
1744130 459
1744140 461
1744150 462
1744160 464
1744170 466
1744180 468
1744190 469
1744200 471
1744210 472
1744220 474
1744230 476
1744240 478
1744250 480
1744260 482
1744270 484
1744280 486
1744290 488
1744300 490
1744310 491
1744320 493
1744330 495
1744340 496
1744350 498
1744360 500
1744370 501
1744380 503
1744390 505
1744400 506
1744410 508
1744420 510
1744430 511
1744440 513
1744450 515
1744460 516
1744470 518
1744480 519
1744490 521
1744500 523
1744510 525
1744520 527
1744530 529
1744540 531
1744550 533
1744560 535
1744570 537
1744580 539
1744590 541
1744600 543
1744610 544
1744620 546
1744630 548
1744640 549
1744650 551
1744660 552
1744670 554
1744680 555
1744690 556
1744700 557
1744710 558
1744720 559
1744730 560
1744740 560
1744750 561
1744760 561
1744770 562
1744780 562
1744790 563
1744800 564
1744810 564
1744820 565
1744830 565
1744840 565
1744850 566
1744860 566
1744870 566
1744880 566
1744890 566
1744900 566
1744910 566
1744920 566
1744930 566
1744940 566
1744950 566
1744960 566
1744970 566
1744980 566
1744990 566
1745000 566
1745010 566
1745020 566
1745030 566
1745040 566
1745050 566
1745060 566
1745070 566
1745080 567
1745090 567
1745100 567
1745110 567
1745120 567
1745130 567
1745140 567
1745150 567
1745160 567
1745170 567
1745180 567
1745190 567
1745200 567
1745210 567
1745220 568
1745230 568
1745240 568
1745250 568
1745260 568
1745270 569
1745280 569
1745290 569
1745300 570
1745310 571
1745320 571
1745330 572
1745340 573
1745350 573
1745360 574
1745370 574
1745380 575
1745390 576
1745400 576
1745410 576
1745420 576
1745430 577
1745440 577
1745450 577
1745460 577
1745470 576
1745480 576
1745490 576
1745500 576
1745510 576
1745520 576
1745530 576
1745540 576
1745550 576
1745560 576
1745570 576
1745580 576
1745590 576
1745600 576
1745610 575
1745620 575
1745630 575
1745640 575
1745650 575
1745660 574
1745670 574
1745680 574
1745690 574
1745700 574
1745710 574
1745720 574
1745730 573
1745740 573
1745750 573
1745760 573
1745770 573
1745780 573
1745790 573
1745800 573
1745810 573
1745820 572
1745830 572
1745840 572
1745850 571
1745860 571
1745870 570
1745880 570
1745890 569
1745900 568
1745910 568
1745920 567
1745930 566
1745940 565
1745950 564
1745960 563
1745970 561
1745980 560
1745990 559
1746000 557
1746010 555
1746020 554
1746030 552
1746040 551
1746050 550
1746060 548
1746070 547
1746080 546
1746090 544
1746100 543
1746110 542
1746120 540
1746130 538
1746140 536
1746150 534
1746160 532
1746170 530
1746180 528
1746190 526
1746200 524
1746210 522
1746220 520
1746230 517
1746240 515
1746250 512
1746260 510
1746270 508
1746280 507
1746290 507
1746300 506
1746310 504
1746320 503
1746330 501
1746340 500
1746350 499
1746360 498
1746370 497
1746380 496
1746390 495
1746400 493
1746410 492
1746420 491
1746430 489
1746440 488
1746450 488
1746460 489
1746470 488
1746480 488
1746490 487
1746500 487
1746510 486
1746520 485
1746530 484
1746540 483
1746550 482
1746560 482
1746570 481
1746580 480
1746590 479
1746600 478
1746610 477
1746620 476
1746630 475
1746640 474
1746650 473
1746660 472
1746670 471
1746680 471
1746690 470
1746700 470
1746710 469
1746720 468
1746730 468
1746740 468
1746750 467
1746760 467
1746770 466
1746780 465
1746790 464
1746800 463
1746810 462
1746820 461
1746830 461
1746840 460
1746850 460
1746860 459
1746870 458
1746880 457
1746890 456
1746900 455
1746910 454
1746920 453
1746930 452
1746940 451
1746950 450
1746960 449
1746970 448
1746980 447
1746990 446
1747000 445
1747010 443
1747020 442
1747030 441
1747040 440
1747050 439
1747060 439
1747070 438
1747080 437
1747090 437
1747100 436
1747110 435
1747120 434
1747130 433
1747140 432
1747150 431
1747160 431
1747170 429
1747180 428
1747190 427
1747200 426
1747210 425
1747220 424
1747230 423
1747240 423
1747250 422
1747260 423
1747270 424
1747280 425
1747290 425
1747300 425
1747310 424
1747320 424
1747330 423
1747340 423
1747350 422
1747360 422
1747370 421
1747380 420
1747390 420
1747400 419
1747410 418
1747420 417
1747430 416
1747440 415
1747450 414
1747460 413
1747470 412
1747480 411
1747490 410
1747500 409
1747510 408
1747520 407
1747530 406
1747540 405
1747550 405
1747560 404
1747570 404
1747580 404
1747590 402
1747600 402
1747610 401
1747620 403
1747630 404
1747640 405
1747650 406
1747660 407
1747670 408
1747680 408
1747690 408
1747700 408
1747710 408
1747720 408
1747730 408
1747740 405
1747750 402
1747760 399
1747770 398
1747780 398
1747790 399
1747800 399
1747810 399
1747820 399
1747830 400
1747840 400
1747850 401
1747860 401
1747870 402
1747880 403
1747890 404
1747900 406
1747910 407
1747920 409
1747930 411
1747940 412
1747950 414
1747960 415
1747970 416
1747980 417
1747990 418
1748000 419
1748010 421
1748020 423
1748030 425
1748040 427
1748050 429
1748060 430
1748070 432
1748080 434
1748090 435
1748100 437
1748110 438
1748120 439
1748130 440
1748140 441
1748150 442
1748160 443
1748170 445
1748180 446
1748190 447
1748200 448
1748210 449
1748220 450
1748230 451
1748240 452
1748250 453
1748260 454
1748270 455
1748280 456
1748290 457
1748300 458
1748310 459
1748320 460
1748330 461
1748340 462
1748350 463
1748360 464
1748370 465
1748380 466
1748390 466
1748400 467
1748410 468
1748420 469
1748430 470
1748440 471
1748450 472
1748460 473
1748470 474
1748480 475
1748490 476
1748500 477
1748510 477
1748520 478
1748530 479
1748540 480
1748550 481
1748560 482
1748570 483
1748580 484
1748590 484
1748600 485
1748610 486
1748620 486
1748630 487
1748640 488
1748650 489
1748660 489
1748670 490
1748680 491
1748690 492
1748700 492
1748710 493
1748720 494
1748730 495
1748740 495
1748750 496
1748760 497
1748770 498
1748780 498
1748790 499
1748800 500
1748810 500
1748820 501
1748830 501
1748840 502
1748850 502
1748860 503
1748870 503
1748880 504
1748890 505
1748900 506
1748910 506
1748920 507
1748930 507
1748940 508
1748950 508
1748960 509
1748970 509
1748980 510
1748990 511
1749000 511
1749010 512
1749020 513
1749030 513
1749040 514
1749050 514
1749060 515
1749070 516
1749080 516
1749090 517
1749100 517
1749110 518
1749120 518
1749130 519
1749140 519
1749150 520
1749160 521
1749170 521
1749180 522
1749190 523
1749200 524
1749210 525
1749220 525
1749230 526
1749240 526
1749250 527
1749260 527
1749270 527
1749280 528
1749290 528
1749300 529
1749310 530
1749320 531
1749330 531
1749340 533
1749350 534
1749360 534
1749370 535
1749380 536
1749390 536
1749400 537
1749410 538
1749420 538
1749430 539
1749440 540
1749450 541
1749460 541
1749470 542
1749480 543
1749490 543
1749500 544
1749510 545
1749520 545
1749530 546
1749540 547
1749550 548
1749560 548
1749570 549
1749580 550
1749590 551
1749600 552
1749610 553
1749620 554
1749630 556
1749640 557
1749650 558
1749660 558
1749670 559
1749680 559
1749690 559
1749700 560
1749710 560
1749720 561
1749730 562
1749740 563
1749750 564
1749760 565
1749770 566
1749780 567
1749790 568
1749800 568
1749810 569
1749820 570
1749830 570
1749840 571
1749850 572
1749860 572
1749870 573
1749880 574
1749890 574
1749900 575
1749910 576
1749920 576
1749930 576
1749940 577
1749950 577
1749960 577
1749970 578
1749980 578
1749990 578
1750000 579
1750010 580
1750020 580
1750030 581
1750040 581
1750050 581
1750060 582
1750070 583
1750080 583
1750090 584
1750100 585
1750110 585
1750120 586
1750130 586
1750140 587
1750150 587
1750160 588
1750170 589
1750180 590
1750190 591
1750200 592
1750210 593
1750220 594
1750230 595
1750240 597
1750250 598
1750260 599
1750270 600
1750280 601
1750290 602
1750300 603
1750310 604
1750320 605
1750330 606
1750340 607
1750350 608
1750360 609
1750370 610
1750380 611
1750390 612
1750400 613
1750410 614
1750420 615
1750430 616
1750440 617
1750450 618
1750460 619
1750470 621
1750480 622
1750490 623
1750500 625
1750510 626
1750520 627
1750530 629
1750540 630
1750550 632
1750560 633
1750570 635
1750580 636
1750590 637
1750600 637
1750610 638
1750620 639
1750630 640
1750640 641
1750650 642
1750660 642
1750670 643
1750680 643
1750690 644
1750700 644
1750710 644
1750720 644
1750730 643
1750740 643
1750750 643
1750760 642
1750770 642
1750780 641
1750790 641
1750800 640
1750810 640
1750820 640
1750830 639
1750840 639
1750850 638
1750860 638
1750870 638
1750880 637
1750890 637
1750900 637
1750910 636
1750920 636
1750930 635
1750940 635
1750950 634
1750960 634
1750970 633
1750980 633
1750990 632
1751000 632
1751010 631
1751020 631
1751030 631
1751040 630
1751050 629
1751060 628
1751070 628
1751080 627
1751090 627
1751100 626
1751110 625
1751120 625
1751130 624
1751140 624
1751150 623
1751160 622
1751170 622
1751180 621
1751190 621
1751200 621
1751210 620
1751220 619
1751230 619
1751240 618
1751250 618
1751260 617
1751270 617
1751280 616
1751290 616
1751300 615
1751310 614
1751320 614
1751330 613
1751340 613
1751350 613
1751360 612
1751370 612
1751380 611
1751390 611
1751400 611
1751410 611
1751420 611
1751430 611
1751440 611
1751450 610
1751460 610
1751470 609
1751480 609
1751490 608
1751500 608
1751510 608
1751520 607
1751530 607
1751540 607
1751550 607
1751560 607
1751570 607
1751580 607
1751590 607
1751600 606
1751610 606
1751620 605
1751630 604
1751640 603
1751650 603
1751660 603
1751670 602
1751680 602
1751690 601
1751700 601
1751710 600
1751720 600
1751730 600
1751740 599
1751750 599
1751760 598
1751770 597
1751780 596
1751790 596
1751800 595
1751810 594
1751820 594
1751830 593
1751840 593
1751850 592
1751860 592
1751870 591
1751880 591
1751890 590
1751900 589
1751910 588
1751920 587
1751930 587
1751940 586
1751950 586
1751960 586
1751970 585
1751980 585
1751990 584
1752000 583
1752010 583
1752020 582
1752030 582
1752040 581
1752050 581
1752060 580
1752070 580
1752080 580
1752090 579
1752100 579
1752110 579
1752120 578
1752130 578
1752140 577
1752150 577
1752160 577
1752170 578
1752180 578
1752190 578
1752200 578
1752210 578
1752220 578
1752230 577
1752240 577
1752250 576
1752260 576
1752270 576
1752280 575
1752290 575
1752300 575
1752310 575
1752320 575
1752330 575
1752340 575
1752350 575
1752360 575
1752370 575
1752380 575
1752390 575
1752400 575
1752410 575
1752420 575
1752430 574
1752440 573
1752450 572
1752460 571
1752470 569
1752480 568
1752490 567
1752500 567
1752510 565
1752520 564
1752530 562
1752540 561
1752550 560
1752560 559
1752570 558
1752580 556
1752590 555
1752600 554
1752610 552
1752620 551
1752630 550
1752640 548
1752650 547
1752660 546
1752670 545
1752680 544
1752690 543
1752700 542
1752710 541
1752720 540
1752730 540
1752740 539
1752750 538
1752760 537
1752770 536
1752780 536
1752790 535
1752800 534
1752810 533
1752820 533
1752830 532
1752840 531
1752850 530
1752860 530
1752870 529
1752880 528
1752890 527
1752900 526
1752910 525
1752920 524
1752930 523
1752940 522
1752950 521
1752960 520
1752970 519
1752980 518
1752990 517
1753000 516
1753010 515
1753020 514
1753030 514
1753040 513
1753050 512
1753060 511
1753070 510
1753080 508
1753090 507
1753100 506
1753110 505
1753120 504
1753130 502
1753140 501
1753150 500
1753160 498
1753170 497
1753180 496
1753190 495
1753200 493
1753210 491
1753220 490
1753230 488
1753240 487
1753250 485
1753260 483
1753270 481
1753280 480
1753290 479
1753300 478
1753310 477
1753320 476
1753330 475
1753340 473
1753350 472
1753360 471
1753370 470
1753380 469
1753390 468
1753400 467
1753410 466
1753420 466
1753430 466
1753440 466
1753450 465
1753460 465
1753470 464
1753480 464
1753490 464
1753500 463
1753510 463
1753520 462
1753530 462
1753540 461
1753550 460
1753560 460
1753570 460
1753580 460
1753590 459
1753600 459
1753610 459
1753620 459
1753630 459
1753640 459
1753650 459
1753660 459
1753670 459
1753680 459
1753690 459
1753700 459
1753710 458
1753720 458
1753730 457
1753740 456
1753750 455
1753760 454
1753770 453
1753780 452
1753790 450
1753800 449
1753810 448
1753820 447
1753830 447
1753840 446
1753850 445
1753860 444
1753870 444
1753880 443
1753890 442
1753900 442
1753910 441
1753920 439
1753930 439
1753940 438
1753950 437
1753960 436
1753970 435
1753980 435
1753990 434
1754000 433
1754010 433
1754020 432
1754030 432
1754040 432
1754050 432
1754060 432
1754070 431
1754080 431
1754090 430
1754100 429
1754110 428
1754120 427
1754130 426
1754140 425
1754150 424
1754160 423
1754170 422
1754180 422
1754190 421
1754200 421
1754210 420
1754220 420
1754230 419
1754240 418
1754250 417
1754260 416
1754270 415
1754280 414
1754290 414
1754300 413
1754310 413
1754320 412
1754330 411
1754340 410
1754350 410
1754360 410
1754370 410
1754380 410
1754390 409
1754400 409
1754410 409
1754420 408
1754430 407
1754440 406
1754450 405
1754460 405
1754470 404
1754480 403
1754490 402
1754500 400
1754510 399
1754520 398
1754530 396
1754540 395
1754550 393
1754560 390
1754570 388
1754580 386
1754590 384
1754600 382
1754610 380
1754620 378
1754630 377
1754640 375
1754650 374
1754660 372
1754670 371
1754680 369
1754690 366
1754700 364
1754710 361
1754720 360
1754730 358
1754740 358
1754750 357
1754760 357
1754770 359
1754780 359
1754790 360
1754800 360
1754810 360
1754820 360
1754830 361
1754840 361
1754850 362
1754860 362
1754870 363
1754880 364
1754890 365
1754900 367
1754910 369
1754920 372
1754930 375
1754940 378
1754950 380
1754960 382
1754970 385
1754980 387
1754990 389
1755000 391
1755010 393
1755020 394
1755030 396
1755040 398
1755050 400
1755060 402
1755070 404
1755080 405
1755090 407
1755100 408
1755110 409
1755120 411
1755130 412
1755140 412
1755150 413
1755160 414
1755170 415
1755180 415
1755190 416
1755200 417
1755210 417
1755220 418
1755230 418
1755240 419
1755250 419
1755260 420
1755270 420
1755280 421
1755290 421
1755300 421
1755310 422
1755320 422
1755330 423
1755340 424
1755350 425
1755360 427
1755370 428
1755380 429
1755390 430
1755400 432
1755410 433
1755420 434
1755430 435
1755440 435
1755450 436
1755460 437
1755470 438
1755480 439
1755490 439
1755500 439
1755510 438
1755520 438
1755530 438
1755540 438
1755550 437
1755560 437
1755570 437
1755580 436
1755590 436
1755600 435
1755610 435
1755620 434
1755630 434
1755640 433
1755650 432
1755660 432
1755670 431
1755680 431
1755690 431
1755700 431
1755710 431
1755720 430
1755730 430
1755740 430
1755750 431
1755760 431
1755770 432
1755780 432
1755790 432
1755800 432
1755810 432
1755820 432
1755830 431
1755840 431
1755850 431
1755860 431
1755870 431
1755880 430
1755890 430
1755900 430
1755910 429
1755920 429
1755930 428
1755940 428
1755950 427
1755960 427
1755970 426
1755980 425
1755990 425
1756000 424
1756010 423
1756020 422
1756030 420
1756040 419
1756050 418
1756060 418
1756070 417
1756080 416
1756090 416
1756100 415
1756110 415
1756120 414
1756130 414
1756140 415
1756150 415
1756160 416
1756170 416
1756180 416
1756190 415
1756200 415
1756210 414
1756220 414
1756230 414
1756240 414
1756250 415
1756260 416
1756270 417
1756280 418
1756290 419
1756300 420
1756310 420
1756320 421
1756330 421
1756340 421
1756350 421
1756360 421
1756370 421
1756380 421
1756390 421
1756400 421
1756410 420
1756420 420
1756430 420
1756440 419
1756450 419
1756460 418
1756470 418
1756480 418
1756490 418
1756500 417
1756510 417
1756520 416
1756530 416
1756540 416
1756550 416
1756560 415
1756570 415
1756580 415
1756590 414
1756600 414
1756610 413
1756620 412
1756630 412
1756640 413
1756650 415
1756660 416
1756670 418
1756680 419
1756690 421
1756700 422
1756710 423
1756720 425
1756730 426
1756740 427
1756750 428
1756760 430
1756770 431
1756780 432
1756790 433
1756800 434
1756810 436
1756820 437
1756830 438
1756840 439
1756850 440
1756860 441
1756870 442
1756880 442
1756890 442
1756900 443
1756910 443
1756920 443
1756930 443
1756940 443
1756950 442
1756960 442
1756970 441
1756980 439
1756990 438
1757000 437
1757010 436
1757020 436
1757030 438
1757040 441
1757050 444
1757060 446
1757070 448
1757080 450
1757090 453
1757100 455
1757110 457
1757120 458
1757130 460
1757140 461
1757150 463
1757160 465
1757170 466
1757180 468
1757190 470
1757200 472
1757210 473
1757220 475
1757230 477
1757240 478
1757250 480
1757260 481
1757270 482
1757280 484
1757290 485
1757300 486
1757310 487
1757320 489
1757330 490
1757340 491
1757350 491
1757360 492
1757370 493
1757380 494
1757390 495
1757400 496
1757410 497
1757420 498
1757430 499
1757440 500
1757450 501
1757460 502
1757470 503
1757480 504
1757490 505
1757500 506
1757510 506
1757520 507
1757530 508
1757540 509
1757550 510
1757560 511
1757570 512
1757580 513
1757590 514
1757600 514
1757610 515
1757620 516
1757630 517
1757640 518
1757650 519
1757660 519
1757670 520
1757680 521
1757690 522
1757700 523
1757710 524
1757720 525
1757730 526
1757740 527
1757750 528
1757760 529
1757770 530
1757780 531
1757790 532
1757800 533
1757810 534
1757820 536
1757830 537
1757840 538
1757850 539
1757860 540
1757870 541
1757880 542
1757890 543
1757900 544
1757910 545
1757920 546
1757930 547
1757940 548
1757950 549
1757960 549
1757970 550
1757980 550
1757990 551
1758000 552
1758010 552
1758020 552
1758030 553
1758040 553
1758050 554
1758060 554
1758070 554
1758080 554
1758090 554
1758100 554
1758110 554
1758120 554
1758130 553
1758140 553
1758150 553
1758160 552
1758170 552
1758180 551
1758190 550
1758200 549
1758210 549
1758220 548
1758230 547
1758240 546
1758250 545
1758260 544
1758270 543
1758280 542
1758290 540
1758300 539
1758310 538
1758320 537
1758330 536
1758340 534
1758350 533
1758360 531
1758370 530
1758380 529
1758390 527
1758400 526
1758410 524
1758420 523
1758430 521
1758440 519
1758450 518
1758460 516
1758470 515
1758480 513
1758490 512
1758500 510
1758510 509
1758520 507
1758530 506
1758540 505
1758550 503
1758560 502
1758570 500
1758580 498
1758590 496
1758600 493
1758610 491
1758620 489
1758630 486
1758640 484
1758650 481
1758660 479
1758670 477
1758680 475
1758690 472
1758700 469
1758710 466
1758720 462
1758730 461
1758740 463
1758750 465
1758760 467
1758770 469
1758780 469
1758790 470
1758800 471
1758810 471
1758820 473
1758830 474
1758840 474
1758850 474
1758860 474
1758870 474
1758880 474
1758890 475
1758900 475
1758910 476
1758920 477
1758930 478
1758940 479
1758950 480
1758960 481
1758970 482
1758980 483
1758990 484
1759000 485
1759010 486
1759020 487
1759030 488
1759040 488
1759050 489
1759060 490
1759070 491
1759080 492
1759090 493
1759100 493
1759110 494
1759120 495
1759130 495
1759140 495
1759150 496
1759160 496
1759170 496
1759180 496
1759190 496
1759200 496
1759210 495
1759220 495
1759230 495
1759240 494
1759250 494
1759260 494
1759270 493
1759280 493
1759290 492
1759300 492
1759310 491
1759320 490
1759330 490
1759340 489
1759350 488
1759360 488
1759370 487
1759380 486
1759390 485
1759400 485
1759410 484
1759420 483
1759430 482
1759440 481
1759450 480
1759460 479
1759470 478
1759480 478
1759490 477
1759500 476
1759510 475
1759520 474
1759530 473
1759540 472
1759550 472
1759560 470
1759570 470
1759580 469
1759590 468
1759600 467
1759610 466
1759620 465
1759630 464
1759640 463
1759650 462
1759660 461
1759670 460
1759680 459
1759690 458
1759700 457
1759710 456
1759720 455
1759730 454
1759740 453
1759750 452
1759760 450
1759770 449
1759780 448
1759790 447
1759800 446
1759810 445
1759820 444
1759830 443
1759840 442
1759850 441
1759860 440
1759870 439
1759880 438
1759890 437
1759900 435
1759910 434
1759920 433
1759930 432
1759940 431
1759950 430
1759960 430
1759970 429
1759980 429
1759990 426
