1740000 305
1740010 305
1740020 305
1740030 305
1740040 305
1740050 305
1740060 305
1740070 306
1740080 306
1740090 306
1740100 306
1740110 306
1740120 305
1740130 305
1740140 305
1740150 305
1740160 305
1740170 305
1740180 305
1740190 305
1740200 305
1740210 305
1740220 305
1740230 305
1740240 305
1740250 305
1740260 305
1740270 305
1740280 305
1740290 307
1740300 308
1740310 309
1740320 309
1740330 310
1740340 311
1740350 313
1740360 315
1740370 318
1740380 321
1740390 325
1740400 327
1740410 330
1740420 333
1740430 336
1740440 339
1740450 341
1740460 342
1740470 343
1740480 343
1740490 343
1740500 344
1740510 344
1740520 345
1740530 345
1740540 346
1740550 346
1740560 346
1740570 347
1740580 347
1740590 348
1740600 348
1740610 348
1740620 349
1740630 349
1740640 349
1740650 349
1740660 350
1740670 350
1740680 350
1740690 350
1740700 351
1740710 351
1740720 351
1740730 351
1740740 351
1740750 351
1740760 351
1740770 352
1740780 352
1740790 352
1740800 352
1740810 352
1740820 352
1740830 352
1740840 352
1740850 353
1740860 353
1740870 353
1740880 353
1740890 353
1740900 353
1740910 354
1740920 354
1740930 354
1740940 354
1740950 355
1740960 355
1740970 355
1740980 355
1740990 356
1741000 356
1741010 356
1741020 356
1741030 357
1741040 357
1741050 357
1741060 357
1741070 357
1741080 357
1741090 357
1741100 358
1741110 358
1741120 358
1741130 358
1741140 358
1741150 358
1741160 358
1741170 359
1741180 359
1741190 359
1741200 359
1741210 359
1741220 359
1741230 360
1741240 360
1741250 360
1741260 360
1741270 360
1741280 360
1741290 360
1741300 360
1741310 360
1741320 360
1741330 359
1741340 359
1741350 359
1741360 359
1741370 358
1741380 358
1741390 357
1741400 357
1741410 356
1741420 357
1741430 358
1741440 360
1741450 361
1741460 362
1741470 363
1741480 364
1741490 364
1741500 365
1741510 366
1741520 367
1741530 368
1741540 368
1741550 369
1741560 370
1741570 370
1741580 371
1741590 372
1741600 372
1741610 373
1741620 373
1741630 374
1741640 375
1741650 375
1741660 376
1741670 376
1741680 377
1741690 378
1741700 378
1741710 379
1741720 379
1741730 380
1741740 381
1741750 381
1741760 382
1741770 382
1741780 383
1741790 383
1741800 384
1741810 384
1741820 385
1741830 385
1741840 386
1741850 386
1741860 386
1741870 386
1741880 386
1741890 386
1741900 386
1741910 387
1741920 387
1741930 387
1741940 387
1741950 387
1741960 387
1741970 387
1741980 386
1741990 386
1742000 386
1742010 386
1742020 386
1742030 386
1742040 386
1742050 385
1742060 385
1742070 385
1742080 385
1742090 385
1742100 385
1742110 385
1742120 384
1742130 384
1742140 384
1742150 384
1742160 384
1742170 384
1742180 384
1742190 385
1742200 385
1742210 385
1742220 385
1742230 385
1742240 385
1742250 385
1742260 385
1742270 385
1742280 386
1742290 386
1742300 386
1742310 386
1742320 386
1742330 387
1742340 387
1742350 387
1742360 387
1742370 388
1742380 388
1742390 388
1742400 388
1742410 389
1742420 389
1742430 389
1742440 390
1742450 390
1742460 390
1742470 391
1742480 391
1742490 391
1742500 392
1742510 392
1742520 392
1742530 392
1742540 393
1742550 393
1742560 393
1742570 393
1742580 393
1742590 394
1742600 394
1742610 394
1742620 395
1742630 395
1742640 395
1742650 395
1742660 395
1742670 395
1742680 396
1742690 396
1742700 396
1742710 396
1742720 396
1742730 396
1742740 396
1742750 396
1742760 396
1742770 396
1742780 396
1742790 396
1742800 396
1742810 396
1742820 396
1742830 396
1742840 395
1742850 395
1742860 395
1742870 394
1742880 394
1742890 393
1742900 393
1742910 392
1742920 392
1742930 391
1742940 391
1742950 391
1742960 390
1742970 390
1742980 389
1742990 388
1743000 388
1743010 387
1743020 386
1743030 385
1743040 384
1743050 383
1743060 382
1743070 382
1743080 381
1743090 381
1743100 381
1743110 381
1743120 380
1743130 380
1743140 380
1743150 379
1743160 379
1743170 379
1743180 379
1743190 378
1743200 378
1743210 378
1743220 378
1743230 378
1743240 377
1743250 377
1743260 377
1743270 377
1743280 376
1743290 376
1743300 376
1743310 376
1743320 376
1743330 376
1743340 376
1743350 376
1743360 376
1743370 376
1743380 376
1743390 376
1743400 376
1743410 376
1743420 375
1743430 375
1743440 375
1743450 375
1743460 375
1743470 375
1743480 375
1743490 375
1743500 374
1743510 374
1743520 374
1743530 375
1743540 374
1743550 374
1743560 374
1743570 374
1743580 373
1743590 373
1743600 373
1743610 373
1743620 372
1743630 372
1743640 371
1743650 370
1743660 370
1743670 369
1743680 369
1743690 368
1743700 368
1743710 368
1743720 369
1743730 369
1743740 369
1743750 370
1743760 370
1743770 370
1743780 371
1743790 371
1743800 371
1743810 372
1743820 372
1743830 372
1743840 372
1743850 372
1743860 372
1743870 372
1743880 373
1743890 373
1743900 373
1743910 373
1743920 373
1743930 373
1743940 373
1743950 374
1743960 374
1743970 374
1743980 374
1743990 374
1744000 374
1744010 373
1744020 373
1744030 372
1744040 372
1744050 372
1744060 372
1744070 373
1744080 374
1744090 375
1744100 376
1744110 376
1744120 377
1744130 377
1744140 378
1744150 378
1744160 378
1744170 378
1744180 378
1744190 378
1744200 378
1744210 378
1744220 378
1744230 378
1744240 378
1744250 378
1744260 378
1744270 378
1744280 378
1744290 379
1744300 379
1744310 378
1744320 377
1744330 377
1744340 377
1744350 378
1744360 379
1744370 380
1744380 380
1744390 380
1744400 381
1744410 381
1744420 381
1744430 382
1744440 382
1744450 382
1744460 382
1744470 382
1744480 381
1744490 381
1744500 382
1744510 383
1744520 384
1744530 385
1744540 386
1744550 387
1744560 388
1744570 388
1744580 388
1744590 389
1744600 389
1744610 390
1744620 390
1744630 390
1744640 391
1744650 391
1744660 391
1744670 392
1744680 392
1744690 392
1744700 392
1744710 392
1744720 392
1744730 392
1744740 392
1744750 392
1744760 392
1744770 392
1744780 391
1744790 391
1744800 390
1744810 389
1744820 388
1744830 387
1744840 386
1744850 385
1744860 384
1744870 384
1744880 383
1744890 382
1744900 381
1744910 380
1744920 379
1744930 378
1744940 378
1744950 376
1744960 375
1744970 374
1744980 375
1744990 376
1745000 378
1745010 379
1745020 379
1745030 378
1745040 378
1745050 379
1745060 380
1745070 381
1745080 381
1745090 381
1745100 381
1745110 381
1745120 380
1745130 378
1745140 375
1745150 376
1745160 377
1745170 379
1745180 379
1745190 380
1745200 380
1745210 381
1745220 381
1745230 382
1745240 383
1745250 383
1745260 384
1745270 385
1745280 386
1745290 387
1745300 388
1745310 388
1745320 389
1745330 389
1745340 389
1745350 389
1745360 389
1745370 389
1745380 389
1745390 388
1745400 388
1745410 387
1745420 387
1745430 386
1745440 386
1745450 385
1745460 384
1745470 383
1745480 382
1745490 381
1745500 380
1745510 378
1745520 376
1745530 375
1745540 373
1745550 372
1745560 370
1745570 369
1745580 367
1745590 366
1745600 365
1745610 365
1745620 365
1745630 364
1745640 364
1745650 364
1745660 364
1745670 365
1745680 367
1745690 368
1745700 370
1745710 372
1745720 374
1745730 375
1745740 377
1745750 379
1745760 380
1745770 382
1745780 383
1745790 384
1745800 386
1745810 387
1745820 389
1745830 390
1745840 391
1745850 393
1745860 394
1745870 395
1745880 396
1745890 397
1745900 398
1745910 399
1745920 400
1745930 401
1745940 402
1745950 403
1745960 404
1745970 405
1745980 406
1745990 407
1746000 407
1746010 408
1746020 409
1746030 410
1746040 411
1746050 412
1746060 413
1746070 414
1746080 414
1746090 415
1746100 416
1746110 416
1746120 417
1746130 417
1746140 417
1746150 418
1746160 418
1746170 418
1746180 418
1746190 419
1746200 419
1746210 419
1746220 419
1746230 419
1746240 419
1746250 419
1746260 419
1746270 419
1746280 419
1746290 419
1746300 420
1746310 420
1746320 420
1746330 420
1746340 420
1746350 420
1746360 419
1746370 419
1746380 419
1746390 419
1746400 419
1746410 418
1746420 418
1746430 417
1746440 417
1746450 416
1746460 416
1746470 415
1746480 414
1746490 413
1746500 412
1746510 411
1746520 410
1746530 409
1746540 408
1746550 407
1746560 405
1746570 404
1746580 403
1746590 402
1746600 401
1746610 400
1746620 399
1746630 398
1746640 397
1746650 397
1746660 396
1746670 395
1746680 394
1746690 392
1746700 391
1746710 390
1746720 389
1746730 388
1746740 387
1746750 386
1746760 384
1746770 383
1746780 381
1746790 380
1746800 379
1746810 378
1746820 377
1746830 376
1746840 374
1746850 373
1746860 373
1746870 372
1746880 371
1746890 370
1746900 369
1746910 368
1746920 367
1746930 367
1746940 366
1746950 366
1746960 365
1746970 365
1746980 364
1746990 363
1747000 362
1747010 362
1747020 361
1747030 360
1747040 359
1747050 358
1747060 357
1747070 355
1747080 354
1747090 352
1747100 351
1747110 349
1747120 347
1747130 346
1747140 344
1747150 342
1747160 341
1747170 339
1747180 337
1747190 336
1747200 334
1747210 331
1747220 328
1747230 327
1747240 326
1747250 326
1747260 325
1747270 325
1747280 325
1747290 324
1747300 325
1747310 326
1747320 326
1747330 326
1747340 327
1747350 327
1747360 329
1747370 331
1747380 332
1747390 333
1747400 333
1747410 333
1747420 334
1747430 334
1747440 334
1747450 335
1747460 337
1747470 339
1747480 340
1747490 342
1747500 343
1747510 344
1747520 345
1747530 346
1747540 348
1747550 349
1747560 350
1747570 351
1747580 352
1747590 353
1747600 355
1747610 356
1747620 358
1747630 360
1747640 362
1747650 364
1747660 366
1747670 368
1747680 370
1747690 371
1747700 373
1747710 375
1747720 376
1747730 378
1747740 379
1747750 381
1747760 382
1747770 384
1747780 385
1747790 386
1747800 386
1747810 387
1747820 388
1747830 388
1747840 389
1747850 389
1747860 390
1747870 390
1747880 391
1747890 391
1747900 391
1747910 392
1747920 392
1747930 393
1747940 393
1747950 393
1747960 393
1747970 394
1747980 394
1747990 394
1748000 394
1748010 394
1748020 394
1748030 394
1748040 394
1748050 394
1748060 394
1748070 394
1748080 394
1748090 394
1748100 394
1748110 394
1748120 394
1748130 393
1748140 393
1748150 393
1748160 393
1748170 393
1748180 392
1748190 391
1748200 391
1748210 390
1748220 389
1748230 388
1748240 387
1748250 386
1748260 385
1748270 384
1748280 383
1748290 384
1748300 385
1748310 386
1748320 387
1748330 387
1748340 388
1748350 388
1748360 388
1748370 388
1748380 389
1748390 389
1748400 390
1748410 390
1748420 391
1748430 390
1748440 391
1748450 391
1748460 392
1748470 392
1748480 393
1748490 394
1748500 396
1748510 397
1748520 398
1748530 398
1748540 399
1748550 400
1748560 400
1748570 401
1748580 402
1748590 405
1748600 407
1748610 408
1748620 410
1748630 411
1748640 411
1748650 412
1748660 414
1748670 415
1748680 416
1748690 417
1748700 418
1748710 420
1748720 423
1748730 426
1748740 427
1748750 428
1748760 429
1748770 429
1748780 430
1748790 432
1748800 433
1748810 435
1748820 437
1748830 439
1748840 441
1748850 443
1748860 444
1748870 445
1748880 447
1748890 448
1748900 449
1748910 450
1748920 452
1748930 453
1748940 455
1748950 456
1748960 457
1748970 459
1748980 460
1748990 462
1749000 463
1749010 465
1749020 467
1749030 469
1749040 470
1749050 472
1749060 474
1749070 476
1749080 477
1749090 479
1749100 481
1749110 482
1749120 484
1749130 485
1749140 487
1749150 489
1749160 491
1749170 493
1749180 494
1749190 496
1749200 498
1749210 499
1749220 501
1749230 502
1749240 504
1749250 506
1749260 508
1749270 509
1749280 511
1749290 512
1749300 514
1749310 515
1749320 516
1749330 517
1749340 517
1749350 518
1749360 519
1749370 520
1749380 521
1749390 522
1749400 523
1749410 524
1749420 525
1749430 525
1749440 526
1749450 526
1749460 526
1749470 526
1749480 527
1749490 527
1749500 527
1749510 528
1749520 528
1749530 528
1749540 528
1749550 529
1749560 529
1749570 529
1749580 529
1749590 529
1749600 529
1749610 529
1749620 529
1749630 529
1749640 529
1749650 529
1749660 529
1749670 529
1749680 529
1749690 529
1749700 528
1749710 528
1749720 528
1749730 527
1749740 527
1749750 527
1749760 527
1749770 526
1749780 526
1749790 525
1749800 525
1749810 524
1749820 524
1749830 523
1749840 522
1749850 522
1749860 521
1749870 520
1749880 520
1749890 519
1749900 518
1749910 517
1749920 517
1749930 516
1749940 515
1749950 515
1749960 514
1749970 513
1749980 512
1749990 511
1750000 510
1750010 509
1750020 508
1750030 507
1750040 506
1750050 505
1750060 504
1750070 503
1750080 501
1750090 500
1750100 499
1750110 498
1750120 497
1750130 496
1750140 496
1750150 495
1750160 494
1750170 493
1750180 493
1750190 492
1750200 491
1750210 491
1750220 490
1750230 490
1750240 489
1750250 489
1750260 488
1750270 488
1750280 487
1750290 487
1750300 486
1750310 486
1750320 486
1750330 486
1750340 485
1750350 485
1750360 484
1750370 483
1750380 482
1750390 481
1750400 480
1750410 479
1750420 478
1750430 476
1750440 475
1750450 473
1750460 472
1750470 470
1750480 468
1750490 467
1750500 465
1750510 464
1750520 463
1750530 463
1750540 462
1750550 461
1750560 460
1750570 460
1750580 459
1750590 457
1750600 456
1750610 455
1750620 454
1750630 452
1750640 451
1750650 449
1750660 448
1750670 446
1750680 445
1750690 444
1750700 443
1750710 441
1750720 440
1750730 439
1750740 437
1750750 436
1750760 435
1750770 433
1750780 432
1750790 431
1750800 429
1750810 428
1750820 426
1750830 424
1750840 422
1750850 421
1750860 420
1750870 419
1750880 418
1750890 417
1750900 416
1750910 415
1750920 414
1750930 413
1750940 413
1750950 413
1750960 413
1750970 412
1750980 412
1750990 411
1751000 411
1751010 411
1751020 411
1751030 411
1751040 410
1751050 409
1751060 409
1751070 409
1751080 408
1751090 408
1751100 408
1751110 408
1751120 408
1751130 408
1751140 407
1751150 407
1751160 406
1751170 405
1751180 404
1751190 404
1751200 403
1751210 402
1751220 401
1751230 400
1751240 400
1751250 399
1751260 399
1751270 398
1751280 397
1751290 396
1751300 395
1751310 394
1751320 394
1751330 394
1751340 393
1751350 393
1751360 393
1751370 393
1751380 393
1751390 393
1751400 392
1751410 391
1751420 391
1751430 391
1751440 392
1751450 392
1751460 391
1751470 391
1751480 390
1751490 389
1751500 388
1751510 387
1751520 388
1751530 390
1751540 390
1751550 390
1751560 390
1751570 389
1751580 389
1751590 389
1751600 389
1751610 389
1751620 390
1751630 390
1751640 391
1751650 391
1751660 392
1751670 392
1751680 393
1751690 392
1751700 392
1751710 391
1751720 391
1751730 391
1751740 391
1751750 391
1751760 390
1751770 390
1751780 391
1751790 391
1751800 393
1751810 394
1751820 395
1751830 395
1751840 396
1751850 396
1751860 396
1751870 396
1751880 397
1751890 398
1751900 398
1751910 399
1751920 400
1751930 400
1751940 401
1751950 401
1751960 402
1751970 403
1751980 404
1751990 405
1752000 406
1752010 407
1752020 408
1752030 408
1752040 409
1752050 410
1752060 410
1752070 410
1752080 411
1752090 411
1752100 411
1752110 411
1752120 411
1752130 411
1752140 411
1752150 411
1752160 411
1752170 410
1752180 410
1752190 409
1752200 409
1752210 408
1752220 408
1752230 407
1752240 407
1752250 406
1752260 405
1752270 404
1752280 403
1752290 402
1752300 401
1752310 400
1752320 399
1752330 398
1752340 397
1752350 395
1752360 394
1752370 393
1752380 392
1752390 389
1752400 387
1752410 385
1752420 382
1752430 380
1752440 377
1752450 375
1752460 373
1752470 371
1752480 370
1752490 369
1752500 367
1752510 365
1752520 362
1752530 359
1752540 356
1752550 352
1752560 348
1752570 345
1752580 342
1752590 338
1752600 335
1752610 332
1752620 329
1752630 327
1752640 325
1752650 324
1752660 323
1752670 322
1752680 321
1752690 319
1752700 318
1752710 317
1752720 316
1752730 314
1752740 312
1752750 311
1752760 310
1752770 310
1752780 309
1752790 309
1752800 308
1752810 306
1752820 307
1752830 309
1752840 310
1752850 311
1752860 311
1752870 312
1752880 313
1752890 314
1752900 315
1752910 317
1752920 319
1752930 322
1752940 325
1752950 329
1752960 332
1752970 335
1752980 338
1752990 341
1753000 344
1753010 347
1753020 350
1753030 353
1753040 356
1753050 359
1753060 362
1753070 365
1753080 368
1753090 371
1753100 374
1753110 376
1753120 378
1753130 380
1753140 382
1753150 383
1753160 384
1753170 385
1753180 386
1753190 387
1753200 388
1753210 389
1753220 390
1753230 391
1753240 392
1753250 393
1753260 393
1753270 394
1753280 395
1753290 396
1753300 396
1753310 396
1753320 395
1753330 395
1753340 395
1753350 395
1753360 395
1753370 395
1753380 395
1753390 394
1753400 394
1753410 394
1753420 394
1753430 393
1753440 392
1753450 391
1753460 390
1753470 389
1753480 388
1753490 386
1753500 385
1753510 383
1753520 382
1753530 381
1753540 381
1753550 381
1753560 380
1753570 380
1753580 379
1753590 378
1753600 378
1753610 379
1753620 380
1753630 380
1753640 381
1753650 381
1753660 381
1753670 382
1753680 382
1753690 382
1753700 382
1753710 383
1753720 383
1753730 384
1753740 384
1753750 385
1753760 385
1753770 385
1753780 385
1753790 385
1753800 384
1753810 383
1753820 383
1753830 383
1753840 383
1753850 383
1753860 384
1753870 385
1753880 385
1753890 386
1753900 386
1753910 386
1753920 386
1753930 386
1753940 387
1753950 387
1753960 388
1753970 388
1753980 388
1753990 388
1754000 388
1754010 388
1754020 389
1754030 389
1754040 389
1754050 390
1754060 390
1754070 390
1754080 390
1754090 390
1754100 390
1754110 391
1754120 392
1754130 392
1754140 393
1754150 394
1754160 395
1754170 395
1754180 396
1754190 397
1754200 397
1754210 397
1754220 398
1754230 398
1754240 398
1754250 399
1754260 399
1754270 399
1754280 399
1754290 399
1754300 399
1754310 399
1754320 399
1754330 398
1754340 398
1754350 398
1754360 398
1754370 398
1754380 398
1754390 398
1754400 398
1754410 397
1754420 397
1754430 397
1754440 397
1754450 396
1754460 396
1754470 395
1754480 394
1754490 394
1754500 396
1754510 397
1754520 398
1754530 398
1754540 397
1754550 396
1754560 397
1754570 398
1754580 399
1754590 399
1754600 400
1754610 400
1754620 401
1754630 402
1754640 403
1754650 405
1754660 408
1754670 411
1754680 413
1754690 415
1754700 417
1754710 418
1754720 420
1754730 421
1754740 423
1754750 424
1754760 426
1754770 427
1754780 428
1754790 430
1754800 431
1754810 433
1754820 434
1754830 436
1754840 438
1754850 440
1754860 442
1754870 444
1754880 446
1754890 448
1754900 450
1754910 452
1754920 454
1754930 456
1754940 458
1754950 460
1754960 462
1754970 464
1754980 465
1754990 467
1755000 469
1755010 471
1755020 473
1755030 474
1755040 476
1755050 477
1755060 479
1755070 481
1755080 482
1755090 484
1755100 486
1755110 487
1755120 489
1755130 491
1755140 493
1755150 494
1755160 496
1755170 497
1755180 498
1755190 500
1755200 501
1755210 503
1755220 504
1755230 506
1755240 507
1755250 508
1755260 510
1755270 511
1755280 513
1755290 514
1755300 516
1755310 517
1755320 518
1755330 520
1755340 521
1755350 521
1755360 522
1755370 523
1755380 524
1755390 525
1755400 526
1755410 527
1755420 528
1755430 528
1755440 529
1755450 530
1755460 531
1755470 531
1755480 532
1755490 533
1755500 534
1755510 534
1755520 535
1755530 536
1755540 537
1755550 537
1755560 538
1755570 539
1755580 540
1755590 540
1755600 541
1755610 542
1755620 543
1755630 543
1755640 544
1755650 544
1755660 545
1755670 545
1755680 546
1755690 547
1755700 547
1755710 548
1755720 549
1755730 549
1755740 550
1755750 551
1755760 551
1755770 552
1755780 553
1755790 553
1755800 554
1755810 555
1755820 556
1755830 556
1755840 557
1755850 558
1755860 558
1755870 559
1755880 560
1755890 560
1755900 561
1755910 561
1755920 562
1755930 563
1755940 564
1755950 565
1755960 566
1755970 567
1755980 567
1755990 568
1756000 569
1756010 570
1756020 571
1756030 572
1756040 573
1756050 574
1756060 576
1756070 577
1756080 578
1756090 579
1756100 580
1756110 581
1756120 582
1756130 582
1756140 583
1756150 583
1756160 584
1756170 586
1756180 587
1756190 589
1756200 590
1756210 591
1756220 592
1756230 593
1756240 594
1756250 595
1756260 596
1756270 597
1756280 598
1756290 599
1756300 600
1756310 601
1756320 602
1756330 602
1756340 603
1756350 604
1756360 604
1756370 605
1756380 605
1756390 606
1756400 606
1756410 606
1756420 607
1756430 607
1756440 607
1756450 608
1756460 608
1756470 608
1756480 608
1756490 608
1756500 607
1756510 607
1756520 607
1756530 606
1756540 606
1756550 605
1756560 605
1756570 604
1756580 603
1756590 603
1756600 602
1756610 602
1756620 601
1756630 600
1756640 600
1756650 599
1756660 598
1756670 598
1756680 597
1756690 597
1756700 596
1756710 595
1756720 594
1756730 594
1756740 593
1756750 592
1756760 591
1756770 590
1756780 589
1756790 589
1756800 588
1756810 587
1756820 586
1756830 585
1756840 584
1756850 583
1756860 582
1756870 581
1756880 580
1756890 579
1756900 578
1756910 577
1756920 575
1756930 574
1756940 572
1756950 571
1756960 570
1756970 568
1756980 566
1756990 564
1757000 562
1757010 561
1757020 560
1757030 559
1757040 557
1757050 556
1757060 555
1757070 553
1757080 552
1757090 551
1757100 549
1757110 548
1757120 547
1757130 546
1757140 544
1757150 543
1757160 541
1757170 539
1757180 538
1757190 536
1757200 535
1757210 534
1757220 533
1757230 532
1757240 531
1757250 530
1757260 529
1757270 528
1757280 527
1757290 526
1757300 526
1757310 525
1757320 524
1757330 524
1757340 523
1757350 523
1757360 522
1757370 521
1757380 520
1757390 520
1757400 519
1757410 518
1757420 517
1757430 517
1757440 516
1757450 516
1757460 515
1757470 515
1757480 515
1757490 514
1757500 514
1757510 514
1757520 513
1757530 513
1757540 512
1757550 512
1757560 512
1757570 511
1757580 511
1757590 511
1757600 510
1757610 510
1757620 510
1757630 509
1757640 509
1757650 508
1757660 508
1757670 508
1757680 508
1757690 507
1757700 507
1757710 506
1757720 505
1757730 504
1757740 503
1757750 503
1757760 502
1757770 501
1757780 500
1757790 499
1757800 498
1757810 497
1757820 497
1757830 496
1757840 495
1757850 495
1757860 494
1757870 493
1757880 492
1757890 491
1757900 490
1757910 490
1757920 489
1757930 488
1757940 486
1757950 485
1757960 484
1757970 483
1757980 482
1757990 481
1758000 480
1758010 479
1758020 478
1758030 477
1758040 476
1758050 475
1758060 475
1758070 474
1758080 473
1758090 472
1758100 472
1758110 471
1758120 469
1758130 468
1758140 468
1758150 467
1758160 467
1758170 466
1758180 465
1758190 465
1758200 464
1758210 463
1758220 463
1758230 462
1758240 461
1758250 461
1758260 460
1758270 460
1758280 460
1758290 459
1758300 459
1758310 458
1758320 457
1758330 457
1758340 456
1758350 455
1758360 454
1758370 453
1758380 453
1758390 452
1758400 451
1758410 450
1758420 449
1758430 448
1758440 447
1758450 446
1758460 446
1758470 445
1758480 444
1758490 443
1758500 442
1758510 441
1758520 440
1758530 440
1758540 439
1758550 438
1758560 438
1758570 437
1758580 436
1758590 435
1758600 434
1758610 433
1758620 432
1758630 430
1758640 429
1758650 428
1758660 427
1758670 425
1758680 424
1758690 423
1758700 422
1758710 421
1758720 420
1758730 419
1758740 418
1758750 418
1758760 417
1758770 416
1758780 415
1758790 414
1758800 412
1758810 411
1758820 410
1758830 410
1758840 410
1758850 409
1758860 408
1758870 407
1758880 407
1758890 406
1758900 405
1758910 404
1758920 403
1758930 402
1758940 401
1758950 400
1758960 399
1758970 398
1758980 397
1758990 396
1759000 395
1759010 394
1759020 393
1759030 392
1759040 391
1759050 390
1759060 389
1759070 388
1759080 388
1759090 387
1759100 385
1759110 384
1759120 383
1759130 382
1759140 381
1759150 380
1759160 379
1759170 378
1759180 378
1759190 377
1759200 377
1759210 376
1759220 375
1759230 374
1759240 373
1759250 371
1759260 369
1759270 367
1759280 366
1759290 362
1759300 359
1759310 356
1759320 355
1759330 353
1759340 352
1759350 350
1759360 349
1759370 348
1759380 347
1759390 346
1759400 346
1759410 345
1759420 345
1759430 344
1759440 343
1759450 344
1759460 346
1759470 349
1759480 353
1759490 356
1759500 357
1759510 359
1759520 361
1759530 363
1759540 365
1759550 366
1759560 368
1759570 369
1759580 371
1759590 372
1759600 373
1759610 373
1759620 372
1759630 372
1759640 371
1759650 370
1759660 369
1759670 367
1759680 366
1759690 365
1759700 363
1759710 362
1759720 360
1759730 357
1759740 355
1759750 352
1759760 349
1759770 345
1759780 341
1759790 338
1759800 334
1759810 331
1759820 329
1759830 329
1759840 328
1759850 328
1759860 327
1759870 327
1759880 329
1759890 330
1759900 331
1759910 331
1759920 332
1759930 332
1759940 332
1759950 334
1759960 338
1759970 341
1759980 344
1759990 346
