1740000 297
1740010 297
1740020 297
1740030 297
1740040 297
1740050 297
1740060 297
1740070 297
1740080 297
1740090 297
1740100 298
1740110 298
1740120 298
1740130 298
1740140 298
1740150 298
1740160 298
1740170 298
1740180 298
1740190 298
1740200 298
1740210 298
1740220 298
1740230 298
1740240 298
1740250 298
1740260 298
1740270 298
1740280 298
1740290 298
1740300 298
1740310 298
1740320 298
1740330 298
1740340 298
1740350 298
1740360 298
1740370 298
1740380 297
1740390 297
1740400 297
1740410 297
1740420 297
1740430 297
1740440 297
1740450 297
1740460 297
1740470 297
1740480 298
1740490 298
1740500 298
1740510 298
1740520 298
1740530 298
1740540 298
1740550 298
1740560 298
1740570 298
1740580 298
1740590 297
1740600 297
1740610 297
1740620 297
1740630 297
1740640 297
1740650 297
1740660 297
1740670 297
1740680 297
1740690 297
1740700 297
1740710 297
1740720 297
1740730 297
1740740 297
1740750 296
1740760 296
1740770 296
1740780 297
1740790 297
1740800 297
1740810 297
1740820 297
1740830 297
1740840 297
1740850 297
1740860 297
1740870 297
1740880 297
1740890 297
1740900 297
1740910 297
1740920 297
1740930 297
1740940 297
1740950 297
1740960 297
1740970 297
1740980 297
1740990 297
1741000 297
1741010 295
1741020 295
1741030 294
1741040 294
1741050 294
1741060 294
1741070 295
1741080 296
1741090 297
1741100 299
1741110 300
1741120 301
1741130 302
1741140 303
1741150 304
1741160 305
1741170 306
1741180 307
1741190 309
1741200 310
1741210 311
1741220 310
1741230 310
1741240 311
1741250 311
1741260 311
1741270 311
1741280 312
1741290 313
1741300 314
1741310 315
1741320 315
1741330 315
1741340 316
1741350 316
1741360 317
1741370 318
1741380 318
1741390 318
1741400 319
1741410 319
1741420 319
1741430 320
1741440 320
1741450 320
1741460 321
1741470 321
1741480 321
1741490 322
1741500 322
1741510 322
1741520 323
1741530 323
1741540 323
1741550 323
1741560 323
1741570 324
1741580 324
1741590 324
1741600 324
1741610 324
1741620 324
1741630 324
1741640 324
1741650 325
1741660 325
1741670 325
1741680 325
1741690 324
1741700 324
1741710 324
1741720 324
1741730 324
1741740 324
1741750 324
1741760 324
1741770 324
1741780 323
1741790 323
1741800 323
1741810 323
1741820 323
1741830 323
1741840 323
1741850 323
1741860 324
1741870 324
1741880 324
1741890 324
1741900 324
1741910 324
1741920 324
1741930 324
1741940 324
1741950 323
1741960 323
1741970 323
1741980 324
1741990 324
1742000 325
1742010 326
1742020 327
1742030 327
1742040 328
1742050 328
1742060 328
1742070 328
1742080 329
1742090 329
1742100 329
1742110 330
1742120 330
1742130 330
1742140 330
1742150 330
1742160 331
1742170 331
1742180 331
1742190 331
1742200 331
1742210 331
1742220 332
1742230 332
1742240 332
1742250 332
1742260 332
1742270 332
1742280 332
1742290 333
1742300 333
1742310 333
1742320 333
1742330 333
1742340 333
1742350 333
1742360 333
1742370 333
1742380 333
1742390 333
1742400 333
1742410 333
1742420 333
1742430 333
1742440 333
1742450 333
1742460 333
1742470 333
1742480 333
1742490 334
1742500 334
1742510 333
1742520 334
1742530 334
1742540 334
1742550 334
1742560 334
1742570 334
1742580 334
1742590 334
1742600 334
1742610 334
1742620 334
1742630 334
1742640 334
1742650 334
1742660 334
1742670 334
1742680 334
1742690 334
1742700 334
1742710 334
1742720 334
1742730 334
1742740 334
1742750 334
1742760 334
1742770 334
1742780 334
1742790 334
1742800 334
1742810 334
1742820 334
1742830 334
1742840 334
1742850 334
1742860 333
1742870 333
1742880 333
1742890 333
1742900 333
1742910 333
1742920 332
1742930 332
1742940 332
1742950 332
1742960 332
1742970 332
1742980 332
1742990 332
1743000 331
1743010 331
1743020 331
1743030 331
1743040 331
1743050 330
1743060 329
1743070 329
1743080 329
1743090 328
1743100 328
1743110 328
1743120 328
1743130 327
1743140 327
1743150 327
1743160 327
1743170 327
1743180 326
1743190 326
1743200 326
1743210 325
1743220 325
1743230 324
1743240 324
1743250 323
1743260 323
1743270 322
1743280 322
1743290 322
1743300 323
1743310 323
1743320 323
1743330 323
1743340 323
1743350 323
1743360 323
1743370 323
1743380 323
1743390 323
1743400 322
1743410 322
1743420 322
1743430 322
1743440 322
1743450 322
1743460 322
1743470 322
1743480 322
1743490 322
1743500 322
1743510 322
1743520 322
1743530 322
1743540 323
1743550 323
1743560 323
1743570 323
1743580 323
1743590 323
1743600 323
1743610 323
1743620 323
1743630 323
1743640 323
1743650 323
1743660 323
1743670 323
1743680 324
1743690 324
1743700 324
1743710 324
1743720 325
1743730 325
1743740 325
1743750 326
1743760 326
1743770 327
1743780 327
1743790 327
1743800 327
1743810 327
1743820 328
1743830 328
1743840 328
1743850 328
1743860 328
1743870 328
1743880 328
1743890 328
1743900 328
1743910 328
1743920 328
1743930 328
1743940 328
1743950 329
1743960 329
1743970 329
1743980 329
1743990 329
1744000 329
1744010 329
1744020 329
1744030 329
1744040 329
1744050 330
1744060 330
1744070 330
1744080 330
1744090 331
1744100 331
1744110 332
1744120 332
1744130 332
1744140 333
1744150 334
1744160 333
1744170 333
1744180 333
1744190 333
1744200 333
1744210 333
1744220 333
1744230 333
1744240 333
1744250 334
1744260 334
1744270 335
1744280 335
1744290 336
1744300 336
1744310 337
1744320 337
1744330 338
1744340 338
1744350 338
1744360 339
1744370 339
1744380 339
1744390 340
1744400 340
1744410 341
1744420 341
1744430 341
1744440 342
1744450 342
1744460 343
1744470 343
1744480 344
1744490 344
1744500 345
1744510 345
1744520 346
1744530 346
1744540 347
1744550 347
1744560 347
1744570 348
1744580 348
1744590 349
1744600 350
1744610 351
1744620 351
1744630 351
1744640 352
1744650 352
1744660 352
1744670 353
1744680 353
1744690 354
1744700 354
1744710 354
1744720 355
1744730 355
1744740 356
1744750 356
1744760 356
1744770 357
1744780 357
1744790 358
1744800 358
1744810 358
1744820 359
1744830 359
1744840 360
1744850 360
1744860 361
1744870 361
1744880 361
1744890 362
1744900 362
1744910 362
1744920 363
1744930 363
1744940 363
1744950 363
1744960 363
1744970 363
1744980 363
1744990 363
1745000 363
1745010 363
1745020 362
1745030 362
1745040 361
1745050 361
1745060 362
1745070 364
1745080 364
1745090 365
1745100 365
1745110 365
1745120 366
1745130 366
1745140 367
1745150 368
1745160 368
1745170 369
1745180 370
1745190 370
1745200 371
1745210 371
1745220 372
1745230 373
1745240 374
1745250 374
1745260 375
1745270 375
1745280 376
1745290 376
1745300 377
1745310 378
1745320 378
1745330 379
1745340 379
1745350 380
1745360 381
1745370 381
1745380 382
1745390 382
1745400 383
1745410 383
1745420 384
1745430 384
1745440 385
1745450 385
1745460 386
1745470 386
1745480 387
1745490 387
1745500 387
1745510 388
1745520 388
1745530 389
1745540 389
1745550 390
1745560 391
1745570 391
1745580 392
1745590 392
1745600 392
1745610 393
1745620 393
1745630 393
1745640 394
1745650 394
1745660 394
1745670 394
1745680 394
1745690 395
1745700 395
1745710 395
1745720 395
1745730 395
1745740 395
1745750 395
1745760 395
1745770 395
1745780 395
1745790 395
1745800 395
1745810 395
1745820 394
1745830 394
1745840 394
1745850 394
1745860 393
1745870 393
1745880 392
1745890 392
1745900 391
1745910 391
1745920 390
1745930 390
1745940 390
1745950 389
1745960 389
1745970 388
1745980 388
1745990 387
1746000 386
1746010 386
1746020 385
1746030 385
1746040 384
1746050 384
1746060 383
1746070 383
1746080 382
1746090 382
1746100 381
1746110 381
1746120 380
1746130 380
1746140 379
1746150 379
1746160 378
1746170 377
1746180 376
1746190 376
1746200 375
1746210 374
1746220 373
1746230 372
1746240 372
1746250 371
1746260 370
1746270 369
1746280 369
1746290 368
1746300 367
1746310 366
1746320 365
1746330 365
1746340 364
1746350 363
1746360 362
1746370 362
1746380 361
1746390 360
1746400 359
1746410 358
1746420 357
1746430 356
1746440 355
1746450 355
1746460 354
1746470 353
1746480 352
1746490 351
1746500 350
1746510 349
1746520 348
1746530 347
1746540 346
1746550 345
1746560 344
1746570 343
1746580 342
1746590 341
1746600 340
1746610 339
1746620 337
1746630 336
1746640 335
1746650 333
1746660 331
1746670 330
1746680 327
1746690 324
1746700 321
1746710 318
1746720 316
1746730 314
1746740 313
1746750 311
1746760 310
1746770 309
1746780 308
1746790 307
1746800 306
1746810 304
1746820 302
1746830 301
1746840 299
1746850 299
1746860 298
1746870 296
1746880 297
1746890 298
1746900 298
1746910 298
1746920 298
1746930 298
1746940 298
1746950 298
1746960 299
1746970 299
1746980 299
1746990 299
1747000 299
1747010 299
1747020 299
1747030 299
1747040 299
1747050 299
1747060 299
1747070 299
1747080 299
1747090 300
1747100 300
1747110 300
1747120 300
1747130 301
1747140 301
1747150 301
1747160 301
1747170 302
1747180 302
1747190 302
1747200 303
1747210 304
1747220 305
1747230 307
1747240 308
1747250 310
1747260 312
1747270 314
1747280 316
1747290 318
1747300 319
1747310 321
1747320 322
1747330 324
1747340 325
1747350 327
1747360 328
1747370 330
1747380 331
1747390 332
1747400 333
1747410 335
1747420 336
1747430 337
1747440 338
1747450 339
1747460 341
1747470 342
1747480 342
1747490 343
1747500 344
1747510 345
1747520 346
1747530 347
1747540 348
1747550 348
1747560 349
1747570 350
1747580 351
1747590 351
1747600 352
1747610 352
1747620 353
1747630 353
1747640 353
1747650 354
1747660 354
1747670 354
1747680 355
1747690 355
1747700 356
1747710 356
1747720 356
1747730 357
1747740 357
1747750 357
1747760 357
1747770 357
1747780 358
1747790 358
1747800 358
1747810 358
1747820 358
1747830 359
1747840 359
1747850 359
1747860 360
1747870 360
1747880 361
1747890 361
1747900 362
1747910 362
1747920 363
1747930 363
1747940 363
1747950 364
1747960 364
1747970 365
1747980 365
1747990 365
1748000 365
1748010 366
1748020 366
1748030 366
1748040 366
1748050 366
1748060 366
1748070 366
1748080 366
1748090 366
1748100 366
1748110 366
1748120 366
1748130 365
1748140 365
1748150 365
1748160 364
1748170 364
1748180 364
1748190 364
1748200 363
1748210 363
1748220 363
1748230 362
1748240 362
1748250 362
1748260 361
1748270 361
1748280 361
1748290 361
1748300 360
1748310 360
1748320 360
1748330 359
1748340 359
1748350 359
1748360 358
1748370 358
1748380 357
1748390 357
1748400 357
1748410 356
1748420 356
1748430 356
1748440 356
1748450 355
1748460 355
1748470 354
1748480 354
1748490 353
1748500 353
1748510 352
1748520 352
1748530 351
1748540 351
1748550 351
1748560 350
1748570 350
1748580 349
1748590 349
1748600 348
1748610 348
1748620 347
1748630 346
1748640 346
1748650 345
1748660 345
1748670 344
1748680 344
1748690 343
1748700 342
1748710 342
1748720 341
1748730 341
1748740 340
1748750 340
1748760 339
1748770 339
1748780 338
1748790 337
1748800 336
1748810 335
1748820 334
1748830 333
1748840 332
1748850 330
1748860 328
1748870 326
1748880 325
1748890 325
1748900 325
1748910 325
1748920 325
1748930 326
1748940 327
1748950 328
1748960 329
1748970 331
1748980 332
1748990 333
1749000 335
1749010 336
1749020 337
1749030 337
1749040 338
1749050 339
1749060 340
1749070 341
1749080 342
1749090 342
1749100 343
1749110 344
1749120 344
1749130 345
1749140 345
1749150 346
1749160 346
1749170 347
1749180 347
1749190 347
1749200 348
1749210 348
1749220 349
1749230 349
1749240 349
1749250 349
1749260 349
1749270 348
1749280 348
1749290 348
1749300 348
1749310 349
1749320 350
1749330 350
1749340 350
1749350 350
1749360 351
1749370 352
1749380 353
1749390 353
1749400 354
1749410 354
1749420 355
1749430 355
1749440 356
1749450 356
1749460 356
1749470 357
1749480 357
1749490 358
1749500 358
1749510 358
1749520 358
1749530 358
1749540 359
1749550 360
1749560 360
1749570 361
1749580 362
1749590 362
1749600 363
1749610 364
1749620 365
1749630 366
1749640 366
1749650 367
1749660 368
1749670 368
1749680 368
1749690 368
1749700 368
1749710 368
1749720 368
1749730 368
1749740 368
1749750 368
1749760 368
1749770 367
1749780 367
1749790 367
1749800 367
1749810 367
1749820 366
1749830 366
1749840 366
1749850 366
1749860 365
1749870 365
1749880 365
1749890 364
1749900 364
1749910 364
1749920 363
1749930 363
1749940 362
1749950 362
1749960 361
1749970 360
1749980 359
1749990 359
1750000 358
1750010 358
1750020 357
1750030 357
1750040 356
1750050 356
1750060 355
1750070 355
1750080 354
1750090 353
1750100 353
1750110 352
1750120 351
1750130 350
1750140 350
1750150 349
1750160 349
1750170 347
1750180 346
1750190 346
1750200 345
1750210 343
1750220 342
1750230 344
1750240 345
1750250 347
1750260 348
1750270 348
1750280 348
1750290 349
1750300 349
1750310 349
1750320 350
1750330 350
1750340 351
1750350 351
1750360 352
1750370 352
1750380 353
1750390 353
1750400 354
1750410 354
1750420 355
1750430 355
1750440 355
1750450 356
1750460 356
1750470 356
1750480 356
1750490 356
1750500 357
1750510 357
1750520 357
1750530 357
1750540 357
1750550 356
1750560 357
1750570 358
1750580 359
1750590 359
1750600 360
1750610 360
1750620 361
1750630 361
1750640 362
1750650 361
1750660 361
1750670 361
1750680 364
1750690 366
1750700 368
1750710 369
1750720 370
1750730 371
1750740 371
1750750 372
1750760 373
1750770 373
1750780 374
1750790 374
1750800 375
1750810 375
1750820 375
1750830 376
1750840 376
1750850 377
1750860 378
1750870 378
1750880 379
1750890 380
1750900 380
1750910 381
1750920 381
1750930 381
1750940 382
1750950 382
1750960 382
1750970 383
1750980 383
1750990 384
1751000 384
1751010 384
1751020 385
1751030 386
1751040 386
1751050 387
1751060 387
1751070 388
1751080 388
1751090 389
1751100 389
1751110 390
1751120 390
1751130 391
1751140 391
1751150 392
1751160 392
1751170 393
1751180 393
1751190 394
1751200 394
1751210 394
1751220 395
1751230 395
1751240 396
1751250 396
1751260 397
1751270 397
1751280 398
1751290 398
1751300 399
1751310 399
1751320 399
1751330 400
1751340 400
1751350 401
1751360 401
1751370 401
1751380 402
1751390 402
1751400 403
1751410 403
1751420 403
1751430 403
1751440 403
1751450 404
1751460 404
1751470 404
1751480 404
1751490 404
1751500 404
1751510 405
1751520 405
1751530 405
1751540 405
1751550 405
1751560 405
1751570 405
1751580 405
1751590 405
1751600 405
1751610 405
1751620 405
1751630 404
1751640 404
1751650 404
1751660 404
1751670 403
1751680 403
1751690 402
1751700 402
1751710 401
1751720 401
1751730 401
1751740 401
1751750 400
1751760 400
1751770 400
1751780 400
1751790 400
1751800 400
1751810 399
1751820 399
1751830 399
1751840 399
1751850 398
1751860 398
1751870 398
1751880 398
1751890 397
1751900 397
1751910 397
1751920 397
1751930 397
1751940 397
1751950 397
1751960 397
1751970 397
1751980 397
1751990 398
1752000 398
1752010 398
1752020 398
1752030 397
1752040 397
1752050 396
1752060 396
1752070 395
1752080 394
1752090 393
1752100 392
1752110 392
1752120 391
1752130 390
1752140 389
1752150 388
1752160 387
1752170 386
1752180 385
1752190 384
1752200 383
1752210 382
1752220 381
1752230 380
1752240 379
1752250 378
1752260 376
1752270 375
1752280 374
1752290 373
1752300 372
1752310 371
1752320 369
1752330 368
1752340 367
1752350 366
1752360 365
1752370 363
1752380 362
1752390 360
1752400 358
1752410 356
1752420 354
1752430 353
1752440 351
1752450 350
1752460 349
1752470 348
1752480 347
1752490 346
1752500 345
1752510 344
1752520 343
1752530 342
1752540 341
1752550 340
1752560 339
1752570 338
1752580 337
1752590 336
1752600 336
1752610 335
1752620 334
1752630 333
1752640 332
1752650 331
1752660 330
1752670 329
1752680 329
1752690 328
1752700 328
1752710 327
1752720 326
1752730 326
1752740 325
1752750 325
1752760 324
1752770 323
1752780 323
1752790 322
1752800 321
1752810 321
1752820 320
1752830 319
1752840 318
1752850 317
1752860 316
1752870 315
1752880 314
1752890 314
1752900 313
1752910 312
1752920 311
1752930 311
1752940 310
1752950 309
1752960 309
1752970 308
1752980 307
1752990 305
1753000 304
1753010 303
1753020 301
1753030 299
1753040 296
1753050 293
1753060 290
1753070 288
1753080 286
1753090 286
1753100 285
1753110 285
1753120 285
1753130 285
1753140 285
1753150 285
1753160 284
1753170 284
1753180 284
1753190 283
1753200 281
1753210 283
1753220 284
1753230 284
1753240 284
1753250 284
1753260 284
1753270 284
1753280 284
1753290 284
1753300 284
1753310 285
1753320 285
1753330 285
1753340 286
1753350 287
1753360 288
1753370 288
1753380 289
1753390 291
1753400 294
1753410 297
1753420 300
1753430 303
1753440 307
1753450 309
1753460 311
1753470 313
1753480 315
1753490 317
1753500 318
1753510 319
1753520 321
1753530 322
1753540 323
1753550 325
1753560 326
1753570 327
1753580 328
1753590 329
1753600 330
1753610 330
1753620 331
1753630 331
1753640 332
1753650 333
1753660 333
1753670 334
1753680 334
1753690 335
1753700 336
1753710 336
1753720 337
1753730 337
1753740 338
1753750 338
1753760 338
1753770 339
1753780 339
1753790 340
1753800 340
1753810 341
1753820 341
1753830 341
1753840 341
1753850 342
1753860 342
1753870 342
1753880 343
1753890 343
1753900 344
1753910 345
1753920 346
1753930 347
1753940 348
1753950 349
1753960 350
1753970 351
1753980 351
1753990 352
1754000 352
1754010 353
1754020 354
1754030 355
1754040 355
1754050 355
1754060 355
1754070 356
1754080 356
1754090 357
1754100 357
1754110 358
1754120 359
1754130 359
1754140 360
1754150 361
1754160 362
1754170 362
1754180 363
1754190 364
1754200 364
1754210 365
1754220 365
1754230 365
1754240 366
1754250 366
1754260 366
1754270 367
1754280 367
1754290 368
1754300 369
1754310 370
1754320 370
1754330 371
1754340 371
1754350 371
1754360 372
1754370 372
1754380 372
1754390 373
1754400 373
1754410 374
1754420 375
1754430 376
1754440 377
1754450 378
1754460 379
1754470 380
1754480 381
1754490 382
1754500 383
1754510 384
1754520 385
1754530 386
1754540 386
1754550 387
1754560 387
1754570 387
1754580 388
1754590 388
1754600 389
1754610 389
1754620 390
1754630 391
1754640 392
1754650 393
1754660 393
1754670 394
1754680 395
1754690 396
1754700 397
1754710 398
1754720 399
1754730 401
1754740 402
1754750 403
1754760 405
1754770 406
1754780 407
1754790 407
1754800 408
1754810 409
1754820 409
1754830 410
1754840 411
1754850 411
1754860 412
1754870 413
1754880 414
1754890 415
1754900 416
1754910 416
1754920 417
1754930 418
1754940 419
1754950 420
1754960 420
1754970 421
1754980 422
1754990 422
1755000 422
1755010 423
1755020 423
1755030 422
1755040 422
1755050 422
1755060 422
1755070 422
1755080 421
1755090 421
1755100 421
1755110 421
1755120 420
1755130 420
1755140 420
1755150 419
1755160 419
1755170 419
1755180 419
1755190 419
1755200 418
1755210 418
1755220 418
1755230 418
1755240 418
1755250 417
1755260 417
1755270 417
1755280 417
1755290 417
1755300 416
1755310 416
1755320 416
1755330 416
1755340 415
1755350 415
1755360 415
1755370 415
1755380 414
1755390 414
1755400 414
1755410 414
1755420 413
1755430 413
1755440 413
1755450 412
1755460 412
1755470 412
1755480 411
1755490 411
1755500 410
1755510 410
1755520 410
1755530 410
1755540 409
1755550 409
1755560 408
1755570 408
1755580 407
1755590 408
1755600 408
1755610 408
1755620 407
1755630 407
1755640 406
1755650 405
1755660 404
1755670 403
1755680 403
1755690 402
1755700 402
1755710 401
1755720 401
1755730 400
1755740 399
1755750 399
1755760 399
1755770 399
1755780 399
1755790 399
1755800 398
1755810 398
1755820 397
1755830 396
1755840 396
1755850 395
1755860 395
1755870 394
1755880 394
1755890 394
1755900 394
1755910 393
1755920 393
1755930 393
1755940 393
1755950 393
1755960 393
1755970 393
1755980 393
1755990 392
1756000 392
1756010 392
1756020 392
1756030 392
1756040 391
1756050 391
1756060 391
1756070 390
1756080 390
1756090 390
1756100 390
1756110 390
1756120 389
1756130 389
1756140 389
1756150 388
1756160 388
1756170 387
1756180 387
1756190 386
1756200 386
1756210 385
1756220 385
1756230 384
1756240 382
1756250 380
1756260 379
1756270 379
1756280 379
1756290 378
1756300 378
1756310 380
1756320 380
1756330 380
1756340 378
1756350 377
1756360 376
1756370 378
1756380 380
1756390 381
1756400 382
1756410 383
1756420 384
1756430 384
1756440 385
1756450 385
1756460 386
1756470 386
1756480 386
1756490 386
1756500 386
1756510 386
1756520 385
1756530 385
1756540 385
1756550 385
1756560 385
1756570 384
1756580 383
1756590 382
1756600 381
1756610 380
1756620 378
1756630 377
1756640 376
1756650 375
1756660 373
1756670 371
1756680 369
1756690 367
1756700 366
1756710 364
1756720 363
1756730 362
1756740 361
1756750 360
1756760 358
1756770 356
1756780 354
1756790 352
1756800 349
1756810 347
1756820 344
1756830 340
1756840 338
1756850 340
1756860 342
1756870 344
1756880 346
1756890 347
1756900 348
1756910 350
1756920 351
1756930 352
1756940 353
1756950 354
1756960 355
1756970 356
1756980 357
1756990 358
1757000 359
1757010 359
1757020 360
1757030 360
1757040 360
1757050 360
1757060 360
1757070 360
1757080 359
1757090 359
1757100 358
1757110 358
1757120 357
1757130 357
1757140 357
1757150 356
1757160 356
1757170 356
1757180 355
1757190 355
1757200 355
1757210 354
1757220 354
1757230 353
1757240 352
1757250 352
1757260 351
1757270 350
1757280 350
1757290 349
1757300 349
1757310 348
1757320 348
1757330 348
1757340 347
1757350 346
1757360 346
1757370 345
1757380 345
1757390 344
1757400 343
1757410 343
1757420 342
1757430 341
1757440 340
1757450 340
1757460 339
1757470 339
1757480 338
1757490 338
1757500 337
1757510 336
1757520 336
1757530 335
1757540 335
1757550 334
1757560 334
1757570 333
1757580 333
1757590 333
1757600 332
1757610 332
1757620 332
1757630 332
1757640 331
1757650 331
1757660 331
1757670 330
1757680 330
1757690 330
1757700 329
1757710 329
1757720 328
1757730 329
1757740 329
1757750 329
1757760 329
1757770 328
1757780 328
1757790 328
1757800 328
1757810 327
1757820 327
1757830 327
1757840 327
1757850 327
1757860 328
1757870 328
1757880 327
1757890 327
1757900 327
1757910 327
1757920 327
1757930 327
1757940 327
1757950 327
1757960 327
1757970 327
1757980 327
1757990 327
1758000 327
1758010 327
1758020 327
1758030 328
1758040 328
1758050 328
1758060 328
1758070 329
1758080 329
1758090 329
1758100 329
1758110 329
1758120 329
1758130 329
1758140 329
1758150 329
1758160 329
1758170 329
1758180 329
1758190 330
1758200 330
1758210 330
1758220 330
1758230 330
1758240 331
1758250 331
1758260 331
1758270 331
1758280 332
1758290 332
1758300 332
1758310 332
1758320 333
1758330 333
1758340 333
1758350 333
1758360 334
1758370 334
1758380 334
1758390 334
1758400 334
1758410 334
1758420 334
1758430 334
1758440 334
1758450 334
1758460 334
1758470 334
1758480 334
1758490 334
1758500 334
1758510 334
1758520 334
1758530 334
1758540 334
1758550 334
1758560 334
1758570 334
1758580 334
1758590 333
1758600 333
1758610 332
1758620 332
1758630 332
1758640 332
1758650 332
1758660 332
1758670 331
1758680 331
1758690 331
1758700 331
1758710 331
1758720 331
1758730 331
1758740 330
1758750 330
1758760 330
1758770 330
1758780 329
1758790 329
1758800 328
1758810 328
1758820 328
1758830 327
1758840 327
1758850 327
1758860 326
1758870 326
1758880 326
1758890 325
1758900 325
1758910 324
1758920 324
1758930 323
1758940 323
1758950 323
1758960 322
1758970 322
1758980 321
1758990 321
1759000 320
1759010 320
1759020 319
1759030 319
1759040 318
1759050 318
1759060 317
1759070 317
1759080 316
1759090 315
1759100 314
1759110 313
1759120 312
1759130 311
1759140 308
1759150 305
1759160 303
1759170 302
1759180 301
1759190 301
1759200 301
1759210 300
1759220 299
1759230 298
1759240 298
1759250 299
1759260 299
1759270 300
1759280 300
1759290 300
1759300 300
1759310 299
1759320 300
1759330 302
1759340 303
1759350 304
1759360 305
1759370 305
1759380 305
1759390 305
1759400 306
1759410 306
1759420 307
1759430 307
1759440 308
1759450 309
1759460 311
1759470 312
1759480 313
1759490 315
1759500 316
1759510 317
1759520 319
1759530 321
1759540 322
1759550 324
1759560 327
1759570 329
1759580 331
1759590 333
1759600 335
1759610 336
1759620 338
1759630 338
1759640 339
1759650 340
1759660 340
1759670 340
1759680 340
1759690 341
1759700 341
1759710 340
1759720 340
1759730 340
1759740 339
1759750 338
1759760 338
1759770 337
1759780 336
1759790 335
1759800 334
1759810 334
1759820 333
1759830 333
1759840 333
1759850 332
1759860 332
1759870 332
1759880 332
1759890 332
1759900 332
1759910 332
1759920 331
1759930 331
1759940 331
1759950 331
1759960 331
1759970 331
1759980 331
1759990 331
