1740000 282
1740010 282
1740020 282
1740030 282
1740040 281
1740050 282
1740060 282
1740070 282
1740080 282
1740090 282
1740100 282
1740110 283
1740120 283
1740130 283
1740140 282
1740150 282
1740160 282
1740170 282
1740180 282
1740190 283
1740200 284
1740210 284
1740220 284
1740230 284
1740240 283
1740250 283
1740260 283
1740270 283
1740280 283
1740290 284
1740300 284
1740310 284
1740320 283
1740330 283
1740340 283
1740350 283
1740360 283
1740370 283
1740380 283
1740390 283
1740400 284
1740410 284
1740420 284
1740430 283
1740440 283
1740450 283
1740460 283
1740470 283
1740480 284
1740490 284
1740500 284
1740510 284
1740520 284
1740530 284
1740540 284
1740550 283
1740560 283
1740570 283
1740580 284
1740590 283
1740600 283
1740610 283
1740620 284
1740630 284
1740640 284
1740650 284
1740660 284
1740670 283
1740680 283
1740690 284
1740700 284
1740710 283
1740720 283
1740730 284
1740740 284
1740750 284
1740760 284
1740770 284
1740780 284
1740790 284
1740800 284
1740810 284
1740820 284
1740830 285
1740840 285
1740850 285
1740860 284
1740870 284
1740880 284
1740890 284
1740900 284
1740910 284
1740920 285
1740930 285
1740940 285
1740950 285
1740960 284
1740970 284
1740980 284
1740990 284
1741000 284
1741010 284
1741020 284
1741030 284
1741040 284
1741050 284
1741060 284
1741070 284
1741080 284
1741090 284
1741100 284
1741110 284
1741120 284
1741130 284
1741140 284
1741150 284
1741160 284
1741170 284
1741180 284
1741190 284
1741200 284
1741210 284
1741220 284
1741230 284
1741240 284
1741250 284
1741260 284
1741270 284
1741280 284
1741290 284
1741300 284
1741310 284
1741320 285
1741330 285
1741340 285
1741350 285
1741360 285
1741370 285
1741380 285
1741390 285
1741400 284
1741410 284
1741420 283
1741430 283
1741440 282
1741450 282
1741460 281
1741470 281
1741480 280
1741490 280
1741500 280
1741510 279
1741520 279
1741530 279
1741540 279
1741550 279
1741560 279
1741570 279
1741580 279
1741590 280
1741600 280
1741610 282
1741620 285
1741630 288
1741640 290
1741650 293
1741660 294
1741670 295
1741680 295
1741690 295
1741700 295
1741710 295
1741720 295
1741730 295
1741740 295
1741750 295
1741760 295
1741770 295
1741780 295
1741790 295
1741800 295
1741810 295
1741820 295
1741830 295
1741840 295
1741850 295
1741860 295
1741870 295
1741880 295
1741890 295
1741900 295
1741910 295
1741920 295
1741930 295
1741940 295
1741950 295
1741960 295
1741970 295
1741980 295
1741990 295
1742000 295
1742010 295
1742020 295
1742030 295
1742040 295
1742050 295
1742060 296
1742070 296
1742080 296
1742090 296
1742100 296
1742110 296
1742120 296
1742130 296
1742140 296
1742150 296
1742160 296
1742170 296
1742180 296
1742190 296
1742200 296
1742210 296
1742220 296
1742230 296
1742240 296
1742250 296
1742260 296
1742270 296
1742280 296
1742290 296
1742300 296
1742310 296
1742320 296
1742330 296
1742340 296
1742350 296
1742360 296
1742370 296
1742380 296
1742390 296
1742400 296
1742410 296
1742420 296
1742430 296
1742440 296
1742450 296
1742460 296
1742470 296
1742480 296
1742490 296
1742500 296
1742510 296
1742520 296
1742530 296
1742540 296
1742550 296
1742560 296
1742570 297
1742580 296
1742590 296
1742600 296
1742610 296
1742620 297
1742630 297
1742640 297
1742650 297
1742660 297
1742670 297
1742680 297
1742690 297
1742700 297
1742710 298
1742720 298
1742730 298
1742740 299
1742750 299
1742760 299
1742770 299
1742780 299
1742790 299
1742800 299
1742810 299
1742820 299
1742830 299
1742840 299
1742850 299
1742860 299
1742870 299
1742880 299
1742890 299
1742900 299
1742910 300
1742920 300
1742930 300
1742940 300
1742950 300
1742960 300
1742970 301
1742980 301
1742990 301
1743000 301
1743010 302
1743020 302
1743030 302
1743040 302
1743050 303
1743060 303
1743070 303
1743080 303
1743090 304
1743100 304
1743110 305
1743120 305
1743130 305
1743140 306
1743150 306
1743160 306
1743170 307
1743180 307
1743190 307
1743200 307
1743210 308
1743220 308
1743230 308
1743240 309
1743250 309
1743260 310
1743270 310
1743280 311
1743290 311
1743300 312
1743310 312
1743320 312
1743330 313
1743340 313
1743350 313
1743360 314
1743370 314
1743380 314
1743390 314
1743400 315
1743410 315
1743420 315
1743430 315
1743440 315
1743450 315
1743460 316
1743470 316
1743480 316
1743490 316
1743500 316
1743510 316
1743520 316
1743530 316
1743540 316
1743550 316
1743560 316
1743570 316
1743580 316
1743590 316
1743600 316
1743610 317
1743620 317
1743630 317
1743640 317
1743650 317
1743660 317
1743670 317
1743680 317
1743690 317
1743700 317
1743710 317
1743720 317
1743730 317
1743740 317
1743750 317
1743760 317
1743770 317
1743780 317
1743790 317
1743800 317
1743810 317
1743820 316
1743830 316
1743840 316
1743850 316
1743860 316
1743870 316
1743880 316
1743890 316
1743900 316
1743910 315
1743920 315
1743930 315
1743940 315
1743950 315
1743960 315
1743970 315
1743980 315
1743990 315
1744000 314
1744010 314
1744020 314
1744030 314
1744040 313
1744050 313
1744060 313
1744070 313
1744080 312
1744090 312
1744100 311
1744110 311
1744120 311
1744130 310
1744140 310
1744150 310
1744160 309
1744170 309
1744180 309
1744190 308
1744200 308
1744210 308
1744220 307
1744230 307
1744240 307
1744250 306
1744260 306
1744270 306
1744280 306
1744290 306
1744300 306
1744310 306
1744320 306
1744330 306
1744340 306
1744350 307
1744360 307
1744370 307
1744380 307
1744390 308
1744400 308
1744410 308
1744420 308
1744430 308
1744440 308
1744450 308
1744460 308
1744470 308
1744480 308
1744490 308
1744500 307
1744510 307
1744520 307
1744530 307
1744540 306
1744550 306
1744560 306
1744570 306
1744580 305
1744590 305
1744600 305
1744610 305
1744620 304
1744630 304
1744640 304
1744650 303
1744660 303
1744670 303
1744680 302
1744690 302
1744700 302
1744710 302
1744720 302
1744730 302
1744740 302
1744750 302
1744760 302
1744770 302
1744780 301
1744790 301
1744800 301
1744810 301
1744820 300
1744830 300
1744840 300
1744850 300
1744860 299
1744870 299
1744880 299
1744890 299
1744900 299
1744910 299
1744920 299
1744930 298
1744940 298
1744950 298
1744960 298
1744970 298
1744980 298
1744990 297
1745000 297
1745010 297
1745020 296
1745030 296
1745040 295
1745050 295
1745060 294
1745070 294
1745080 293
1745090 293
1745100 292
1745110 292
1745120 291
1745130 291
1745140 291
1745150 290
1745160 290
1745170 289
1745180 288
1745190 288
1745200 287
1745210 286
1745220 285
1745230 284
1745240 284
1745250 283
1745260 283
1745270 283
1745280 282
1745290 282
1745300 282
1745310 281
1745320 281
1745330 281
1745340 281
1745350 280
1745360 280
1745370 280
1745380 280
1745390 281
1745400 281
1745410 281
1745420 282
1745430 282
1745440 283
1745450 284
1745460 285
1745470 286
1745480 288
1745490 289
1745500 291
1745510 292
1745520 292
1745530 293
1745540 293
1745550 294
1745560 294
1745570 295
1745580 295
1745590 296
1745600 296
1745610 296
1745620 296
1745630 297
1745640 297
1745650 297
1745660 297
1745670 297
1745680 297
1745690 297
1745700 297
1745710 297
1745720 297
1745730 297
1745740 297
1745750 297
1745760 297
1745770 297
1745780 297
1745790 297
1745800 298
1745810 298
1745820 298
1745830 298
1745840 299
1745850 299
1745860 299
1745870 300
1745880 300
1745890 301
1745900 301
1745910 301
1745920 301
1745930 302
1745940 302
1745950 302
1745960 302
1745970 303
1745980 303
1745990 303
1746000 303
1746010 303
1746020 304
1746030 303
1746040 303
1746050 303
1746060 302
1746070 302
1746080 302
1746090 302
1746100 302
1746110 302
1746120 301
1746130 301
1746140 301
1746150 301
1746160 301
1746170 301
1746180 301
1746190 302
1746200 302
1746210 302
1746220 302
1746230 302
1746240 302
1746250 301
1746260 301
1746270 301
1746280 301
1746290 301
1746300 301
1746310 300
1746320 300
1746330 300
1746340 300
1746350 299
1746360 299
1746370 298
1746380 297
1746390 296
1746400 296
1746410 295
1746420 295
1746430 295
1746440 296
1746450 296
1746460 297
1746470 297
1746480 298
1746490 298
1746500 298
1746510 298
1746520 298
1746530 298
1746540 299
1746550 299
1746560 299
1746570 299
1746580 299
1746590 299
1746600 299
1746610 299
1746620 299
1746630 299
1746640 299
1746650 299
1746660 299
1746670 300
1746680 300
1746690 300
1746700 300
1746710 300
1746720 300
1746730 300
1746740 300
1746750 300
1746760 300
1746770 300
1746780 299
1746790 299
1746800 299
1746810 298
1746820 298
1746830 297
1746840 297
1746850 296
1746860 295
1746870 295
1746880 294
1746890 293
1746900 293
1746910 292
1746920 292
1746930 292
1746940 291
1746950 291
1746960 291
1746970 289
1746980 287
1746990 284
1747000 283
1747010 285
1747020 288
1747030 290
1747040 291
1747050 293
1747060 295
1747070 297
1747080 299
1747090 301
1747100 303
1747110 306
1747120 307
1747130 309
1747140 311
1747150 312
1747160 313
1747170 314
1747180 314
1747190 315
1747200 315
1747210 316
1747220 316
1747230 316
1747240 316
1747250 316
1747260 316
1747270 316
1747280 316
1747290 315
1747300 315
1747310 315
1747320 315
1747330 314
1747340 314
1747350 314
1747360 313
1747370 313
1747380 312
1747390 312
1747400 311
1747410 310
1747420 309
1747430 309
1747440 308
1747450 308
1747460 307
1747470 307
1747480 306
1747490 305
1747500 304
1747510 303
1747520 303
1747530 302
1747540 302
1747550 301
1747560 301
1747570 300
1747580 300
1747590 299
1747600 299
1747610 298
1747620 297
1747630 297
1747640 297
1747650 296
1747660 294
1747670 292
1747680 291
1747690 290
1747700 289
1747710 288
1747720 287
1747730 287
1747740 286
1747750 285
1747760 284
1747770 283
1747780 283
1747790 283
1747800 283
1747810 281
1747820 280
1747830 280
1747840 281
1747850 282
1747860 282
1747870 283
1747880 283
1747890 283
1747900 283
1747910 284
1747920 284
1747930 284
1747940 283
1747950 283
1747960 283
1747970 283
1747980 283
1747990 282
1748000 282
1748010 282
1748020 282
1748030 282
1748040 282
1748050 281
1748060 281
1748070 281
1748080 281
1748090 280
1748100 280
1748110 280
1748120 280
1748130 279
1748140 279
1748150 279
1748160 279
1748170 278
1748180 278
1748190 278
1748200 278
1748210 278
1748220 277
1748230 277
1748240 276
1748250 276
1748260 275
1748270 275
1748280 275
1748290 274
1748300 274
1748310 274
1748320 273
1748330 273
1748340 272
1748350 272
1748360 272
1748370 271
1748380 271
1748390 270
1748400 270
1748410 269
1748420 269
1748430 268
1748440 267
1748450 266
1748460 266
1748470 265
1748480 264
1748490 264
1748500 264
1748510 264
1748520 264
1748530 263
1748540 263
1748550 262
1748560 262
1748570 262
1748580 262
1748590 262
1748600 262
1748610 263
1748620 263
1748630 263
1748640 263
1748650 263
1748660 263
1748670 263
1748680 263
1748690 263
1748700 263
1748710 263
1748720 263
1748730 263
1748740 263
1748750 263
1748760 263
1748770 263
1748780 263
1748790 263
1748800 263
1748810 263
1748820 263
1748830 263
1748840 263
1748850 263
1748860 263
1748870 263
1748880 263
1748890 263
1748900 263
1748910 263
1748920 263
1748930 263
1748940 262
1748950 262
1748960 262
1748970 262
1748980 262
1748990 262
1749000 262
1749010 262
1749020 262
1749030 262
1749040 262
1749050 262
1749060 262
1749070 262
1749080 262
1749090 262
1749100 262
1749110 262
1749120 262
1749130 262
1749140 262
1749150 262
1749160 262
1749170 262
1749180 262
1749190 262
1749200 262
1749210 262
1749220 262
1749230 262
1749240 262
1749250 263
1749260 263
1749270 263
1749280 263
1749290 264
1749300 264
1749310 264
1749320 265
1749330 265
1749340 265
1749350 266
1749360 266
1749370 266
1749380 266
1749390 266
1749400 266
1749410 266
1749420 267
1749430 267
1749440 267
1749450 267
1749460 267
1749470 267
1749480 267
1749490 267
1749500 267
1749510 267
1749520 267
1749530 267
1749540 268
1749550 268
1749560 268
1749570 268
1749580 268
1749590 268
1749600 268
1749610 268
1749620 269
1749630 269
1749640 269
1749650 269
1749660 269
1749670 269
1749680 269
1749690 269
1749700 269
1749710 269
1749720 269
1749730 270
1749740 270
1749750 270
1749760 270
1749770 270
1749780 270
1749790 270
1749800 271
1749810 271
1749820 271
1749830 271
1749840 271
1749850 272
1749860 272
1749870 272
1749880 272
1749890 272
1749900 272
1749910 272
1749920 272
1749930 272
1749940 273
1749950 273
1749960 273
1749970 273
1749980 273
1749990 274
1750000 274
1750010 274
1750020 274
1750030 274
1750040 274
1750050 274
1750060 275
1750070 275
1750080 275
1750090 275
1750100 275
1750110 275
1750120 276
1750130 276
1750140 276
1750150 276
1750160 276
1750170 276
1750180 276
1750190 276
1750200 276
1750210 276
1750220 276
1750230 276
1750240 276
1750250 276
1750260 276
1750270 276
1750280 276
1750290 276
1750300 276
1750310 276
1750320 276
1750330 276
1750340 276
1750350 276
1750360 276
1750370 276
1750380 276
1750390 275
1750400 275
1750410 275
1750420 275
1750430 275
1750440 275
1750450 275
1750460 275
1750470 275
1750480 275
1750490 275
1750500 275
1750510 274
1750520 274
1750530 274
1750540 274
1750550 274
1750560 273
1750570 273
1750580 273
1750590 273
1750600 273
1750610 273
1750620 273
1750630 274
1750640 274
1750650 274
1750660 275
1750670 275
1750680 275
1750690 275
1750700 275
1750710 276
1750720 276
1750730 276
1750740 276
1750750 276
1750760 276
1750770 277
1750780 277
1750790 277
1750800 277
1750810 277
1750820 277
1750830 278
1750840 278
1750850 278
1750860 278
1750870 278
1750880 279
1750890 279
1750900 279
1750910 279
1750920 280
1750930 280
1750940 280
1750950 280
1750960 281
1750970 281
1750980 282
1750990 282
1751000 282
1751010 282
1751020 282
1751030 282
1751040 283
1751050 283
1751060 283
1751070 284
1751080 284
1751090 284
1751100 285
1751110 285
1751120 285
1751130 286
1751140 286
1751150 286
1751160 287
1751170 287
1751180 287
1751190 288
1751200 288
1751210 288
1751220 289
1751230 289
1751240 290
1751250 290
1751260 290
1751270 291
1751280 291
1751290 292
1751300 292
1751310 293
1751320 293
1751330 293
1751340 293
1751350 294
1751360 294
1751370 294
1751380 295
1751390 295
1751400 295
1751410 295
1751420 295
1751430 295
1751440 296
1751450 296
1751460 296
1751470 296
1751480 296
1751490 296
1751500 296
1751510 296
1751520 296
1751530 295
1751540 295
1751550 295
1751560 295
1751570 295
1751580 295
1751590 295
1751600 295
1751610 295
1751620 294
1751630 294
1751640 294
1751650 294
1751660 294
1751670 293
1751680 293
1751690 293
1751700 293
1751710 292
1751720 292
1751730 292
1751740 292
1751750 292
1751760 292
1751770 292
1751780 292
1751790 292
1751800 291
1751810 291
1751820 291
1751830 290
1751840 290
1751850 290
1751860 290
1751870 291
1751880 291
1751890 292
1751900 292
1751910 293
1751920 293
1751930 294
1751940 294
1751950 295
1751960 295
1751970 296
1751980 296
1751990 296
1752000 296
1752010 297
1752020 297
1752030 297
1752040 297
1752050 297
1752060 298
1752070 298
1752080 298
1752090 298
1752100 299
1752110 299
1752120 299
1752130 299
1752140 300
1752150 300
1752160 300
1752170 300
1752180 300
1752190 300
1752200 300
1752210 300
1752220 300
1752230 300
1752240 300
1752250 300
1752260 299
1752270 299
1752280 299
1752290 298
1752300 298
1752310 297
1752320 297
1752330 296
1752340 296
1752350 295
1752360 295
1752370 294
1752380 294
1752390 294
1752400 293
1752410 293
1752420 292
1752430 292
1752440 291
1752450 290
1752460 289
1752470 288
1752480 288
1752490 287
1752500 286
1752510 285
1752520 284
1752530 284
1752540 283
1752550 283
1752560 282
1752570 282
1752580 281
1752590 281
1752600 280
1752610 280
1752620 280
1752630 280
1752640 280
1752650 281
1752660 281
1752670 281
1752680 281
1752690 281
1752700 281
1752710 281
1752720 281
1752730 281
1752740 280
1752750 280
1752760 280
1752770 279
1752780 279
1752790 278
1752800 278
1752810 277
1752820 276
1752830 276
1752840 276
1752850 276
1752860 275
1752870 274
1752880 274
1752890 273
1752900 273
1752910 272
1752920 271
1752930 271
1752940 270
1752950 270
1752960 270
1752970 270
1752980 270
1752990 269
1753000 268
1753010 267
1753020 266
1753030 264
1753040 262
1753050 261
1753060 259
1753070 258
1753080 257
1753090 256
1753100 256
1753110 255
1753120 255
1753130 255
1753140 255
1753150 255
1753160 255
1753170 255
1753180 255
1753190 255
1753200 255
1753210 255
1753220 255
1753230 255
1753240 254
1753250 254
1753260 254
1753270 254
1753280 253
1753290 253
1753300 253
1753310 253
1753320 253
1753330 252
1753340 252
1753350 252
1753360 252
1753370 252
1753380 252
1753390 252
1753400 252
1753410 252
1753420 253
1753430 253
1753440 253
1753450 252
1753460 251
1753470 251
1753480 251
1753490 253
1753500 253
1753510 253
1753520 253
1753530 252
1753540 252
1753550 252
1753560 252
1753570 252
1753580 252
1753590 252
1753600 252
1753610 252
1753620 252
1753630 252
1753640 252
1753650 252
1753660 252
1753670 253
1753680 253
1753690 253
1753700 253
1753710 253
1753720 254
1753730 255
1753740 259
1753750 263
1753760 266
1753770 268
1753780 270
1753790 271
1753800 272
1753810 274
1753820 275
1753830 276
1753840 277
1753850 278
1753860 278
1753870 279
1753880 280
1753890 280
1753900 281
1753910 281
1753920 282
1753930 282
1753940 283
1753950 283
1753960 284
1753970 284
1753980 285
1753990 286
1754000 287
1754010 287
1754020 288
1754030 289
1754040 290
1754050 291
1754060 291
1754070 292
1754080 293
1754090 294
1754100 295
1754110 296
1754120 297
1754130 298
1754140 298
1754150 299
1754160 300
1754170 301
1754180 302
1754190 303
1754200 304
1754210 304
1754220 305
1754230 306
1754240 307
1754250 308
1754260 309
1754270 311
1754280 312
1754290 313
1754300 314
1754310 315
1754320 317
1754330 319
1754340 321
1754350 322
1754360 324
1754370 325
1754380 326
1754390 327
1754400 328
1754410 329
1754420 330
1754430 331
1754440 332
1754450 333
1754460 334
1754470 335
1754480 336
1754490 337
1754500 338
1754510 339
1754520 340
1754530 341
1754540 342
1754550 343
1754560 344
1754570 345
1754580 346
1754590 347
1754600 347
1754610 348
1754620 349
1754630 350
1754640 351
1754650 351
1754660 352
1754670 353
1754680 353
1754690 354
1754700 354
1754710 355
1754720 355
1754730 356
1754740 356
1754750 357
1754760 357
1754770 358
1754780 358
1754790 358
1754800 358
1754810 359
1754820 359
1754830 359
1754840 359
1754850 360
1754860 360
1754870 360
1754880 360
1754890 360
1754900 360
1754910 360
1754920 360
1754930 360
1754940 360
1754950 360
1754960 361
1754970 361
1754980 361
1754990 361
1755000 361
1755010 361
1755020 361
1755030 361
1755040 361
1755050 362
1755060 362
1755070 362
1755080 362
1755090 363
1755100 364
1755110 364
1755120 365
1755130 366
1755140 367
1755150 367
1755160 368
1755170 369
1755180 369
1755190 370
1755200 370
1755210 371
1755220 372
1755230 372
1755240 372
1755250 373
1755260 373
1755270 374
1755280 374
1755290 374
1755300 374
1755310 375
1755320 375
1755330 375
1755340 375
1755350 376
1755360 376
1755370 376
1755380 376
1755390 376
1755400 376
1755410 376
1755420 377
1755430 377
1755440 377
1755450 377
1755460 377
1755470 377
1755480 377
1755490 377
1755500 377
1755510 377
1755520 377
1755530 377
1755540 376
1755550 376
1755560 376
1755570 376
1755580 376
1755590 376
1755600 377
1755610 376
1755620 376
1755630 376
1755640 376
1755650 376
1755660 375
1755670 375
1755680 374
1755690 374
1755700 374
1755710 374
1755720 374
1755730 374
1755740 373
1755750 373
1755760 372
1755770 372
1755780 371
1755790 371
1755800 370
1755810 370
1755820 369
1755830 369
1755840 368
1755850 367
1755860 366
1755870 365
1755880 365
1755890 364
1755900 364
1755910 363
1755920 363
1755930 362
1755940 362
1755950 362
1755960 362
1755970 361
1755980 361
1755990 361
1756000 360
1756010 360
1756020 360
1756030 359
1756040 359
1756050 359
1756060 359
1756070 358
1756080 358
1756090 358
1756100 357
1756110 357
1756120 357
1756130 357
1756140 357
1756150 357
1756160 357
1756170 356
1756180 356
1756190 356
1756200 356
1756210 355
1756220 355
1756230 355
1756240 355
1756250 354
1756260 355
1756270 353
1756280 353
1756290 355
1756300 355
1756310 356
1756320 356
1756330 356
1756340 356
1756350 356
1756360 357
1756370 357
1756380 357
1756390 356
1756400 356
1756410 356
1756420 356
1756430 356
1756440 356
1756450 355
1756460 355
1756470 355
1756480 355
1756490 355
1756500 355
1756510 355
1756520 355
1756530 355
1756540 355
1756550 355
1756560 355
1756570 355
1756580 354
1756590 354
1756600 354
1756610 353
1756620 353
1756630 352
1756640 352
1756650 351
1756660 351
1756670 351
1756680 350
1756690 350
1756700 350
1756710 349
1756720 349
1756730 349
1756740 348
1756750 348
1756760 348
1756770 347
1756780 347
1756790 347
1756800 347
1756810 347
1756820 346
1756830 346
1756840 345
1756850 345
1756860 344
1756870 344
1756880 343
1756890 343
1756900 343
1756910 343
1756920 342
1756930 342
1756940 342
1756950 342
1756960 342
1756970 342
1756980 342
1756990 342
1757000 342
1757010 342
1757020 342
1757030 342
1757040 342
1757050 341
1757060 342
1757070 342
1757080 342
1757090 342
1757100 342
1757110 343
1757120 343
1757130 343
1757140 343
1757150 343
1757160 342
1757170 342
1757180 342
1757190 341
1757200 341
1757210 340
1757220 338
1757230 338
1757240 338
1757250 339
1757260 340
1757270 341
1757280 341
1757290 342
1757300 342
1757310 342
1757320 342
1757330 342
1757340 342
1757350 342
1757360 342
1757370 341
1757380 340
1757390 341
1757400 342
1757410 341
1757420 340
1757430 340
1757440 341
1757450 342
1757460 343
1757470 344
1757480 347
1757490 350
1757500 351
1757510 352
1757520 354
1757530 355
1757540 356
1757550 357
1757560 358
1757570 359
1757580 360
1757590 361
1757600 362
1757610 363
1757620 364
1757630 365
1757640 366
1757650 367
1757660 367
1757670 368
1757680 369
1757690 370
1757700 370
1757710 371
1757720 371
1757730 372
1757740 373
1757750 373
1757760 374
1757770 374
1757780 374
1757790 373
1757800 373
1757810 374
1757820 375
1757830 376
1757840 377
1757850 377
1757860 378
1757870 379
1757880 380
1757890 381
1757900 382
1757910 384
1757920 385
1757930 386
1757940 387
1757950 388
1757960 389
1757970 390
1757980 392
1757990 393
1758000 394
1758010 395
1758020 396
1758030 397
1758040 397
1758050 398
1758060 399
1758070 401
1758080 402
1758090 403
1758100 405
1758110 406
1758120 406
1758130 407
1758140 407
1758150 408
1758160 408
1758170 409
1758180 409
1758190 410
1758200 411
1758210 411
1758220 412
1758230 412
1758240 413
1758250 413
1758260 413
1758270 414
1758280 414
1758290 414
1758300 415
1758310 415
1758320 415
1758330 415
1758340 415
1758350 415
1758360 416
1758370 416
1758380 416
1758390 415
1758400 415
1758410 415
1758420 415
1758430 415
1758440 415
1758450 415
1758460 415
1758470 414
1758480 414
1758490 414
1758500 414
1758510 414
1758520 413
1758530 413
1758540 413
1758550 412
1758560 412
1758570 412
1758580 412
1758590 411
1758600 411
1758610 411
1758620 410
1758630 410
1758640 409
1758650 409
1758660 408
1758670 408
1758680 407
1758690 407
1758700 406
1758710 406
1758720 405
1758730 404
1758740 404
1758750 403
1758760 403
1758770 402
1758780 401
1758790 401
1758800 400
1758810 399
1758820 398
1758830 397
1758840 397
1758850 396
1758860 395
1758870 394
1758880 394
1758890 393
1758900 392
1758910 391
1758920 389
1758930 386
1758940 384
1758950 382
1758960 380
1758970 379
1758980 378
1758990 378
1759000 379
1759010 379
1759020 379
1759030 379
1759040 379
1759050 379
1759060 378
1759070 378
1759080 377
1759090 377
1759100 376
1759110 376
1759120 375
1759130 375
1759140 374
1759150 373
1759160 373
1759170 372
1759180 372
1759190 372
1759200 372
1759210 372
1759220 372
1759230 372
1759240 372
1759250 371
1759260 371
1759270 371
1759280 371
1759290 370
1759300 370
1759310 370
1759320 369
1759330 368
1759340 367
1759350 367
1759360 367
1759370 367
1759380 367
1759390 367
1759400 368
1759410 369
1759420 371
1759430 371
1759440 372
1759450 373
1759460 373
1759470 374
1759480 374
1759490 374
1759500 375
1759510 375
1759520 375
1759530 375
1759540 375
1759550 375
1759560 375
1759570 375
1759580 375
1759590 375
1759600 375
1759610 375
1759620 375
1759630 375
1759640 375
1759650 374
1759660 372
1759670 373
1759680 374
1759690 375
1759700 376
1759710 376
1759720 376
1759730 376
1759740 376
1759750 376
1759760 375
1759770 375
1759780 375
1759790 375
1759800 375
1759810 375
1759820 375
1759830 375
1759840 375
1759850 375
1759860 375
1759870 376
1759880 376
1759890 376
1759900 376
1759910 376
1759920 376
1759930 376
1759940 376
1759950 376
1759960 376
1759970 376
1759980 376
1759990 376
