1740000 277
1740010 276
1740020 277
1740030 277
1740040 277
1740050 277
1740060 277
1740070 278
1740080 279
1740090 278
1740100 278
1740110 278
1740120 278
1740130 278
1740140 278
1740150 278
1740160 277
1740170 276
1740180 276
1740190 275
1740200 275
1740210 275
1740220 275
1740230 275
1740240 276
1740250 277
1740260 277
1740270 278
1740280 278
1740290 278
1740300 277
1740310 278
1740320 278
1740330 278
1740340 278
1740350 277
1740360 277
1740370 277
1740380 277
1740390 277
1740400 277
1740410 277
1740420 277
1740430 277
1740440 277
1740450 277
1740460 277
1740470 277
1740480 277
1740490 277
1740500 277
1740510 277
1740520 277
1740530 277
1740540 278
1740550 278
1740560 279
1740570 279
1740580 279
1740590 279
1740600 279
1740610 279
1740620 279
1740630 279
1740640 279
1740650 279
1740660 279
1740670 279
1740680 279
1740690 279
1740700 279
1740710 279
1740720 279
1740730 279
1740740 280
1740750 280
1740760 280
1740770 280
1740780 279
1740790 279
1740800 279
1740810 279
1740820 279
1740830 279
1740840 279
1740850 279
1740860 280
1740870 280
1740880 280
1740890 280
1740900 280
1740910 280
1740920 279
1740930 279
1740940 279
1740950 279
1740960 279
1740970 280
1740980 279
1740990 280
1741000 280
1741010 280
1741020 280
1741030 280
1741040 280
1741050 280
1741060 279
1741070 279
1741080 279
1741090 279
1741100 279
1741110 279
1741120 279
1741130 279
1741140 279
1741150 279
1741160 279
1741170 279
1741180 279
1741190 279
1741200 279
1741210 279
1741220 279
1741230 279
1741240 279
1741250 279
1741260 279
1741270 279
1741280 279
1741290 279
1741300 279
1741310 279
1741320 279
1741330 279
1741340 279
1741350 279
1741360 279
1741370 279
1741380 279
1741390 279
1741400 279
1741410 279
1741420 279
1741430 279
1741440 279
1741450 279
1741460 279
1741470 279
1741480 278
1741490 278
1741500 279
1741510 279
1741520 279
1741530 279
1741540 279
1741550 279
1741560 279
1741570 279
1741580 279
1741590 279
1741600 279
1741610 279
1741620 279
1741630 280
1741640 280
1741650 280
1741660 280
1741670 280
1741680 280
1741690 281
1741700 281
1741710 283
1741720 286
1741730 287
1741740 288
1741750 288
1741760 288
1741770 288
1741780 288
1741790 288
1741800 289
1741810 289
1741820 289
1741830 289
1741840 289
1741850 289
1741860 289
1741870 289
1741880 289
1741890 289
1741900 289
1741910 289
1741920 287
1741930 286
1741940 285
1741950 287
1741960 288
1741970 289
1741980 290
1741990 290
1742000 290
1742010 290
1742020 290
1742030 290
1742040 291
1742050 291
1742060 291
1742070 291
1742080 291
1742090 291
1742100 291
1742110 291
1742120 291
1742130 290
1742140 290
1742150 290
1742160 290
1742170 290
1742180 290
1742190 290
1742200 290
1742210 290
1742220 290
1742230 290
1742240 291
1742250 291
1742260 291
1742270 291
1742280 291
1742290 290
1742300 290
1742310 290
1742320 290
1742330 290
1742340 290
1742350 290
1742360 290
1742370 290
1742380 290
1742390 290
1742400 290
1742410 290
1742420 290
1742430 290
1742440 291
1742450 291
1742460 291
1742470 291
1742480 291
1742490 291
1742500 291
1742510 291
1742520 291
1742530 291
1742540 291
1742550 291
1742560 291
1742570 291
1742580 291
1742590 291
1742600 291
1742610 291
1742620 291
1742630 291
1742640 291
1742650 291
1742660 291
1742670 291
1742680 291
1742690 291
1742700 291
1742710 291
1742720 290
1742730 290
1742740 290
1742750 290
1742760 290
1742770 290
1742780 290
1742790 290
1742800 290
1742810 290
1742820 290
1742830 290
1742840 290
1742850 290
1742860 290
1742870 290
1742880 290
1742890 290
1742900 290
1742910 290
1742920 290
1742930 290
1742940 290
1742950 290
1742960 290
1742970 290
1742980 290
1742990 290
1743000 291
1743010 291
1743020 291
1743030 291
1743040 291
1743050 291
1743060 291
1743070 291
1743080 291
1743090 291
1743100 291
1743110 290
1743120 291
1743130 291
1743140 292
1743150 291
1743160 291
1743170 290
1743180 290
1743190 290
1743200 290
1743210 290
1743220 290
1743230 290
1743240 290
1743250 290
1743260 290
1743270 290
1743280 290
1743290 290
1743300 290
1743310 290
1743320 290
1743330 290
1743340 290
1743350 290
1743360 290
1743370 291
1743380 293
1743390 292
1743400 291
1743410 290
1743420 290
1743430 290
1743440 290
1743450 290
1743460 290
1743470 290
1743480 290
1743490 292
1743500 294
1743510 298
1743520 300
1743530 300
1743540 300
1743550 300
1743560 299
1743570 297
1743580 294
1743590 292
1743600 292
1743610 291
1743620 291
1743630 291
1743640 292
1743650 292
1743660 292
1743670 293
1743680 293
1743690 293
1743700 293
1743710 293
1743720 293
1743730 293
1743740 293
1743750 293
1743760 293
1743770 293
1743780 293
1743790 294
1743800 294
1743810 294
1743820 294
1743830 294
1743840 295
1743850 295
1743860 295
1743870 295
1743880 296
1743890 296
1743900 296
1743910 296
1743920 295
1743930 293
1743940 294
1743950 296
1743960 298
1743970 298
1743980 298
1743990 298
1744000 298
1744010 297
1744020 297
1744030 297
1744040 297
1744050 297
1744060 296
1744070 296
1744080 296
1744090 296
1744100 296
1744110 296
1744120 296
1744130 296
1744140 297
1744150 297
1744160 297
1744170 297
1744180 297
1744190 297
1744200 297
1744210 297
1744220 297
1744230 297
1744240 297
1744250 297
1744260 297
1744270 297
1744280 297
1744290 297
1744300 297
1744310 297
1744320 297
1744330 297
1744340 297
1744350 297
1744360 297
1744370 297
1744380 297
1744390 297
1744400 297
1744410 297
1744420 297
1744430 297
1744440 298
1744450 298
1744460 299
1744470 300
1744480 302
1744490 305
1744500 308
1744510 309
1744520 310
1744530 310
1744540 310
1744550 310
1744560 310
1744570 310
1744580 310
1744590 310
1744600 310
1744610 310
1744620 310
1744630 310
1744640 310
1744650 310
1744660 309
1744670 309
1744680 309
1744690 309
1744700 309
1744710 309
1744720 309
1744730 308
1744740 308
1744750 308
1744760 308
1744770 308
1744780 307
1744790 307
1744800 307
1744810 306
1744820 306
1744830 306
1744840 306
1744850 305
1744860 305
1744870 305
1744880 304
1744890 304
1744900 303
1744910 303
1744920 303
1744930 303
1744940 302
1744950 302
1744960 302
1744970 302
1744980 302
1744990 302
1745000 302
1745010 301
1745020 301
1745030 301
1745040 301
1745050 301
1745060 301
1745070 300
1745080 300
1745090 300
1745100 300
1745110 300
1745120 299
1745130 299
1745140 299
1745150 299
1745160 299
1745170 298
1745180 298
1745190 298
1745200 298
1745210 298
1745220 297
1745230 297
1745240 297
1745250 297
1745260 296
1745270 296
1745280 296
1745290 296
1745300 296
1745310 295
1745320 295
1745330 295
1745340 295
1745350 295
1745360 294
1745370 294
1745380 294
1745390 294
1745400 294
1745410 294
1745420 293
1745430 293
1745440 293
1745450 293
1745460 292
1745470 292
1745480 292
1745490 291
1745500 291
1745510 291
1745520 291
1745530 291
1745540 290
1745550 290
1745560 290
1745570 289
1745580 289
1745590 289
1745600 288
1745610 288
1745620 288
1745630 288
1745640 288
1745650 288
1745660 288
1745670 288
1745680 288
1745690 289
1745700 289
1745710 290
1745720 290
1745730 291
1745740 292
1745750 292
1745760 293
1745770 294
1745780 294
1745790 295
1745800 295
1745810 296
1745820 296
1745830 296
1745840 297
1745850 297
1745860 297
1745870 298
1745880 298
1745890 299
1745900 299
1745910 299
1745920 300
1745930 300
1745940 301
1745950 301
1745960 301
1745970 302
1745980 302
1745990 303
1746000 303
1746010 304
1746020 304
1746030 305
1746040 306
1746050 306
1746060 307
1746070 307
1746080 308
1746090 308
1746100 309
1746110 309
1746120 310
1746130 310
1746140 311
1746150 311
1746160 311
1746170 311
1746180 312
1746190 312
1746200 312
1746210 312
1746220 312
1746230 313
1746240 313
1746250 313
1746260 313
1746270 313
1746280 312
1746290 312
1746300 312
1746310 312
1746320 312
1746330 312
1746340 312
1746350 312
1746360 312
1746370 312
1746380 311
1746390 311
1746400 311
1746410 311
1746420 311
1746430 311
1746440 311
1746450 311
1746460 311
1746470 311
1746480 311
1746490 311
1746500 311
1746510 311
1746520 310
1746530 310
1746540 310
1746550 310
1746560 310
1746570 310
1746580 310
1746590 310
1746600 309
1746610 309
1746620 309
1746630 309
1746640 308
1746650 308
1746660 307
1746670 307
1746680 307
1746690 307
1746700 307
1746710 307
1746720 307
1746730 307
1746740 306
1746750 306
1746760 306
1746770 305
1746780 305
1746790 305
1746800 304
1746810 304
1746820 304
1746830 304
1746840 303
1746850 303
1746860 303
1746870 302
1746880 302
1746890 302
1746900 301
1746910 301
1746920 301
1746930 300
1746940 300
1746950 300
1746960 299
1746970 299
1746980 298
1746990 298
1747000 298
1747010 297
1747020 297
1747030 296
1747040 296
1747050 295
1747060 295
1747070 294
1747080 294
1747090 294
1747100 293
1747110 293
1747120 293
1747130 293
1747140 292
1747150 292
1747160 292
1747170 292
1747180 291
1747190 291
1747200 291
1747210 290
1747220 290
1747230 290
1747240 289
1747250 289
1747260 289
1747270 288
1747280 288
1747290 287
1747300 287
1747310 287
1747320 286
1747330 286
1747340 286
1747350 285
1747360 285
1747370 285
1747380 285
1747390 284
1747400 284
1747410 284
1747420 283
1747430 283
1747440 283
1747450 282
1747460 282
1747470 282
1747480 281
1747490 281
1747500 280
1747510 280
1747520 280
1747530 279
1747540 279
1747550 279
1747560 278
1747570 277
1747580 277
1747590 276
1747600 276
1747610 275
1747620 274
1747630 273
1747640 272
1747650 271
1747660 271
1747670 271
1747680 271
1747690 271
1747700 271
1747710 272
1747720 272
1747730 272
1747740 272
1747750 272
1747760 272
1747770 272
1747780 272
1747790 272
1747800 272
1747810 272
1747820 272
1747830 271
1747840 271
1747850 271
1747860 270
1747870 270
1747880 269
1747890 269
1747900 269
1747910 268
1747920 268
1747930 268
1747940 267
1747950 267
1747960 267
1747970 266
1747980 266
1747990 266
1748000 266
1748010 266
1748020 265
1748030 265
1748040 265
1748050 265
1748060 264
1748070 264
1748080 264
1748090 264
1748100 263
1748110 263
1748120 262
1748130 262
1748140 261
1748150 261
1748160 260
1748170 260
1748180 260
1748190 260
1748200 260
1748210 260
1748220 260
1748230 260
1748240 260
1748250 260
1748260 259
1748270 259
1748280 259
1748290 259
1748300 260
1748310 261
1748320 262
1748330 264
1748340 266
1748350 268
1748360 271
1748370 273
1748380 274
1748390 276
1748400 277
1748410 279
1748420 280
1748430 281
1748440 282
1748450 282
1748460 282
1748470 282
1748480 282
1748490 283
1748500 283
1748510 283
1748520 282
1748530 282
1748540 282
1748550 282
1748560 282
1748570 282
1748580 282
1748590 282
1748600 282
1748610 282
1748620 282
1748630 282
1748640 282
1748650 282
1748660 282
1748670 282
1748680 282
1748690 282
1748700 282
1748710 282
1748720 282
1748730 282
1748740 282
1748750 282
1748760 282
1748770 282
1748780 282
1748790 282
1748800 282
1748810 282
1748820 282
1748830 282
1748840 282
1748850 282
1748860 281
1748870 281
1748880 281
1748890 281
1748900 281
1748910 281
1748920 281
1748930 281
1748940 281
1748950 281
1748960 281
1748970 280
1748980 280
1748990 280
1749000 280
1749010 280
1749020 280
1749030 280
1749040 280
1749050 279
1749060 279
1749070 279
1749080 279
1749090 278
1749100 278
1749110 278
1749120 278
1749130 277
1749140 277
1749150 276
1749160 276
1749170 276
1749180 275
1749190 275
1749200 275
1749210 274
1749220 274
1749230 273
1749240 273
1749250 272
1749260 272
1749270 272
1749280 271
1749290 271
1749300 270
1749310 270
1749320 269
1749330 269
1749340 269
1749350 268
1749360 268
1749370 268
1749380 268
1749390 267
1749400 267
1749410 267
1749420 266
1749430 265
1749440 265
1749450 264
1749460 264
1749470 264
1749480 264
1749490 264
1749500 263
1749510 262
1749520 261
1749530 260
1749540 260
1749550 259
1749560 259
1749570 259
1749580 259
1749590 258
1749600 258
1749610 258
1749620 257
1749630 256
1749640 256
1749650 255
1749660 255
1749670 254
1749680 254
1749690 254
1749700 254
1749710 253
1749720 252
1749730 252
1749740 251
1749750 251
1749760 252
1749770 253
1749780 253
1749790 253
1749800 253
1749810 253
1749820 253
1749830 253
1749840 253
1749850 253
1749860 253
1749870 253
1749880 253
1749890 253
1749900 253
1749910 253
1749920 253
1749930 253
1749940 253
1749950 253
1749960 253
1749970 253
1749980 253
1749990 253
1750000 253
1750010 253
1750020 253
1750030 253
1750040 253
1750050 253
1750060 253
1750070 253
1750080 253
1750090 253
1750100 253
1750110 253
1750120 253
1750130 253
1750140 253
1750150 253
1750160 253
1750170 253
1750180 254
1750190 254
1750200 254
1750210 255
1750220 256
1750230 257
1750240 260
1750250 263
1750260 266
1750270 269
1750280 271
1750290 272
1750300 271
1750310 272
1750320 272
1750330 272
1750340 273
1750350 273
1750360 274
1750370 274
1750380 275
1750390 276
1750400 276
1750410 277
1750420 278
1750430 278
1750440 279
1750450 279
1750460 280
1750470 280
1750480 281
1750490 281
1750500 282
1750510 282
1750520 283
1750530 283
1750540 284
1750550 284
1750560 285
1750570 285
1750580 285
1750590 286
1750600 286
1750610 286
1750620 287
1750630 287
1750640 287
1750650 288
1750660 288
1750670 289
1750680 289
1750690 290
1750700 290
1750710 290
1750720 290
1750730 291
1750740 291
1750750 291
1750760 291
1750770 292
1750780 292
1750790 293
1750800 293
1750810 293
1750820 294
1750830 294
1750840 294
1750850 295
1750860 295
1750870 295
1750880 296
1750890 296
1750900 296
1750910 297
1750920 297
1750930 297
1750940 298
1750950 298
1750960 298
1750970 299
1750980 299
1750990 300
1751000 300
1751010 300
1751020 301
1751030 301
1751040 301
1751050 301
1751060 302
1751070 302
1751080 303
1751090 303
1751100 304
1751110 304
1751120 305
1751130 305
1751140 305
1751150 306
1751160 306
1751170 306
1751180 306
1751190 307
1751200 307
1751210 307
1751220 307
1751230 307
1751240 307
1751250 307
1751260 308
1751270 308
1751280 307
1751290 307
1751300 307
1751310 307
1751320 307
1751330 307
1751340 307
1751350 307
1751360 307
1751370 306
1751380 306
1751390 306
1751400 306
1751410 306
1751420 306
1751430 306
1751440 305
1751450 305
1751460 305
1751470 305
1751480 305
1751490 305
1751500 305
1751510 304
1751520 304
1751530 304
1751540 304
1751550 304
1751560 303
1751570 303
1751580 303
1751590 303
1751600 303
1751610 302
1751620 302
1751630 302
1751640 302
1751650 301
1751660 301
1751670 301
1751680 301
1751690 301
1751700 300
1751710 300
1751720 300
1751730 300
1751740 300
1751750 300
1751760 300
1751770 299
1751780 299
1751790 299
1751800 299
1751810 298
1751820 298
1751830 298
1751840 298
1751850 297
1751860 297
1751870 297
1751880 297
1751890 296
1751900 296
1751910 296
1751920 296
1751930 296
1751940 296
1751950 295
1751960 295
1751970 295
1751980 295
1751990 295
1752000 295
1752010 295
1752020 295
1752030 295
1752040 295
1752050 295
1752060 294
1752070 294
1752080 294
1752090 294
1752100 294
1752110 294
1752120 294
1752130 294
1752140 293
1752150 293
1752160 293
1752170 293
1752180 293
1752190 293
1752200 293
1752210 292
1752220 292
1752230 292
1752240 292
1752250 292
1752260 292
1752270 292
1752280 291
1752290 291
1752300 291
1752310 291
1752320 291
1752330 291
1752340 290
1752350 290
1752360 290
1752370 290
1752380 289
1752390 289
1752400 289
1752410 288
1752420 288
1752430 288
1752440 287
1752450 287
1752460 287
1752470 286
1752480 286
1752490 285
1752500 285
1752510 284
1752520 284
1752530 283
1752540 282
1752550 282
1752560 281
1752570 280
1752580 279
1752590 278
1752600 277
1752610 277
1752620 276
1752630 276
1752640 275
1752650 275
1752660 274
1752670 274
1752680 273
1752690 273
1752700 272
1752710 271
1752720 271
1752730 270
1752740 269
1752750 269
1752760 268
1752770 268
1752780 267
1752790 267
1752800 266
1752810 266
1752820 265
1752830 265
1752840 264
1752850 263
1752860 263
1752870 262
1752880 261
1752890 260
1752900 260
1752910 259
1752920 259
1752930 259
1752940 258
1752950 258
1752960 257
1752970 256
1752980 256
1752990 255
1753000 255
1753010 254
1753020 253
1753030 253
1753040 253
1753050 253
1753060 252
1753070 253
1753080 253
1753090 254
1753100 255
1753110 256
1753120 257
1753130 258
1753140 259
1753150 259
1753160 260
1753170 260
1753180 261
1753190 261
1753200 261
1753210 261
1753220 261
1753230 261
1753240 261
1753250 261
1753260 261
1753270 261
1753280 261
1753290 261
1753300 261
1753310 261
1753320 261
1753330 261
1753340 261
1753350 261
1753360 261
1753370 261
1753380 261
1753390 261
1753400 261
1753410 261
1753420 260
1753430 260
1753440 260
1753450 260
1753460 260
1753470 260
1753480 260
1753490 260
1753500 260
1753510 260
1753520 260
1753530 259
1753540 259
1753550 259
1753560 259
1753570 259
1753580 259
1753590 258
1753600 258
1753610 258
1753620 258
1753630 258
1753640 258
1753650 258
1753660 257
1753670 257
1753680 257
1753690 257
1753700 257
1753710 256
1753720 256
1753730 255
1753740 255
1753750 255
1753760 254
1753770 254
1753780 253
1753790 252
1753800 250
1753810 249
1753820 248
1753830 247
1753840 246
1753850 246
1753860 245
1753870 245
1753880 245
1753890 245
1753900 244
1753910 243
1753920 242
1753930 243
1753940 244
1753950 245
1753960 245
1753970 245
1753980 245
1753990 245
1754000 245
1754010 245
1754020 244
1754030 245
1754040 245
1754050 245
1754060 245
1754070 245
1754080 245
1754090 245
1754100 245
1754110 245
1754120 244
1754130 245
1754140 245
1754150 244
1754160 244
1754170 244
1754180 244
1754190 245
1754200 245
1754210 245
1754220 245
1754230 245
1754240 245
1754250 245
1754260 246
1754270 246
1754280 246
1754290 246
1754300 246
1754310 246
1754320 246
1754330 246
1754340 246
1754350 246
1754360 246
1754370 246
1754380 246
1754390 246
1754400 246
1754410 246
1754420 246
1754430 246
1754440 246
1754450 246
1754460 246
1754470 246
1754480 246
1754490 246
1754500 246
1754510 246
1754520 246
1754530 246
1754540 246
1754550 246
1754560 246
1754570 246
1754580 246
1754590 246
1754600 246
1754610 246
1754620 246
1754630 246
1754640 246
1754650 246
1754660 246
1754670 246
1754680 246
1754690 246
1754700 246
1754710 246
1754720 246
1754730 246
1754740 247
1754750 247
1754760 247
1754770 247
1754780 247
1754790 247
1754800 247
1754810 247
1754820 247
1754830 247
1754840 247
1754850 248
1754860 248
1754870 249
1754880 251
1754890 253
1754900 254
1754910 255
1754920 256
1754930 257
1754940 257
1754950 258
1754960 259
1754970 259
1754980 260
1754990 260
1755000 261
1755010 261
1755020 262
1755030 262
1755040 262
1755050 262
1755060 262
1755070 262
1755080 262
1755090 262
1755100 262
1755110 262
1755120 262
1755130 262
1755140 261
1755150 261
1755160 261
1755170 261
1755180 261
1755190 260
1755200 260
1755210 259
1755220 259
1755230 259
1755240 259
1755250 259
1755260 259
1755270 259
1755280 259
1755290 259
1755300 259
1755310 260
1755320 260
1755330 260
1755340 260
1755350 260
1755360 259
1755370 259
1755380 259
1755390 259
1755400 259
1755410 259
1755420 259
1755430 259
1755440 260
1755450 260
1755460 260
1755470 260
1755480 261
1755490 261
1755500 261
1755510 261
1755520 262
1755530 262
1755540 262
1755550 263
1755560 263
1755570 264
1755580 264
1755590 265
1755600 265
1755610 266
1755620 266
1755630 267
1755640 267
1755650 268
1755660 268
1755670 269
1755680 270
1755690 270
1755700 271
1755710 272
1755720 272
1755730 273
1755740 274
1755750 275
1755760 275
1755770 276
1755780 277
1755790 278
1755800 279
1755810 280
1755820 281
1755830 282
1755840 283
1755850 284
1755860 285
1755870 286
1755880 287
1755890 287
1755900 288
1755910 289
1755920 289
1755930 290
1755940 291
1755950 291
1755960 292
1755970 292
1755980 292
1755990 293
1756000 293
1756010 293
1756020 294
1756030 294
1756040 294
1756050 293
1756060 293
1756070 293
1756080 293
1756090 293
1756100 292
1756110 291
1756120 291
1756130 290
1756140 289
1756150 288
1756160 287
1756170 287
1756180 287
1756190 288
1756200 289
1756210 290
1756220 292
1756230 293
1756240 294
1756250 295
1756260 296
1756270 297
1756280 299
1756290 300
1756300 301
1756310 302
1756320 303
1756330 304
1756340 305
1756350 306
1756360 307
1756370 308
1756380 308
1756390 309
1756400 310
1756410 310
1756420 311
1756430 312
1756440 312
1756450 312
1756460 313
1756470 313
1756480 313
1756490 313
1756500 313
1756510 314
1756520 314
1756530 314
1756540 315
1756550 315
1756560 315
1756570 315
1756580 316
1756590 316
1756600 316
1756610 316
1756620 317
1756630 317
1756640 316
1756650 316
1756660 316
1756670 317
1756680 317
1756690 317
1756700 318
1756710 318
1756720 319
1756730 319
1756740 319
1756750 319
1756760 319
1756770 320
1756780 320
1756790 320
1756800 320
1756810 319
1756820 319
1756830 319
1756840 319
1756850 319
1756860 318
1756870 318
1756880 317
1756890 316
1756900 315
1756910 315
1756920 313
1756930 311
1756940 310
1756950 309
1756960 310
1756970 312
1756980 313
1756990 315
1757000 316
1757010 317
1757020 318
1757030 319
1757040 320
1757050 320
1757060 321
1757070 322
1757080 323
1757090 323
1757100 324
1757110 324
1757120 324
1757130 324
1757140 325
1757150 326
1757160 326
1757170 327
1757180 328
1757190 328
1757200 329
1757210 329
1757220 329
1757230 330
1757240 330
1757250 330
1757260 331
1757270 331
1757280 331
1757290 331
1757300 332
1757310 333
1757320 333
1757330 333
1757340 334
1757350 335
1757360 335
1757370 336
1757380 336
1757390 337
1757400 338
1757410 338
1757420 338
1757430 338
1757440 339
1757450 339
1757460 339
1757470 339
1757480 339
1757490 339
1757500 339
1757510 339
1757520 339
1757530 339
1757540 339
1757550 339
1757560 338
1757570 338
1757580 338
1757590 337
1757600 337
1757610 337
1757620 337
1757630 336
1757640 336
1757650 335
1757660 334
1757670 333
1757680 333
1757690 331
1757700 330
1757710 329
1757720 328
1757730 327
1757740 326
1757750 324
1757760 322
1757770 320
1757780 319
1757790 317
1757800 316
1757810 315
1757820 315
1757830 313
1757840 310
1757850 307
1757860 306
1757870 306
1757880 310
1757890 312
1757900 314
1757910 316
1757920 318
1757930 321
1757940 323
1757950 327
1757960 329
1757970 332
1757980 334
1757990 335
1758000 336
1758010 337
1758020 338
1758030 338
1758040 338
1758050 339
1758060 338
1758070 338
1758080 337
1758090 337
1758100 336
1758110 335
1758120 335
1758130 334
1758140 333
1758150 333
1758160 332
1758170 331
1758180 331
1758190 330
1758200 329
1758210 328
1758220 327
1758230 326
1758240 325
1758250 324
1758260 323
1758270 322
1758280 321
1758290 318
1758300 314
1758310 312
1758320 311
1758330 311
1758340 313
1758350 314
1758360 315
1758370 316
1758380 317
1758390 318
1758400 319
1758410 320
1758420 321
1758430 322
1758440 323
1758450 324
1758460 325
1758470 325
1758480 325
1758490 326
1758500 327
1758510 327
1758520 326
1758530 326
1758540 326
1758550 326
1758560 327
1758570 328
1758580 328
1758590 328
1758600 328
1758610 328
1758620 328
1758630 328
1758640 327
1758650 327
1758660 327
1758670 326
1758680 325
1758690 324
1758700 323
1758710 323
1758720 322
1758730 321
1758740 321
1758750 320
1758760 319
1758770 318
1758780 317
1758790 316
1758800 316
1758810 315
1758820 313
1758830 312
1758840 313
1758850 313
1758860 313
1758870 313
1758880 314
1758890 314
1758900 314
1758910 314
1758920 314
1758930 314
1758940 314
1758950 314
1758960 314
1758970 314
1758980 314
1758990 314
1759000 315
1759010 315
1759020 315
1759030 315
1759040 315
1759050 315
1759060 316
1759070 316
1759080 316
1759090 317
1759100 317
1759110 317
1759120 318
1759130 318
1759140 318
1759150 319
1759160 319
1759170 320
1759180 320
1759190 321
1759200 321
1759210 322
1759220 323
1759230 324
1759240 324
1759250 325
1759260 326
1759270 326
1759280 327
1759290 328
1759300 329
1759310 329
1759320 330
1759330 330
1759340 330
1759350 331
1759360 331
1759370 331
1759380 331
1759390 331
1759400 331
1759410 330
1759420 330
1759430 330
1759440 330
1759450 330
1759460 330
1759470 330
1759480 329
1759490 329
1759500 329
1759510 328
1759520 328
1759530 328
1759540 328
1759550 327
1759560 327
1759570 327
1759580 327
1759590 326
1759600 326
1759610 326
1759620 326
1759630 326
1759640 325
1759650 325
1759660 325
1759670 325
1759680 324
1759690 324
1759700 324
1759710 323
1759720 323
1759730 323
1759740 322
1759750 322
1759760 322
1759770 322
1759780 321
1759790 321
1759800 320
1759810 320
1759820 319
1759830 319
1759840 319
1759850 318
1759860 318
1759870 317
1759880 317
1759890 316
1759900 316
1759910 316
1759920 315
1759930 314
1759940 314
1759950 313
1759960 313
1759970 312
1759980 312
1759990 311
