1740000 277
1740010 277
1740020 277
1740030 277
1740040 276
1740050 276
1740060 277
1740070 277
1740080 277
1740090 277
1740100 277
1740110 278
1740120 277
1740130 277
1740140 277
1740150 277
1740160 277
1740170 277
1740180 276
1740190 275
1740200 274
1740210 274
1740220 274
1740230 274
1740240 274
1740250 274
1740260 274
1740270 275
1740280 276
1740290 277
1740300 277
1740310 277
1740320 277
1740330 277
1740340 277
1740350 277
1740360 277
1740370 277
1740380 276
1740390 276
1740400 276
1740410 276
1740420 276
1740430 276
1740440 276
1740450 276
1740460 276
1740470 276
1740480 276
1740490 276
1740500 276
1740510 276
1740520 276
1740530 276
1740540 276
1740550 276
1740560 277
1740570 277
1740580 277
1740590 277
1740600 277
1740610 277
1740620 277
1740630 277
1740640 278
1740650 278
1740660 278
1740670 278
1740680 278
1740690 278
1740700 278
1740710 278
1740720 278
1740730 278
1740740 278
1740750 278
1740760 278
1740770 278
1740780 278
1740790 278
1740800 278
1740810 278
1740820 278
1740830 278
1740840 278
1740850 278
1740860 278
1740870 278
1740880 278
1740890 278
1740900 278
1740910 278
1740920 278
1740930 278
1740940 278
1740950 278
1740960 278
1740970 278
1740980 278
1740990 278
1741000 278
1741010 278
1741020 278
1741030 278
1741040 278
1741050 279
1741060 279
1741070 279
1741080 279
1741090 278
1741100 278
1741110 278
1741120 278
1741130 278
1741140 278
1741150 278
1741160 278
1741170 278
1741180 278
1741190 278
1741200 278
1741210 278
1741220 278
1741230 278
1741240 278
1741250 278
1741260 278
1741270 278
1741280 278
1741290 278
1741300 278
1741310 277
1741320 277
1741330 277
1741340 277
1741350 277
1741360 277
1741370 277
1741380 277
1741390 277
1741400 277
1741410 278
1741420 278
1741430 278
1741440 278
1741450 278
1741460 278
1741470 278
1741480 278
1741490 279
1741500 279
1741510 279
1741520 279
1741530 279
1741540 279
1741550 279
1741560 279
1741570 279
1741580 279
1741590 279
1741600 279
1741610 278
1741620 278
1741630 278
1741640 278
1741650 278
1741660 278
1741670 278
1741680 278
1741690 278
1741700 278
1741710 278
1741720 278
1741730 278
1741740 278
1741750 279
1741760 279
1741770 279
1741780 280
1741790 281
1741800 284
1741810 286
1741820 288
1741830 288
1741840 288
1741850 287
1741860 287
1741870 287
1741880 287
1741890 287
1741900 287
1741910 287
1741920 288
1741930 288
1741940 288
1741950 288
1741960 288
1741970 288
1741980 288
1741990 288
1742000 288
1742010 288
1742020 288
1742030 288
1742040 288
1742050 288
1742060 288
1742070 288
1742080 288
1742090 288
1742100 288
1742110 288
1742120 288
1742130 288
1742140 288
1742150 288
1742160 288
1742170 288
1742180 288
1742190 288
1742200 288
1742210 288
1742220 288
1742230 288
1742240 288
1742250 288
1742260 288
1742270 288
1742280 288
1742290 288
1742300 288
1742310 288
1742320 288
1742330 288
1742340 288
1742350 288
1742360 288
1742370 288
1742380 288
1742390 288
1742400 288
1742410 288
1742420 288
1742430 288
1742440 288
1742450 289
1742460 289
1742470 289
1742480 289
1742490 289
1742500 289
1742510 289
1742520 289
1742530 289
1742540 289
1742550 289
1742560 289
1742570 289
1742580 289
1742590 289
1742600 289
1742610 289
1742620 289
1742630 289
1742640 289
1742650 289
1742660 289
1742670 289
1742680 289
1742690 289
1742700 289
1742710 289
1742720 289
1742730 289
1742740 289
1742750 289
1742760 289
1742770 289
1742780 289
1742790 289
1742800 289
1742810 289
1742820 289
1742830 289
1742840 289
1742850 289
1742860 289
1742870 289
1742880 289
1742890 289
1742900 289
1742910 289
1742920 289
1742930 289
1742940 289
1742950 289
1742960 289
1742970 289
1742980 289
1742990 289
1743000 289
1743010 289
1743020 289
1743030 289
1743040 289
1743050 289
1743060 288
1743070 288
1743080 288
1743090 288
1743100 288
1743110 289
1743120 289
1743130 289
1743140 289
1743150 289
1743160 289
1743170 289
1743180 289
1743190 289
1743200 289
1743210 289
1743220 289
1743230 289
1743240 289
1743250 289
1743260 289
1743270 289
1743280 288
1743290 288
1743300 288
1743310 288
1743320 288
1743330 288
1743340 288
1743350 288
1743360 288
1743370 288
1743380 288
1743390 288
1743400 288
1743410 289
1743420 290
1743430 293
1743440 294
1743450 294
1743460 295
1743470 295
1743480 295
1743490 295
1743500 294
1743510 291
1743520 289
1743530 288
1743540 288
1743550 288
1743560 288
1743570 289
1743580 292
1743590 293
1743600 295
1743610 295
1743620 294
1743630 293
1743640 292
1743650 291
1743660 290
1743670 289
1743680 289
1743690 288
1743700 288
1743710 288
1743720 289
1743730 289
1743740 289
1743750 289
1743760 289
1743770 289
1743780 289
1743790 289
1743800 289
1743810 289
1743820 289
1743830 289
1743840 289
1743850 289
1743860 289
1743870 289
1743880 289
1743890 289
1743900 289
1743910 289
1743920 290
1743930 290
1743940 290
1743950 290
1743960 290
1743970 290
1743980 291
1743990 291
1744000 291
1744010 291
1744020 291
1744030 292
1744040 292
1744050 292
1744060 292
1744070 293
1744080 293
1744090 293
1744100 293
1744110 294
1744120 294
1744130 294
1744140 295
1744150 295
1744160 296
1744170 296
1744180 297
1744190 297
1744200 297
1744210 297
1744220 297
1744230 298
1744240 298
1744250 298
1744260 298
1744270 299
1744280 299
1744290 299
1744300 300
1744310 300
1744320 300
1744330 300
1744340 301
1744350 301
1744360 301
1744370 301
1744380 302
1744390 302
1744400 302
1744410 302
1744420 302
1744430 302
1744440 303
1744450 303
1744460 303
1744470 303
1744480 303
1744490 303
1744500 303
1744510 303
1744520 303
1744530 303
1744540 303
1744550 303
1744560 303
1744570 304
1744580 305
1744590 305
1744600 306
1744610 306
1744620 307
1744630 307
1744640 307
1744650 306
1744660 306
1744670 306
1744680 306
1744690 306
1744700 305
1744710 305
1744720 305
1744730 305
1744740 304
1744750 304
1744760 304
1744770 303
1744780 303
1744790 303
1744800 302
1744810 302
1744820 301
1744830 301
1744840 301
1744850 301
1744860 300
1744870 300
1744880 300
1744890 300
1744900 300
1744910 299
1744920 299
1744930 299
1744940 299
1744950 299
1744960 298
1744970 298
1744980 298
1744990 298
1745000 297
1745010 297
1745020 297
1745030 296
1745040 296
1745050 296
1745060 295
1745070 295
1745080 295
1745090 295
1745100 294
1745110 294
1745120 294
1745130 293
1745140 293
1745150 293
1745160 292
1745170 292
1745180 292
1745190 291
1745200 291
1745210 291
1745220 290
1745230 290
1745240 290
1745250 289
1745260 289
1745270 289
1745280 289
1745290 288
1745300 288
1745310 288
1745320 288
1745330 288
1745340 288
1745350 288
1745360 287
1745370 287
1745380 287
1745390 287
1745400 287
1745410 287
1745420 287
1745430 287
1745440 286
1745450 286
1745460 286
1745470 286
1745480 286
1745490 286
1745500 286
1745510 286
1745520 286
1745530 286
1745540 286
1745550 286
1745560 286
1745570 286
1745580 286
1745590 286
1745600 286
1745610 286
1745620 286
1745630 286
1745640 286
1745650 286
1745660 286
1745670 286
1745680 286
1745690 286
1745700 286
1745710 286
1745720 286
1745730 286
1745740 286
1745750 286
1745760 286
1745770 286
1745780 286
1745790 287
1745800 287
1745810 287
1745820 287
1745830 287
1745840 287
1745850 287
1745860 288
1745870 288
1745880 288
1745890 288
1745900 289
1745910 289
1745920 289
1745930 289
1745940 289
1745950 289
1745960 289
1745970 290
1745980 290
1745990 290
1746000 290
1746010 291
1746020 291
1746030 291
1746040 292
1746050 292
1746060 292
1746070 292
1746080 293
1746090 293
1746100 293
1746110 294
1746120 294
1746130 294
1746140 294
1746150 294
1746160 295
1746170 295
1746180 295
1746190 296
1746200 296
1746210 296
1746220 297
1746230 297
1746240 297
1746250 298
1746260 298
1746270 298
1746280 299
1746290 299
1746300 299
1746310 300
1746320 300
1746330 300
1746340 301
1746350 301
1746360 302
1746370 302
1746380 303
1746390 303
1746400 303
1746410 304
1746420 304
1746430 304
1746440 305
1746450 305
1746460 305
1746470 305
1746480 306
1746490 306
1746500 307
1746510 307
1746520 307
1746530 308
1746540 308
1746550 308
1746560 308
1746570 308
1746580 308
1746590 308
1746600 308
1746610 309
1746620 309
1746630 309
1746640 308
1746650 308
1746660 308
1746670 308
1746680 308
1746690 308
1746700 307
1746710 307
1746720 306
1746730 306
1746740 305
1746750 304
1746760 304
1746770 303
1746780 302
1746790 302
1746800 301
1746810 300
1746820 299
1746830 298
1746840 297
1746850 297
1746860 296
1746870 295
1746880 294
1746890 294
1746900 293
1746910 293
1746920 292
1746930 292
1746940 292
1746950 291
1746960 291
1746970 291
1746980 290
1746990 290
1747000 290
1747010 289
1747020 289
1747030 289
1747040 288
1747050 288
1747060 288
1747070 288
1747080 288
1747090 287
1747100 287
1747110 287
1747120 287
1747130 287
1747140 286
1747150 286
1747160 286
1747170 285
1747180 285
1747190 284
1747200 284
1747210 284
1747220 283
1747230 282
1747240 281
1747250 281
1747260 280
1747270 280
1747280 279
1747290 279
1747300 278
1747310 278
1747320 277
1747330 277
1747340 276
1747350 276
1747360 276
1747370 275
1747380 275
1747390 274
1747400 274
1747410 274
1747420 273
1747430 273
1747440 273
1747450 272
1747460 272
1747470 271
1747480 271
1747490 271
1747500 270
1747510 270
1747520 270
1747530 269
1747540 269
1747550 269
1747560 269
1747570 269
1747580 269
1747590 269
1747600 269
1747610 269
1747620 269
1747630 270
1747640 270
1747650 270
1747660 270
1747670 271
1747680 272
1747690 274
1747700 275
1747710 277
1747720 279
1747730 281
1747740 282
1747750 282
1747760 282
1747770 282
1747780 283
1747790 283
1747800 283
1747810 283
1747820 283
1747830 283
1747840 283
1747850 283
1747860 283
1747870 283
1747880 283
1747890 283
1747900 283
1747910 284
1747920 284
1747930 284
1747940 284
1747950 284
1747960 284
1747970 284
1747980 284
1747990 283
1748000 283
1748010 283
1748020 283
1748030 283
1748040 283
1748050 283
1748060 282
1748070 282
1748080 282
1748090 282
1748100 281
1748110 281
1748120 281
1748130 280
1748140 280
1748150 280
1748160 280
1748170 279
1748180 279
1748190 279
1748200 278
1748210 278
1748220 277
1748230 277
1748240 277
1748250 276
1748260 276
1748270 275
1748280 275
1748290 275
1748300 274
1748310 274
1748320 274
1748330 273
1748340 273
1748350 272
1748360 272
1748370 271
1748380 271
1748390 270
1748400 269
1748410 269
1748420 268
1748430 267
1748440 267
1748450 266
1748460 265
1748470 264
1748480 264
1748490 263
1748500 262
1748510 261
1748520 261
1748530 260
1748540 260
1748550 260
1748560 259
1748570 259
1748580 259
1748590 258
1748600 258
1748610 258
1748620 258
1748630 257
1748640 257
1748650 257
1748660 257
1748670 257
1748680 256
1748690 256
1748700 256
1748710 256
1748720 256
1748730 256
1748740 256
1748750 256
1748760 256
1748770 256
1748780 256
1748790 256
1748800 256
1748810 256
1748820 257
1748830 257
1748840 257
1748850 258
1748860 258
1748870 258
1748880 258
1748890 259
1748900 259
1748910 260
1748920 260
1748930 261
1748940 261
1748950 262
1748960 262
1748970 262
1748980 263
1748990 263
1749000 263
1749010 264
1749020 264
1749030 264
1749040 265
1749050 265
1749060 265
1749070 266
1749080 266
1749090 266
1749100 266
1749110 266
1749120 266
1749130 266
1749140 266
1749150 266
1749160 266
1749170 266
1749180 267
1749190 267
1749200 266
1749210 266
1749220 266
1749230 266
1749240 266
1749250 266
1749260 266
1749270 266
1749280 266
1749290 265
1749300 265
1749310 265
1749320 264
1749330 264
1749340 264
1749350 263
1749360 263
1749370 263
1749380 262
1749390 262
1749400 262
1749410 261
1749420 261
1749430 261
1749440 260
1749450 260
1749460 259
1749470 259
1749480 259
1749490 258
1749500 258
1749510 257
1749520 257
1749530 256
1749540 256
1749550 256
1749560 256
1749570 255
1749580 255
1749590 255
1749600 255
1749610 255
1749620 255
1749630 254
1749640 254
1749650 254
1749660 254
1749670 254
1749680 253
1749690 253
1749700 253
1749710 253
1749720 252
1749730 252
1749740 251
1749750 251
1749760 251
1749770 251
1749780 251
1749790 251
1749800 252
1749810 252
1749820 252
1749830 252
1749840 252
1749850 252
1749860 251
1749870 250
1749880 250
1749890 251
1749900 251
1749910 252
1749920 252
1749930 252
1749940 251
1749950 251
1749960 251
1749970 251
1749980 252
1749990 252
1750000 252
1750010 252
1750020 252
1750030 252
1750040 252
1750050 252
1750060 252
1750070 252
1750080 252
1750090 252
1750100 252
1750110 251
1750120 251
1750130 251
1750140 251
1750150 251
1750160 251
1750170 251
1750180 252
1750190 252
1750200 252
1750210 252
1750220 252
1750230 252
1750240 252
1750250 252
1750260 251
1750270 251
1750280 251
1750290 251
1750300 251
1750310 251
1750320 251
1750330 251
1750340 251
1750350 251
1750360 251
1750370 251
1750380 251
1750390 251
1750400 251
1750410 251
1750420 251
1750430 252
1750440 254
1750450 257
1750460 258
1750470 259
1750480 259
1750490 259
1750500 259
1750510 259
1750520 260
1750530 260
1750540 260
1750550 260
1750560 259
1750570 259
1750580 258
1750590 257
1750600 257
1750610 256
1750620 256
1750630 256
1750640 257
1750650 258
1750660 259
1750670 260
1750680 262
1750690 263
1750700 264
1750710 265
1750720 266
1750730 267
1750740 268
1750750 269
1750760 270
1750770 270
1750780 271
1750790 272
1750800 273
1750810 274
1750820 275
1750830 276
1750840 277
1750850 278
1750860 279
1750870 280
1750880 280
1750890 281
1750900 282
1750910 283
1750920 283
1750930 284
1750940 285
1750950 286
1750960 286
1750970 287
1750980 288
1750990 288
1751000 289
1751010 289
1751020 290
1751030 291
1751040 291
1751050 292
1751060 292
1751070 293
1751080 293
1751090 294
1751100 294
1751110 294
1751120 295
1751130 295
1751140 295
1751150 295
1751160 296
1751170 296
1751180 296
1751190 296
1751200 296
1751210 296
1751220 296
1751230 297
1751240 297
1751250 297
1751260 297
1751270 297
1751280 297
1751290 297
1751300 298
1751310 298
1751320 298
1751330 298
1751340 298
1751350 298
1751360 298
1751370 298
1751380 298
1751390 298
1751400 298
1751410 298
1751420 298
1751430 298
1751440 298
1751450 298
1751460 298
1751470 299
1751480 299
1751490 299
1751500 299
1751510 299
1751520 299
1751530 299
1751540 299
1751550 299
1751560 299
1751570 299
1751580 299
1751590 299
1751600 299
1751610 299
1751620 299
1751630 299
1751640 299
1751650 299
1751660 300
1751670 300
1751680 300
1751690 300
1751700 300
1751710 300
1751720 300
1751730 300
1751740 299
1751750 299
1751760 299
1751770 299
1751780 299
1751790 299
1751800 298
1751810 298
1751820 298
1751830 297
1751840 297
1751850 297
1751860 296
1751870 296
1751880 296
1751890 295
1751900 295
1751910 295
1751920 294
1751930 294
1751940 294
1751950 293
1751960 293
1751970 293
1751980 292
1751990 292
1752000 291
1752010 291
1752020 291
1752030 290
1752040 289
1752050 289
1752060 288
1752070 288
1752080 287
1752090 287
1752100 286
1752110 286
1752120 286
1752130 286
1752140 285
1752150 285
1752160 285
1752170 285
1752180 285
1752190 284
1752200 284
1752210 284
1752220 284
1752230 284
1752240 283
1752250 282
1752260 282
1752270 281
1752280 281
1752290 280
1752300 280
1752310 279
1752320 279
1752330 278
1752340 278
1752350 278
1752360 277
1752370 277
1752380 276
1752390 275
1752400 275
1752410 274
1752420 274
1752430 273
1752440 273
1752450 272
1752460 272
1752470 271
1752480 270
1752490 270
1752500 269
1752510 268
1752520 267
1752530 265
1752540 264
1752550 264
1752560 264
1752570 264
1752580 263
1752590 263
1752600 262
1752610 261
1752620 260
1752630 260
1752640 259
1752650 258
1752660 258
1752670 257
1752680 257
1752690 256
1752700 256
1752710 255
1752720 255
1752730 254
1752740 254
1752750 254
1752760 254
1752770 253
1752780 253
1752790 253
1752800 253
1752810 253
1752820 253
1752830 253
1752840 253
1752850 253
1752860 253
1752870 253
1752880 253
1752890 253
1752900 253
1752910 253
1752920 253
1752930 253
1752940 253
1752950 253
1752960 253
1752970 252
1752980 252
1752990 253
1753000 254
1753010 255
1753020 254
1753030 254
1753040 254
1753050 253
1753060 253
1753070 252
1753080 251
1753090 251
1753100 250
1753110 250
1753120 250
1753130 249
1753140 249
1753150 249
1753160 248
1753170 248
1753180 248
1753190 249
1753200 251
1753210 253
1753220 254
1753230 255
1753240 256
1753250 256
1753260 257
1753270 257
1753280 257
1753290 258
1753300 258
1753310 258
1753320 259
1753330 259
1753340 259
1753350 259
1753360 259
1753370 259
1753380 259
1753390 259
1753400 259
1753410 259
1753420 259
1753430 259
1753440 259
1753450 259
1753460 259
1753470 259
1753480 259
1753490 259
1753500 259
1753510 259
1753520 259
1753530 259
1753540 259
1753550 259
1753560 259
1753570 258
1753580 258
1753590 258
1753600 258
1753610 258
1753620 258
1753630 258
1753640 258
1753650 258
1753660 258
1753670 258
1753680 258
1753690 258
1753700 258
1753710 257
1753720 257
1753730 257
1753740 257
1753750 257
1753760 257
1753770 257
1753780 257
1753790 257
1753800 257
1753810 257
1753820 257
1753830 257
1753840 257
1753850 257
1753860 256
1753870 256
1753880 256
1753890 256
1753900 256
1753910 256
1753920 256
1753930 256
1753940 255
1753950 255
1753960 255
1753970 255
1753980 255
1753990 255
1754000 254
1754010 253
1754020 251
1754030 249
1754040 248
1754050 246
1754060 244
1754070 244
1754080 244
1754090 244
1754100 244
1754110 244
1754120 244
1754130 243
1754140 243
1754150 242
1754160 241
1754170 241
1754180 242
1754190 243
1754200 243
1754210 243
1754220 243
1754230 243
1754240 243
1754250 243
1754260 243
1754270 243
1754280 243
1754290 243
1754300 243
1754310 243
1754320 243
1754330 243
1754340 243
1754350 243
1754360 243
1754370 244
1754380 244
1754390 244
1754400 244
1754410 244
1754420 244
1754430 244
1754440 244
1754450 244
1754460 244
1754470 244
1754480 244
1754490 244
1754500 244
1754510 244
1754520 244
1754530 244
1754540 244
1754550 245
1754560 245
1754570 245
1754580 245
1754590 245
1754600 245
1754610 245
1754620 245
1754630 245
1754640 245
1754650 245
1754660 244
1754670 244
1754680 244
1754690 244
1754700 244
1754710 244
1754720 245
1754730 245
1754740 245
1754750 245
1754760 245
1754770 245
1754780 245
1754790 245
1754800 245
1754810 245
1754820 245
1754830 245
1754840 245
1754850 245
1754860 245
1754870 245
1754880 245
1754890 245
1754900 245
1754910 245
1754920 245
1754930 245
1754940 245
1754950 245
1754960 245
1754970 245
1754980 245
1754990 245
1755000 245
1755010 245
1755020 245
1755030 246
1755040 247
1755050 247
1755060 248
1755070 249
1755080 251
1755090 253
1755100 254
1755110 256
1755120 257
1755130 259
1755140 260
1755150 261
1755160 262
1755170 262
1755180 263
1755190 264
1755200 265
1755210 266
1755220 266
1755230 267
1755240 267
1755250 268
1755260 268
1755270 268
1755280 268
1755290 269
1755300 269
1755310 269
1755320 270
1755330 270
1755340 271
1755350 271
1755360 272
1755370 272
1755380 272
1755390 273
1755400 273
1755410 274
1755420 274
1755430 274
1755440 274
1755450 274
1755460 275
1755470 275
1755480 275
1755490 275
1755500 275
1755510 275
1755520 275
1755530 275
1755540 275
1755550 275
1755560 274
1755570 274
1755580 274
1755590 274
1755600 274
1755610 274
1755620 274
1755630 274
1755640 273
1755650 273
1755660 273
1755670 273
1755680 273
1755690 273
1755700 272
1755710 272
1755720 272
1755730 272
1755740 272
1755750 272
1755760 272
1755770 272
1755780 271
1755790 271
1755800 271
1755810 271
1755820 270
1755830 270
1755840 269
1755850 269
1755860 269
1755870 268
1755880 268
1755890 268
1755900 268
1755910 268
1755920 268
1755930 268
1755940 268
1755950 268
1755960 268
1755970 268
1755980 268
1755990 268
1756000 268
1756010 268
1756020 268
1756030 268
1756040 268
1756050 268
1756060 268
1756070 268
1756080 268
1756090 268
1756100 268
1756110 268
1756120 269
1756130 269
1756140 269
1756150 270
1756160 271
1756170 272
1756180 273
1756190 274
1756200 274
1756210 275
1756220 276
1756230 276
1756240 277
1756250 277
1756260 277
1756270 277
1756280 277
1756290 276
1756300 276
1756310 276
1756320 276
1756330 276
1756340 276
1756350 276
1756360 276
1756370 276
1756380 276
1756390 276
1756400 276
1756410 276
1756420 276
1756430 276
1756440 276
1756450 276
1756460 277
1756470 277
1756480 277
1756490 277
1756500 277
1756510 277
1756520 277
1756530 277
1756540 277
1756550 278
1756560 279
1756570 279
1756580 280
1756590 280
1756600 280
1756610 281
1756620 281
1756630 282
1756640 282
1756650 282
1756660 282
1756670 282
1756680 282
1756690 282
1756700 282
1756710 282
1756720 282
1756730 282
1756740 282
1756750 282
1756760 282
1756770 283
1756780 283
1756790 283
1756800 283
1756810 283
1756820 283
1756830 283
1756840 284
1756850 284
1756860 285
1756870 285
1756880 285
1756890 285
1756900 284
1756910 284
1756920 284
1756930 284
1756940 284
1756950 284
1756960 283
1756970 282
1756980 282
1756990 282
1757000 284
1757010 285
1757020 286
1757030 287
1757040 288
1757050 288
1757060 288
1757070 289
1757080 289
1757090 289
1757100 289
1757110 289
1757120 289
1757130 289
1757140 289
1757150 289
1757160 289
1757170 289
1757180 289
1757190 288
1757200 287
1757210 287
1757220 287
1757230 287
1757240 288
1757250 289
1757260 290
1757270 290
1757280 290
1757290 290
1757300 291
1757310 291
1757320 291
1757330 292
1757340 292
1757350 292
1757360 293
1757370 293
1757380 293
1757390 294
1757400 294
1757410 295
1757420 296
1757430 296
1757440 296
1757450 297
1757460 297
1757470 298
1757480 298
1757490 298
1757500 298
1757510 299
1757520 299
1757530 299
1757540 299
1757550 299
1757560 300
1757570 300
1757580 300
1757590 300
1757600 300
1757610 300
1757620 301
1757630 301
1757640 302
1757650 302
1757660 302
1757670 302
1757680 302
1757690 302
1757700 302
1757710 302
1757720 302
1757730 302
1757740 302
1757750 302
1757760 302
1757770 302
1757780 302
1757790 302
1757800 302
1757810 301
1757820 301
1757830 301
1757840 301
1757850 300
1757860 300
1757870 300
1757880 299
1757890 299
1757900 299
1757910 298
1757920 298
1757930 297
1757940 297
1757950 296
1757960 296
1757970 295
1757980 295
1757990 294
1758000 293
1758010 292
1758020 289
1758030 287
1758040 284
1758050 284
1758060 285
1758070 286
1758080 287
1758090 287
1758100 288
1758110 289
1758120 290
1758130 291
1758140 292
1758150 294
1758160 295
1758170 296
1758180 297
1758190 298
1758200 298
1758210 299
1758220 300
1758230 300
1758240 301
1758250 302
1758260 302
1758270 303
1758280 303
1758290 303
1758300 304
1758310 304
1758320 304
1758330 305
1758340 305
1758350 305
1758360 305
1758370 305
1758380 305
1758390 305
1758400 305
1758410 305
1758420 305
1758430 305
1758440 304
1758450 304
1758460 304
1758470 303
1758480 303
1758490 302
1758500 302
1758510 301
1758520 301
1758530 300
1758540 300
1758550 299
1758560 299
1758570 298
1758580 298
1758590 297
1758600 296
1758610 296
1758620 295
1758630 294
1758640 294
1758650 293
1758660 293
1758670 292
1758680 291
1758690 291
1758700 290
1758710 290
1758720 289
1758730 288
1758740 288
1758750 287
1758760 286
1758770 285
1758780 285
1758790 284
1758800 284
1758810 283
1758820 281
1758830 280
1758840 279
1758850 277
1758860 277
1758870 276
1758880 276
1758890 276
1758900 276
1758910 278
1758920 279
1758930 280
1758940 280
1758950 279
1758960 278
1758970 277
1758980 275
1758990 275
1759000 275
1759010 275
1759020 276
1759030 276
1759040 277
1759050 277
1759060 277
1759070 278
1759080 278
1759090 279
1759100 280
1759110 280
1759120 280
1759130 279
1759140 278
1759150 278
1759160 278
1759170 279
1759180 279
1759190 279
1759200 280
1759210 280
1759220 281
1759230 281
1759240 282
1759250 283
1759260 283
1759270 283
1759280 284
1759290 284
1759300 285
1759310 285
1759320 286
1759330 286
1759340 286
1759350 286
1759360 287
1759370 287
1759380 287
1759390 288
1759400 288
1759410 289
1759420 290
1759430 291
1759440 291
1759450 291
1759460 291
1759470 292
1759480 292
1759490 293
1759500 293
1759510 293
1759520 294
1759530 294
1759540 294
1759550 294
1759560 295
1759570 295
1759580 295
1759590 295
1759600 295
1759610 295
1759620 295
1759630 295
1759640 294
1759650 294
1759660 294
1759670 294
1759680 293
1759690 293
1759700 292
1759710 292
1759720 291
1759730 290
1759740 289
1759750 288
1759760 288
1759770 288
1759780 287
1759790 287
1759800 286
1759810 286
1759820 286
1759830 285
1759840 285
1759850 285
1759860 284
1759870 284
1759880 283
1759890 283
1759900 283
1759910 282
1759920 282
1759930 282
1759940 281
1759950 281
1759960 281
1759970 281
1759980 280
1759990 280
