1740000 268
1740010 268
1740020 268
1740030 268
1740040 268
1740050 268
1740060 268
1740070 268
1740080 268
1740090 268
1740100 268
1740110 268
1740120 268
1740130 268
1740140 268
1740150 268
1740160 267
1740170 267
1740180 267
1740190 267
1740200 267
1740210 267
1740220 267
1740230 267
1740240 267
1740250 267
1740260 267
1740270 267
1740280 267
1740290 267
1740300 267
1740310 267
1740320 267
1740330 267
1740340 267
1740350 267
1740360 267
1740370 267
1740380 268
1740390 268
1740400 268
1740410 268
1740420 268
1740430 268
1740440 267
1740450 267
1740460 267
1740470 267
1740480 266
1740490 265
1740500 264
1740510 263
1740520 263
1740530 263
1740540 263
1740550 263
1740560 264
1740570 264
1740580 265
1740590 266
1740600 265
1740610 264
1740620 265
1740630 266
1740640 266
1740650 266
1740660 266
1740670 266
1740680 267
1740690 267
1740700 268
1740710 268
1740720 267
1740730 266
1740740 265
1740750 265
1740760 265
1740770 265
1740780 265
1740790 266
1740800 267
1740810 267
1740820 267
1740830 267
1740840 267
1740850 267
1740860 267
1740870 267
1740880 266
1740890 266
1740900 266
1740910 266
1740920 266
1740930 266
1740940 266
1740950 266
1740960 266
1740970 266
1740980 266
1740990 266
1741000 266
1741010 266
1741020 266
1741030 266
1741040 266
1741050 266
1741060 266
1741070 265
1741080 266
1741090 267
1741100 267
1741110 267
1741120 267
1741130 267
1741140 267
1741150 267
1741160 267
1741170 267
1741180 267
1741190 267
1741200 267
1741210 268
1741220 267
1741230 267
1741240 267
1741250 267
1741260 267
1741270 267
1741280 267
1741290 267
1741300 267
1741310 267
1741320 267
1741330 267
1741340 266
1741350 266
1741360 266
1741370 266
1741380 266
1741390 266
1741400 266
1741410 266
1741420 267
1741430 267
1741440 267
1741450 267
1741460 267
1741470 267
1741480 267
1741490 267
1741500 266
1741510 266
1741520 266
1741530 266
1741540 266
1741550 266
1741560 266
1741570 266
1741580 266
1741590 266
1741600 266
1741610 266
1741620 266
1741630 266
1741640 266
1741650 266
1741660 266
1741670 266
1741680 266
1741690 266
1741700 266
1741710 266
1741720 266
1741730 266
1741740 266
1741750 266
1741760 266
1741770 266
1741780 266
1741790 266
1741800 266
1741810 266
1741820 266
1741830 266
1741840 266
1741850 266
1741860 266
1741870 266
1741880 266
1741890 266
1741900 266
1741910 266
1741920 266
1741930 266
1741940 266
1741950 266
1741960 266
1741970 266
1741980 266
1741990 266
1742000 266
1742010 266
1742020 266
1742030 266
1742040 266
1742050 266
1742060 266
1742070 266
1742080 266
1742090 266
1742100 266
1742110 266
1742120 266
1742130 266
1742140 266
1742150 266
1742160 266
1742170 266
1742180 266
1742190 266
1742200 266
1742210 266
1742220 266
1742230 266
1742240 266
1742250 266
1742260 266
1742270 266
1742280 266
1742290 266
1742300 266
1742310 266
1742320 266
1742330 266
1742340 266
1742350 266
1742360 266
1742370 266
1742380 266
1742390 266
1742400 266
1742410 266
1742420 266
1742430 266
1742440 266
1742450 266
1742460 266
1742470 266
1742480 266
1742490 266
1742500 266
1742510 266
1742520 266
1742530 266
1742540 266
1742550 266
1742560 266
1742570 266
1742580 266
1742590 266
1742600 266
1742610 266
1742620 266
1742630 266
1742640 266
1742650 266
1742660 266
1742670 266
1742680 266
1742690 266
1742700 266
1742710 265
1742720 266
1742730 266
1742740 266
1742750 266
1742760 266
1742770 266
1742780 266
1742790 266
1742800 266
1742810 266
1742820 266
1742830 266
1742840 266
1742850 266
1742860 266
1742870 266
1742880 266
1742890 266
1742900 266
1742910 266
1742920 267
1742930 269
1742940 271
1742950 274
1742960 275
1742970 275
1742980 275
1742990 275
1743000 275
1743010 275
1743020 275
1743030 275
1743040 275
1743050 275
1743060 275
1743070 275
1743080 275
1743090 275
1743100 275
1743110 275
1743120 275
1743130 275
1743140 274
1743150 274
1743160 274
1743170 274
1743180 274
1743190 274
1743200 274
1743210 274
1743220 274
1743230 273
1743240 273
1743250 273
1743260 273
1743270 273
1743280 273
1743290 273
1743300 273
1743310 273
1743320 273
1743330 273
1743340 273
1743350 274
1743360 274
1743370 274
1743380 274
1743390 274
1743400 274
1743410 274
1743420 275
1743430 275
1743440 275
1743450 275
1743460 275
1743470 275
1743480 275
1743490 275
1743500 275
1743510 275
1743520 275
1743530 275
1743540 275
1743550 275
1743560 275
1743570 275
1743580 275
1743590 276
1743600 277
1743610 278
1743620 278
1743630 278
1743640 277
1743650 276
1743660 275
1743670 274
1743680 274
1743690 274
1743700 274
1743710 274
1743720 274
1743730 275
1743740 274
1743750 273
1743760 272
1743770 272
1743780 272
1743790 273
1743800 274
1743810 275
1743820 276
1743830 276
1743840 276
1743850 276
1743860 276
1743870 276
1743880 277
1743890 276
1743900 276
1743910 275
1743920 275
1743930 275
1743940 274
1743950 274
1743960 274
1743970 274
1743980 274
1743990 274
1744000 274
1744010 274
1744020 274
1744030 274
1744040 274
1744050 274
1744060 274
1744070 274
1744080 274
1744090 274
1744100 274
1744110 274
1744120 274
1744130 274
1744140 274
1744150 274
1744160 274
1744170 274
1744180 274
1744190 274
1744200 274
1744210 274
1744220 274
1744230 274
1744240 274
1744250 274
1744260 274
1744270 274
1744280 274
1744290 274
1744300 274
1744310 274
1744320 274
1744330 274
1744340 274
1744350 274
1744360 274
1744370 273
1744380 273
1744390 273
1744400 273
1744410 273
1744420 273
1744430 273
1744440 273
1744450 273
1744460 273
1744470 273
1744480 273
1744490 273
1744500 273
1744510 273
1744520 273
1744530 273
1744540 273
1744550 273
1744560 273
1744570 273
1744580 273
1744590 273
1744600 273
1744610 273
1744620 273
1744630 273
1744640 272
1744650 272
1744660 272
1744670 272
1744680 272
1744690 272
1744700 272
1744710 271
1744720 271
1744730 271
1744740 271
1744750 271
1744760 271
1744770 271
1744780 271
1744790 271
1744800 270
1744810 270
1744820 270
1744830 270
1744840 270
1744850 270
1744860 270
1744870 270
1744880 270
1744890 270
1744900 271
1744910 271
1744920 271
1744930 271
1744940 271
1744950 271
1744960 271
1744970 271
1744980 271
1744990 271
1745000 271
1745010 271
1745020 272
1745030 272
1745040 272
1745050 272
1745060 272
1745070 272
1745080 272
1745090 272
1745100 272
1745110 272
1745120 272
1745130 272
1745140 272
1745150 272
1745160 272
1745170 272
1745180 272
1745190 272
1745200 272
1745210 272
1745220 272
1745230 272
1745240 272
1745250 272
1745260 272
1745270 272
1745280 272
1745290 272
1745300 272
1745310 273
1745320 273
1745330 273
1745340 273
1745350 273
1745360 273
1745370 273
1745380 273
1745390 273
1745400 272
1745410 272
1745420 272
1745430 272
1745440 272
1745450 272
1745460 272
1745470 272
1745480 272
1745490 272
1745500 272
1745510 272
1745520 272
1745530 272
1745540 272
1745550 272
1745560 272
1745570 272
1745580 272
1745590 272
1745600 272
1745610 272
1745620 272
1745630 272
1745640 272
1745650 272
1745660 272
1745670 272
1745680 272
1745690 272
1745700 272
1745710 272
1745720 272
1745730 271
1745740 271
1745750 271
1745760 271
1745770 271
1745780 270
1745790 270
1745800 270
1745810 270
1745820 270
1745830 269
1745840 269
1745850 268
1745860 268
1745870 268
1745880 268
1745890 269
1745900 269
1745910 269
1745920 270
1745930 270
1745940 271
1745950 271
1745960 272
1745970 272
1745980 272
1745990 273
1746000 273
1746010 273
1746020 274
1746030 274
1746040 274
1746050 274
1746060 275
1746070 275
1746080 275
1746090 275
1746100 275
1746110 275
1746120 276
1746130 276
1746140 276
1746150 276
1746160 276
1746170 276
1746180 276
1746190 277
1746200 277
1746210 277
1746220 277
1746230 277
1746240 278
1746250 278
1746260 278
1746270 279
1746280 279
1746290 279
1746300 279
1746310 279
1746320 279
1746330 279
1746340 280
1746350 280
1746360 280
1746370 280
1746380 280
1746390 280
1746400 281
1746410 281
1746420 281
1746430 281
1746440 281
1746450 281
1746460 282
1746470 282
1746480 282
1746490 282
1746500 282
1746510 283
1746520 283
1746530 283
1746540 283
1746550 283
1746560 284
1746570 284
1746580 284
1746590 284
1746600 284
1746610 285
1746620 285
1746630 285
1746640 286
1746650 286
1746660 286
1746670 286
1746680 286
1746690 286
1746700 287
1746710 287
1746720 287
1746730 287
1746740 287
1746750 288
1746760 288
1746770 288
1746780 288
1746790 289
1746800 289
1746810 289
1746820 290
1746830 290
1746840 290
1746850 291
1746860 291
1746870 291
1746880 291
1746890 292
1746900 292
1746910 292
1746920 292
1746930 292
1746940 293
1746950 293
1746960 293
1746970 293
1746980 294
1746990 294
1747000 294
1747010 294
1747020 294
1747030 294
1747040 294
1747050 294
1747060 294
1747070 294
1747080 294
1747090 294
1747100 294
1747110 294
1747120 294
1747130 294
1747140 293
1747150 293
1747160 293
1747170 292
1747180 291
1747190 290
1747200 289
1747210 288
1747220 287
1747230 286
1747240 285
1747250 285
1747260 284
1747270 284
1747280 284
1747290 284
1747300 284
1747310 284
1747320 285
1747330 285
1747340 285
1747350 286
1747360 286
1747370 286
1747380 287
1747390 287
1747400 287
1747410 287
1747420 287
1747430 287
1747440 287
1747450 286
1747460 286
1747470 285
1747480 285
1747490 285
1747500 284
1747510 283
1747520 283
1747530 282
1747540 281
1747550 281
1747560 280
1747570 280
1747580 279
1747590 279
1747600 278
1747610 278
1747620 277
1747630 277
1747640 276
1747650 276
1747660 276
1747670 276
1747680 276
1747690 276
1747700 275
1747710 275
1747720 275
1747730 275
1747740 275
1747750 276
1747760 276
1747770 276
1747780 276
1747790 276
1747800 276
1747810 276
1747820 277
1747830 277
1747840 277
1747850 277
1747860 278
1747870 278
1747880 278
1747890 279
1747900 279
1747910 280
1747920 281
1747930 281
1747940 281
1747950 282
1747960 282
1747970 283
1747980 283
1747990 283
1748000 284
1748010 284
1748020 284
1748030 284
1748040 284
1748050 284
1748060 284
1748070 284
1748080 284
1748090 284
1748100 284
1748110 284
1748120 284
1748130 284
1748140 283
1748150 283
1748160 283
1748170 283
1748180 283
1748190 283
1748200 283
1748210 283
1748220 283
1748230 283
1748240 284
1748250 284
1748260 284
1748270 285
1748280 286
1748290 286
1748300 287
1748310 287
1748320 288
1748330 288
1748340 289
1748350 289
1748360 290
1748370 290
1748380 290
1748390 291
1748400 291
1748410 291
1748420 291
1748430 291
1748440 291
1748450 291
1748460 291
1748470 291
1748480 291
1748490 290
1748500 290
1748510 290
1748520 289
1748530 289
1748540 289
1748550 289
1748560 288
1748570 288
1748580 288
1748590 288
1748600 288
1748610 288
1748620 287
1748630 287
1748640 287
1748650 287
1748660 286
1748670 286
1748680 286
1748690 285
1748700 285
1748710 285
1748720 284
1748730 284
1748740 284
1748750 283
1748760 283
1748770 282
1748780 282
1748790 282
1748800 282
1748810 281
1748820 281
1748830 281
1748840 281
1748850 281
1748860 281
1748870 281
1748880 280
1748890 280
1748900 281
1748910 281
1748920 281
1748930 281
1748940 281
1748950 281
1748960 281
1748970 281
1748980 282
1748990 282
1749000 282
1749010 282
1749020 282
1749030 282
1749040 282
1749050 283
1749060 283
1749070 283
1749080 283
1749090 283
1749100 283
1749110 283
1749120 283
1749130 283
1749140 283
1749150 284
1749160 284
1749170 284
1749180 284
1749190 284
1749200 284
1749210 285
1749220 287
1749230 289
1749240 290
1749250 290
1749260 290
1749270 290
1749280 290
1749290 290
1749300 290
1749310 290
1749320 290
1749330 289
1749340 289
1749350 289
1749360 289
1749370 289
1749380 289
1749390 289
1749400 289
1749410 289
1749420 288
1749430 288
1749440 288
1749450 288
1749460 288
1749470 288
1749480 288
1749490 288
1749500 288
1749510 288
1749520 288
1749530 288
1749540 287
1749550 287
1749560 287
1749570 287
1749580 287
1749590 287
1749600 287
1749610 286
1749620 286
1749630 286
1749640 286
1749650 286
1749660 286
1749670 286
1749680 286
1749690 283
1749700 282
1749710 281
1749720 281
1749730 281
1749740 282
1749750 282
1749760 283
1749770 284
1749780 284
1749790 285
1749800 286
1749810 286
1749820 286
1749830 286
1749840 287
1749850 287
1749860 287
1749870 287
1749880 287
1749890 287
1749900 287
1749910 287
1749920 287
1749930 287
1749940 288
1749950 288
1749960 288
1749970 289
1749980 290
1749990 291
1750000 292
1750010 292
1750020 293
1750030 294
1750040 295
1750050 295
1750060 295
1750070 295
1750080 294
1750090 294
1750100 295
1750110 296
1750120 296
1750130 297
1750140 299
1750150 300
1750160 301
1750170 301
1750180 303
1750190 305
1750200 305
1750210 306
1750220 306
1750230 307
1750240 308
1750250 309
1750260 310
1750270 310
1750280 311
1750290 311
1750300 312
1750310 312
1750320 313
1750330 313
1750340 313
1750350 313
1750360 314
1750370 314
1750380 314
1750390 314
1750400 314
1750410 314
1750420 314
1750430 314
1750440 313
1750450 312
1750460 312
1750470 313
1750480 312
1750490 311
1750500 310
1750510 311
1750520 311
1750530 312
1750540 313
1750550 314
1750560 315
1750570 315
1750580 316
1750590 317
1750600 318
1750610 318
1750620 319
1750630 320
1750640 320
1750650 321
1750660 321
1750670 322
1750680 322
1750690 323
1750700 324
1750710 324
1750720 325
1750730 325
1750740 326
1750750 327
1750760 327
1750770 328
1750780 329
1750790 329
1750800 330
1750810 330
1750820 331
1750830 331
1750840 331
1750850 332
1750860 332
1750870 332
1750880 332
1750890 332
1750900 332
1750910 332
1750920 332
1750930 332
1750940 332
1750950 332
1750960 332
1750970 332
1750980 331
1750990 331
1751000 331
1751010 331
1751020 331
1751030 331
1751040 331
1751050 330
1751060 330
1751070 330
1751080 330
1751090 330
1751100 329
1751110 329
1751120 329
1751130 328
1751140 328
1751150 328
1751160 328
1751170 327
1751180 327
1751190 327
1751200 326
1751210 326
1751220 326
1751230 325
1751240 325
1751250 324
1751260 324
1751270 324
1751280 323
1751290 323
1751300 322
1751310 322
1751320 321
1751330 321
1751340 321
1751350 320
1751360 320
1751370 319
1751380 319
1751390 318
1751400 318
1751410 318
1751420 317
1751430 317
1751440 316
1751450 316
1751460 315
1751470 315
1751480 315
1751490 314
1751500 314
1751510 313
1751520 313
1751530 312
1751540 312
1751550 311
1751560 310
1751570 310
1751580 309
1751590 308
1751600 307
1751610 307
1751620 306
1751630 305
1751640 304
1751650 303
1751660 303
1751670 302
1751680 301
1751690 300
1751700 299
1751710 299
1751720 298
1751730 298
1751740 297
1751750 296
1751760 295
1751770 295
1751780 294
1751790 293
1751800 292
1751810 290
1751820 289
1751830 288
1751840 286
1751850 285
1751860 284
1751870 284
1751880 283
1751890 283
1751900 282
1751910 282
1751920 282
1751930 281
1751940 281
1751950 280
1751960 280
1751970 279
1751980 279
1751990 278
1752000 277
1752010 277
1752020 276
1752030 276
1752040 275
1752050 274
1752060 273
1752070 272
1752080 271
1752090 270
1752100 269
1752110 268
1752120 265
1752130 263
1752140 262
1752150 261
1752160 260
1752170 260
1752180 259
1752190 260
1752200 261
1752210 262
1752220 263
1752230 264
1752240 265
1752250 266
1752260 267
1752270 267
1752280 268
1752290 269
1752300 269
1752310 270
1752320 270
1752330 271
1752340 271
1752350 272
1752360 272
1752370 272
1752380 272
1752390 272
1752400 272
1752410 272
1752420 272
1752430 272
1752440 271
1752450 271
1752460 271
1752470 270
1752480 270
1752490 270
1752500 269
1752510 269
1752520 268
1752530 268
1752540 267
1752550 267
1752560 266
1752570 266
1752580 265
1752590 265
1752600 264
1752610 264
1752620 263
1752630 262
1752640 261
1752650 261
1752660 260
1752670 260
1752680 259
1752690 258
1752700 258
1752710 257
1752720 257
1752730 256
1752740 256
1752750 255
1752760 254
1752770 254
1752780 253
1752790 252
1752800 251
1752810 250
1752820 248
1752830 247
1752840 245
1752850 244
1752860 244
1752870 243
1752880 243
1752890 244
1752900 245
1752910 246
1752920 248
1752930 250
1752940 251
1752950 252
1752960 253
1752970 253
1752980 253
1752990 254
1753000 254
1753010 255
1753020 255
1753030 255
1753040 256
1753050 256
1753060 257
1753070 257
1753080 257
1753090 257
1753100 258
1753110 258
1753120 258
1753130 258
1753140 258
1753150 258
1753160 257
1753170 257
1753180 257
1753190 257
1753200 257
1753210 256
1753220 256
1753230 256
1753240 255
1753250 255
1753260 255
1753270 254
1753280 254
1753290 253
1753300 253
1753310 252
1753320 252
1753330 251
1753340 251
1753350 250
1753360 250
1753370 250
1753380 250
1753390 248
1753400 246
1753410 245
1753420 244
1753430 244
1753440 243
1753450 242
1753460 242
1753470 242
1753480 242
1753490 242
1753500 243
1753510 243
1753520 244
1753530 244
1753540 245
1753550 245
1753560 245
1753570 245
1753580 245
1753590 245
1753600 245
1753610 244
1753620 244
1753630 244
1753640 243
1753650 243
1753660 243
1753670 242
1753680 242
1753690 242
1753700 241
1753710 239
1753720 236
1753730 233
1753740 230
1753750 229
1753760 229
1753770 229
1753780 229
1753790 229
1753800 229
1753810 229
1753820 229
1753830 229
1753840 229
1753850 229
1753860 229
1753870 229
1753880 229
1753890 229
1753900 229
1753910 229
1753920 229
1753930 229
1753940 229
1753950 229
1753960 229
1753970 229
1753980 229
1753990 229
1754000 229
1754010 229
1754020 228
1754030 228
1754040 228
1754050 228
1754060 228
1754070 228
1754080 228
1754090 228
1754100 228
1754110 228
1754120 228
1754130 228
1754140 228
1754150 228
1754160 228
1754170 228
1754180 229
1754190 229
1754200 229
1754210 228
1754220 228
1754230 227
1754240 227
1754250 228
1754260 229
1754270 229
1754280 229
1754290 229
1754300 229
1754310 229
1754320 229
1754330 229
1754340 229
1754350 229
1754360 229
1754370 229
1754380 229
1754390 229
1754400 229
1754410 229
1754420 229
1754430 229
1754440 229
1754450 229
1754460 229
1754470 229
1754480 230
1754490 230
1754500 230
1754510 230
1754520 230
1754530 230
1754540 229
1754550 229
1754560 229
1754570 229
1754580 229
1754590 229
1754600 229
1754610 229
1754620 228
1754630 228
1754640 227
1754650 227
1754660 227
1754670 228
1754680 229
1754690 229
1754700 230
1754710 230
1754720 230
1754730 230
1754740 230
1754750 230
1754760 231
1754770 231
1754780 233
1754790 235
1754800 237
1754810 238
1754820 239
1754830 239
1754840 240
1754850 241
1754860 242
1754870 243
1754880 243
1754890 244
1754900 245
1754910 246
1754920 247
1754930 248
1754940 249
1754950 250
1754960 251
1754970 252
1754980 253
1754990 254
1755000 254
1755010 255
1755020 255
1755030 255
1755040 254
1755050 254
1755060 254
1755070 254
1755080 254
1755090 255
1755100 257
1755110 260
1755120 262
1755130 263
1755140 265
1755150 267
1755160 269
1755170 271
1755180 273
1755190 274
1755200 276
1755210 277
1755220 278
1755230 280
1755240 281
1755250 282
1755260 282
1755270 283
1755280 284
1755290 285
1755300 286
1755310 286
1755320 287
1755330 288
1755340 289
1755350 289
1755360 290
1755370 291
1755380 291
1755390 291
1755400 292
1755410 292
1755420 292
1755430 292
1755440 292
1755450 293
1755460 293
1755470 293
1755480 293
1755490 293
1755500 294
1755510 294
1755520 295
1755530 295
1755540 296
1755550 297
1755560 297
1755570 298
1755580 300
1755590 302
1755600 303
1755610 304
1755620 304
1755630 305
1755640 305
1755650 306
1755660 306
1755670 306
1755680 307
1755690 307
1755700 307
1755710 307
1755720 307
1755730 307
1755740 307
1755750 307
1755760 306
1755770 306
1755780 306
1755790 305
1755800 304
1755810 304
1755820 303
1755830 302
1755840 301
1755850 300
1755860 300
1755870 299
1755880 298
1755890 297
1755900 296
1755910 296
1755920 295
1755930 295
1755940 295
1755950 294
1755960 294
1755970 295
1755980 295
1755990 295
1756000 296
1756010 298
1756020 299
1756030 300
1756040 302
1756050 303
1756060 304
1756070 305
1756080 306
1756090 307
1756100 308
1756110 309
1756120 310
1756130 310
1756140 311
1756150 312
1756160 313
1756170 314
1756180 314
1756190 315
1756200 316
1756210 316
1756220 317
1756230 317
1756240 318
1756250 318
1756260 319
1756270 319
1756280 320
1756290 320
1756300 320
1756310 320
1756320 321
1756330 321
1756340 321
1756350 321
1756360 321
1756370 321
1756380 321
1756390 321
1756400 321
1756410 321
1756420 321
1756430 321
1756440 321
1756450 321
1756460 321
1756470 320
1756480 320
1756490 320
1756500 320
1756510 320
1756520 320
1756530 319
1756540 319
1756550 319
1756560 318
1756570 317
1756580 316
1756590 315
1756600 315
1756610 315
1756620 315
1756630 314
1756640 314
1756650 313
1756660 312
1756670 311
1756680 311
1756690 310
1756700 309
1756710 308
1756720 307
1756730 305
1756740 304
1756750 303
1756760 302
1756770 301
1756780 301
1756790 300
1756800 299
1756810 298
1756820 297
1756830 296
1756840 295
1756850 294
1756860 293
1756870 293
1756880 292
1756890 291
1756900 290
1756910 290
1756920 289
1756930 288
1756940 287
1756950 287
1756960 286
1756970 285
1756980 284
1756990 284
1757000 283
1757010 282
1757020 282
1757030 280
1757040 279
1757050 277
1757060 276
1757070 275
1757080 274
1757090 274
1757100 274
1757110 273
1757120 273
1757130 272
1757140 272
1757150 271
1757160 271
1757170 270
1757180 270
1757190 270
1757200 269
1757210 269
1757220 268
1757230 268
1757240 267
1757250 267
1757260 267
1757270 266
1757280 266
1757290 266
1757300 265
1757310 265
1757320 264
1757330 264
1757340 264
1757350 264
1757360 264
1757370 264
1757380 264
1757390 264
1757400 264
1757410 264
1757420 264
1757430 264
1757440 264
1757450 264
1757460 264
1757470 264
1757480 264
1757490 263
1757500 263
1757510 262
1757520 262
1757530 261
1757540 261
1757550 261
1757560 260
1757570 261
1757580 261
1757590 261
1757600 261
1757610 261
1757620 262
1757630 262
1757640 263
1757650 264
1757660 265
1757670 266
1757680 267
1757690 268
1757700 268
1757710 269
1757720 269
1757730 270
1757740 270
1757750 270
1757760 271
1757770 271
1757780 272
1757790 272
1757800 272
1757810 273
1757820 273
1757830 274
1757840 275
1757850 275
1757860 276
1757870 276
1757880 277
1757890 278
1757900 278
1757910 279
1757920 280
1757930 280
1757940 281
1757950 282
1757960 282
1757970 283
1757980 284
1757990 285
1758000 285
1758010 286
1758020 287
1758030 288
1758040 289
1758050 290
1758060 291
1758070 291
1758080 292
1758090 293
1758100 293
1758110 294
1758120 295
1758130 295
1758140 296
1758150 296
1758160 297
1758170 297
1758180 298
1758190 299
1758200 299
1758210 300
1758220 300
1758230 301
1758240 301
1758250 301
1758260 302
1758270 302
1758280 303
1758290 303
1758300 304
1758310 304
1758320 305
1758330 305
1758340 305
1758350 306
1758360 306
1758370 306
1758380 306
1758390 307
1758400 307
1758410 307
1758420 307
1758430 307
1758440 308
1758450 308
1758460 308
1758470 308
1758480 308
1758490 308
1758500 308
1758510 308
1758520 308
1758530 308
1758540 308
1758550 308
1758560 308
1758570 308
1758580 308
1758590 308
1758600 308
1758610 308
1758620 308
1758630 308
1758640 308
1758650 308
1758660 308
1758670 308
1758680 308
1758690 308
1758700 308
1758710 308
1758720 308
1758730 308
1758740 308
1758750 308
1758760 307
1758770 307
1758780 307
1758790 307
1758800 307
1758810 307
1758820 307
1758830 307
1758840 306
1758850 306
1758860 306
1758870 306
1758880 305
1758890 305
1758900 305
1758910 305
1758920 304
1758930 304
1758940 304
1758950 304
1758960 304
1758970 304
1758980 303
1758990 303
1759000 303
1759010 303
1759020 303
1759030 303
1759040 303
1759050 302
1759060 302
1759070 302
1759080 302
1759090 302
1759100 301
1759110 301
1759120 301
1759130 301
1759140 301
1759150 300
1759160 300
1759170 300
1759180 300
1759190 299
1759200 299
1759210 299
1759220 298
1759230 298
1759240 298
1759250 297
1759260 297
1759270 297
1759280 297
1759290 296
1759300 296
1759310 296
1759320 296
1759330 295
1759340 295
1759350 295
1759360 295
1759370 295
1759380 294
1759390 294
1759400 294
1759410 294
1759420 294
1759430 293
1759440 293
1759450 293
1759460 293
1759470 293
1759480 293
1759490 292
1759500 292
1759510 292
1759520 292
1759530 291
1759540 291
1759550 291
1759560 290
1759570 290
1759580 290
1759590 290
1759600 289
1759610 289
1759620 289
1759630 288
1759640 288
1759650 287
1759660 287
1759670 287
1759680 286
1759690 286
1759700 286
1759710 285
1759720 285
1759730 284
1759740 284
1759750 284
1759760 283
1759770 283
1759780 282
1759790 282
1759800 282
1759810 281
1759820 280
1759830 278
1759840 276
1759850 275
1759860 274
1759870 274
1759880 273
1759890 273
1759900 273
1759910 273
1759920 273
1759930 272
1759940 272
1759950 271
1759960 270
1759970 270
1759980 270
1759990 269
