1740000 268
1740010 268
1740020 268
1740030 268
1740040 268
1740050 268
1740060 268
1740070 268
1740080 268
1740090 268
1740100 268
1740110 268
1740120 268
1740130 268
1740140 268
1740150 268
1740160 268
1740170 268
1740180 268
1740190 268
1740200 268
1740210 268
1740220 268
1740230 267
1740240 267
1740250 267
1740260 267
1740270 267
1740280 267
1740290 267
1740300 267
1740310 267
1740320 267
1740330 267
1740340 267
1740350 268
1740360 268
1740370 267
1740380 267
1740390 267
1740400 267
1740410 267
1740420 267
1740430 267
1740440 267
1740450 267
1740460 267
1740470 266
1740480 265
1740490 263
1740500 263
1740510 263
1740520 263
1740530 263
1740540 263
1740550 264
1740560 265
1740570 265
1740580 266
1740590 265
1740600 265
1740610 266
1740620 266
1740630 266
1740640 266
1740650 267
1740660 267
1740670 267
1740680 267
1740690 267
1740700 267
1740710 266
1740720 266
1740730 265
1740740 265
1740750 265
1740760 265
1740770 265
1740780 265
1740790 266
1740800 267
1740810 267
1740820 267
1740830 267
1740840 267
1740850 267
1740860 266
1740870 266
1740880 266
1740890 266
1740900 266
1740910 266
1740920 266
1740930 266
1740940 266
1740950 266
1740960 266
1740970 266
1740980 266
1740990 266
1741000 266
1741010 266
1741020 266
1741030 266
1741040 266
1741050 266
1741060 266
1741070 266
1741080 267
1741090 268
1741100 268
1741110 268
1741120 268
1741130 268
1741140 268
1741150 268
1741160 268
1741170 267
1741180 267
1741190 267
1741200 267
1741210 267
1741220 267
1741230 267
1741240 267
1741250 267
1741260 267
1741270 267
1741280 268
1741290 268
1741300 267
1741310 267
1741320 267
1741330 267
1741340 267
1741350 267
1741360 267
1741370 267
1741380 266
1741390 266
1741400 266
1741410 266
1741420 266
1741430 266
1741440 267
1741450 267
1741460 267
1741470 267
1741480 267
1741490 267
1741500 266
1741510 266
1741520 266
1741530 266
1741540 266
1741550 266
1741560 266
1741570 266
1741580 266
1741590 266
1741600 266
1741610 266
1741620 266
1741630 266
1741640 266
1741650 266
1741660 266
1741670 266
1741680 266
1741690 266
1741700 266
1741710 266
1741720 266
1741730 266
1741740 266
1741750 266
1741760 266
1741770 266
1741780 266
1741790 266
1741800 266
1741810 266
1741820 266
1741830 266
1741840 266
1741850 266
1741860 266
1741870 266
1741880 266
1741890 266
1741900 266
1741910 266
1741920 266
1741930 266
1741940 266
1741950 266
1741960 266
1741970 266
1741980 266
1741990 266
1742000 266
1742010 266
1742020 266
1742030 266
1742040 266
1742050 266
1742060 266
1742070 266
1742080 266
1742090 266
1742100 266
1742110 266
1742120 266
1742130 266
1742140 266
1742150 267
1742160 267
1742170 267
1742180 267
1742190 267
1742200 267
1742210 266
1742220 266
1742230 266
1742240 266
1742250 266
1742260 266
1742270 266
1742280 266
1742290 266
1742300 266
1742310 266
1742320 267
1742330 266
1742340 266
1742350 266
1742360 266
1742370 266
1742380 266
1742390 266
1742400 266
1742410 266
1742420 266
1742430 266
1742440 266
1742450 266
1742460 266
1742470 266
1742480 266
1742490 266
1742500 266
1742510 266
1742520 266
1742530 266
1742540 266
1742550 266
1742560 266
1742570 266
1742580 266
1742590 266
1742600 266
1742610 266
1742620 266
1742630 266
1742640 266
1742650 266
1742660 266
1742670 266
1742680 266
1742690 266
1742700 266
1742710 266
1742720 266
1742730 266
1742740 266
1742750 266
1742760 266
1742770 266
1742780 266
1742790 266
1742800 266
1742810 266
1742820 266
1742830 266
1742840 266
1742850 266
1742860 266
1742870 266
1742880 266
1742890 266
1742900 267
1742910 268
1742920 270
1742930 273
1742940 274
1742950 274
1742960 274
1742970 274
1742980 275
1742990 275
1743000 275
1743010 275
1743020 275
1743030 275
1743040 275
1743050 275
1743060 275
1743070 275
1743080 275
1743090 275
1743100 275
1743110 275
1743120 275
1743130 275
1743140 275
1743150 275
1743160 275
1743170 275
1743180 275
1743190 274
1743200 274
1743210 274
1743220 274
1743230 274
1743240 274
1743250 274
1743260 274
1743270 273
1743280 273
1743290 273
1743300 273
1743310 274
1743320 274
1743330 274
1743340 274
1743350 274
1743360 274
1743370 274
1743380 274
1743390 274
1743400 274
1743410 275
1743420 275
1743430 275
1743440 275
1743450 275
1743460 275
1743470 275
1743480 275
1743490 275
1743500 275
1743510 275
1743520 275
1743530 275
1743540 275
1743550 276
1743560 275
1743570 276
1743580 277
1743590 279
1743600 279
1743610 279
1743620 279
1743630 279
1743640 279
1743650 279
1743660 277
1743670 275
1743680 275
1743690 274
1743700 274
1743710 275
1743720 274
1743730 273
1743740 272
1743750 272
1743760 272
1743770 274
1743780 275
1743790 275
1743800 276
1743810 276
1743820 276
1743830 276
1743840 275
1743850 275
1743860 275
1743870 276
1743880 277
1743890 277
1743900 278
1743910 279
1743920 279
1743930 279
1743940 279
1743950 278
1743960 277
1743970 276
1743980 275
1743990 275
1744000 275
1744010 274
1744020 274
1744030 274
1744040 274
1744050 274
1744060 274
1744070 274
1744080 274
1744090 274
1744100 274
1744110 274
1744120 274
1744130 274
1744140 274
1744150 274
1744160 274
1744170 274
1744180 274
1744190 274
1744200 274
1744210 274
1744220 274
1744230 274
1744240 274
1744250 274
1744260 274
1744270 274
1744280 274
1744290 274
1744300 274
1744310 274
1744320 274
1744330 274
1744340 274
1744350 274
1744360 274
1744370 274
1744380 274
1744390 273
1744400 273
1744410 273
1744420 273
1744430 273
1744440 273
1744450 273
1744460 273
1744470 273
1744480 273
1744490 273
1744500 273
1744510 273
1744520 273
1744530 273
1744540 273
1744550 273
1744560 273
1744570 273
1744580 272
1744590 272
1744600 272
1744610 272
1744620 272
1744630 272
1744640 272
1744650 272
1744660 272
1744670 272
1744680 271
1744690 271
1744700 271
1744710 271
1744720 271
1744730 271
1744740 271
1744750 271
1744760 271
1744770 271
1744780 271
1744790 271
1744800 271
1744810 271
1744820 271
1744830 271
1744840 271
1744850 271
1744860 271
1744870 271
1744880 271
1744890 271
1744900 271
1744910 271
1744920 271
1744930 272
1744940 272
1744950 272
1744960 272
1744970 272
1744980 272
1744990 272
1745000 272
1745010 272
1745020 272
1745030 272
1745040 272
1745050 272
1745060 272
1745070 272
1745080 272
1745090 272
1745100 272
1745110 273
1745120 273
1745130 273
1745140 273
1745150 273
1745160 273
1745170 273
1745180 272
1745190 272
1745200 272
1745210 272
1745220 272
1745230 272
1745240 272
1745250 272
1745260 272
1745270 273
1745280 273
1745290 273
1745300 273
1745310 273
1745320 273
1745330 273
1745340 273
1745350 273
1745360 273
1745370 273
1745380 273
1745390 273
1745400 272
1745410 272
1745420 272
1745430 272
1745440 272
1745450 272
1745460 272
1745470 272
1745480 272
1745490 272
1745500 272
1745510 272
1745520 272
1745530 272
1745540 272
1745550 272
1745560 272
1745570 272
1745580 272
1745590 272
1745600 272
1745610 272
1745620 272
1745630 272
1745640 272
1745650 272
1745660 272
1745670 272
1745680 272
1745690 271
1745700 271
1745710 271
1745720 271
1745730 271
1745740 271
1745750 270
1745760 270
1745770 270
1745780 270
1745790 270
1745800 270
1745810 270
1745820 269
1745830 269
1745840 268
1745850 268
1745860 268
1745870 268
1745880 268
1745890 268
1745900 269
1745910 269
1745920 269
1745930 270
1745940 270
1745950 271
1745960 271
1745970 272
1745980 272
1745990 273
1746000 273
1746010 273
1746020 274
1746030 274
1746040 274
1746050 275
1746060 275
1746070 275
1746080 276
1746090 276
1746100 276
1746110 276
1746120 277
1746130 277
1746140 277
1746150 277
1746160 277
1746170 277
1746180 277
1746190 278
1746200 278
1746210 278
1746220 278
1746230 279
1746240 279
1746250 279
1746260 279
1746270 279
1746280 279
1746290 279
1746300 279
1746310 279
1746320 279
1746330 279
1746340 280
1746350 280
1746360 280
1746370 280
1746380 280
1746390 280
1746400 281
1746410 281
1746420 281
1746430 281
1746440 281
1746450 282
1746460 282
1746470 282
1746480 282
1746490 282
1746500 282
1746510 283
1746520 283
1746530 283
1746540 283
1746550 283
1746560 284
1746570 284
1746580 284
1746590 284
1746600 285
1746610 285
1746620 285
1746630 285
1746640 285
1746650 286
1746660 286
1746670 286
1746680 286
1746690 286
1746700 287
1746710 287
1746720 287
1746730 287
1746740 287
1746750 288
1746760 288
1746770 288
1746780 288
1746790 289
1746800 289
1746810 289
1746820 290
1746830 290
1746840 290
1746850 290
1746860 291
1746870 291
1746880 291
1746890 292
1746900 292
1746910 292
1746920 292
1746930 292
1746940 293
1746950 293
1746960 293
1746970 293
1746980 294
1746990 294
1747000 294
1747010 294
1747020 294
1747030 294
1747040 294
1747050 294
1747060 294
1747070 294
1747080 294
1747090 294
1747100 294
1747110 294
1747120 294
1747130 294
1747140 294
1747150 294
1747160 293
1747170 293
1747180 292
1747190 292
1747200 291
1747210 290
1747220 290
1747230 289
1747240 288
1747250 288
1747260 288
1747270 287
1747280 287
1747290 287
1747300 287
1747310 288
1747320 288
1747330 288
1747340 288
1747350 288
1747360 288
1747370 288
1747380 288
1747390 288
1747400 287
1747410 287
1747420 287
1747430 287
1747440 286
1747450 286
1747460 286
1747470 285
1747480 285
1747490 285
1747500 284
1747510 284
1747520 284
1747530 283
1747540 283
1747550 282
1747560 282
1747570 281
1747580 281
1747590 280
1747600 280
1747610 279
1747620 278
1747630 278
1747640 277
1747650 277
1747660 277
1747670 276
1747680 276
1747690 276
1747700 276
1747710 276
1747720 276
1747730 275
1747740 275
1747750 275
1747760 275
1747770 275
1747780 275
1747790 276
1747800 276
1747810 276
1747820 276
1747830 276
1747840 276
1747850 276
1747860 276
1747870 276
1747880 277
1747890 277
1747900 277
1747910 278
1747920 279
1747930 280
1747940 280
1747950 281
1747960 281
1747970 281
1747980 282
1747990 282
1748000 282
1748010 282
1748020 281
1748030 281
1748040 281
1748050 281
1748060 281
1748070 281
1748080 281
1748090 281
1748100 281
1748110 281
1748120 280
1748130 280
1748140 280
1748150 280
1748160 280
1748170 280
1748180 281
1748190 281
1748200 281
1748210 282
1748220 282
1748230 283
1748240 283
1748250 284
1748260 285
1748270 285
1748280 286
1748290 286
1748300 287
1748310 287
1748320 287
1748330 288
1748340 288
1748350 288
1748360 289
1748370 289
1748380 289
1748390 289
1748400 289
1748410 289
1748420 289
1748430 289
1748440 289
1748450 289
1748460 289
1748470 288
1748480 288
1748490 288
1748500 288
1748510 287
1748520 287
1748530 286
1748540 286
1748550 286
1748560 285
1748570 285
1748580 285
1748590 285
1748600 285
1748610 284
1748620 284
1748630 284
1748640 284
1748650 283
1748660 283
1748670 282
1748680 282
1748690 281
1748700 281
1748710 280
1748720 279
1748730 279
1748740 278
1748750 278
1748760 277
1748770 277
1748780 276
1748790 276
1748800 276
1748810 276
1748820 276
1748830 276
1748840 276
1748850 276
1748860 276
1748870 276
1748880 277
1748890 277
1748900 277
1748910 277
1748920 277
1748930 277
1748940 277
1748950 277
1748960 277
1748970 277
1748980 277
1748990 277
1749000 277
1749010 277
1749020 278
1749030 278
1749040 278
1749050 278
1749060 278
1749070 278
1749080 278
1749090 278
1749100 279
1749110 279
1749120 279
1749130 279
1749140 279
1749150 280
1749160 280
1749170 280
1749180 281
1749190 282
1749200 284
1749210 286
1749220 288
1749230 288
1749240 288
1749250 288
1749260 288
1749270 288
1749280 288
1749290 288
1749300 288
1749310 288
1749320 288
1749330 288
1749340 288
1749350 288
1749360 287
1749370 287
1749380 287
1749390 287
1749400 287
1749410 286
1749420 286
1749430 286
1749440 286
1749450 286
1749460 285
1749470 285
1749480 285
1749490 285
1749500 285
1749510 285
1749520 284
1749530 284
1749540 284
1749550 284
1749560 284
1749570 284
1749580 284
1749590 284
1749600 284
1749610 284
1749620 284
1749630 283
1749640 283
1749650 283
1749660 283
1749670 282
1749680 282
1749690 281
1749700 281
1749710 281
1749720 281
1749730 281
1749740 282
1749750 282
1749760 282
1749770 283
1749780 283
1749790 283
1749800 284
1749810 284
1749820 284
1749830 285
1749840 285
1749850 285
1749860 286
1749870 287
1749880 289
1749890 290
1749900 291
1749910 292
1749920 292
1749930 293
1749940 294
1749950 295
1749960 295
1749970 296
1749980 297
1749990 298
1750000 299
1750010 299
1750020 300
1750030 301
1750040 301
1750050 302
1750060 302
1750070 303
1750080 303
1750090 304
1750100 304
1750110 305
1750120 305
1750130 306
1750140 306
1750150 306
1750160 306
1750170 307
1750180 308
1750190 309
1750200 309
1750210 310
1750220 311
1750230 312
1750240 313
1750250 313
1750260 314
1750270 315
1750280 316
1750290 317
1750300 317
1750310 318
1750320 318
1750330 318
1750340 318
1750350 318
1750360 318
1750370 319
1750380 319
1750390 319
1750400 319
1750410 319
1750420 319
1750430 319
1750440 318
1750450 318
1750460 318
1750470 317
1750480 317
1750490 318
1750500 318
1750510 318
1750520 318
1750530 318
1750540 318
1750550 318
1750560 319
1750570 319
1750580 319
1750590 319
1750600 319
1750610 320
1750620 320
1750630 320
1750640 321
1750650 321
1750660 321
1750670 321
1750680 322
1750690 323
1750700 324
1750710 324
1750720 325
1750730 325
1750740 326
1750750 327
1750760 327
1750770 328
1750780 329
1750790 329
1750800 330
1750810 331
1750820 331
1750830 332
1750840 332
1750850 333
1750860 333
1750870 333
1750880 334
1750890 334
1750900 334
1750910 334
1750920 334
1750930 334
1750940 334
1750950 334
1750960 334
1750970 334
1750980 334
1750990 334
1751000 334
1751010 333
1751020 333
1751030 333
1751040 333
1751050 334
1751060 334
1751070 334
1751080 334
1751090 334
1751100 334
1751110 333
1751120 332
1751130 332
1751140 332
1751150 331
1751160 331
1751170 331
1751180 331
1751190 330
1751200 330
1751210 330
1751220 329
1751230 329
1751240 328
1751250 328
1751260 327
1751270 327
1751280 326
1751290 326
1751300 325
1751310 325
1751320 324
1751330 324
1751340 324
1751350 323
1751360 323
1751370 322
1751380 322
1751390 321
1751400 321
1751410 320
1751420 320
1751430 319
1751440 319
1751450 318
1751460 318
1751470 317
1751480 317
1751490 317
1751500 316
1751510 316
1751520 315
1751530 315
1751540 314
1751550 313
1751560 313
1751570 312
1751580 311
1751590 311
1751600 310
1751610 309
1751620 309
1751630 308
1751640 307
1751650 306
1751660 306
1751670 305
1751680 304
1751690 303
1751700 303
1751710 302
1751720 301
1751730 301
1751740 300
1751750 299
1751760 299
1751770 298
1751780 297
1751790 297
1751800 296
1751810 295
1751820 294
1751830 292
1751840 291
1751850 289
1751860 288
1751870 287
1751880 286
1751890 285
1751900 284
1751910 284
1751920 284
1751930 283
1751940 283
1751950 282
1751960 282
1751970 281
1751980 281
1751990 280
1752000 279
1752010 279
1752020 278
1752030 277
1752040 277
1752050 276
1752060 276
1752070 275
1752080 274
1752090 273
1752100 272
1752110 271
1752120 270
1752130 269
1752140 268
1752150 267
1752160 265
1752170 264
1752180 262
1752190 260
1752200 259
1752210 258
1752220 258
1752230 258
1752240 259
1752250 259
1752260 259
1752270 260
1752280 261
1752290 262
1752300 262
1752310 263
1752320 264
1752330 264
1752340 264
1752350 265
1752360 265
1752370 265
1752380 265
1752390 265
1752400 265
1752410 265
1752420 266
1752430 266
1752440 266
1752450 266
1752460 265
1752470 265
1752480 265
1752490 264
1752500 264
1752510 264
1752520 264
1752530 264
1752540 263
1752550 263
1752560 262
1752570 262
1752580 262
1752590 261
1752600 261
1752610 260
1752620 260
1752630 259
1752640 259
1752650 258
1752660 258
1752670 257
1752680 257
1752690 256
1752700 256
1752710 255
1752720 255
1752730 254
1752740 254
1752750 253
1752760 253
1752770 252
1752780 251
1752790 250
1752800 249
1752810 247
1752820 245
1752830 244
1752840 244
1752850 244
1752860 245
1752870 245
1752880 247
1752890 249
1752900 251
1752910 252
1752920 253
1752930 253
1752940 254
1752950 254
1752960 255
1752970 255
1752980 255
1752990 256
1753000 256
1753010 256
1753020 257
1753030 257
1753040 257
1753050 258
1753060 258
1753070 258
1753080 258
1753090 258
1753100 258
1753110 258
1753120 258
1753130 258
1753140 258
1753150 258
1753160 258
1753170 257
1753180 257
1753190 257
1753200 257
1753210 256
1753220 256
1753230 255
1753240 255
1753250 255
1753260 254
1753270 254
1753280 253
1753290 253
1753300 252
1753310 252
1753320 251
1753330 250
1753340 250
1753350 249
1753360 249
1753370 249
1753380 250
1753390 250
1753400 250
1753410 249
1753420 247
1753430 245
1753440 244
1753450 244
1753460 244
1753470 244
1753480 245
1753490 245
1753500 246
1753510 246
1753520 247
1753530 247
1753540 247
1753550 247
1753560 247
1753570 247
1753580 247
1753590 247
1753600 246
1753610 246
1753620 246
1753630 245
1753640 245
1753650 244
1753660 244
1753670 244
1753680 243
1753690 243
1753700 242
1753710 241
1753720 239
1753730 236
1753740 232
1753750 230
1753760 229
1753770 229
1753780 229
1753790 229
1753800 229
1753810 229
1753820 229
1753830 229
1753840 229
1753850 229
1753860 229
1753870 229
1753880 229
1753890 229
1753900 229
1753910 229
1753920 229
1753930 229
1753940 229
1753950 229
1753960 229
1753970 229
1753980 228
1753990 228
1754000 228
1754010 229
1754020 229
1754030 228
1754040 228
1754050 228
1754060 228
1754070 228
1754080 228
1754090 228
1754100 228
1754110 228
1754120 228
1754130 228
1754140 228
1754150 228
1754160 228
1754170 228
1754180 229
1754190 229
1754200 229
1754210 229
1754220 229
1754230 228
1754240 227
1754250 227
1754260 228
1754270 229
1754280 229
1754290 229
1754300 229
1754310 229
1754320 229
1754330 229
1754340 229
1754350 229
1754360 229
1754370 229
1754380 229
1754390 229
1754400 229
1754410 229
1754420 229
1754430 229
1754440 229
1754450 229
1754460 229
1754470 229
1754480 229
1754490 229
1754500 230
1754510 230
1754520 230
1754530 230
1754540 230
1754550 230
1754560 230
1754570 230
1754580 230
1754590 230
1754600 230
1754610 230
1754620 231
1754630 231
1754640 230
1754650 229
1754660 229
1754670 228
1754680 227
1754690 227
1754700 227
1754710 228
1754720 229
1754730 229
1754740 230
1754750 230
1754760 230
1754770 230
1754780 229
1754790 229
1754800 229
1754810 230
1754820 230
1754830 230
1754840 231
1754850 232
1754860 234
1754870 235
1754880 236
1754890 238
1754900 239
1754910 240
1754920 241
1754930 242
1754940 243
1754950 244
1754960 246
1754970 247
1754980 247
1754990 246
1755000 245
1755010 245
1755020 245
1755030 247
1755040 249
1755050 252
1755060 254
1755070 256
1755080 258
1755090 260
1755100 262
1755110 264
1755120 265
1755130 267
1755140 268
1755150 269
1755160 270
1755170 272
1755180 273
1755190 274
1755200 275
1755210 275
1755220 276
1755230 277
1755240 278
1755250 278
1755260 279
1755270 280
1755280 280
1755290 281
1755300 282
1755310 283
1755320 284
1755330 284
1755340 284
1755350 285
1755360 285
1755370 285
1755380 285
1755390 285
1755400 285
1755410 284
1755420 284
1755430 284
1755440 284
1755450 283
1755460 283
1755470 283
1755480 284
1755490 284
1755500 285
1755510 285
1755520 286
1755530 287
1755540 289
1755550 290
1755560 292
1755570 294
1755580 295
1755590 297
1755600 299
1755610 301
1755620 302
1755630 303
1755640 303
1755650 304
1755660 304
1755670 304
1755680 304
1755690 304
1755700 304
1755710 304
1755720 304
1755730 304
1755740 303
1755750 302
1755760 302
1755770 301
1755780 300
1755790 299
1755800 298
1755810 297
1755820 296
1755830 295
1755840 294
1755850 293
1755860 291
1755870 290
1755880 288
1755890 287
1755900 286
1755910 285
1755920 284
1755930 285
1755940 288
1755950 290
1755960 292
1755970 294
1755980 296
1755990 298
1756000 299
1756010 300
1756020 301
1756030 302
1756040 303
1756050 304
1756060 305
1756070 306
1756080 307
1756090 308
1756100 309
1756110 310
1756120 310
1756130 311
1756140 312
1756150 313
1756160 313
1756170 314
1756180 314
1756190 315
1756200 315
1756210 316
1756220 316
1756230 317
1756240 317
1756250 317
1756260 318
1756270 318
1756280 318
1756290 318
1756300 318
1756310 319
1756320 319
1756330 319
1756340 319
1756350 319
1756360 319
1756370 319
1756380 319
1756390 319
1756400 319
1756410 319
1756420 318
1756430 318
1756440 318
1756450 318
1756460 318
1756470 318
1756480 317
1756490 317
1756500 317
1756510 316
1756520 316
1756530 315
1756540 314
1756550 314
1756560 313
1756570 313
1756580 313
1756590 313
1756600 312
1756610 311
1756620 311
1756630 310
1756640 309
1756650 308
1756660 307
1756670 306
1756680 305
1756690 305
1756700 304
1756710 303
1756720 302
1756730 301
1756740 300
1756750 298
1756760 297
1756770 296
1756780 295
1756790 294
1756800 293
1756810 292
1756820 292
1756830 291
1756840 290
1756850 289
1756860 288
1756870 287
1756880 286
1756890 286
1756900 285
1756910 284
1756920 283
1756930 283
1756940 282
1756950 282
1756960 281
1756970 280
1756980 279
1756990 278
1757000 276
1757010 275
1757020 274
1757030 273
1757040 272
1757050 272
1757060 271
1757070 270
1757080 270
1757090 269
1757100 269
1757110 269
1757120 268
1757130 268
1757140 268
1757150 267
1757160 267
1757170 267
1757180 266
1757190 266
1757200 266
1757210 265
1757220 265
1757230 265
1757240 265
1757250 264
1757260 264
1757270 263
1757280 263
1757290 262
1757300 262
1757310 261
1757320 261
1757330 260
1757340 261
1757350 261
1757360 261
1757370 262
1757380 262
1757390 262
1757400 262
1757410 262
1757420 262
1757430 262
1757440 262
1757450 261
1757460 261
1757470 261
1757480 260
1757490 260
1757500 260
1757510 260
1757520 260
1757530 260
1757540 260
1757550 262
1757560 263
1757570 264
1757580 264
1757590 265
1757600 265
1757610 266
1757620 267
1757630 267
1757640 268
1757650 268
1757660 269
1757670 269
1757680 269
1757690 270
1757700 270
1757710 271
1757720 271
1757730 272
1757740 272
1757750 273
1757760 273
1757770 274
1757780 274
1757790 275
1757800 275
1757810 276
1757820 276
1757830 277
1757840 278
1757850 278
1757860 279
1757870 279
1757880 280
1757890 281
1757900 281
1757910 282
1757920 283
1757930 284
1757940 285
1757950 285
1757960 286
1757970 287
1757980 288
1757990 289
1758000 290
1758010 291
1758020 292
1758030 293
1758040 294
1758050 295
1758060 296
1758070 297
1758080 297
1758090 298
1758100 299
1758110 299
1758120 300
1758130 301
1758140 301
1758150 302
1758160 302
1758170 303
1758180 303
1758190 304
1758200 304
1758210 304
1758220 305
1758230 305
1758240 306
1758250 306
1758260 306
1758270 306
1758280 307
1758290 307
1758300 307
1758310 308
1758320 308
1758330 309
1758340 309
1758350 309
1758360 309
1758370 310
1758380 310
1758390 310
1758400 310
1758410 310
1758420 311
1758430 311
1758440 311
1758450 311
1758460 311
1758470 311
1758480 311
1758490 311
1758500 311
1758510 311
1758520 311
1758530 311
1758540 311
1758550 310
1758560 310
1758570 310
1758580 310
1758590 310
1758600 310
1758610 310
1758620 310
1758630 310
1758640 310
1758650 309
1758660 309
1758670 309
1758680 309
1758690 309
1758700 309
1758710 309
1758720 309
1758730 308
1758740 308
1758750 308
1758760 307
1758770 307
1758780 307
1758790 306
1758800 305
1758810 305
1758820 305
1758830 305
1758840 305
1758850 304
1758860 304
1758870 304
1758880 304
1758890 303
1758900 303
1758910 303
1758920 303
1758930 302
1758940 302
1758950 302
1758960 302
1758970 302
1758980 302
1758990 301
1759000 301
1759010 301
1759020 301
1759030 300
1759040 300
1759050 300
1759060 300
1759070 299
1759080 299
1759090 299
1759100 299
1759110 299
1759120 298
1759130 298
1759140 298
1759150 298
1759160 297
1759170 297
1759180 297
1759190 297
1759200 296
1759210 296
1759220 296
1759230 295
1759240 295
1759250 295
1759260 295
1759270 294
1759280 294
1759290 294
1759300 293
1759310 293
1759320 293
1759330 293
1759340 292
1759350 292
1759360 292
1759370 292
1759380 292
1759390 292
1759400 292
1759410 292
1759420 291
1759430 291
1759440 291
1759450 291
1759460 290
1759470 290
1759480 290
1759490 290
1759500 290
1759510 290
1759520 289
1759530 289
1759540 289
1759550 289
1759560 288
1759570 288
1759580 288
1759590 287
1759600 287
1759610 287
1759620 287
1759630 286
1759640 286
1759650 286
1759660 285
1759670 285
1759680 284
1759690 284
1759700 284
1759710 284
1759720 283
1759730 283
1759740 283
1759750 282
1759760 282
1759770 282
1759780 281
1759790 281
1759800 281
1759810 280
1759820 280
1759830 279
1759840 278
1759850 276
1759860 275
1759870 274
1759880 274
1759890 274
1759900 274
1759910 274
1759920 273
1759930 273
1759940 273
1759950 272
1759960 271
1759970 269
1759980 268
1759990 266
