1740000 263
1740010 263
1740020 263
1740030 263
1740040 263
1740050 263
1740060 263
1740070 263
1740080 263
1740090 263
1740100 263
1740110 263
1740120 264
1740130 264
1740140 264
1740150 264
1740160 264
1740170 264
1740180 263
1740190 263
1740200 263
1740210 263
1740220 263
1740230 263
1740240 263
1740250 263
1740260 263
1740270 263
1740280 263
1740290 263
1740300 263
1740310 262
1740320 262
1740330 262
1740340 262
1740350 262
1740360 262
1740370 262
1740380 262
1740390 262
1740400 262
1740410 262
1740420 262
1740430 262
1740440 262
1740450 262
1740460 262
1740470 262
1740480 262
1740490 262
1740500 262
1740510 262
1740520 262
1740530 262
1740540 262
1740550 262
1740560 262
1740570 262
1740580 262
1740590 262
1740600 262
1740610 262
1740620 262
1740630 262
1740640 262
1740650 262
1740660 262
1740670 262
1740680 262
1740690 262
1740700 262
1740710 262
1740720 262
1740730 262
1740740 262
1740750 262
1740760 261
1740770 261
1740780 261
1740790 261
1740800 261
1740810 262
1740820 262
1740830 262
1740840 262
1740850 262
1740860 262
1740870 262
1740880 262
1740890 262
1740900 261
1740910 261
1740920 261
1740930 262
1740940 263
1740950 262
1740960 262
1740970 261
1740980 261
1740990 261
1741000 261
1741010 261
1741020 261
1741030 261
1741040 261
1741050 261
1741060 261
1741070 261
1741080 261
1741090 260
1741100 260
1741110 260
1741120 260
1741130 260
1741140 260
1741150 260
1741160 261
1741170 261
1741180 261
1741190 261
1741200 261
1741210 261
1741220 261
1741230 260
1741240 260
1741250 260
1741260 260
1741270 260
1741280 260
1741290 260
1741300 260
1741310 260
1741320 261
1741330 261
1741340 261
1741350 260
1741360 260
1741370 260
1741380 260
1741390 260
1741400 260
1741410 260
1741420 260
1741430 260
1741440 260
1741450 261
1741460 261
1741470 261
1741480 261
1741490 261
1741500 260
1741510 260
1741520 259
1741530 258
1741540 258
1741550 258
1741560 258
1741570 258
1741580 258
1741590 259
1741600 260
1741610 259
1741620 259
1741630 259
1741640 258
1741650 258
1741660 258
1741670 259
1741680 260
1741690 261
1741700 262
1741710 261
1741720 260
1741730 260
1741740 260
1741750 260
1741760 260
1741770 260
1741780 260
1741790 260
1741800 260
1741810 260
1741820 260
1741830 260
1741840 259
1741850 259
1741860 259
1741870 259
1741880 259
1741890 259
1741900 259
1741910 259
1741920 259
1741930 260
1741940 260
1741950 260
1741960 260
1741970 260
1741980 260
1741990 261
1742000 261
1742010 261
1742020 262
1742030 261
1742040 261
1742050 261
1742060 261
1742070 261
1742080 261
1742090 261
1742100 261
1742110 261
1742120 261
1742130 261
1742140 261
1742150 261
1742160 261
1742170 261
1742180 261
1742190 260
1742200 260
1742210 260
1742220 260
1742230 260
1742240 260
1742250 260
1742260 260
1742270 260
1742280 260
1742290 260
1742300 260
1742310 260
1742320 260
1742330 260
1742340 260
1742350 260
1742360 260
1742370 260
1742380 260
1742390 260
1742400 260
1742410 260
1742420 260
1742430 260
1742440 260
1742450 260
1742460 260
1742470 260
1742480 260
1742490 260
1742500 260
1742510 260
1742520 260
1742530 260
1742540 260
1742550 260
1742560 260
1742570 260
1742580 260
1742590 260
1742600 260
1742610 260
1742620 260
1742630 260
1742640 260
1742650 260
1742660 260
1742670 260
1742680 260
1742690 260
1742700 260
1742710 260
1742720 260
1742730 260
1742740 260
1742750 260
1742760 260
1742770 260
1742780 260
1742790 260
1742800 260
1742810 260
1742820 260
1742830 260
1742840 260
1742850 260
1742860 259
1742870 259
1742880 259
1742890 259
1742900 259
1742910 259
1742920 259
1742930 259
1742940 259
1742950 259
1742960 259
1742970 259
1742980 259
1742990 260
1743000 260
1743010 260
1743020 260
1743030 260
1743040 260
1743050 259
1743060 259
1743070 259
1743080 259
1743090 259
1743100 259
1743110 259
1743120 259
1743130 259
1743140 259
1743150 259
1743160 259
1743170 259
1743180 259
1743190 259
1743200 259
1743210 259
1743220 259
1743230 259
1743240 259
1743250 259
1743260 259
1743270 259
1743280 259
1743290 259
1743300 259
1743310 259
1743320 259
1743330 259
1743340 259
1743350 259
1743360 259
1743370 259
1743380 259
1743390 259
1743400 259
1743410 259
1743420 259
1743430 259
1743440 259
1743450 259
1743460 259
1743470 259
1743480 259
1743490 259
1743500 259
1743510 259
1743520 259
1743530 259
1743540 259
1743550 259
1743560 259
1743570 259
1743580 259
1743590 259
1743600 259
1743610 259
1743620 259
1743630 259
1743640 259
1743650 259
1743660 259
1743670 259
1743680 259
1743690 259
1743700 259
1743710 259
1743720 259
1743730 259
1743740 259
1743750 259
1743760 259
1743770 259
1743780 259
1743790 260
1743800 260
1743810 259
1743820 259
1743830 259
1743840 259
1743850 259
1743860 259
1743870 260
1743880 260
1743890 260
1743900 260
1743910 260
1743920 260
1743930 260
1743940 260
1743950 260
1743960 260
1743970 260
1743980 260
1743990 260
1744000 260
1744010 260
1744020 260
1744030 260
1744040 260
1744050 260
1744060 260
1744070 260
1744080 260
1744090 260
1744100 260
1744110 260
1744120 260
1744130 260
1744140 260
1744150 260
1744160 259
1744170 259
1744180 260
1744190 260
1744200 260
1744210 260
1744220 260
1744230 260
1744240 262
1744250 263
1744260 266
1744270 268
1744280 270
1744290 270
1744300 270
1744310 270
1744320 270
1744330 270
1744340 270
1744350 270
1744360 270
1744370 270
1744380 270
1744390 270
1744400 270
1744410 270
1744420 270
1744430 270
1744440 270
1744450 270
1744460 270
1744470 270
1744480 269
1744490 269
1744500 269
1744510 269
1744520 269
1744530 269
1744540 269
1744550 269
1744560 269
1744570 269
1744580 269
1744590 269
1744600 269
1744610 269
1744620 269
1744630 269
1744640 269
1744650 269
1744660 269
1744670 269
1744680 269
1744690 269
1744700 269
1744710 269
1744720 269
1744730 269
1744740 269
1744750 269
1744760 269
1744770 270
1744780 271
1744790 272
1744800 275
1744810 276
1744820 276
1744830 276
1744840 275
1744850 274
1744860 271
1744870 270
1744880 269
1744890 267
1744900 265
1744910 263
1744920 262
1744930 262
1744940 263
1744950 263
1744960 263
1744970 263
1744980 262
1744990 262
1745000 262
1745010 263
1745020 263
1745030 264
1745040 265
1745050 267
1745060 268
1745070 269
1745080 269
1745090 269
1745100 270
1745110 270
1745120 270
1745130 270
1745140 269
1745150 268
1745160 268
1745170 267
1745180 267
1745190 267
1745200 267
1745210 267
1745220 267
1745230 267
1745240 267
1745250 267
1745260 266
1745270 266
1745280 266
1745290 266
1745300 266
1745310 266
1745320 266
1745330 266
1745340 266
1745350 266
1745360 267
1745370 268
1745380 268
1745390 269
1745400 269
1745410 269
1745420 268
1745430 268
1745440 268
1745450 268
1745460 269
1745470 269
1745480 269
1745490 269
1745500 269
1745510 269
1745520 269
1745530 269
1745540 269
1745550 269
1745560 269
1745570 269
1745580 269
1745590 269
1745600 269
1745610 268
1745620 268
1745630 268
1745640 268
1745650 268
1745660 268
1745670 268
1745680 268
1745690 268
1745700 268
1745710 268
1745720 268
1745730 268
1745740 268
1745750 268
1745760 268
1745770 268
1745780 268
1745790 268
1745800 268
1745810 268
1745820 268
1745830 268
1745840 268
1745850 268
1745860 268
1745870 268
1745880 268
1745890 268
1745900 268
1745910 268
1745920 268
1745930 268
1745940 268
1745950 268
1745960 268
1745970 268
1745980 268
1745990 268
1746000 267
1746010 267
1746020 268
1746030 268
1746040 268
1746050 268
1746060 268
1746070 268
1746080 268
1746090 268
1746100 267
1746110 267
1746120 267
1746130 268
1746140 268
1746150 268
1746160 267
1746170 267
1746180 267
1746190 267
1746200 267
1746210 267
1746220 267
1746230 267
1746240 267
1746250 267
1746260 267
1746270 267
1746280 267
1746290 267
1746300 267
1746310 267
1746320 267
1746330 267
1746340 266
1746350 266
1746360 266
1746370 266
1746380 266
1746390 266
1746400 266
1746410 266
1746420 266
1746430 266
1746440 266
1746450 266
1746460 266
1746470 265
1746480 265
1746490 265
1746500 265
1746510 265
1746520 265
1746530 265
1746540 265
1746550 264
1746560 264
1746570 264
1746580 264
1746590 264
1746600 264
1746610 264
1746620 263
1746630 263
1746640 263
1746650 263
1746660 263
1746670 263
1746680 263
1746690 263
1746700 263
1746710 263
1746720 262
1746730 262
1746740 262
1746750 261
1746760 261
1746770 261
1746780 261
1746790 261
1746800 261
1746810 261
1746820 261
1746830 261
1746840 261
1746850 261
1746860 261
1746870 261
1746880 261
1746890 261
1746900 261
1746910 261
1746920 261
1746930 261
1746940 262
1746950 262
1746960 263
1746970 264
1746980 265
1746990 265
1747000 266
1747010 267
1747020 267
1747030 268
1747040 268
1747050 269
1747060 269
1747070 270
1747080 270
1747090 270
1747100 271
1747110 271
1747120 271
1747130 272
1747140 272
1747150 273
1747160 273
1747170 273
1747180 274
1747190 274
1747200 274
1747210 275
1747220 275
1747230 275
1747240 275
1747250 276
1747260 276
1747270 276
1747280 276
1747290 277
1747300 277
1747310 277
1747320 277
1747330 277
1747340 277
1747350 277
1747360 278
1747370 278
1747380 278
1747390 278
1747400 278
1747410 278
1747420 278
1747430 278
1747440 278
1747450 278
1747460 278
1747470 278
1747480 278
1747490 279
1747500 279
1747510 279
1747520 279
1747530 280
1747540 280
1747550 280
1747560 280
1747570 280
1747580 280
1747590 281
1747600 281
1747610 281
1747620 281
1747630 281
1747640 281
1747650 281
1747660 281
1747670 281
1747680 282
1747690 282
1747700 282
1747710 283
1747720 283
1747730 284
1747740 284
1747750 284
1747760 285
1747770 285
1747780 285
1747790 285
1747800 285
1747810 286
1747820 286
1747830 286
1747840 286
1747850 287
1747860 287
1747870 287
1747880 288
1747890 288
1747900 289
1747910 289
1747920 290
1747930 290
1747940 291
1747950 291
1747960 292
1747970 292
1747980 293
1747990 294
1748000 294
1748010 295
1748020 295
1748030 295
1748040 296
1748050 296
1748060 297
1748070 297
1748080 298
1748090 299
1748100 299
1748110 299
1748120 300
1748130 300
1748140 301
1748150 301
1748160 302
1748170 302
1748180 303
1748190 303
1748200 304
1748210 304
1748220 305
1748230 305
1748240 306
1748250 307
1748260 307
1748270 307
1748280 307
1748290 308
1748300 309
1748310 309
1748320 310
1748330 311
1748340 311
1748350 312
1748360 312
1748370 312
1748380 313
1748390 313
1748400 314
1748410 314
1748420 315
1748430 315
1748440 315
1748450 316
1748460 316
1748470 316
1748480 317
1748490 317
1748500 318
1748510 318
1748520 318
1748530 319
1748540 319
1748550 320
1748560 320
1748570 320
1748580 320
1748590 321
1748600 321
1748610 321
1748620 322
1748630 322
1748640 322
1748650 322
1748660 322
1748670 322
1748680 323
1748690 323
1748700 323
1748710 323
1748720 323
1748730 324
1748740 324
1748750 324
1748760 324
1748770 324
1748780 324
1748790 324
1748800 324
1748810 325
1748820 325
1748830 325
1748840 325
1748850 325
1748860 325
1748870 325
1748880 325
1748890 325
1748900 326
1748910 326
1748920 326
1748930 326
1748940 326
1748950 326
1748960 327
1748970 327
1748980 327
1748990 327
1749000 327
1749010 327
1749020 327
1749030 326
1749040 327
1749050 328
1749060 327
1749070 328
1749080 328
1749090 329
1749100 329
1749110 329
1749120 329
1749130 329
1749140 329
1749150 330
1749160 330
1749170 330
1749180 330
1749190 330
1749200 330
1749210 330
1749220 331
1749230 331
1749240 331
1749250 331
1749260 331
1749270 331
1749280 332
1749290 332
1749300 332
1749310 332
1749320 332
1749330 333
1749340 333
1749350 333
1749360 333
1749370 333
1749380 333
1749390 333
1749400 333
1749410 333
1749420 333
1749430 333
1749440 334
1749450 334
1749460 334
1749470 334
1749480 335
1749490 334
1749500 334
1749510 335
1749520 335
1749530 335
1749540 335
1749550 335
1749560 335
1749570 335
1749580 335
1749590 335
1749600 335
1749610 335
1749620 335
1749630 335
1749640 335
1749650 335
1749660 335
1749670 335
1749680 335
1749690 335
1749700 335
1749710 335
1749720 334
1749730 334
1749740 334
1749750 334
1749760 334
1749770 334
1749780 334
1749790 333
1749800 333
1749810 333
1749820 333
1749830 332
1749840 332
1749850 332
1749860 331
1749870 331
1749880 331
1749890 330
1749900 330
1749910 329
1749920 329
1749930 329
1749940 328
1749950 328
1749960 327
1749970 327
1749980 326
1749990 326
1750000 325
1750010 324
1750020 324
1750030 323
1750040 321
1750050 320
1750060 319
1750070 317
1750080 316
1750090 315
1750100 314
1750110 313
1750120 312
1750130 311
1750140 309
1750150 309
1750160 308
1750170 306
1750180 305
1750190 303
1750200 302
1750210 302
1750220 301
1750230 300
1750240 299
1750250 298
1750260 298
1750270 297
1750280 296
1750290 295
1750300 295
1750310 294
1750320 293
1750330 292
1750340 291
1750350 290
1750360 289
1750370 288
1750380 287
1750390 285
1750400 284
1750410 284
1750420 283
1750430 283
1750440 282
1750450 281
1750460 280
1750470 279
1750480 278
1750490 277
1750500 276
1750510 276
1750520 275
1750530 274
1750540 274
1750550 274
1750560 274
1750570 274
1750580 274
1750590 274
1750600 275
1750610 276
1750620 276
1750630 276
1750640 277
1750650 279
1750660 280
1750670 281
1750680 282
1750690 282
1750700 283
1750710 283
1750720 284
1750730 284
1750740 284
1750750 285
1750760 285
1750770 286
1750780 286
1750790 286
1750800 286
1750810 286
1750820 286
1750830 286
1750840 286
1750850 286
1750860 285
1750870 285
1750880 285
1750890 285
1750900 285
1750910 285
1750920 285
1750930 285
1750940 285
1750950 285
1750960 284
1750970 284
1750980 284
1750990 284
1751000 283
1751010 283
1751020 283
1751030 283
1751040 283
1751050 283
1751060 283
1751070 283
1751080 283
1751090 284
1751100 284
1751110 284
1751120 283
1751130 283
1751140 283
1751150 283
1751160 283
1751170 282
1751180 282
1751190 281
1751200 281
1751210 281
1751220 280
1751230 280
1751240 280
1751250 280
1751260 279
1751270 278
1751280 277
1751290 276
1751300 276
1751310 275
1751320 274
1751330 273
1751340 273
1751350 272
1751360 271
1751370 271
1751380 270
1751390 269
1751400 269
1751410 268
1751420 268
1751430 267
1751440 266
1751450 266
1751460 265
1751470 265
1751480 264
1751490 264
1751500 263
1751510 263
1751520 262
1751530 261
1751540 261
1751550 260
1751560 258
1751570 257
1751580 257
1751590 257
1751600 257
1751610 257
1751620 256
1751630 255
1751640 254
1751650 253
1751660 251
1751670 249
1751680 249
1751690 248
1751700 247
1751710 245
1751720 243
1751730 242
1751740 242
1751750 243
1751760 243
1751770 245
1751780 244
1751790 242
1751800 241
1751810 241
1751820 240
1751830 240
1751840 241
1751850 241
1751860 241
1751870 242
1751880 242
1751890 242
1751900 242
1751910 241
1751920 241
1751930 241
1751940 240
1751950 240
1751960 240
1751970 240
1751980 239
1751990 239
1752000 239
1752010 239
1752020 239
1752030 239
1752040 239
1752050 239
1752060 239
1752070 239
1752080 238
1752090 238
1752100 238
1752110 237
1752120 237
1752130 237
1752140 237
1752150 237
1752160 236
1752170 236
1752180 236
1752190 235
1752200 235
1752210 235
1752220 234
1752230 234
1752240 234
1752250 234
1752260 234
1752270 234
1752280 235
1752290 237
1752300 240
1752310 244
1752320 248
1752330 251
1752340 254
1752350 253
1752360 251
1752370 247
1752380 243
1752390 240
1752400 236
1752410 234
1752420 232
1752430 232
1752440 231
1752450 231
1752460 231
1752470 231
1752480 232
1752490 232
1752500 233
1752510 233
1752520 233
1752530 232
1752540 232
1752550 233
1752560 233
1752570 233
1752580 234
1752590 234
1752600 235
1752610 235
1752620 235
1752630 236
1752640 236
1752650 236
1752660 236
1752670 236
1752680 237
1752690 237
1752700 237
1752710 237
1752720 237
1752730 237
1752740 237
1752750 237
1752760 237
1752770 237
1752780 237
1752790 237
1752800 237
1752810 236
1752820 236
1752830 236
1752840 236
1752850 235
1752860 235
1752870 235
1752880 234
1752890 234
1752900 234
1752910 234
1752920 233
1752930 233
1752940 233
1752950 233
1752960 233
1752970 232
1752980 230
1752990 227
1753000 225
1753010 224
1753020 224
1753030 224
1753040 224
1753050 224
1753060 224
1753070 223
1753080 223
1753090 223
1753100 223
1753110 224
1753120 224
1753130 224
1753140 224
1753150 224
1753160 224
1753170 224
1753180 224
1753190 224
1753200 224
1753210 224
1753220 224
1753230 223
1753240 222
1753250 221
1753260 221
1753270 221
1753280 222
1753290 223
1753300 224
1753310 224
1753320 224
1753330 224
1753340 224
1753350 224
1753360 224
1753370 224
1753380 224
1753390 224
1753400 224
1753410 224
1753420 224
1753430 224
1753440 224
1753450 224
1753460 224
1753470 224
1753480 224
1753490 224
1753500 225
1753510 227
1753520 228
1753530 230
1753540 230
1753550 231
1753560 233
1753570 235
1753580 236
1753590 237
1753600 239
1753610 241
1753620 243
1753630 245
1753640 246
1753650 248
1753660 249
1753670 251
1753680 253
1753690 255
1753700 257
1753710 258
1753720 259
1753730 260
1753740 262
1753750 262
1753760 263
1753770 264
1753780 265
1753790 265
1753800 266
1753810 267
1753820 267
1753830 268
1753840 268
1753850 269
1753860 269
1753870 270
1753880 270
1753890 271
1753900 271
1753910 271
1753920 272
1753930 272
1753940 272
1753950 272
1753960 273
1753970 273
1753980 273
1753990 273
1754000 273
1754010 273
1754020 274
1754030 274
1754040 274
1754050 274
1754060 274
1754070 274
1754080 274
1754090 273
1754100 273
1754110 273
1754120 273
1754130 272
1754140 272
1754150 271
1754160 271
1754170 271
1754180 271
1754190 271
1754200 270
1754210 270
1754220 270
1754230 270
1754240 269
1754250 269
1754260 268
1754270 268
1754280 267
1754290 267
1754300 267
1754310 266
1754320 266
1754330 265
1754340 264
1754350 264
1754360 263
1754370 263
1754380 262
1754390 261
1754400 261
1754410 260
1754420 260
1754430 259
1754440 258
1754450 258
1754460 257
1754470 257
1754480 256
1754490 256
1754500 255
1754510 255
1754520 255
1754530 255
1754540 254
1754550 254
1754560 254
1754570 254
1754580 254
1754590 254
1754600 254
1754610 254
1754620 254
1754630 254
1754640 254
1754650 254
1754660 254
1754670 254
1754680 253
1754690 253
1754700 253
1754710 254
1754720 254
1754730 254
1754740 254
1754750 254
1754760 254
1754770 254
1754780 254
1754790 254
1754800 254
1754810 254
1754820 254
1754830 254
1754840 254
1754850 254
1754860 254
1754870 254
1754880 254
1754890 254
1754900 254
1754910 254
1754920 254
1754930 254
1754940 254
1754950 254
1754960 254
1754970 254
1754980 254
1754990 254
1755000 253
1755010 253
1755020 253
1755030 253
1755040 253
1755050 253
1755060 253
1755070 253
1755080 253
1755090 253
1755100 252
1755110 252
1755120 252
1755130 252
1755140 252
1755150 251
1755160 251
1755170 251
1755180 251
1755190 251
1755200 250
1755210 250
1755220 250
1755230 250
1755240 249
1755250 249
1755260 249
1755270 249
1755280 249
1755290 248
1755300 248
1755310 248
1755320 247
1755330 247
1755340 247
1755350 247
1755360 247
1755370 247
1755380 247
1755390 247
1755400 247
1755410 247
1755420 247
1755430 247
1755440 247
1755450 248
1755460 248
1755470 248
1755480 248
1755490 248
1755500 248
1755510 248
1755520 249
1755530 249
1755540 249
1755550 249
1755560 249
1755570 249
1755580 249
1755590 249
1755600 249
1755610 249
1755620 249
1755630 249
1755640 249
1755650 249
1755660 249
1755670 249
1755680 250
1755690 250
1755700 250
1755710 250
1755720 250
1755730 250
1755740 250
1755750 250
1755760 250
1755770 250
1755780 250
1755790 250
1755800 251
1755810 251
1755820 251
1755830 251
1755840 251
1755850 250
1755860 251
1755870 251
1755880 251
1755890 251
1755900 251
1755910 251
1755920 251
1755930 251
1755940 251
1755950 251
1755960 251
1755970 251
1755980 251
1755990 251
1756000 251
1756010 252
1756020 252
1756030 252
1756040 252
1756050 252
1756060 252
1756070 252
1756080 252
1756090 252
1756100 252
1756110 252
1756120 252
1756130 252
1756140 252
1756150 252
1756160 252
1756170 253
1756180 253
1756190 253
1756200 253
1756210 253
1756220 253
1756230 253
1756240 253
1756250 254
1756260 254
1756270 254
1756280 254
1756290 254
1756300 254
1756310 255
1756320 255
1756330 255
1756340 255
1756350 255
1756360 255
1756370 255
1756380 256
1756390 256
1756400 256
1756410 256
1756420 256
1756430 256
1756440 257
1756450 257
1756460 257
1756470 257
1756480 257
1756490 257
1756500 257
1756510 258
1756520 258
1756530 258
1756540 258
1756550 258
1756560 258
1756570 258
1756580 258
1756590 258
1756600 258
1756610 258
1756620 258
1756630 259
1756640 259
1756650 259
1756660 259
1756670 259
1756680 259
1756690 259
1756700 259
1756710 258
1756720 258
1756730 258
1756740 258
1756750 258
1756760 257
1756770 256
1756780 255
1756790 255
1756800 254
1756810 254
1756820 254
1756830 253
1756840 252
1756850 251
1756860 251
1756870 250
1756880 250
1756890 249
1756900 249
1756910 249
1756920 249
1756930 249
1756940 249
1756950 249
1756960 249
1756970 249
1756980 249
1756990 249
1757000 249
1757010 249
1757020 249
1757030 249
1757040 249
1757050 249
1757060 249
1757070 249
1757080 249
1757090 249
1757100 249
1757110 249
1757120 249
1757130 249
1757140 249
1757150 249
1757160 249
1757170 249
1757180 249
1757190 249
1757200 249
1757210 249
1757220 249
1757230 248
1757240 248
1757250 248
1757260 248
1757270 249
1757280 249
1757290 249
1757300 249
1757310 249
1757320 250
1757330 250
1757340 250
1757350 250
1757360 251
1757370 251
1757380 252
1757390 253
1757400 254
1757410 255
1757420 257
1757430 258
1757440 259
1757450 260
1757460 261
1757470 262
1757480 262
1757490 263
1757500 264
1757510 264
1757520 265
1757530 265
1757540 266
1757550 266
1757560 267
1757570 267
1757580 267
1757590 268
1757600 268
1757610 268
1757620 269
1757630 269
1757640 269
1757650 270
1757660 270
1757670 270
1757680 270
1757690 271
1757700 271
1757710 271
1757720 271
1757730 271
1757740 270
1757750 270
1757760 270
1757770 270
1757780 269
1757790 269
1757800 268
1757810 268
1757820 268
1757830 267
1757840 267
1757850 266
1757860 265
1757870 265
1757880 265
1757890 265
1757900 265
1757910 265
1757920 265
1757930 266
1757940 267
1757950 268
1757960 268
1757970 269
1757980 270
1757990 271
1758000 272
1758010 272
1758020 272
1758030 273
1758040 273
1758050 273
1758060 274
1758070 275
1758080 275
1758090 276
1758100 276
1758110 277
1758120 278
1758130 279
1758140 279
1758150 280
1758160 281
1758170 282
1758180 283
1758190 284
1758200 285
1758210 286
1758220 286
1758230 287
1758240 287
1758250 288
1758260 289
1758270 290
1758280 292
1758290 293
1758300 295
1758310 297
1758320 298
1758330 300
1758340 301
1758350 303
1758360 304
1758370 305
1758380 306
1758390 308
1758400 309
1758410 310
1758420 311
1758430 311
1758440 312
1758450 313
1758460 314
1758470 315
1758480 316
1758490 317
1758500 317
1758510 318
1758520 319
1758530 319
1758540 320
1758550 321
1758560 321
1758570 322
1758580 322
1758590 323
1758600 323
1758610 324
1758620 324
1758630 325
1758640 325
1758650 326
1758660 326
1758670 326
1758680 327
1758690 327
1758700 327
1758710 328
1758720 328
1758730 328
1758740 329
1758750 329
1758760 330
1758770 330
1758780 330
1758790 331
1758800 331
1758810 331
1758820 331
1758830 332
1758840 332
1758850 332
1758860 333
1758870 333
1758880 333
1758890 334
1758900 334
1758910 334
1758920 334
1758930 335
1758940 335
1758950 335
1758960 336
1758970 336
1758980 336
1758990 337
1759000 337
1759010 337
1759020 338
1759030 338
1759040 338
1759050 338
1759060 339
1759070 339
1759080 339
1759090 339
1759100 339
1759110 339
1759120 339
1759130 340
1759140 340
1759150 340
1759160 340
1759170 340
1759180 340
1759190 340
1759200 340
1759210 340
1759220 340
1759230 340
1759240 340
1759250 340
1759260 340
1759270 340
1759280 340
1759290 340
1759300 340
1759310 340
1759320 340
1759330 340
1759340 340
1759350 340
1759360 340
1759370 339
1759380 339
1759390 339
1759400 339
1759410 338
1759420 338
1759430 338
1759440 337
1759450 337
1759460 336
1759470 336
1759480 336
1759490 335
1759500 335
1759510 335
1759520 334
1759530 334
1759540 334
1759550 333
1759560 333
1759570 333
1759580 333
1759590 332
1759600 332
1759610 332
1759620 331
1759630 331
1759640 330
1759650 330
1759660 329
1759670 329
1759680 328
1759690 328
1759700 327
1759710 326
1759720 326
1759730 325
1759740 324
1759750 324
1759760 323
1759770 323
1759780 322
1759790 321
1759800 321
1759810 320
1759820 319
1759830 319
1759840 318
1759850 317
1759860 316
1759870 315
1759880 315
1759890 314
1759900 313
1759910 312
1759920 312
1759930 311
1759940 310
1759950 309
1759960 308
1759970 308
1759980 307
1759990 306
