1740000 280
1740010 280
1740020 280
1740030 280
1740040 280
1740050 280
1740060 280
1740070 280
1740080 280
1740090 280
1740100 280
1740110 280
1740120 280
1740130 280
1740140 280
1740150 280
1740160 280
1740170 279
1740180 279
1740190 279
1740200 279
1740210 279
1740220 279
1740230 279
1740240 279
1740250 279
1740260 279
1740270 279
1740280 279
1740290 279
1740300 279
1740310 279
1740320 279
1740330 279
1740340 279
1740350 279
1740360 279
1740370 279
1740380 279
1740390 279
1740400 279
1740410 279
1740420 279
1740430 279
1740440 279
1740450 279
1740460 279
1740470 279
1740480 279
1740490 279
1740500 279
1740510 279
1740520 279
1740530 279
1740540 279
1740550 279
1740560 279
1740570 279
1740580 279
1740590 279
1740600 279
1740610 279
1740620 279
1740630 279
1740640 279
1740650 279
1740660 279
1740670 279
1740680 280
1740690 280
1740700 280
1740710 280
1740720 280
1740730 280
1740740 280
1740750 280
1740760 280
1740770 280
1740780 280
1740790 280
1740800 280
1740810 280
1740820 280
1740830 280
1740840 280
1740850 280
1740860 280
1740870 280
1740880 281
1740890 281
1740900 281
1740910 281
1740920 281
1740930 281
1740940 281
1740950 281
1740960 281
1740970 281
1740980 281
1740990 281
1741000 281
1741010 281
1741020 281
1741030 281
1741040 281
1741050 281
1741060 281
1741070 281
1741080 282
1741090 282
1741100 282
1741110 282
1741120 282
1741130 282
1741140 282
1741150 282
1741160 282
1741170 283
1741180 283
1741190 284
1741200 283
1741210 283
1741220 283
1741230 283
1741240 283
1741250 283
1741260 283
1741270 283
1741280 283
1741290 283
1741300 283
1741310 283
1741320 284
1741330 284
1741340 284
1741350 284
1741360 284
1741370 284
1741380 284
1741390 284
1741400 284
1741410 284
1741420 284
1741430 284
1741440 284
1741450 284
1741460 284
1741470 285
1741480 285
1741490 285
1741500 285
1741510 285
1741520 285
1741530 285
1741540 285
1741550 285
1741560 285
1741570 285
1741580 285
1741590 285
1741600 285
1741610 285
1741620 286
1741630 286
1741640 286
1741650 286
1741660 286
1741670 286
1741680 286
1741690 286
1741700 286
1741710 286
1741720 286
1741730 286
1741740 286
1741750 286
1741760 286
1741770 287
1741780 287
1741790 287
1741800 287
1741810 287
1741820 287
1741830 287
1741840 288
1741850 288
1741860 288
1741870 288
1741880 288
1741890 288
1741900 288
1741910 288
1741920 288
1741930 289
1741940 289
1741950 289
1741960 289
1741970 289
1741980 289
1741990 289
1742000 290
1742010 290
1742020 290
1742030 290
1742040 290
1742050 291
1742060 291
1742070 291
1742080 291
1742090 291
1742100 292
1742110 292
1742120 292
1742130 292
1742140 293
1742150 293
1742160 293
1742170 293
1742180 293
1742190 293
1742200 294
1742210 294
1742220 294
1742230 294
1742240 294
1742250 295
1742260 295
1742270 295
1742280 295
1742290 296
1742300 296
1742310 296
1742320 296
1742330 296
1742340 297
1742350 297
1742360 297
1742370 298
1742380 298
1742390 298
1742400 298
1742410 298
1742420 299
1742430 299
1742440 299
1742450 300
1742460 300
1742470 300
1742480 301
1742490 301
1742500 302
1742510 302
1742520 303
1742530 303
1742540 303
1742550 304
1742560 304
1742570 305
1742580 305
1742590 305
1742600 306
1742610 306
1742620 307
1742630 307
1742640 307
1742650 308
1742660 308
1742670 309
1742680 309
1742690 310
1742700 310
1742710 310
1742720 311
1742730 311
1742740 312
1742750 312
1742760 312
1742770 312
1742780 312
1742790 313
1742800 313
1742810 313
1742820 313
1742830 314
1742840 314
1742850 314
1742860 314
1742870 315
1742880 315
1742890 315
1742900 316
1742910 316
1742920 316
1742930 316
1742940 316
1742950 316
1742960 316
1742970 316
1742980 316
1742990 317
1743000 317
1743010 317
1743020 317
1743030 317
1743040 317
1743050 318
1743060 318
1743070 318
1743080 318
1743090 318
1743100 318
1743110 319
1743120 319
1743130 319
1743140 319
1743150 319
1743160 319
1743170 319
1743180 319
1743190 319
1743200 319
1743210 319
1743220 319
1743230 320
1743240 320
1743250 320
1743260 320
1743270 320
1743280 320
1743290 320
1743300 320
1743310 320
1743320 320
1743330 320
1743340 320
1743350 320
1743360 320
1743370 320
1743380 320
1743390 320
1743400 320
1743410 320
1743420 320
1743430 320
1743440 319
1743450 319
1743460 319
1743470 319
1743480 319
1743490 319
1743500 319
1743510 319
1743520 319
1743530 319
1743540 319
1743550 318
1743560 318
1743570 318
1743580 317
1743590 317
1743600 317
1743610 316
1743620 316
1743630 315
1743640 313
1743650 311
1743660 308
1743670 306
1743680 304
1743690 303
1743700 301
1743710 300
1743720 298
1743730 297
1743740 296
1743750 295
1743760 293
1743770 292
1743780 291
1743790 289
1743800 288
1743810 287
1743820 285
1743830 284
1743840 283
1743850 281
1743860 280
1743870 279
1743880 278
1743890 277
1743900 276
1743910 275
1743920 274
1743930 274
1743940 273
1743950 272
1743960 272
1743970 271
1743980 270
1743990 269
1744000 268
1744010 267
1744020 267
1744030 266
1744040 266
1744050 265
1744060 265
1744070 264
1744080 264
1744090 263
1744100 263
1744110 262
1744120 261
1744130 261
1744140 260
1744150 259
1744160 259
1744170 258
1744180 257
1744190 256
1744200 255
1744210 255
1744220 254
1744230 254
1744240 253
1744250 253
1744260 253
1744270 252
1744280 252
1744290 252
1744300 252
1744310 252
1744320 251
1744330 251
1744340 251
1744350 251
1744360 251
1744370 250
1744380 250
1744390 250
1744400 250
1744410 249
1744420 249
1744430 249
1744440 249
1744450 249
1744460 248
1744470 248
1744480 248
1744490 248
1744500 248
1744510 248
1744520 248
1744530 248
1744540 248
1744550 248
1744560 248
1744570 247
1744580 247
1744590 246
1744600 246
1744610 246
1744620 246
1744630 246
1744640 246
1744650 247
1744660 247
1744670 246
1744680 246
1744690 246
1744700 246
1744710 246
1744720 246
1744730 246
1744740 246
1744750 246
1744760 246
1744770 246
1744780 246
1744790 246
1744800 246
1744810 246
1744820 246
1744830 246
1744840 246
1744850 246
1744860 246
1744870 246
1744880 245
1744890 245
1744900 245
1744910 245
1744920 245
1744930 245
1744940 246
1744950 246
1744960 246
1744970 246
1744980 246
1744990 245
1745000 245
1745010 245
1745020 245
1745030 245
1745040 245
1745050 245
1745060 245
1745070 245
1745080 245
1745090 245
1745100 245
1745110 246
1745120 246
1745130 246
1745140 245
1745150 245
1745160 245
1745170 245
1745180 245
1745190 245
1745200 245
1745210 245
1745220 245
1745230 245
1745240 245
1745250 245
1745260 245
1745270 245
1745280 245
1745290 245
1745300 245
1745310 245
1745320 245
1745330 245
1745340 245
1745350 245
1745360 245
1745370 245
1745380 245
1745390 245
1745400 244
1745410 243
1745420 242
1745430 242
1745440 242
1745450 242
1745460 243
1745470 243
1745480 243
1745490 243
1745500 243
1745510 243
1745520 243
1745530 243
1745540 243
1745550 243
1745560 243
1745570 243
1745580 243
1745590 243
1745600 243
1745610 243
1745620 242
1745630 242
1745640 242
1745650 242
1745660 242
1745670 243
1745680 243
1745690 244
1745700 244
1745710 244
1745720 244
1745730 243
1745740 243
1745750 243
1745760 243
1745770 244
1745780 244
1745790 244
1745800 243
1745810 243
1745820 243
1745830 243
1745840 243
1745850 243
1745860 243
1745870 242
1745880 242
1745890 242
1745900 242
1745910 242
1745920 242
1745930 242
1745940 243
1745950 245
1745960 247
1745970 247
1745980 247
1745990 246
1746000 245
1746010 244
1746020 242
1746030 242
1746040 242
1746050 242
1746060 242
1746070 241
1746080 241
1746090 241
1746100 242
1746110 242
1746120 242
1746130 242
1746140 242
1746150 242
1746160 242
1746170 242
1746180 241
1746190 241
1746200 241
1746210 241
1746220 241
1746230 241
1746240 242
1746250 242
1746260 242
1746270 242
1746280 242
1746290 242
1746300 242
1746310 242
1746320 241
1746330 240
1746340 240
1746350 240
1746360 240
1746370 240
1746380 240
1746390 240
1746400 240
1746410 240
1746420 240
1746430 240
1746440 240
1746450 241
1746460 241
1746470 242
1746480 242
1746490 241
1746500 241
1746510 241
1746520 241
1746530 241
1746540 240
1746550 240
1746560 240
1746570 240
1746580 240
1746590 240
1746600 240
1746610 240
1746620 240
1746630 240
1746640 240
1746650 239
1746660 240
1746670 240
1746680 240
1746690 240
1746700 240
1746710 240
1746720 240
1746730 240
1746740 240
1746750 240
1746760 240
1746770 240
1746780 240
1746790 240
1746800 240
1746810 240
1746820 240
1746830 240
1746840 240
1746850 240
1746860 240
1746870 240
1746880 240
1746890 240
1746900 240
1746910 240
1746920 240
1746930 240
1746940 240
1746950 240
1746960 240
1746970 240
1746980 240
1746990 240
1747000 240
1747010 240
1747020 240
1747030 240
1747040 240
1747050 240
1747060 240
1747070 240
1747080 240
1747090 240
1747100 240
1747110 240
1747120 240
1747130 240
1747140 240
1747150 240
1747160 240
1747170 240
1747180 240
1747190 240
1747200 240
1747210 240
1747220 240
1747230 240
1747240 240
1747250 240
1747260 240
1747270 240
1747280 240
1747290 240
1747300 240
1747310 240
1747320 240
1747330 240
1747340 240
1747350 240
1747360 239
1747370 239
1747380 239
1747390 239
1747400 240
1747410 240
1747420 239
1747430 239
1747440 239
1747450 239
1747460 240
1747470 240
1747480 240
1747490 240
1747500 240
1747510 240
1747520 240
1747530 240
1747540 240
1747550 240
1747560 240
1747570 240
1747580 240
1747590 240
1747600 240
1747610 240
1747620 240
1747630 240
1747640 240
1747650 240
1747660 240
1747670 239
1747680 239
1747690 239
1747700 239
1747710 239
1747720 239
1747730 239
1747740 239
1747750 239
1747760 239
1747770 239
1747780 239
1747790 239
1747800 239
1747810 239
1747820 239
1747830 239
1747840 239
1747850 239
1747860 239
1747870 239
1747880 239
1747890 240
1747900 240
1747910 239
1747920 239
1747930 239
1747940 239
1747950 239
1747960 239
1747970 239
1747980 239
1747990 239
1748000 239
1748010 239
1748020 239
1748030 239
1748040 239
1748050 239
1748060 238
1748070 238
1748080 238
1748090 238
1748100 238
1748110 238
1748120 238
1748130 238
1748140 238
1748150 238
1748160 238
1748170 238
1748180 238
1748190 239
1748200 239
1748210 239
1748220 239
1748230 238
1748240 238
1748250 238
1748260 238
1748270 238
1748280 238
1748290 238
1748300 238
1748310 238
1748320 238
1748330 238
1748340 239
1748350 239
1748360 239
1748370 239
1748380 239
1748390 239
1748400 239
1748410 239
1748420 239
1748430 240
1748440 240
1748450 240
1748460 240
1748470 240
1748480 240
1748490 240
1748500 240
1748510 240
1748520 240
1748530 240
1748540 240
1748550 240
1748560 241
1748570 241
1748580 241
1748590 242
1748600 243
1748610 244
1748620 246
1748630 247
1748640 248
1748650 249
1748660 249
1748670 250
1748680 250
1748690 251
1748700 251
1748710 252
1748720 252
1748730 252
1748740 253
1748750 253
1748760 253
1748770 253
1748780 253
1748790 254
1748800 254
1748810 254
1748820 254
1748830 255
1748840 255
1748850 255
1748860 255
1748870 255
1748880 256
1748890 256
1748900 256
1748910 256
1748920 256
1748930 257
1748940 257
1748950 257
1748960 257
1748970 257
1748980 258
1748990 258
1749000 258
1749010 258
1749020 258
1749030 259
1749040 259
1749050 259
1749060 259
1749070 259
1749080 259
1749090 260
1749100 260
1749110 260
1749120 260
1749130 261
1749140 261
1749150 261
1749160 261
1749170 261
1749180 261
1749190 262
1749200 262
1749210 262
1749220 262
1749230 262
1749240 263
1749250 263
1749260 263
1749270 263
1749280 263
1749290 264
1749300 264
1749310 264
1749320 264
1749330 264
1749340 265
1749350 265
1749360 265
1749370 265
1749380 265
1749390 266
1749400 266
1749410 266
1749420 266
1749430 266
1749440 267
1749450 267
1749460 267
1749470 267
1749480 267
1749490 268
1749500 268
1749510 268
1749520 268
1749530 268
1749540 269
1749550 269
1749560 269
1749570 269
1749580 269
1749590 269
1749600 270
1749610 270
1749620 270
1749630 270
1749640 270
1749650 270
1749660 270
1749670 271
1749680 271
1749690 271
1749700 271
1749710 271
1749720 271
1749730 271
1749740 271
1749750 271
1749760 272
1749770 272
1749780 272
1749790 272
1749800 272
1749810 272
1749820 272
1749830 272
1749840 272
1749850 272
1749860 272
1749870 272
1749880 272
1749890 272
1749900 272
1749910 273
1749920 273
1749930 273
1749940 274
1749950 274
1749960 274
1749970 275
1749980 275
1749990 275
1750000 275
1750010 276
1750020 276
1750030 276
1750040 276
1750050 276
1750060 276
1750070 276
1750080 277
1750090 277
1750100 277
1750110 277
1750120 277
1750130 277
1750140 277
1750150 278
1750160 278
1750170 278
1750180 278
1750190 278
1750200 278
1750210 278
1750220 278
1750230 278
1750240 278
1750250 278
1750260 278
1750270 279
1750280 279
1750290 279
1750300 279
1750310 279
1750320 279
1750330 279
1750340 279
1750350 279
1750360 279
1750370 279
1750380 279
1750390 279
1750400 279
1750410 279
1750420 279
1750430 279
1750440 279
1750450 279
1750460 279
1750470 279
1750480 279
1750490 279
1750500 279
1750510 279
1750520 279
1750530 279
1750540 279
1750550 278
1750560 278
1750570 278
1750580 278
1750590 278
1750600 277
1750610 277
1750620 277
1750630 277
1750640 277
1750650 276
1750660 276
1750670 276
1750680 276
1750690 276
1750700 276
1750710 276
1750720 275
1750730 275
1750740 275
1750750 275
1750760 275
1750770 274
1750780 274
1750790 274
1750800 274
1750810 273
1750820 273
1750830 273
1750840 273
1750850 272
1750860 272
1750870 272
1750880 271
1750890 271
1750900 271
1750910 270
1750920 270
1750930 270
1750940 270
1750950 270
1750960 270
1750970 269
1750980 269
1750990 269
1751000 269
1751010 268
1751020 268
1751030 268
1751040 267
1751050 267
1751060 266
1751070 266
1751080 266
1751090 265
1751100 265
1751110 265
1751120 265
1751130 264
1751140 264
1751150 264
1751160 264
1751170 263
1751180 263
1751190 263
1751200 262
1751210 261
1751220 261
1751230 260
1751240 259
1751250 259
1751260 258
1751270 258
1751280 257
1751290 257
1751300 256
1751310 256
1751320 256
1751330 256
1751340 256
1751350 255
1751360 255
1751370 255
1751380 254
1751390 254
1751400 254
1751410 253
1751420 253
1751430 252
1751440 252
1751450 251
1751460 251
1751470 250
1751480 249
1751490 249
1751500 248
1751510 247
1751520 246
1751530 245
1751540 245
1751550 245
1751560 245
1751570 244
1751580 244
1751590 244
1751600 244
1751610 244
1751620 244
1751630 244
1751640 243
1751650 243
1751660 243
1751670 243
1751680 243
1751690 243
1751700 243
1751710 242
1751720 242
1751730 242
1751740 242
1751750 242
1751760 242
1751770 242
1751780 241
1751790 241
1751800 241
1751810 241
1751820 241
1751830 241
1751840 241
1751850 241
1751860 240
1751870 240
1751880 240
1751890 240
1751900 240
1751910 240
1751920 240
1751930 240
1751940 239
1751950 239
1751960 239
1751970 239
1751980 239
1751990 239
1752000 239
1752010 238
1752020 238
1752030 238
1752040 238
1752050 238
1752060 238
1752070 238
1752080 238
1752090 238
1752100 238
1752110 238
1752120 238
1752130 238
1752140 238
1752150 238
1752160 238
1752170 237
1752180 237
1752190 236
1752200 236
1752210 236
1752220 236
1752230 236
1752240 236
1752250 236
1752260 235
1752270 235
1752280 235
1752290 235
1752300 234
1752310 234
1752320 234
1752330 234
1752340 234
1752350 234
1752360 234
1752370 234
1752380 234
1752390 234
1752400 235
1752410 235
1752420 235
1752430 235
1752440 235
1752450 236
1752460 236
1752470 236
1752480 237
1752490 237
1752500 238
1752510 239
1752520 239
1752530 239
1752540 239
1752550 239
1752560 239
1752570 240
1752580 240
1752590 240
1752600 240
1752610 240
1752620 241
1752630 241
1752640 241
1752650 241
1752660 241
1752670 241
1752680 242
1752690 241
1752700 242
1752710 242
1752720 242
1752730 242
1752740 242
1752750 242
1752760 242
1752770 242
1752780 242
1752790 242
1752800 242
1752810 242
1752820 242
1752830 242
1752840 242
1752850 243
1752860 243
1752870 243
1752880 242
1752890 242
1752900 242
1752910 242
1752920 242
1752930 242
1752940 241
1752950 241
1752960 241
1752970 241
1752980 241
1752990 241
1753000 240
1753010 240
1753020 240
1753030 240
1753040 240
1753050 240
1753060 240
1753070 239
1753080 239
1753090 239
1753100 239
1753110 239
1753120 239
1753130 239
1753140 239
1753150 239
1753160 239
1753170 239
1753180 239
1753190 238
1753200 238
1753210 238
1753220 238
1753230 238
1753240 238
1753250 238
1753260 238
1753270 238
1753280 238
1753290 238
1753300 238
1753310 238
1753320 238
1753330 238
1753340 237
1753350 237
1753360 237
1753370 237
1753380 237
1753390 237
1753400 237
1753410 237
1753420 236
1753430 236
1753440 236
1753450 236
1753460 236
1753470 236
1753480 235
1753490 235
1753500 234
1753510 234
1753520 233
1753530 233
1753540 232
1753550 231
1753560 231
1753570 230
1753580 229
1753590 229
1753600 228
1753610 227
1753620 226
1753630 226
1753640 225
1753650 225
1753660 225
1753670 225
1753680 225
1753690 224
1753700 224
1753710 224
1753720 223
1753730 223
1753740 223
1753750 222
1753760 222
1753770 222
1753780 221
1753790 221
1753800 221
1753810 221
1753820 220
1753830 220
1753840 220
1753850 220
1753860 219
1753870 219
1753880 219
1753890 219
1753900 218
1753910 218
1753920 218
1753930 218
1753940 218
1753950 217
1753960 217
1753970 217
1753980 217
1753990 216
1754000 216
1754010 216
1754020 216
1754030 216
1754040 215
1754050 215
1754060 214
1754070 212
1754080 212
1754090 212
1754100 212
1754110 214
1754120 215
1754130 215
1754140 215
1754150 215
1754160 215
1754170 215
1754180 215
1754190 215
1754200 215
1754210 215
1754220 215
1754230 215
1754240 215
1754250 215
1754260 215
1754270 215
1754280 215
1754290 215
1754300 215
1754310 215
1754320 215
1754330 215
1754340 215
1754350 215
1754360 215
1754370 215
1754380 215
1754390 215
1754400 215
1754410 215
1754420 215
1754430 215
1754440 215
1754450 215
1754460 215
1754470 215
1754480 215
1754490 215
1754500 215
1754510 215
1754520 215
1754530 215
1754540 215
1754550 215
1754560 215
1754570 215
1754580 215
1754590 215
1754600 215
1754610 215
1754620 215
1754630 215
1754640 215
1754650 215
1754660 215
1754670 215
1754680 215
1754690 215
1754700 215
1754710 215
1754720 215
1754730 215
1754740 215
1754750 215
1754760 215
1754770 215
1754780 215
1754790 215
1754800 215
1754810 215
1754820 215
1754830 215
1754840 215
1754850 215
1754860 215
1754870 216
1754880 216
1754890 216
1754900 216
1754910 216
1754920 217
1754930 218
1754940 219
1754950 220
1754960 224
1754970 229
1754980 231
1754990 233
1755000 235
1755010 236
1755020 238
1755030 239
1755040 240
1755050 241
1755060 242
1755070 243
1755080 244
1755090 246
1755100 247
1755110 248
1755120 249
1755130 250
1755140 250
1755150 251
1755160 252
1755170 253
1755180 254
1755190 255
1755200 256
1755210 257
1755220 258
1755230 259
1755240 260
1755250 260
1755260 260
1755270 261
1755280 261
1755290 261
1755300 261
1755310 262
1755320 262
1755330 262
1755340 263
1755350 263
1755360 264
1755370 264
1755380 264
1755390 265
1755400 265
1755410 265
1755420 265
1755430 265
1755440 265
1755450 264
1755460 264
1755470 264
1755480 264
1755490 263
1755500 262
1755510 262
1755520 261
1755530 260
1755540 260
1755550 259
1755560 258
1755570 257
1755580 256
1755590 256
1755600 255
1755610 254
1755620 253
1755630 252
1755640 252
1755650 251
1755660 250
1755670 249
1755680 248
1755690 247
1755700 247
1755710 246
1755720 246
1755730 246
1755740 246
1755750 246
1755760 247
1755770 248
1755780 248
1755790 249
1755800 250
1755810 251
1755820 253
1755830 255
1755840 256
1755850 258
1755860 259
1755870 259
1755880 260
1755890 260
1755900 261
1755910 261
1755920 261
1755930 261
1755940 261
1755950 262
1755960 262
1755970 262
1755980 262
1755990 261
1756000 261
1756010 261
1756020 260
1756030 259
1756040 258
1756050 257
1756060 258
1756070 260
1756080 262
1756090 263
1756100 264
1756110 264
1756120 264
1756130 265
1756140 265
1756150 265
1756160 266
1756170 265
1756180 265
1756190 265
1756200 266
1756210 266
1756220 267
1756230 267
1756240 267
1756250 267
1756260 268
1756270 268
1756280 268
1756290 269
1756300 269
1756310 269
1756320 270
1756330 270
1756340 271
1756350 271
1756360 271
1756370 272
1756380 272
1756390 273
1756400 273
1756410 273
1756420 274
1756430 274
1756440 274
1756450 274
1756460 274
1756470 274
1756480 274
1756490 274
1756500 274
1756510 274
1756520 274
1756530 274
1756540 274
1756550 275
1756560 275
1756570 275
1756580 275
1756590 275
1756600 275
1756610 275
1756620 275
1756630 275
1756640 275
1756650 275
1756660 275
1756670 275
1756680 275
1756690 275
1756700 275
1756710 275
1756720 275
1756730 275
1756740 275
1756750 275
1756760 275
1756770 274
1756780 274
1756790 274
1756800 274
1756810 274
1756820 274
1756830 274
1756840 274
1756850 273
1756860 273
1756870 273
1756880 273
1756890 273
1756900 273
1756910 272
1756920 272
1756930 272
1756940 272
1756950 271
1756960 271
1756970 271
1756980 270
1756990 270
1757000 270
1757010 269
1757020 269
1757030 269
1757040 268
1757050 268
1757060 268
1757070 268
1757080 267
1757090 267
1757100 267
1757110 267
1757120 266
1757130 266
1757140 266
1757150 266
1757160 265
1757170 265
1757180 265
1757190 264
1757200 264
1757210 264
1757220 263
1757230 263
1757240 263
1757250 262
1757260 262
1757270 262
1757280 262
1757290 261
1757300 261
1757310 261
1757320 261
1757330 260
1757340 260
1757350 260
1757360 260
1757370 260
1757380 259
1757390 259
1757400 259
1757410 259
1757420 259
1757430 259
1757440 258
1757450 258
1757460 258
1757470 258
1757480 258
1757490 258
1757500 257
1757510 257
1757520 257
1757530 257
1757540 257
1757550 257
1757560 257
1757570 257
1757580 257
1757590 257
1757600 258
1757610 258
1757620 258
1757630 258
1757640 258
1757650 258
1757660 258
1757670 258
1757680 258
1757690 258
1757700 259
1757710 259
1757720 259
1757730 259
1757740 259
1757750 259
1757760 259
1757770 259
1757780 258
1757790 258
1757800 258
1757810 258
1757820 258
1757830 258
1757840 258
1757850 258
1757860 258
1757870 258
1757880 258
1757890 258
1757900 258
1757910 258
1757920 258
1757930 258
1757940 258
1757950 258
1757960 258
1757970 257
1757980 257
1757990 257
1758000 257
1758010 257
1758020 257
1758030 257
1758040 257
1758050 256
1758060 256
1758070 256
1758080 255
1758090 255
1758100 255
1758110 255
1758120 254
1758130 254
1758140 254
1758150 253
1758160 253
1758170 253
1758180 252
1758190 252
1758200 252
1758210 251
1758220 251
1758230 251
1758240 251
1758250 250
1758260 250
1758270 250
1758280 250
1758290 250
1758300 249
1758310 249
1758320 249
1758330 249
1758340 248
1758350 248
1758360 248
1758370 248
1758380 247
1758390 247
1758400 247
1758410 247
1758420 246
1758430 247
1758440 246
1758450 246
1758460 246
1758470 246
1758480 245
1758490 245
1758500 245
1758510 245
1758520 245
1758530 245
1758540 245
1758550 244
1758560 244
1758570 244
1758580 244
1758590 244
1758600 244
1758610 244
1758620 244
1758630 243
1758640 243
1758650 243
1758660 243
1758670 243
1758680 243
1758690 242
1758700 242
1758710 242
1758720 242
1758730 242
1758740 242
1758750 242
1758760 242
1758770 242
1758780 242
1758790 242
1758800 242
1758810 242
1758820 242
1758830 242
1758840 242
1758850 242
1758860 242
1758870 242
1758880 242
1758890 242
1758900 242
1758910 243
1758920 243
1758930 243
1758940 243
1758950 243
1758960 243
1758970 243
1758980 244
1758990 244
1759000 244
1759010 244
1759020 244
1759030 244
1759040 245
1759050 245
1759060 245
1759070 245
1759080 245
1759090 245
1759100 246
1759110 246
1759120 246
1759130 246
1759140 246
1759150 247
1759160 247
1759170 247
1759180 247
1759190 248
1759200 248
1759210 248
1759220 248
1759230 248
1759240 248
1759250 249
1759260 249
1759270 249
1759280 249
1759290 249
1759300 249
1759310 249
1759320 249
1759330 249
1759340 249
1759350 249
1759360 249
1759370 248
1759380 248
1759390 248
1759400 248
1759410 247
1759420 248
1759430 248
1759440 249
1759450 250
1759460 251
1759470 251
1759480 252
1759490 252
1759500 253
1759510 253
1759520 253
1759530 254
1759540 254
1759550 254
1759560 253
1759570 253
1759580 253
1759590 253
1759600 252
1759610 252
1759620 252
1759630 252
1759640 251
1759650 251
1759660 250
1759670 249
1759680 249
1759690 249
1759700 250
1759710 250
1759720 250
1759730 251
1759740 251
1759750 251
1759760 252
1759770 252
1759780 252
1759790 252
1759800 252
1759810 252
1759820 252
1759830 252
1759840 252
1759850 252
1759860 252
1759870 252
1759880 252
1759890 252
1759900 252
1759910 252
1759920 252
1759930 252
1759940 251
1759950 251
1759960 251
1759970 251
1759980 251
1759990 251
