1740000 280
1740010 280
1740020 280
1740030 280
1740040 280
1740050 280
1740060 280
1740070 280
1740080 280
1740090 280
1740100 280
1740110 280
1740120 280
1740130 280
1740140 280
1740150 280
1740160 280
1740170 280
1740180 280
1740190 280
1740200 280
1740210 280
1740220 280
1740230 280
1740240 280
1740250 280
1740260 280
1740270 279
1740280 279
1740290 279
1740300 279
1740310 279
1740320 279
1740330 279
1740340 279
1740350 279
1740360 279
1740370 279
1740380 279
1740390 279
1740400 279
1740410 279
1740420 279
1740430 279
1740440 279
1740450 279
1740460 279
1740470 279
1740480 279
1740490 279
1740500 279
1740510 279
1740520 279
1740530 278
1740540 278
1740550 278
1740560 278
1740570 278
1740580 278
1740590 278
1740600 278
1740610 278
1740620 279
1740630 279
1740640 279
1740650 279
1740660 279
1740670 279
1740680 279
1740690 279
1740700 279
1740710 279
1740720 279
1740730 279
1740740 279
1740750 279
1740760 278
1740770 278
1740780 279
1740790 279
1740800 279
1740810 279
1740820 279
1740830 278
1740840 278
1740850 278
1740860 278
1740870 278
1740880 278
1740890 278
1740900 278
1740910 278
1740920 278
1740930 278
1740940 278
1740950 278
1740960 278
1740970 278
1740980 278
1740990 278
1741000 278
1741010 278
1741020 279
1741030 279
1741040 279
1741050 279
1741060 279
1741070 279
1741080 279
1741090 279
1741100 279
1741110 280
1741120 280
1741130 280
1741140 280
1741150 279
1741160 279
1741170 279
1741180 279
1741190 279
1741200 279
1741210 279
1741220 279
1741230 279
1741240 279
1741250 279
1741260 279
1741270 280
1741280 280
1741290 280
1741300 280
1741310 280
1741320 280
1741330 280
1741340 280
1741350 280
1741360 280
1741370 280
1741380 281
1741390 281
1741400 282
1741410 282
1741420 281
1741430 281
1741440 281
1741450 281
1741460 281
1741470 281
1741480 281
1741490 281
1741500 281
1741510 281
1741520 281
1741530 281
1741540 281
1741550 282
1741560 282
1741570 282
1741580 282
1741590 282
1741600 282
1741610 282
1741620 282
1741630 282
1741640 282
1741650 282
1741660 282
1741670 282
1741680 283
1741690 283
1741700 283
1741710 283
1741720 283
1741730 283
1741740 283
1741750 283
1741760 283
1741770 284
1741780 284
1741790 284
1741800 284
1741810 284
1741820 284
1741830 284
1741840 284
1741850 285
1741860 285
1741870 285
1741880 285
1741890 285
1741900 285
1741910 285
1741920 286
1741930 286
1741940 286
1741950 286
1741960 286
1741970 286
1741980 286
1741990 286
1742000 286
1742010 286
1742020 286
1742030 287
1742040 287
1742050 287
1742060 287
1742070 287
1742080 288
1742090 288
1742100 288
1742110 288
1742120 288
1742130 289
1742140 289
1742150 289
1742160 290
1742170 290
1742180 290
1742190 291
1742200 291
1742210 292
1742220 292
1742230 293
1742240 293
1742250 294
1742260 294
1742270 295
1742280 295
1742290 296
1742300 296
1742310 297
1742320 298
1742330 298
1742340 299
1742350 300
1742360 301
1742370 302
1742380 303
1742390 303
1742400 304
1742410 305
1742420 306
1742430 306
1742440 307
1742450 308
1742460 309
1742470 310
1742480 311
1742490 312
1742500 313
1742510 314
1742520 314
1742530 315
1742540 315
1742550 315
1742560 315
1742570 315
1742580 315
1742590 314
1742600 314
1742610 313
1742620 313
1742630 313
1742640 312
1742650 312
1742660 312
1742670 311
1742680 311
1742690 311
1742700 311
1742710 311
1742720 311
1742730 311
1742740 311
1742750 311
1742760 311
1742770 311
1742780 312
1742790 312
1742800 312
1742810 312
1742820 312
1742830 312
1742840 312
1742850 313
1742860 313
1742870 313
1742880 313
1742890 313
1742900 313
1742910 313
1742920 313
1742930 313
1742940 313
1742950 313
1742960 313
1742970 313
1742980 313
1742990 312
1743000 312
1743010 312
1743020 312
1743030 311
1743040 311
1743050 311
1743060 311
1743070 311
1743080 311
1743090 310
1743100 310
1743110 310
1743120 310
1743130 310
1743140 310
1743150 310
1743160 310
1743170 310
1743180 310
1743190 310
1743200 310
1743210 310
1743220 310
1743230 310
1743240 310
1743250 310
1743260 310
1743270 310
1743280 310
1743290 310
1743300 310
1743310 310
1743320 310
1743330 310
1743340 310
1743350 310
1743360 310
1743370 311
1743380 311
1743390 311
1743400 312
1743410 312
1743420 312
1743430 312
1743440 312
1743450 312
1743460 313
1743470 313
1743480 313
1743490 313
1743500 313
1743510 314
1743520 314
1743530 314
1743540 314
1743550 315
1743560 315
1743570 315
1743580 315
1743590 316
1743600 316
1743610 316
1743620 316
1743630 316
1743640 315
1743650 315
1743660 315
1743670 315
1743680 315
1743690 314
1743700 314
1743710 314
1743720 314
1743730 313
1743740 313
1743750 313
1743760 313
1743770 314
1743780 314
1743790 314
1743800 314
1743810 315
1743820 315
1743830 315
1743840 315
1743850 315
1743860 315
1743870 316
1743880 316
1743890 316
1743900 316
1743910 316
1743920 316
1743930 316
1743940 316
1743950 316
1743960 315
1743970 314
1743980 313
1743990 312
1744000 310
1744010 307
1744020 304
1744030 301
1744040 299
1744050 296
1744060 294
1744070 293
1744080 291
1744090 290
1744100 289
1744110 288
1744120 287
1744130 286
1744140 285
1744150 285
1744160 284
1744170 284
1744180 284
1744190 284
1744200 285
1744210 286
1744220 286
1744230 287
1744240 288
1744250 290
1744260 291
1744270 292
1744280 292
1744290 293
1744300 293
1744310 292
1744320 292
1744330 291
1744340 290
1744350 288
1744360 286
1744370 285
1744380 283
1744390 282
1744400 281
1744410 279
1744420 278
1744430 277
1744440 276
1744450 275
1744460 274
1744470 273
1744480 272
1744490 271
1744500 270
1744510 269
1744520 267
1744530 266
1744540 265
1744550 264
1744560 263
1744570 262
1744580 261
1744590 261
1744600 259
1744610 257
1744620 255
1744630 253
1744640 250
1744650 249
1744660 249
1744670 248
1744680 248
1744690 247
1744700 247
1744710 247
1744720 247
1744730 247
1744740 247
1744750 247
1744760 247
1744770 247
1744780 247
1744790 247
1744800 246
1744810 246
1744820 247
1744830 247
1744840 247
1744850 247
1744860 247
1744870 247
1744880 247
1744890 247
1744900 247
1744910 247
1744920 247
1744930 247
1744940 247
1744950 247
1744960 246
1744970 246
1744980 245
1744990 245
1745000 245
1745010 245
1745020 245
1745030 245
1745040 245
1745050 244
1745060 244
1745070 244
1745080 244
1745090 244
1745100 244
1745110 244
1745120 244
1745130 244
1745140 244
1745150 244
1745160 244
1745170 244
1745180 244
1745190 244
1745200 244
1745210 244
1745220 244
1745230 244
1745240 244
1745250 244
1745260 244
1745270 244
1745280 244
1745290 244
1745300 244
1745310 244
1745320 244
1745330 244
1745340 244
1745350 244
1745360 244
1745370 244
1745380 244
1745390 243
1745400 243
1745410 243
1745420 243
1745430 243
1745440 243
1745450 244
1745460 244
1745470 244
1745480 243
1745490 243
1745500 243
1745510 243
1745520 243
1745530 243
1745540 243
1745550 243
1745560 243
1745570 243
1745580 243
1745590 243
1745600 243
1745610 243
1745620 243
1745630 243
1745640 243
1745650 243
1745660 243
1745670 243
1745680 243
1745690 243
1745700 243
1745710 243
1745720 243
1745730 243
1745740 243
1745750 243
1745760 243
1745770 243
1745780 243
1745790 243
1745800 243
1745810 243
1745820 243
1745830 243
1745840 244
1745850 244
1745860 244
1745870 244
1745880 245
1745890 244
1745900 243
1745910 242
1745920 242
1745930 242
1745940 242
1745950 242
1745960 242
1745970 242
1745980 242
1745990 242
1746000 242
1746010 242
1746020 242
1746030 242
1746040 242
1746050 242
1746060 242
1746070 242
1746080 242
1746090 242
1746100 242
1746110 242
1746120 242
1746130 242
1746140 242
1746150 242
1746160 242
1746170 242
1746180 242
1746190 242
1746200 242
1746210 242
1746220 242
1746230 242
1746240 243
1746250 243
1746260 244
1746270 244
1746280 244
1746290 243
1746300 242
1746310 242
1746320 241
1746330 241
1746340 240
1746350 240
1746360 240
1746370 240
1746380 240
1746390 240
1746400 240
1746410 240
1746420 240
1746430 240
1746440 240
1746450 240
1746460 240
1746470 240
1746480 240
1746490 240
1746500 240
1746510 240
1746520 240
1746530 240
1746540 240
1746550 240
1746560 240
1746570 240
1746580 240
1746590 240
1746600 240
1746610 240
1746620 240
1746630 240
1746640 240
1746650 240
1746660 239
1746670 239
1746680 239
1746690 239
1746700 239
1746710 239
1746720 239
1746730 239
1746740 239
1746750 239
1746760 239
1746770 239
1746780 239
1746790 239
1746800 240
1746810 240
1746820 240
1746830 240
1746840 240
1746850 239
1746860 239
1746870 238
1746880 238
1746890 238
1746900 238
1746910 238
1746920 238
1746930 238
1746940 238
1746950 238
1746960 238
1746970 238
1746980 239
1746990 239
1747000 240
1747010 240
1747020 239
1747030 239
1747040 239
1747050 239
1747060 239
1747070 239
1747080 239
1747090 238
1747100 238
1747110 238
1747120 238
1747130 238
1747140 238
1747150 238
1747160 238
1747170 238
1747180 239
1747190 239
1747200 239
1747210 239
1747220 239
1747230 239
1747240 239
1747250 239
1747260 239
1747270 239
1747280 239
1747290 239
1747300 239
1747310 239
1747320 239
1747330 239
1747340 239
1747350 239
1747360 239
1747370 239
1747380 239
1747390 239
1747400 239
1747410 239
1747420 239
1747430 239
1747440 239
1747450 239
1747460 239
1747470 239
1747480 239
1747490 239
1747500 239
1747510 239
1747520 239
1747530 239
1747540 239
1747550 239
1747560 239
1747570 239
1747580 239
1747590 239
1747600 239
1747610 239
1747620 239
1747630 238
1747640 238
1747650 238
1747660 238
1747670 238
1747680 238
1747690 238
1747700 238
1747710 238
1747720 238
1747730 238
1747740 238
1747750 238
1747760 239
1747770 239
1747780 239
1747790 239
1747800 238
1747810 238
1747820 238
1747830 238
1747840 238
1747850 238
1747860 238
1747870 238
1747880 238
1747890 238
1747900 238
1747910 238
1747920 238
1747930 238
1747940 238
1747950 238
1747960 238
1747970 238
1747980 238
1747990 239
1748000 239
1748010 239
1748020 239
1748030 239
1748040 238
1748050 238
1748060 238
1748070 238
1748080 238
1748090 238
1748100 238
1748110 237
1748120 237
1748130 238
1748140 238
1748150 238
1748160 238
1748170 239
1748180 239
1748190 239
1748200 239
1748210 239
1748220 238
1748230 238
1748240 237
1748250 237
1748260 237
1748270 237
1748280 237
1748290 238
1748300 238
1748310 238
1748320 238
1748330 238
1748340 238
1748350 238
1748360 238
1748370 238
1748380 238
1748390 238
1748400 238
1748410 238
1748420 237
1748430 237
1748440 238
1748450 238
1748460 238
1748470 237
1748480 238
1748490 238
1748500 238
1748510 238
1748520 238
1748530 238
1748540 238
1748550 238
1748560 239
1748570 239
1748580 239
1748590 239
1748600 240
1748610 240
1748620 241
1748630 241
1748640 242
1748650 243
1748660 246
1748670 250
1748680 252
1748690 255
1748700 259
1748710 262
1748720 265
1748730 268
1748740 271
1748750 272
1748760 273
1748770 273
1748780 274
1748790 274
1748800 275
1748810 276
1748820 277
1748830 278
1748840 279
1748850 280
1748860 281
1748870 282
1748880 282
1748890 283
1748900 284
1748910 285
1748920 286
1748930 287
1748940 287
1748950 288
1748960 289
1748970 290
1748980 291
1748990 291
1749000 292
1749010 293
1749020 294
1749030 295
1749040 296
1749050 297
1749060 297
1749070 298
1749080 299
1749090 300
1749100 300
1749110 301
1749120 302
1749130 302
1749140 303
1749150 304
1749160 304
1749170 305
1749180 306
1749190 306
1749200 307
1749210 308
1749220 309
1749230 309
1749240 310
1749250 310
1749260 311
1749270 311
1749280 311
1749290 312
1749300 312
1749310 312
1749320 312
1749330 312
1749340 312
1749350 312
1749360 312
1749370 312
1749380 312
1749390 312
1749400 312
1749410 312
1749420 312
1749430 312
1749440 312
1749450 311
1749460 312
1749470 312
1749480 312
1749490 311
1749500 311
1749510 311
1749520 311
1749530 311
1749540 310
1749550 310
1749560 309
1749570 309
1749580 308
1749590 308
1749600 308
1749610 308
1749620 308
1749630 308
1749640 307
1749650 307
1749660 307
1749670 307
1749680 307
1749690 306
1749700 306
1749710 306
1749720 306
1749730 306
1749740 305
1749750 305
1749760 305
1749770 305
1749780 305
1749790 304
1749800 304
1749810 304
1749820 304
1749830 304
1749840 304
1749850 303
1749860 303
1749870 303
1749880 303
1749890 303
1749900 302
1749910 302
1749920 302
1749930 302
1749940 301
1749950 301
1749960 301
1749970 301
1749980 300
1749990 300
1750000 299
1750010 299
1750020 298
1750030 298
1750040 297
1750050 297
1750060 296
1750070 295
1750080 295
1750090 294
1750100 293
1750110 292
1750120 291
1750130 290
1750140 290
1750150 290
1750160 289
1750170 289
1750180 289
1750190 289
1750200 289
1750210 289
1750220 289
1750230 290
1750240 290
1750250 290
1750260 290
1750270 290
1750280 290
1750290 291
1750300 291
1750310 291
1750320 291
1750330 291
1750340 291
1750350 291
1750360 291
1750370 291
1750380 291
1750390 292
1750400 291
1750410 291
1750420 291
1750430 291
1750440 291
1750450 291
1750460 291
1750470 291
1750480 290
1750490 290
1750500 290
1750510 290
1750520 289
1750530 289
1750540 287
1750550 286
1750560 287
1750570 286
1750580 286
1750590 286
1750600 286
1750610 286
1750620 286
1750630 286
1750640 285
1750650 285
1750660 285
1750670 285
1750680 285
1750690 285
1750700 284
1750710 284
1750720 284
1750730 283
1750740 283
1750750 283
1750760 283
1750770 282
1750780 282
1750790 281
1750800 281
1750810 281
1750820 280
1750830 280
1750840 280
1750850 280
1750860 280
1750870 280
1750880 280
1750890 280
1750900 280
1750910 280
1750920 280
1750930 279
1750940 279
1750950 279
1750960 279
1750970 279
1750980 278
1750990 278
1751000 278
1751010 278
1751020 278
1751030 277
1751040 277
1751050 277
1751060 277
1751070 276
1751080 276
1751090 276
1751100 276
1751110 275
1751120 275
1751130 275
1751140 275
1751150 274
1751160 274
1751170 274
1751180 274
1751190 273
1751200 273
1751210 273
1751220 273
1751230 273
1751240 272
1751250 272
1751260 272
1751270 272
1751280 271
1751290 271
1751300 271
1751310 271
1751320 270
1751330 270
1751340 270
1751350 269
1751360 269
1751370 269
1751380 268
1751390 268
1751400 267
1751410 267
1751420 267
1751430 266
1751440 266
1751450 266
1751460 266
1751470 265
1751480 265
1751490 264
1751500 264
1751510 264
1751520 263
1751530 263
1751540 263
1751550 262
1751560 262
1751570 262
1751580 262
1751590 261
1751600 261
1751610 260
1751620 260
1751630 259
1751640 258
1751650 258
1751660 257
1751670 257
1751680 256
1751690 256
1751700 255
1751710 255
1751720 254
1751730 254
1751740 254
1751750 253
1751760 253
1751770 253
1751780 253
1751790 252
1751800 252
1751810 252
1751820 252
1751830 252
1751840 252
1751850 252
1751860 252
1751870 252
1751880 252
1751890 253
1751900 253
1751910 253
1751920 253
1751930 253
1751940 253
1751950 252
1751960 252
1751970 252
1751980 252
1751990 252
1752000 252
1752010 252
1752020 251
1752030 251
1752040 251
1752050 251
1752060 251
1752070 251
1752080 250
1752090 250
1752100 250
1752110 250
1752120 250
1752130 250
1752140 249
1752150 249
1752160 249
1752170 249
1752180 249
1752190 249
1752200 249
1752210 248
1752220 248
1752230 248
1752240 248
1752250 248
1752260 248
1752270 248
1752280 248
1752290 248
1752300 247
1752310 247
1752320 247
1752330 247
1752340 247
1752350 247
1752360 247
1752370 246
1752380 246
1752390 246
1752400 246
1752410 246
1752420 246
1752430 246
1752440 246
1752450 245
1752460 245
1752470 245
1752480 245
1752490 245
1752500 245
1752510 244
1752520 244
1752530 244
1752540 244
1752550 244
1752560 244
1752570 244
1752580 243
1752590 243
1752600 243
1752610 243
1752620 243
1752630 243
1752640 242
1752650 242
1752660 242
1752670 242
1752680 242
1752690 242
1752700 242
1752710 242
1752720 241
1752730 241
1752740 241
1752750 241
1752760 241
1752770 241
1752780 241
1752790 241
1752800 240
1752810 240
1752820 240
1752830 240
1752840 239
1752850 239
1752860 239
1752870 238
1752880 238
1752890 238
1752900 238
1752910 238
1752920 237
1752930 237
1752940 237
1752950 237
1752960 237
1752970 237
1752980 238
1752990 238
1753000 238
1753010 238
1753020 238
1753030 239
1753040 239
1753050 239
1753060 239
1753070 239
1753080 239
1753090 239
1753100 239
1753110 239
1753120 239
1753130 239
1753140 239
1753150 239
1753160 239
1753170 239
1753180 239
1753190 239
1753200 239
1753210 239
1753220 239
1753230 239
1753240 239
1753250 239
1753260 239
1753270 239
1753280 239
1753290 239
1753300 239
1753310 238
1753320 238
1753330 238
1753340 238
1753350 238
1753360 238
1753370 238
1753380 238
1753390 238
1753400 238
1753410 238
1753420 237
1753430 237
1753440 237
1753450 237
1753460 237
1753470 237
1753480 236
1753490 236
1753500 236
1753510 236
1753520 236
1753530 236
1753540 236
1753550 236
1753560 235
1753570 235
1753580 235
1753590 235
1753600 235
1753610 235
1753620 235
1753630 234
1753640 234
1753650 234
1753660 234
1753670 234
1753680 233
1753690 233
1753700 233
1753710 233
1753720 232
1753730 232
1753740 232
1753750 232
1753760 232
1753770 231
1753780 231
1753790 231
1753800 231
1753810 230
1753820 230
1753830 230
1753840 230
1753850 229
1753860 229
1753870 229
1753880 229
1753890 229
1753900 228
1753910 228
1753920 228
1753930 228
1753940 227
1753950 227
1753960 226
1753970 226
1753980 225
1753990 225
1754000 224
1754010 224
1754020 223
1754030 223
1754040 223
1754050 221
1754060 218
1754070 216
1754080 215
1754090 214
1754100 213
1754110 212
1754120 211
1754130 211
1754140 212
1754150 213
1754160 215
1754170 215
1754180 215
1754190 215
1754200 215
1754210 215
1754220 215
1754230 215
1754240 215
1754250 215
1754260 215
1754270 215
1754280 215
1754290 215
1754300 215
1754310 215
1754320 215
1754330 215
1754340 215
1754350 215
1754360 214
1754370 214
1754380 214
1754390 214
1754400 214
1754410 214
1754420 214
1754430 214
1754440 214
1754450 215
1754460 215
1754470 215
1754480 215
1754490 215
1754500 215
1754510 215
1754520 215
1754530 215
1754540 215
1754550 215
1754560 215
1754570 215
1754580 215
1754590 215
1754600 215
1754610 215
1754620 214
1754630 214
1754640 213
1754650 213
1754660 214
1754670 215
1754680 216
1754690 216
1754700 216
1754710 215
1754720 215
1754730 214
1754740 215
1754750 215
1754760 215
1754770 215
1754780 215
1754790 215
1754800 215
1754810 215
1754820 215
1754830 215
1754840 215
1754850 215
1754860 215
1754870 215
1754880 215
1754890 215
1754900 215
1754910 215
1754920 216
1754930 216
1754940 216
1754950 216
1754960 217
1754970 217
1754980 218
1754990 218
1755000 219
1755010 219
1755020 220
1755030 220
1755040 221
1755050 221
1755060 221
1755070 221
1755080 222
1755090 222
1755100 222
1755110 222
1755120 222
1755130 222
1755140 223
1755150 223
1755160 223
1755170 223
1755180 223
1755190 223
1755200 223
1755210 223
1755220 223
1755230 223
1755240 223
1755250 223
1755260 223
1755270 223
1755280 223
1755290 224
1755300 224
1755310 224
1755320 224
1755330 224
1755340 224
1755350 224
1755360 224
1755370 224
1755380 225
1755390 225
1755400 225
1755410 225
1755420 225
1755430 225
1755440 225
1755450 225
1755460 225
1755470 225
1755480 225
1755490 225
1755500 225
1755510 225
1755520 225
1755530 225
1755540 225
1755550 226
1755560 226
1755570 226
1755580 226
1755590 226
1755600 226
1755610 226
1755620 226
1755630 226
1755640 227
1755650 227
1755660 227
1755670 227
1755680 228
1755690 228
1755700 228
1755710 229
1755720 230
1755730 230
1755740 230
1755750 231
1755760 231
1755770 231
1755780 232
1755790 233
1755800 234
1755810 235
1755820 237
1755830 239
1755840 241
1755850 243
1755860 245
1755870 247
1755880 249
1755890 250
1755900 252
1755910 253
1755920 254
1755930 255
1755940 256
1755950 257
1755960 258
1755970 259
1755980 260
1755990 260
1756000 260
1756010 261
1756020 261
1756030 262
1756040 262
1756050 262
1756060 263
1756070 263
1756080 263
1756090 263
1756100 263
1756110 263
1756120 262
1756130 262
1756140 262
1756150 262
1756160 262
1756170 262
1756180 262
1756190 262
1756200 262
1756210 262
1756220 262
1756230 262
1756240 262
1756250 262
1756260 262
1756270 262
1756280 262
1756290 262
1756300 262
1756310 262
1756320 262
1756330 262
1756340 261
1756350 261
1756360 261
1756370 261
1756380 261
1756390 261
1756400 261
1756410 261
1756420 261
1756430 261
1756440 261
1756450 260
1756460 260
1756470 260
1756480 260
1756490 260
1756500 260
1756510 260
1756520 259
1756530 259
1756540 259
1756550 259
1756560 259
1756570 258
1756580 258
1756590 257
1756600 257
1756610 256
1756620 256
1756630 256
1756640 256
1756650 256
1756660 256
1756670 256
1756680 256
1756690 256
1756700 256
1756710 256
1756720 256
1756730 256
1756740 255
1756750 255
1756760 255
1756770 255
1756780 255
1756790 255
1756800 255
1756810 255
1756820 255
1756830 255
1756840 255
1756850 255
1756860 255
1756870 255
1756880 254
1756890 254
1756900 254
1756910 254
1756920 254
1756930 254
1756940 254
1756950 254
1756960 254
1756970 254
1756980 254
1756990 253
1757000 253
1757010 253
1757020 253
1757030 253
1757040 253
1757050 253
1757060 254
1757070 254
1757080 254
1757090 254
1757100 254
1757110 254
1757120 254
1757130 254
1757140 254
1757150 254
1757160 254
1757170 254
1757180 254
1757190 254
1757200 254
1757210 254
1757220 253
1757230 253
1757240 253
1757250 253
1757260 253
1757270 253
1757280 253
1757290 253
1757300 253
1757310 254
1757320 254
1757330 254
1757340 254
1757350 253
1757360 253
1757370 253
1757380 253
1757390 253
1757400 253
1757410 253
1757420 253
1757430 253
1757440 252
1757450 252
1757460 253
1757470 253
1757480 253
1757490 253
1757500 253
1757510 253
1757520 253
1757530 253
1757540 253
1757550 253
1757560 253
1757570 253
1757580 253
1757590 253
1757600 252
1757610 252
1757620 252
1757630 252
1757640 252
1757650 251
1757660 251
1757670 251
1757680 251
1757690 251
1757700 250
1757710 250
1757720 250
1757730 250
1757740 249
1757750 249
1757760 249
1757770 249
1757780 249
1757790 249
1757800 249
1757810 248
1757820 248
1757830 248
1757840 248
1757850 248
1757860 248
1757870 248
1757880 248
1757890 248
1757900 248
1757910 247
1757920 247
1757930 247
1757940 247
1757950 247
1757960 246
1757970 246
1757980 246
1757990 246
1758000 246
1758010 246
1758020 246
1758030 246
1758040 246
1758050 246
1758060 245
1758070 245
1758080 245
1758090 245
1758100 244
1758110 244
1758120 244
1758130 244
1758140 244
1758150 243
1758160 243
1758170 243
1758180 243
1758190 242
1758200 242
1758210 242
1758220 242
1758230 241
1758240 241
1758250 241
1758260 241
1758270 241
1758280 240
1758290 240
1758300 240
1758310 239
1758320 239
1758330 239
1758340 238
1758350 238
1758360 238
1758370 238
1758380 238
1758390 238
1758400 238
1758410 238
1758420 238
1758430 238
1758440 238
1758450 238
1758460 237
1758470 237
1758480 237
1758490 237
1758500 237
1758510 238
1758520 238
1758530 238
1758540 238
1758550 238
1758560 238
1758570 238
1758580 239
1758590 239
1758600 239
1758610 239
1758620 240
1758630 240
1758640 240
1758650 241
1758660 241
1758670 242
1758680 242
1758690 242
1758700 243
1758710 243
1758720 243
1758730 243
1758740 244
1758750 244
1758760 244
1758770 244
1758780 244
1758790 244
1758800 244
1758810 244
1758820 244
1758830 244
1758840 244
1758850 244
1758860 243
1758870 243
1758880 243
1758890 243
1758900 243
1758910 243
1758920 243
1758930 242
1758940 242
1758950 242
1758960 242
1758970 241
1758980 241
1758990 241
1759000 240
1759010 240
1759020 240
1759030 239
1759040 239
1759050 239
1759060 239
1759070 238
1759080 238
1759090 238
1759100 238
1759110 237
1759120 237
1759130 237
1759140 237
1759150 236
1759160 236
1759170 236
1759180 235
1759190 234
1759200 233
1759210 232
1759220 231
1759230 231
1759240 231
1759250 231
1759260 231
1759270 230
1759280 228
1759290 227
1759300 227
1759310 226
1759320 226
1759330 226
1759340 225
1759350 225
1759360 224
1759370 224
1759380 223
1759390 223
1759400 223
1759410 223
1759420 222
1759430 222
1759440 222
1759450 222
1759460 222
1759470 222
1759480 222
1759490 222
1759500 222
1759510 222
1759520 222
1759530 222
1759540 223
1759550 224
1759560 226
1759570 227
1759580 228
1759590 228
1759600 230
1759610 232
1759620 233
1759630 235
1759640 236
1759650 237
1759660 239
1759670 241
1759680 242
1759690 242
1759700 244
1759710 246
1759720 248
1759730 249
1759740 249
1759750 250
1759760 251
1759770 251
1759780 252
1759790 252
1759800 253
1759810 253
1759820 254
1759830 254
1759840 255
1759850 255
1759860 256
1759870 256
1759880 256
1759890 256
1759900 257
1759910 258
1759920 259
1759930 259
1759940 260
1759950 260
1759960 261
1759970 261
1759980 262
1759990 262
