1740000 283
1740010 283
1740020 283
1740030 283
1740040 283
1740050 283
1740060 283
1740070 283
1740080 283
1740090 283
1740100 283
1740110 282
1740120 282
1740130 282
1740140 282
1740150 282
1740160 282
1740170 282
1740180 282
1740190 282
1740200 282
1740210 282
1740220 281
1740230 281
1740240 281
1740250 281
1740260 281
1740270 281
1740280 281
1740290 281
1740300 281
1740310 281
1740320 280
1740330 280
1740340 280
1740350 280
1740360 280
1740370 280
1740380 280
1740390 280
1740400 280
1740410 280
1740420 280
1740430 279
1740440 279
1740450 279
1740460 279
1740470 279
1740480 279
1740490 279
1740500 279
1740510 279
1740520 279
1740530 279
1740540 279
1740550 279
1740560 278
1740570 278
1740580 278
1740590 278
1740600 278
1740610 278
1740620 278
1740630 278
1740640 278
1740650 278
1740660 278
1740670 278
1740680 278
1740690 277
1740700 277
1740710 277
1740720 277
1740730 277
1740740 277
1740750 277
1740760 277
1740770 277
1740780 277
1740790 277
1740800 277
1740810 277
1740820 277
1740830 277
1740840 277
1740850 277
1740860 277
1740870 277
1740880 277
1740890 276
1740900 276
1740910 276
1740920 276
1740930 276
1740940 276
1740950 276
1740960 276
1740970 276
1740980 276
1740990 276
1741000 276
1741010 276
1741020 276
1741030 276
1741040 276
1741050 276
1741060 276
1741070 276
1741080 276
1741090 276
1741100 276
1741110 276
1741120 275
1741130 275
1741140 275
1741150 275
1741160 275
1741170 275
1741180 275
1741190 275
1741200 275
1741210 275
1741220 275
1741230 275
1741240 275
1741250 275
1741260 275
1741270 275
1741280 276
1741290 276
1741300 275
1741310 275
1741320 275
1741330 275
1741340 275
1741350 275
1741360 275
1741370 275
1741380 275
1741390 275
1741400 275
1741410 275
1741420 275
1741430 275
1741440 275
1741450 275
1741460 274
1741470 274
1741480 274
1741490 274
1741500 274
1741510 274
1741520 274
1741530 274
1741540 274
1741550 274
1741560 274
1741570 274
1741580 274
1741590 274
1741600 274
1741610 274
1741620 273
1741630 273
1741640 273
1741650 273
1741660 273
1741670 273
1741680 273
1741690 273
1741700 273
1741710 273
1741720 273
1741730 273
1741740 273
1741750 273
1741760 272
1741770 273
1741780 273
1741790 273
1741800 273
1741810 272
1741820 272
1741830 272
1741840 272
1741850 272
1741860 272
1741870 272
1741880 273
1741890 273
1741900 273
1741910 273
1741920 273
1741930 273
1741940 273
1741950 274
1741960 274
1741970 274
1741980 274
1741990 274
1742000 274
1742010 274
1742020 274
1742030 274
1742040 274
1742050 275
1742060 275
1742070 275
1742080 275
1742090 275
1742100 275
1742110 276
1742120 276
1742130 276
1742140 276
1742150 276
1742160 276
1742170 276
1742180 276
1742190 277
1742200 277
1742210 277
1742220 277
1742230 277
1742240 277
1742250 277
1742260 277
1742270 278
1742280 278
1742290 278
1742300 278
1742310 278
1742320 278
1742330 279
1742340 279
1742350 279
1742360 279
1742370 279
1742380 279
1742390 279
1742400 280
1742410 280
1742420 280
1742430 280
1742440 280
1742450 280
1742460 280
1742470 280
1742480 281
1742490 281
1742500 281
1742510 281
1742520 281
1742530 281
1742540 281
1742550 281
1742560 281
1742570 281
1742580 282
1742590 282
1742600 282
1742610 282
1742620 282
1742630 282
1742640 282
1742650 282
1742660 283
1742670 283
1742680 283
1742690 283
1742700 283
1742710 283
1742720 283
1742730 284
1742740 284
1742750 284
1742760 284
1742770 284
1742780 285
1742790 285
1742800 285
1742810 285
1742820 285
1742830 285
1742840 286
1742850 286
1742860 286
1742870 286
1742880 286
1742890 286
1742900 286
1742910 287
1742920 287
1742930 287
1742940 287
1742950 287
1742960 287
1742970 287
1742980 288
1742990 288
1743000 288
1743010 288
1743020 288
1743030 288
1743040 288
1743050 289
1743060 289
1743070 289
1743080 289
1743090 289
1743100 289
1743110 289
1743120 289
1743130 290
1743140 290
1743150 290
1743160 290
1743170 290
1743180 290
1743190 290
1743200 291
1743210 291
1743220 291
1743230 291
1743240 291
1743250 291
1743260 291
1743270 291
1743280 291
1743290 291
1743300 292
1743310 292
1743320 292
1743330 292
1743340 292
1743350 292
1743360 293
1743370 293
1743380 293
1743390 293
1743400 293
1743410 293
1743420 294
1743430 294
1743440 294
1743450 294
1743460 295
1743470 295
1743480 295
1743490 296
1743500 296
1743510 297
1743520 297
1743530 297
1743540 298
1743550 298
1743560 298
1743570 299
1743580 299
1743590 299
1743600 300
1743610 300
1743620 300
1743630 300
1743640 300
1743650 300
1743660 300
1743670 299
1743680 299
1743690 299
1743700 299
1743710 299
1743720 299
1743730 299
1743740 299
1743750 298
1743760 298
1743770 298
1743780 298
1743790 298
1743800 298
1743810 298
1743820 298
1743830 298
1743840 298
1743850 297
1743860 297
1743870 297
1743880 297
1743890 297
1743900 297
1743910 296
1743920 296
1743930 296
1743940 296
1743950 296
1743960 295
1743970 295
1743980 295
1743990 295
1744000 295
1744010 295
1744020 295
1744030 294
1744040 294
1744050 294
1744060 294
1744070 294
1744080 294
1744090 293
1744100 293
1744110 293
1744120 293
1744130 293
1744140 292
1744150 292
1744160 292
1744170 291
1744180 291
1744190 290
1744200 290
1744210 290
1744220 289
1744230 289
1744240 288
1744250 288
1744260 287
1744270 287
1744280 287
1744290 286
1744300 286
1744310 285
1744320 284
1744330 284
1744340 283
1744350 283
1744360 282
1744370 282
1744380 281
1744390 281
1744400 280
1744410 280
1744420 280
1744430 279
1744440 279
1744450 278
1744460 278
1744470 278
1744480 278
1744490 278
1744500 278
1744510 278
1744520 277
1744530 277
1744540 276
1744550 276
1744560 276
1744570 276
1744580 276
1744590 276
1744600 276
1744610 275
1744620 276
1744630 276
1744640 276
1744650 277
1744660 277
1744670 277
1744680 277
1744690 277
1744700 277
1744710 277
1744720 277
1744730 277
1744740 277
1744750 277
1744760 277
1744770 278
1744780 278
1744790 278
1744800 278
1744810 278
1744820 278
1744830 278
1744840 278
1744850 278
1744860 277
1744870 277
1744880 277
1744890 277
1744900 277
1744910 277
1744920 277
1744930 276
1744940 276
1744950 276
1744960 276
1744970 276
1744980 276
1744990 275
1745000 275
1745010 275
1745020 275
1745030 275
1745040 274
1745050 274
1745060 274
1745070 273
1745080 273
1745090 273
1745100 272
1745110 272
1745120 272
1745130 272
1745140 271
1745150 271
1745160 270
1745170 269
1745180 268
1745190 267
1745200 266
1745210 265
1745220 265
1745230 264
1745240 264
1745250 263
1745260 263
1745270 263
1745280 263
1745290 263
1745300 264
1745310 264
1745320 264
1745330 264
1745340 264
1745350 264
1745360 264
1745370 263
1745380 263
1745390 263
1745400 262
1745410 262
1745420 262
1745430 261
1745440 261
1745450 261
1745460 260
1745470 260
1745480 259
1745490 259
1745500 258
1745510 258
1745520 257
1745530 257
1745540 257
1745550 256
1745560 256
1745570 255
1745580 255
1745590 255
1745600 254
1745610 254
1745620 254
1745630 253
1745640 253
1745650 252
1745660 252
1745670 251
1745680 251
1745690 251
1745700 250
1745710 250
1745720 249
1745730 249
1745740 248
1745750 248
1745760 248
1745770 247
1745780 247
1745790 247
1745800 246
1745810 246
1745820 245
1745830 245
1745840 245
1745850 244
1745860 244
1745870 243
1745880 243
1745890 243
1745900 242
1745910 242
1745920 242
1745930 241
1745940 240
1745950 238
1745960 236
1745970 235
1745980 235
1745990 235
1746000 234
1746010 234
1746020 234
1746030 234
1746040 234
1746050 234
1746060 234
1746070 234
1746080 234
1746090 234
1746100 234
1746110 234
1746120 234
1746130 234
1746140 234
1746150 234
1746160 234
1746170 234
1746180 234
1746190 234
1746200 234
1746210 234
1746220 234
1746230 234
1746240 234
1746250 234
1746260 234
1746270 234
1746280 234
1746290 234
1746300 234
1746310 234
1746320 234
1746330 234
1746340 234
1746350 234
1746360 234
1746370 234
1746380 233
1746390 233
1746400 233
1746410 233
1746420 233
1746430 233
1746440 233
1746450 233
1746460 233
1746470 233
1746480 233
1746490 233
1746500 233
1746510 233
1746520 232
1746530 232
1746540 232
1746550 232
1746560 232
1746570 232
1746580 232
1746590 232
1746600 232
1746610 232
1746620 232
1746630 232
1746640 232
1746650 232
1746660 232
1746670 232
1746680 232
1746690 232
1746700 232
1746710 232
1746720 232
1746730 232
1746740 232
1746750 232
1746760 232
1746770 232
1746780 232
1746790 232
1746800 231
1746810 231
1746820 231
1746830 231
1746840 231
1746850 231
1746860 231
1746870 231
1746880 230
1746890 230
1746900 230
1746910 230
1746920 229
1746930 229
1746940 229
1746950 229
1746960 229
1746970 229
1746980 229
1746990 229
1747000 229
1747010 229
1747020 229
1747030 229
1747040 229
1747050 229
1747060 229
1747070 229
1747080 229
1747090 229
1747100 229
1747110 229
1747120 229
1747130 229
1747140 229
1747150 229
1747160 229
1747170 229
1747180 229
1747190 229
1747200 229
1747210 229
1747220 229
1747230 229
1747240 229
1747250 230
1747260 230
1747270 230
1747280 230
1747290 230
1747300 230
1747310 230
1747320 230
1747330 230
1747340 230
1747350 230
1747360 230
1747370 229
1747380 228
1747390 228
1747400 229
1747410 229
1747420 229
1747430 229
1747440 229
1747450 229
1747460 229
1747470 229
1747480 229
1747490 228
1747500 228
1747510 228
1747520 228
1747530 228
1747540 228
1747550 228
1747560 227
1747570 227
1747580 227
1747590 227
1747600 227
1747610 227
1747620 227
1747630 227
1747640 227
1747650 227
1747660 227
1747670 227
1747680 226
1747690 224
1747700 225
1747710 226
1747720 226
1747730 226
1747740 227
1747750 228
1747760 230
1747770 230
1747780 231
1747790 230
1747800 229
1747810 227
1747820 226
1747830 226
1747840 225
1747850 226
1747860 226
1747870 226
1747880 226
1747890 226
1747900 226
1747910 226
1747920 226
1747930 226
1747940 226
1747950 226
1747960 226
1747970 226
1747980 226
1747990 226
1748000 226
1748010 226
1748020 226
1748030 226
1748040 226
1748050 226
1748060 226
1748070 226
1748080 226
1748090 226
1748100 226
1748110 226
1748120 226
1748130 226
1748140 225
1748150 226
1748160 225
1748170 225
1748180 224
1748190 223
1748200 223
1748210 223
1748220 223
1748230 223
1748240 223
1748250 224
1748260 225
1748270 226
1748280 226
1748290 226
1748300 226
1748310 226
1748320 226
1748330 225
1748340 225
1748350 225
1748360 225
1748370 225
1748380 226
1748390 226
1748400 226
1748410 226
1748420 226
1748430 226
1748440 226
1748450 226
1748460 226
1748470 226
1748480 225
1748490 225
1748500 226
1748510 225
1748520 226
1748530 226
1748540 227
1748550 227
1748560 226
1748570 226
1748580 226
1748590 226
1748600 227
1748610 227
1748620 227
1748630 227
1748640 227
1748650 227
1748660 227
1748670 227
1748680 227
1748690 227
1748700 227
1748710 227
1748720 227
1748730 227
1748740 227
1748750 227
1748760 227
1748770 227
1748780 227
1748790 227
1748800 227
1748810 227
1748820 227
1748830 227
1748840 227
1748850 227
1748860 227
1748870 227
1748880 227
1748890 227
1748900 228
1748910 228
1748920 228
1748930 228
1748940 228
1748950 228
1748960 228
1748970 228
1748980 228
1748990 228
1749000 228
1749010 228
1749020 228
1749030 228
1749040 228
1749050 228
1749060 228
1749070 228
1749080 228
1749090 228
1749100 228
1749110 228
1749120 228
1749130 228
1749140 228
1749150 228
1749160 228
1749170 228
1749180 228
1749190 228
1749200 228
1749210 228
1749220 228
1749230 228
1749240 228
1749250 228
1749260 228
1749270 228
1749280 228
1749290 228
1749300 228
1749310 228
1749320 228
1749330 228
1749340 228
1749350 228
1749360 228
1749370 228
1749380 228
1749390 228
1749400 228
1749410 228
1749420 228
1749430 228
1749440 228
1749450 229
1749460 229
1749470 228
1749480 228
1749490 228
1749500 228
1749510 229
1749520 229
1749530 230
1749540 230
1749550 230
1749560 230
1749570 230
1749580 230
1749590 230
1749600 230
1749610 230
1749620 230
1749630 230
1749640 230
1749650 230
1749660 230
1749670 230
1749680 230
1749690 230
1749700 230
1749710 230
1749720 230
1749730 230
1749740 230
1749750 230
1749760 230
1749770 230
1749780 230
1749790 230
1749800 230
1749810 230
1749820 230
1749830 230
1749840 231
1749850 232
1749860 235
1749870 237
1749880 238
1749890 238
1749900 238
1749910 238
1749920 238
1749930 238
1749940 239
1749950 239
1749960 239
1749970 239
1749980 239
1749990 239
1750000 240
1750010 240
1750020 240
1750030 240
1750040 240
1750050 241
1750060 241
1750070 241
1750080 241
1750090 241
1750100 241
1750110 242
1750120 242
1750130 242
1750140 242
1750150 242
1750160 242
1750170 243
1750180 243
1750190 243
1750200 243
1750210 243
1750220 243
1750230 243
1750240 243
1750250 243
1750260 243
1750270 243
1750280 243
1750290 243
1750300 243
1750310 243
1750320 243
1750330 243
1750340 243
1750350 243
1750360 243
1750370 243
1750380 243
1750390 243
1750400 243
1750410 243
1750420 243
1750430 243
1750440 242
1750450 242
1750460 242
1750470 242
1750480 242
1750490 242
1750500 242
1750510 241
1750520 241
1750530 241
1750540 241
1750550 240
1750560 240
1750570 240
1750580 240
1750590 239
1750600 239
1750610 239
1750620 239
1750630 239
1750640 238
1750650 238
1750660 238
1750670 238
1750680 237
1750690 237
1750700 237
1750710 237
1750720 237
1750730 237
1750740 237
1750750 236
1750760 236
1750770 236
1750780 236
1750790 236
1750800 236
1750810 236
1750820 236
1750830 236
1750840 236
1750850 236
1750860 236
1750870 236
1750880 236
1750890 236
1750900 236
1750910 236
1750920 236
1750930 236
1750940 236
1750950 236
1750960 235
1750970 235
1750980 235
1750990 235
1751000 235
1751010 235
1751020 235
1751030 235
1751040 235
1751050 235
1751060 235
1751070 235
1751080 235
1751090 235
1751100 235
1751110 235
1751120 235
1751130 235
1751140 235
1751150 236
1751160 236
1751170 236
1751180 236
1751190 236
1751200 236
1751210 236
1751220 236
1751230 236
1751240 237
1751250 237
1751260 237
1751270 237
1751280 237
1751290 237
1751300 237
1751310 237
1751320 237
1751330 237
1751340 237
1751350 237
1751360 237
1751370 237
1751380 237
1751390 237
1751400 237
1751410 237
1751420 236
1751430 236
1751440 236
1751450 236
1751460 236
1751470 236
1751480 236
1751490 236
1751500 236
1751510 236
1751520 236
1751530 236
1751540 236
1751550 236
1751560 236
1751570 236
1751580 236
1751590 236
1751600 236
1751610 236
1751620 236
1751630 236
1751640 235
1751650 235
1751660 235
1751670 235
1751680 235
1751690 235
1751700 235
1751710 235
1751720 235
1751730 235
1751740 235
1751750 236
1751760 236
1751770 235
1751780 235
1751790 235
1751800 235
1751810 235
1751820 235
1751830 235
1751840 235
1751850 235
1751860 235
1751870 235
1751880 235
1751890 235
1751900 235
1751910 235
1751920 235
1751930 235
1751940 235
1751950 236
1751960 236
1751970 236
1751980 236
1751990 236
1752000 236
1752010 236
1752020 236
1752030 236
1752040 236
1752050 236
1752060 236
1752070 236
1752080 236
1752090 237
1752100 237
1752110 237
1752120 237
1752130 238
1752140 238
1752150 239
1752160 239
1752170 239
1752180 239
1752190 239
1752200 239
1752210 239
1752220 239
1752230 239
1752240 239
1752250 239
1752260 239
1752270 239
1752280 239
1752290 239
1752300 239
1752310 240
1752320 240
1752330 240
1752340 240
1752350 241
1752360 241
1752370 241
1752380 241
1752390 242
1752400 242
1752410 242
1752420 243
1752430 243
1752440 243
1752450 244
1752460 244
1752470 244
1752480 245
1752490 245
1752500 246
1752510 246
1752520 246
1752530 247
1752540 247
1752550 248
1752560 249
1752570 249
1752580 250
1752590 250
1752600 251
1752610 251
1752620 252
1752630 252
1752640 253
1752650 253
1752660 254
1752670 255
1752680 256
1752690 257
1752700 257
1752710 258
1752720 259
1752730 259
1752740 259
1752750 259
1752760 259
1752770 260
1752780 260
1752790 261
1752800 261
1752810 262
1752820 263
1752830 263
1752840 264
1752850 264
1752860 264
1752870 265
1752880 265
1752890 265
1752900 265
1752910 265
1752920 264
1752930 263
1752940 262
1752950 261
1752960 260
1752970 259
1752980 258
1752990 256
1753000 253
1753010 251
1753020 250
1753030 250
1753040 249
1753050 249
1753060 249
1753070 248
1753080 248
1753090 248
1753100 247
1753110 247
1753120 247
1753130 248
1753140 248
1753150 248
1753160 248
1753170 249
1753180 251
1753190 254
1753200 257
1753210 260
1753220 263
1753230 266
1753240 268
1753250 271
1753260 273
1753270 275
1753280 277
1753290 278
1753300 280
1753310 281
1753320 282
1753330 283
1753340 283
1753350 284
1753360 284
1753370 285
1753380 286
1753390 287
1753400 290
1753410 292
1753420 294
1753430 296
1753440 298
1753450 299
1753460 301
1753470 303
1753480 304
1753490 306
1753500 307
1753510 308
1753520 310
1753530 311
1753540 312
1753550 313
1753560 314
1753570 315
1753580 315
1753590 315
1753600 315
1753610 315
1753620 315
1753630 315
1753640 315
1753650 315
1753660 314
1753670 314
1753680 314
1753690 313
1753700 313
1753710 312
1753720 311
1753730 311
1753740 310
1753750 310
1753760 309
1753770 309
1753780 308
1753790 307
1753800 307
1753810 306
1753820 305
1753830 304
1753840 302
1753850 301
1753860 299
1753870 297
1753880 296
1753890 295
1753900 293
1753910 292
1753920 292
1753930 291
1753940 289
1753950 288
1753960 287
1753970 286
1753980 285
1753990 284
1754000 284
1754010 283
1754020 282
1754030 281
1754040 280
1754050 279
1754060 277
1754070 276
1754080 274
1754090 272
1754100 270
1754110 267
1754120 262
1754130 258
1754140 254
1754150 254
1754160 255
1754170 259
1754180 263
1754190 266
1754200 268
1754210 270
1754220 271
1754230 272
1754240 275
1754250 278
1754260 282
1754270 285
1754280 287
1754290 290
1754300 292
1754310 294
1754320 295
1754330 296
1754340 297
1754350 298
1754360 299
1754370 301
1754380 302
1754390 303
1754400 304
1754410 304
1754420 305
1754430 306
1754440 306
1754450 306
1754460 306
1754470 306
1754480 305
1754490 304
1754500 304
1754510 304
1754520 304
1754530 304
1754540 303
1754550 303
1754560 302
1754570 301
1754580 300
1754590 297
1754600 296
1754610 296
1754620 296
1754630 296
1754640 294
1754650 293
1754660 291
1754670 289
1754680 288
1754690 286
1754700 285
1754710 286
1754720 287
1754730 287
1754740 288
1754750 288
1754760 288
1754770 287
1754780 286
1754790 285
1754800 284
1754810 286
1754820 289
1754830 291
1754840 292
1754850 294
1754860 294
1754870 295
1754880 296
1754890 297
1754900 297
1754910 297
1754920 298
1754930 298
1754940 298
1754950 298
1754960 298
1754970 297
1754980 297
1754990 297
1755000 297
1755010 297
1755020 298
1755030 299
1755040 299
1755050 299
1755060 299
1755070 299
1755080 298
1755090 298
1755100 298
1755110 298
1755120 297
1755130 297
1755140 297
1755150 297
1755160 296
1755170 297
1755180 297
1755190 298
1755200 298
1755210 298
1755220 298
1755230 298
1755240 297
1755250 296
1755260 297
1755270 298
1755280 298
1755290 299
1755300 300
1755310 300
1755320 301
1755330 301
1755340 302
1755350 303
1755360 304
1755370 305
1755380 306
1755390 307
1755400 308
1755410 309
1755420 310
1755430 311
1755440 311
1755450 312
1755460 313
1755470 313
1755480 313
1755490 314
1755500 314
1755510 314
1755520 314
1755530 314
1755540 314
1755550 314
1755560 314
1755570 314
1755580 314
1755590 314
1755600 314
1755610 314
1755620 314
1755630 314
1755640 314
1755650 314
1755660 313
1755670 313
1755680 313
1755690 313
1755700 313
1755710 313
1755720 313
1755730 313
1755740 313
1755750 313
1755760 313
1755770 313
1755780 313
1755790 312
1755800 312
1755810 312
1755820 312
1755830 312
1755840 312
1755850 312
1755860 311
1755870 311
1755880 311
1755890 311
1755900 310
1755910 310
1755920 310
1755930 310
1755940 309
1755950 309
1755960 309
1755970 309
1755980 308
1755990 308
1756000 308
1756010 307
1756020 307
1756030 307
1756040 306
1756050 306
1756060 305
1756070 305
1756080 304
1756090 304
1756100 304
1756110 303
1756120 303
1756130 302
1756140 301
1756150 300
1756160 300
1756170 299
1756180 298
1756190 298
1756200 297
1756210 296
1756220 296
1756230 295
1756240 295
1756250 294
1756260 293
1756270 293
1756280 292
1756290 292
1756300 292
1756310 291
1756320 291
1756330 291
1756340 291
1756350 290
1756360 290
1756370 289
1756380 288
1756390 288
1756400 288
1756410 287
1756420 287
1756430 286
1756440 286
1756450 285
1756460 284
1756470 284
1756480 284
1756490 283
1756500 283
1756510 282
1756520 282
1756530 281
1756540 281
1756550 280
1756560 279
1756570 279
1756580 278
1756590 278
1756600 277
1756610 277
1756620 277
1756630 276
1756640 276
1756650 275
1756660 275
1756670 274
1756680 273
1756690 273
1756700 273
1756710 272
1756720 272
1756730 271
1756740 271
1756750 271
1756760 270
1756770 270
1756780 270
1756790 269
1756800 269
1756810 269
1756820 269
1756830 268
1756840 268
1756850 268
1756860 267
1756870 267
1756880 267
1756890 267
1756900 266
1756910 266
1756920 266
1756930 266
1756940 266
1756950 265
1756960 265
1756970 265
1756980 265
1756990 265
1757000 265
1757010 265
1757020 265
1757030 265
1757040 265
1757050 265
1757060 265
1757070 265
1757080 265
1757090 264
1757100 264
1757110 264
1757120 264
1757130 264
1757140 264
1757150 264
1757160 264
1757170 264
1757180 263
1757190 263
1757200 263
1757210 263
1757220 263
1757230 262
1757240 262
1757250 262
1757260 262
1757270 261
1757280 261
1757290 261
1757300 261
1757310 260
1757320 260
1757330 259
1757340 259
1757350 259
1757360 258
1757370 258
1757380 258
1757390 257
1757400 257
1757410 256
1757420 256
1757430 256
1757440 255
1757450 255
1757460 254
1757470 254
1757480 253
1757490 253
1757500 253
1757510 252
1757520 252
1757530 252
1757540 251
1757550 251
1757560 250
1757570 250
1757580 249
1757590 249
1757600 249
1757610 249
1757620 248
1757630 248
1757640 248
1757650 247
1757660 247
1757670 246
1757680 246
1757690 246
1757700 246
1757710 246
1757720 245
1757730 245
1757740 245
1757750 245
1757760 245
1757770 245
1757780 245
1757790 246
1757800 246
1757810 246
1757820 246
1757830 246
1757840 246
1757850 246
1757860 246
1757870 246
1757880 247
1757890 247
1757900 247
1757910 246
1757920 246
1757930 246
1757940 246
1757950 246
1757960 246
1757970 245
1757980 245
1757990 245
1758000 245
1758010 244
1758020 244
1758030 244
1758040 244
1758050 244
1758060 243
1758070 243
1758080 243
1758090 242
1758100 242
1758110 242
1758120 241
1758130 241
1758140 241
1758150 240
1758160 240
1758170 239
1758180 238
1758190 238
1758200 237
1758210 237
1758220 236
1758230 236
1758240 235
1758250 235
1758260 234
1758270 234
1758280 233
1758290 233
1758300 232
1758310 232
1758320 232
1758330 232
1758340 231
1758350 231
1758360 231
1758370 232
1758380 232
1758390 232
1758400 232
1758410 232
1758420 232
1758430 232
1758440 233
1758450 233
1758460 233
1758470 233
1758480 233
1758490 233
1758500 233
1758510 233
1758520 233
1758530 233
1758540 233
1758550 233
1758560 233
1758570 233
1758580 233
1758590 233
1758600 233
1758610 232
1758620 232
1758630 232
1758640 232
1758650 232
1758660 232
1758670 232
1758680 231
1758690 231
1758700 231
1758710 231
1758720 231
1758730 231
1758740 231
1758750 231
1758760 230
1758770 230
1758780 230
1758790 230
1758800 230
1758810 229
1758820 229
1758830 229
1758840 229
1758850 228
1758860 228
1758870 228
1758880 228
1758890 228
1758900 227
1758910 227
1758920 227
1758930 227
1758940 227
1758950 226
1758960 226
1758970 226
1758980 226
1758990 226
1759000 225
1759010 225
1759020 225
1759030 225
1759040 224
1759050 224
1759060 224
1759070 224
1759080 224
1759090 224
1759100 224
1759110 223
1759120 223
1759130 223
1759140 223
1759150 223
1759160 222
1759170 222
1759180 222
1759190 222
1759200 222
1759210 221
1759220 221
1759230 221
1759240 221
1759250 221
1759260 221
1759270 221
1759280 220
1759290 220
1759300 220
1759310 220
1759320 220
1759330 220
1759340 220
1759350 220
1759360 219
1759370 219
1759380 219
1759390 219
1759400 219
1759410 219
1759420 219
1759430 219
1759440 219
1759450 219
1759460 219
1759470 218
1759480 218
1759490 218
1759500 218
1759510 218
1759520 218
1759530 218
1759540 218
1759550 218
1759560 218
1759570 218
1759580 218
1759590 217
1759600 217
1759610 217
1759620 217
1759630 217
1759640 217
1759650 217
1759660 217
1759670 217
1759680 217
1759690 217
1759700 217
1759710 216
1759720 216
1759730 216
1759740 216
1759750 216
1759760 216
1759770 216
1759780 216
1759790 216
1759800 216
1759810 216
1759820 216
1759830 216
1759840 216
1759850 216
1759860 216
1759870 216
1759880 216
1759890 216
1759900 216
1759910 216
1759920 216
1759930 216
1759940 216
1759950 216
1759960 216
1759970 215
1759980 215
1759990 215
