1759650 225
1759660 225
1759670 226
1759680 226
1759690 226
1759700 227
1759710 227
1759720 227
1759730 227
1759740 227
1759750 227
1759760 227
1759770 228
1759780 228
1759790 229
1759800 229
1759810 229
1759820 230
1759830 231
1759840 231
1759850 232
1759860 232
1759870 233
1759880 233
1759890 234
1759900 234
1759910 235
1759920 235
1759930 236
1759940 236
1759950 237
1759960 237
1759970 238
1759980 239
1759990 240
1740000 277
1740010 277
1740020 277
1740030 277
1740040 276
1740050 276
1740060 276
1740070 276
1740080 276
1740090 276
1740100 276
1740110 276
1740120 276
1740130 276
1740140 276
1740150 276
1740160 276
1740170 276
1740180 275
1740190 275
1740200 275
1740210 275
1740220 275
1740230 275
1740240 275
1740250 275
1740260 275
1740270 275
1740280 275
1740290 275
1740300 274
1740310 274
1740320 274
1740330 274
1740340 274
1740350 273
1740360 273
1740370 273
1740380 273
1740390 273
1740400 273
1740410 273
1740420 273
1740430 273
1740440 273
1740450 273
1740460 273
1740470 273
1740480 273
1740490 273
1740500 273
1740510 273
1740520 272
1740530 273
1740540 273
1740550 272
1740560 272
1740570 272
1740580 272
1740590 272
1740600 272
1740610 272
1740620 272
1740630 272
1740640 272
1740650 272
1740660 272
1740670 272
1740680 272
1740690 272
1740700 272
1740710 272
1740720 272
1740730 272
1740740 272
1740750 272
1740760 272
1740770 272
1740780 272
1740790 272
1740800 272
1740810 272
1740820 272
1740830 272
1740840 272
1740850 272
1740860 272
1740870 272
1740880 272
1740890 272
1740900 272
1740910 272
1740920 271
1740930 271
1740940 271
1740950 271
1740960 271
1740970 271
1740980 271
1740990 271
1741000 271
1741010 271
1741020 271
1741030 271
1741040 271
1741050 271
1741060 271
1741070 271
1741080 271
1741090 271
1741100 271
1741110 271
1741120 271
1741130 271
1741140 271
1741150 271
1741160 271
1741170 271
1741180 271
1741190 271
1741200 271
1741210 271
1741220 271
1741230 271
1741240 271
1741250 271
1741260 271
1741270 271
1741280 271
1741290 271
1741300 271
1741310 271
1741320 271
1741330 271
1741340 271
1741350 271
1741360 271
1741370 271
1741380 271
1741390 271
1741400 271
1741410 271
1741420 271
1741430 271
1741440 271
1741450 271
1741460 271
1741470 271
1741480 271
1741490 271
1741500 271
1741510 271
1741520 271
1741530 271
1741540 271
1741550 271
1741560 271
1741570 271
1741580 271
1741590 271
1741600 271
1741610 271
1741620 271
1741630 271
1741640 271
1741650 271
1741660 271
1741670 272
1741680 272
1741690 272
1741700 273
1741710 273
1741720 273
1741730 273
1741740 273
1741750 273
1741760 273
1741770 274
1741780 274
1741790 274
1741800 274
1741810 274
1741820 274
1741830 275
1741840 275
1741850 275
1741860 275
1741870 276
1741880 276
1741890 276
1741900 276
1741910 277
1741920 277
1741930 277
1741940 277
1741950 278
1741960 278
1741970 278
1741980 279
1741990 279
1742000 279
1742010 279
1742020 279
1742030 279
1742040 280
1742050 280
1742060 280
1742070 280
1742080 281
1742090 281
1742100 281
1742110 281
1742120 282
1742130 282
1742140 282
1742150 283
1742160 283
1742170 283
1742180 284
1742190 284
1742200 284
1742210 284
1742220 284
1742230 285
1742240 285
1742250 285
1742260 285
1742270 285
1742280 286
1742290 288
1742300 288
1742310 288
1742320 289
1742330 289
1742340 289
1742350 289
1742360 290
1742370 290
1742380 291
1742390 291
1742400 292
1742410 292
1742420 292
1742430 293
1742440 293
1742450 294
1742460 294
1742470 294
1742480 295
1742490 295
1742500 296
1742510 296
1742520 297
1742530 297
1742540 298
1742550 298
1742560 299
1742570 299
1742580 300
1742590 300
1742600 300
1742610 301
1742620 301
1742630 302
1742640 302
1742650 303
1742660 303
1742670 304
1742680 304
1742690 305
1742700 305
1742710 306
1742720 306
1742730 307
1742740 308
1742750 309
1742760 310
1742770 311
1742780 311
1742790 312
1742800 313
1742810 313
1742820 314
1742830 315
1742840 316
1742850 317
1742860 317
1742870 318
1742880 319
1742890 320
1742900 320
1742910 321
1742920 322
1742930 323
1742940 323
1742950 324
1742960 325
1742970 326
1742980 327
1742990 328
1743000 329
1743010 330
1743020 332
1743030 333
1743040 334
1743050 335
1743060 336
1743070 337
1743080 338
1743090 338
1743100 338
1743110 339
1743120 338
1743130 338
1743140 338
1743150 338
1743160 338
1743170 338
1743180 338
1743190 339
1743200 339
1743210 339
1743220 339
1743230 339
1743240 339
1743250 339
1743260 339
1743270 339
1743280 339
1743290 338
1743300 337
1743310 337
1743320 336
1743330 335
1743340 334
1743350 333
1743360 332
1743370 332
1743380 331
1743390 330
1743400 329
1743410 328
1743420 327
1743430 326
1743440 324
1743450 322
1743460 320
1743470 317
1743480 314
1743490 312
1743500 310
1743510 309
1743520 307
1743530 306
1743540 304
1743550 303
1743560 302
1743570 301
1743580 300
1743590 299
1743600 298
1743610 297
1743620 296
1743630 295
1743640 294
1743650 294
1743660 293
1743670 292
1743680 290
1743690 289
1743700 289
1743710 289
1743720 289
1743730 288
1743740 287
1743750 286
1743760 286
1743770 286
1743780 285
1743790 285
1743800 285
1743810 285
1743820 285
1743830 285
1743840 285
1743850 285
1743860 285
1743870 285
1743880 285
1743890 285
1743900 284
1743910 284
1743920 285
1743930 285
1743940 285
1743950 285
1743960 285
1743970 286
1743980 286
1743990 286
1744000 287
1744010 287
1744020 287
1744030 287
1744040 286
1744050 286
1744060 285
1744070 285
1744080 285
1744090 285
1744100 284
1744110 284
1744120 284
1744130 284
1744140 284
1744150 283
1744160 283
1744170 282
1744180 282
1744190 281
1744200 281
1744210 280
1744220 280
1744230 279
1744240 278
1744250 278
1744260 277
1744270 277
1744280 276
1744290 276
1744300 275
1744310 275
1744320 274
1744330 274
1744340 273
1744350 273
1744360 272
1744370 272
1744380 271
1744390 271
1744400 270
1744410 270
1744420 269
1744430 269
1744440 269
1744450 268
1744460 268
1744470 268
1744480 267
1744490 267
1744500 267
1744510 266
1744520 266
1744530 266
1744540 265
1744550 265
1744560 264
1744570 264
1744580 264
1744590 263
1744600 263
1744610 263
1744620 263
1744630 262
1744640 262
1744650 262
1744660 262
1744670 262
1744680 261
1744690 261
1744700 261
1744710 261
1744720 260
1744730 260
1744740 260
1744750 260
1744760 259
1744770 259
1744780 259
1744790 259
1744800 259
1744810 258
1744820 258
1744830 258
1744840 257
1744850 257
1744860 256
1744870 256
1744880 255
1744890 255
1744900 255
1744910 254
1744920 254
1744930 254
1744940 253
1744950 253
1744960 253
1744970 253
1744980 252
1744990 252
1745000 252
1745010 252
1745020 252
1745030 252
1745040 251
1745050 251
1745060 251
1745070 251
1745080 251
1745090 251
1745100 251
1745110 251
1745120 250
1745130 250
1745140 250
1745150 249
1745160 249
1745170 249
1745180 249
1745190 249
1745200 248
1745210 248
1745220 248
1745230 248
1745240 248
1745250 248
1745260 248
1745270 248
1745280 247
1745290 247
1745300 247
1745310 247
1745320 246
1745330 246
1745340 246
1745350 246
1745360 246
1745370 246
1745380 246
1745390 246
1745400 247
1745410 247
1745420 248
1745430 248
1745440 249
1745450 249
1745460 249
1745470 249
1745480 249
1745490 249
1745500 249
1745510 249
1745520 249
1745530 249
1745540 248
1745550 248
1745560 248
1745570 247
1745580 247
1745590 246
1745600 246
1745610 246
1745620 245
1745630 245
1745640 245
1745650 245
1745660 244
1745670 244
1745680 244
1745690 243
1745700 243
1745710 243
1745720 243
1745730 243
1745740 242
1745750 242
1745760 242
1745770 242
1745780 241
1745790 241
1745800 241
1745810 241
1745820 240
1745830 239
1745840 238
1745850 238
1745860 237
1745870 237
1745880 236
1745890 236
1745900 237
1745910 236
1745920 236
1745930 236
1745940 236
1745950 236
1745960 236
1745970 237
1745980 237
1745990 237
1746000 236
1746010 236
1746020 236
1746030 236
1746040 236
1746050 236
1746060 236
1746070 236
1746080 237
1746090 237
1746100 236
1746110 237
1746120 238
1746130 237
1746140 236
1746150 235
1746160 235
1746170 235
1746180 234
1746190 234
1746200 233
1746210 233
1746220 233
1746230 233
1746240 232
1746250 232
1746260 232
1746270 232
1746280 232
1746290 232
1746300 232
1746310 231
1746320 231
1746330 231
1746340 231
1746350 231
1746360 231
1746370 230
1746380 230
1746390 230
1746400 230
1746410 230
1746420 230
1746430 230
1746440 229
1746450 229
1746460 229
1746470 229
1746480 229
1746490 229
1746500 229
1746510 229
1746520 228
1746530 228
1746540 228
1746550 228
1746560 228
1746570 228
1746580 228
1746590 228
1746600 228
1746610 228
1746620 228
1746630 228
1746640 228
1746650 228
1746660 228
1746670 228
1746680 228
1746690 227
1746700 227
1746710 227
1746720 227
1746730 227
1746740 227
1746750 227
1746760 227
1746770 227
1746780 227
1746790 227
1746800 227
1746810 227
1746820 227
1746830 227
1746840 227
1746850 227
1746860 227
1746870 227
1746880 227
1746890 227
1746900 227
1746910 227
1746920 227
1746930 227
1746940 227
1746950 227
1746960 227
1746970 227
1746980 227
1746990 227
1747000 227
1747010 226
1747020 226
1747030 226
1747040 226
1747050 226
1747060 226
1747070 226
1747080 226
1747090 226
1747100 226
1747110 226
1747120 226
1747130 226
1747140 226
1747150 226
1747160 226
1747170 227
1747180 227
1747190 226
1747200 226
1747210 226
1747220 226
1747230 226
1747240 226
1747250 225
1747260 225
1747270 225
1747280 224
1747290 224
1747300 223
1747310 223
1747320 223
1747330 223
1747340 223
1747350 223
1747360 223
1747370 222
1747380 222
1747390 222
1747400 222
1747410 222
1747420 222
1747430 222
1747440 222
1747450 222
1747460 222
1747470 222
1747480 222
1747490 221
1747500 222
1747510 222
1747520 222
1747530 222
1747540 222
1747550 222
1747560 222
1747570 222
1747580 222
1747590 222
1747600 222
1747610 222
1747620 221
1747630 221
1747640 221
1747650 221
1747660 221
1747670 221
1747680 221
1747690 221
1747700 221
1747710 221
1747720 221
1747730 221
1747740 221
1747750 222
1747760 222
1747770 222
1747780 222
1747790 222
1747800 222
1747810 221
1747820 221
1747830 221
1747840 221
1747850 221
1747860 221
1747870 221
1747880 221
1747890 221
1747900 221
1747910 221
1747920 221
1747930 220
1747940 221
1747950 221
1747960 221
1747970 221
1747980 221
1747990 222
1748000 224
1748010 225
1748020 225
1748030 225
1748040 225
1748050 224
1748060 223
1748070 221
1748080 220
1748090 220
1748100 218
1748110 219
1748120 219
1748130 219
1748140 220
1748150 221
1748160 221
1748170 221
1748180 221
1748190 221
1748200 220
1748210 220
1748220 220
1748230 220
1748240 220
1748250 220
1748260 220
1748270 220
1748280 220
1748290 220
1748300 220
1748310 220
1748320 221
1748330 220
1748340 219
1748350 219
1748360 219
1748370 219
1748380 219
1748390 219
1748400 219
1748410 220
1748420 221
1748430 221
1748440 221
1748450 221
1748460 221
1748470 221
1748480 221
1748490 221
1748500 221
1748510 220
1748520 220
1748530 220
1748540 220
1748550 220
1748560 220
1748570 220
1748580 220
1748590 220
1748600 220
1748610 220
1748620 220
1748630 220
1748640 220
1748650 220
1748660 220
1748670 219
1748680 220
1748690 220
1748700 221
1748710 221
1748720 221
1748730 221
1748740 221
1748750 222
1748760 222
1748770 221
1748780 221
1748790 221
1748800 221
1748810 221
1748820 221
1748830 221
1748840 221
1748850 221
1748860 221
1748870 221
1748880 221
1748890 221
1748900 221
1748910 221
1748920 221
1748930 221
1748940 221
1748950 221
1748960 221
1748970 221
1748980 221
1748990 221
1749000 221
1749010 221
1749020 221
1749030 221
1749040 221
1749050 221
1749060 221
1749070 221
1749080 221
1749090 221
1749100 221
1749110 221
1749120 221
1749130 221
1749140 221
1749150 221
1749160 221
1749170 221
1749180 221
1749190 221
1749200 221
1749210 221
1749220 221
1749230 221
1749240 221
1749250 221
1749260 221
1749270 221
1749280 221
1749290 221
1749300 221
1749310 221
1749320 221
1749330 221
1749340 221
1749350 221
1749360 221
1749370 221
1749380 221
1749390 221
1749400 221
1749410 221
1749420 221
1749430 221
1749440 221
1749450 221
1749460 221
1749470 221
1749480 221
1749490 221
1749500 221
1749510 221
1749520 221
1749530 221
1749540 221
1749550 221
1749560 221
1749570 220
1749580 220
1749590 220
1749600 220
1749610 221
1749620 221
1749630 221
1749640 221
1749650 221
1749660 221
1749670 221
1749680 221
1749690 221
1749700 221
1749710 221
1749720 221
1749730 221
1749740 221
1749750 221
1749760 221
1749770 221
1749780 221
1749790 221
1749800 221
1749810 221
1749820 221
1749830 221
1749840 222
1749850 222
1749860 222
1749870 223
1749880 223
1749890 224
1749900 225
1749910 225
1749920 225
1749930 225
1749940 225
1749950 225
1749960 225
1749970 225
1749980 225
1749990 225
1750000 225
1750010 225
1750020 225
1750030 225
1750040 225
1750050 225
1750060 225
1750070 225
1750080 225
1750090 225
1750100 225
1750110 225
1750120 225
1750130 225
1750140 225
1750150 225
1750160 225
1750170 225
1750180 225
1750190 225
1750200 224
1750210 224
1750220 224
1750230 224
1750240 224
1750250 224
1750260 224
1750270 224
1750280 224
1750290 224
1750300 224
1750310 224
1750320 224
1750330 225
1750340 225
1750350 226
1750360 228
1750370 230
1750380 232
1750390 232
1750400 233
1750410 233
1750420 233
1750430 233
1750440 233
1750450 233
1750460 234
1750470 234
1750480 234
1750490 234
1750500 235
1750510 235
1750520 235
1750530 235
1750540 235
1750550 235
1750560 235
1750570 236
1750580 236
1750590 236
1750600 236
1750610 236
1750620 236
1750630 236
1750640 236
1750650 236
1750660 236
1750670 237
1750680 237
1750690 237
1750700 237
1750710 237
1750720 237
1750730 237
1750740 237
1750750 237
1750760 237
1750770 237
1750780 237
1750790 237
1750800 237
1750810 237
1750820 237
1750830 237
1750840 237
1750850 237
1750860 237
1750870 236
1750880 236
1750890 236
1750900 236
1750910 236
1750920 236
1750930 236
1750940 236
1750950 236
1750960 236
1750970 236
1750980 236
1750990 236
1751000 236
1751010 236
1751020 236
1751030 236
1751040 236
1751050 236
1751060 236
1751070 236
1751080 236
1751090 236
1751100 236
1751110 236
1751120 236
1751130 236
1751140 236
1751150 236
1751160 236
1751170 236
1751180 236
1751190 236
1751200 236
1751210 236
1751220 236
1751230 236
1751240 236
1751250 236
1751260 236
1751270 236
1751280 236
1751290 236
1751300 236
1751310 236
1751320 236
1751330 236
1751340 236
1751350 236
1751360 236
1751370 236
1751380 236
1751390 236
1751400 236
1751410 236
1751420 236
1751430 236
1751440 237
1751450 237
1751460 237
1751470 237
1751480 237
1751490 237
1751500 237
1751510 237
1751520 237
1751530 237
1751540 237
1751550 237
1751560 237
1751570 237
1751580 237
1751590 237
1751600 237
1751610 237
1751620 238
1751630 238
1751640 238
1751650 238
1751660 238
1751670 238
1751680 238
1751690 238
1751700 238
1751710 238
1751720 238
1751730 238
1751740 238
1751750 238
1751760 238
1751770 238
1751780 239
1751790 239
1751800 239
1751810 239
1751820 239
1751830 239
1751840 239
1751850 239
1751860 239
1751870 239
1751880 239
1751890 239
1751900 239
1751910 240
1751920 240
1751930 240
1751940 240
1751950 240
1751960 240
1751970 240
1751980 240
1751990 241
1752000 241
1752010 241
1752020 241
1752030 241
1752040 241
1752050 242
1752060 242
1752070 242
1752080 242
1752090 243
1752100 243
1752110 243
1752120 244
1752130 244
1752140 245
1752150 245
1752160 245
1752170 246
1752180 246
1752190 247
1752200 247
1752210 247
1752220 248
1752230 248
1752240 249
1752250 249
1752260 249
1752270 250
1752280 250
1752290 250
1752300 251
1752310 251
1752320 251
1752330 252
1752340 252
1752350 252
1752360 252
1752370 253
1752380 253
1752390 253
1752400 254
1752410 254
1752420 254
1752430 254
1752440 254
1752450 255
1752460 255
1752470 255
1752480 255
1752490 255
1752500 255
1752510 255
1752520 255
1752530 255
1752540 255
1752550 255
1752560 255
1752570 254
1752580 254
1752590 254
1752600 254
1752610 253
1752620 253
1752630 253
1752640 252
1752650 252
1752660 252
1752670 252
1752680 253
1752690 253
1752700 254
1752710 254
1752720 255
1752730 256
1752740 257
1752750 258
1752760 258
1752770 259
1752780 259
1752790 259
1752800 260
1752810 260
1752820 261
1752830 261
1752840 261
1752850 261
1752860 261
1752870 261
1752880 262
1752890 262
1752900 262
1752910 262
1752920 262
1752930 262
1752940 262
1752950 262
1752960 262
1752970 261
1752980 261
1752990 261
1753000 260
1753010 260
1753020 259
1753030 259
1753040 259
1753050 258
1753060 258
1753070 258
1753080 257
1753090 257
1753100 257
1753110 257
1753120 257
1753130 257
1753140 257
1753150 258
1753160 258
1753170 259
1753180 259
1753190 260
1753200 261
1753210 262
1753220 263
1753230 264
1753240 265
1753250 265
1753260 266
1753270 267
1753280 268
1753290 269
1753300 271
1753310 272
1753320 273
1753330 273
1753340 274
1753350 275
1753360 275
1753370 276
1753380 276
1753390 277
1753400 277
1753410 277
1753420 278
1753430 278
1753440 278
1753450 278
1753460 278
1753470 279
1753480 279
1753490 279
1753500 279
1753510 279
1753520 279
1753530 280
1753540 280
1753550 280
1753560 280
1753570 280
1753580 280
1753590 280
1753600 280
1753610 280
1753620 280
1753630 280
1753640 280
1753650 280
1753660 280
1753670 280
1753680 280
1753690 280
1753700 281
1753710 281
1753720 281
1753730 280
1753740 280
1753750 280
1753760 280
1753770 280
1753780 279
1753790 279
1753800 279
1753810 278
1753820 278
1753830 278
1753840 278
1753850 277
1753860 277
1753870 276
1753880 276
1753890 275
1753900 274
1753910 274
1753920 273
1753930 272
1753940 271
1753950 271
1753960 270
1753970 269
1753980 268
1753990 267
1754000 266
1754010 264
1754020 263
1754030 262
1754040 260
1754050 259
1754060 258
1754070 257
1754080 256
1754090 255
1754100 253
1754110 252
1754120 254
1754130 256
1754140 257
1754150 258
1754160 260
1754170 261
1754180 263
1754190 265
1754200 266
1754210 267
1754220 269
1754230 272
1754240 275
1754250 277
1754260 279
1754270 280
1754280 282
1754290 283
1754300 284
1754310 286
1754320 287
1754330 288
1754340 289
1754350 290
1754360 290
1754370 291
1754380 292
1754390 292
1754400 293
1754410 294
1754420 294
1754430 294
1754440 295
1754450 295
1754460 295
1754470 295
1754480 296
1754490 296
1754500 296
1754510 296
1754520 296
1754530 297
1754540 297
1754550 297
1754560 297
1754570 297
1754580 297
1754590 297
1754600 297
1754610 297
1754620 297
1754630 297
1754640 297
1754650 297
1754660 297
1754670 297
1754680 297
1754690 297
1754700 297
1754710 297
1754720 297
1754730 296
1754740 296
1754750 296
1754760 296
1754770 296
1754780 296
1754790 295
1754800 295
1754810 295
1754820 295
1754830 295
1754840 295
1754850 294
1754860 294
1754870 294
1754880 293
1754890 293
1754900 292
1754910 292
1754920 291
1754930 291
1754940 290
1754950 290
1754960 289
1754970 288
1754980 288
1754990 287
1755000 286
1755010 286
1755020 285
1755030 285
1755040 284
1755050 283
1755060 282
1755070 281
1755080 281
1755090 280
1755100 279
1755110 278
1755120 277
1755130 276
1755140 275
1755150 274
1755160 274
1755170 273
1755180 271
1755190 269
1755200 267
1755210 265
1755220 265
1755230 266
1755240 265
1755250 263
1755260 261
1755270 260
1755280 259
1755290 258
1755300 258
1755310 258
1755320 259
1755330 260
1755340 260
1755350 260
1755360 260
1755370 259
1755380 259
1755390 259
1755400 259
1755410 260
1755420 260
1755430 260
1755440 260
1755450 260
1755460 260
1755470 260
1755480 259
1755490 259
1755500 259
1755510 259
1755520 258
1755530 256
1755540 255
1755550 255
1755560 256
1755570 255
1755580 255
1755590 254
1755600 253
1755610 253
1755620 252
1755630 251
1755640 250
1755650 250
1755660 249
1755670 248
1755680 247
1755690 246
1755700 245
1755710 244
1755720 244
1755730 244
1755740 244
1755750 243
1755760 243
1755770 243
1755780 243
1755790 242
1755800 242
1755810 244
1755820 246
1755830 248
1755840 251
1755850 254
1755860 257
1755870 259
1755880 262
1755890 264
1755900 266
1755910 267
1755920 269
1755930 270
1755940 272
1755950 273
1755960 273
1755970 274
1755980 274
1755990 275
1756000 275
1756010 276
1756020 276
1756030 277
1756040 277
1756050 278
1756060 279
1756070 279
1756080 280
1756090 281
1756100 282
1756110 282
1756120 283
1756130 283
1756140 283
1756150 284
1756160 284
1756170 284
1756180 284
1756190 285
1756200 285
1756210 285
1756220 285
1756230 285
1756240 285
1756250 286
1756260 286
1756270 286
1756280 287
1756290 287
1756300 288
1756310 288
1756320 289
1756330 289
1756340 289
1756350 290
1756360 290
1756370 290
1756380 291
1756390 291
1756400 291
1756410 291
1756420 292
1756430 292
1756440 292
1756450 292
1756460 292
1756470 291
1756480 291
1756490 291
1756500 291
1756510 291
1756520 291
1756530 291
1756540 291
1756550 292
1756560 292
1756570 292
1756580 292
1756590 292
1756600 292
1756610 292
1756620 292
1756630 292
1756640 292
1756650 292
1756660 291
1756670 291
1756680 291
1756690 291
1756700 291
1756710 290
1756720 290
1756730 290
1756740 290
1756750 290
1756760 289
1756770 289
1756780 289
1756790 290
1756800 290
1756810 290
1756820 290
1756830 290
1756840 290
1756850 290
1756860 291
1756870 291
1756880 291
1756890 292
1756900 292
1756910 292
1756920 292
1756930 292
1756940 292
1756950 292
1756960 292
1756970 292
1756980 292
1756990 292
1757000 292
1757010 292
1757020 292
1757030 292
1757040 292
1757050 292
1757060 292
1757070 292
1757080 292
1757090 292
1757100 292
1757110 292
1757120 292
1757130 292
1757140 292
1757150 292
1757160 292
1757170 292
1757180 292
1757190 292
1757200 291
1757210 291
1757220 291
1757230 291
1757240 291
1757250 291
1757260 291
1757270 291
1757280 290
1757290 290
1757300 290
1757310 290
1757320 290
1757330 290
1757340 289
1757350 289
1757360 289
1757370 289
1757380 288
1757390 288
1757400 288
1757410 287
1757420 287
1757430 287
1757440 287
1757450 286
1757460 286
1757470 285
1757480 285
1757490 285
1757500 284
1757510 284
1757520 284
1757530 283
1757540 283
1757550 283
1757560 282
1757570 282
1757580 281
1757590 281
1757600 280
1757610 280
1757620 279
1757630 278
1757640 278
1757650 277
1757660 277
1757670 277
1757680 276
1757690 276
1757700 275
1757710 275
1757720 274
1757730 274
1757740 273
1757750 273
1757760 272
1757770 272
1757780 271
1757790 271
1757800 270
1757810 269
1757820 268
1757830 268
1757840 267
1757850 266
1757860 266
1757870 265
1757880 265
1757890 265
1757900 264
1757910 264
1757920 264
1757930 264
1757940 264
1757950 264
1757960 265
1757970 265
1757980 265
1757990 265
1758000 265
1758010 265
1758020 265
1758030 265
1758040 265
1758050 265
1758060 265
1758070 265
1758080 265
1758090 264
1758100 264
1758110 264
1758120 264
1758130 264
1758140 263
1758150 263
1758160 262
1758170 262
1758180 261
1758190 261
1758200 261
1758210 260
1758220 260
1758230 260
1758240 259
1758250 260
1758260 260
1758270 260
1758280 260
1758290 260
1758300 260
1758310 260
1758320 260
1758330 260
1758340 260
1758350 259
1758360 259
1758370 259
1758380 259
1758390 259
1758400 258
1758410 258
1758420 258
1758430 258
1758440 257
1758450 257
1758460 257
1758470 256
1758480 256
1758490 256
1758500 255
1758510 255
1758520 255
1758530 254
1758540 254
1758550 254
1758560 253
1758570 253
1758580 253
1758590 252
1758600 252
1758610 252
1758620 251
1758630 251
1758640 251
1758650 250
1758660 250
1758670 250
1758680 249
1758690 249
1758700 249
1758710 248
1758720 248
1758730 247
1758740 247
1758750 247
1758760 247
1758770 246
1758780 246
1758790 246
1758800 246
1758810 246
1758820 245
1758830 245
1758840 245
1758850 245
1758860 244
1758870 244
1758880 244
1758890 244
1758900 243
1758910 243
1758920 243
1758930 243
1758940 243
1758950 242
1758960 242
1758970 242
1758980 242
1758990 242
1759000 242
1759010 242
1759020 242
1759030 241
1759040 241
1759050 241
1759060 241
1759070 241
1759080 241
1759090 241
1759100 241
1759110 240
1759120 240
1759130 240
1759140 240
1759150 240
1759160 240
1759170 240
1759180 240
1759190 240
1759200 240
1759210 240
1759220 239
1759230 239
1759240 239
1759250 239
1759260 238
1759270 238
1759280 237
1759290 237
1759300 238
1759310 239
1759320 239
1759330 239
1759340 239
1759350 239
1759360 239
1759370 238
1759380 238
1759390 238
1759400 237
1759410 237
1759420 236
1759430 236
1759440 235
1759450 234
1759460 233
1759470 232
1759480 231
1759490 230
1759500 230
1759510 229
1759520 229
1759530 228
1759540 228
1759550 228
1759560 227
1759570 227
1759580 227
1759590 226
1759600 226
1759610 226
1759620 226
1759630 225
1759640 226
