1740000 272
1740010 272
1740020 272
1740030 271
1740040 271
1740050 271
1740060 271
1740070 271
1740080 271
1740090 270
1740100 270
1740110 270
1740120 270
1740130 270
1740140 270
1740150 270
1740160 270
1740170 270
1740180 270
1740190 270
1740200 270
1740210 270
1740220 270
1740230 270
1740240 270
1740250 270
1740260 270
1740270 270
1740280 270
1740290 270
1740300 270
1740310 270
1740320 270
1740330 270
1740340 270
1740350 270
1740360 270
1740370 270
1740380 270
1740390 270
1740400 270
1740410 270
1740420 270
1740430 270
1740440 270
1740450 270
1740460 270
1740470 270
1740480 270
1740490 270
1740500 270
1740510 270
1740520 270
1740530 270
1740540 270
1740550 270
1740560 270
1740570 270
1740580 270
1740590 270
1740600 270
1740610 270
1740620 270
1740630 270
1740640 270
1740650 270
1740660 270
1740670 270
1740680 270
1740690 270
1740700 270
1740710 270
1740720 270
1740730 270
1740740 270
1740750 270
1740760 270
1740770 270
1740780 270
1740790 270
1740800 270
1740810 270
1740820 270
1740830 270
1740840 270
1740850 270
1740860 270
1740870 270
1740880 270
1740890 270
1740900 270
1740910 270
1740920 270
1740930 270
1740940 270
1740950 269
1740960 269
1740970 269
1740980 270
1740990 270
1741000 270
1741010 270
1741020 270
1741030 270
1741040 270
1741050 270
1741060 269
1741070 270
1741080 270
1741090 269
1741100 269
1741110 269
1741120 269
1741130 269
1741140 269
1741150 269
1741160 269
1741170 269
1741180 269
1741190 269
1741200 270
1741210 270
1741220 270
1741230 270
1741240 270
1741250 270
1741260 270
1741270 270
1741280 270
1741290 270
1741300 270
1741310 270
1741320 270
1741330 270
1741340 270
1741350 270
1741360 270
1741370 270
1741380 270
1741390 270
1741400 270
1741410 270
1741420 270
1741430 271
1741440 271
1741450 271
1741460 271
1741470 270
1741480 270
1741490 270
1741500 270
1741510 270
1741520 270
1741530 270
1741540 270
1741550 270
1741560 270
1741570 270
1741580 270
1741590 270
1741600 271
1741610 271
1741620 271
1741630 271
1741640 271
1741650 272
1741660 272
1741670 272
1741680 272
1741690 272
1741700 272
1741710 272
1741720 273
1741730 273
1741740 273
1741750 273
1741760 274
1741770 274
1741780 274
1741790 274
1741800 274
1741810 274
1741820 274
1741830 274
1741840 274
1741850 274
1741860 274
1741870 274
1741880 274
1741890 274
1741900 274
1741910 274
1741920 274
1741930 274
1741940 274
1741950 274
1741960 274
1741970 274
1741980 275
1741990 275
1742000 275
1742010 275
1742020 275
1742030 275
1742040 276
1742050 276
1742060 276
1742070 276
1742080 276
1742090 276
1742100 276
1742110 277
1742120 277
1742130 277
1742140 277
1742150 277
1742160 278
1742170 278
1742180 278
1742190 278
1742200 279
1742210 279
1742220 279
1742230 279
1742240 279
1742250 279
1742260 280
1742270 280
1742280 280
1742290 280
1742300 280
1742310 280
1742320 281
1742330 281
1742340 281
1742350 281
1742360 281
1742370 281
1742380 281
1742390 281
1742400 281
1742410 282
1742420 282
1742430 282
1742440 282
1742450 282
1742460 282
1742470 282
1742480 282
1742490 283
1742500 283
1742510 283
1742520 283
1742530 283
1742540 283
1742550 283
1742560 283
1742570 283
1742580 283
1742590 283
1742600 283
1742610 283
1742620 283
1742630 283
1742640 283
1742650 283
1742660 283
1742670 283
1742680 284
1742690 284
1742700 284
1742710 284
1742720 285
1742730 285
1742740 285
1742750 285
1742760 286
1742770 286
1742780 286
1742790 286
1742800 286
1742810 286
1742820 286
1742830 286
1742840 286
1742850 286
1742860 286
1742870 286
1742880 286
1742890 286
1742900 286
1742910 286
1742920 286
1742930 286
1742940 286
1742950 286
1742960 286
1742970 286
1742980 286
1742990 286
1743000 286
1743010 286
1743020 286
1743030 286
1743040 286
1743050 285
1743060 285
1743070 285
1743080 285
1743090 285
1743100 285
1743110 284
1743120 284
1743130 284
1743140 284
1743150 284
1743160 283
1743170 283
1743180 282
1743190 282
1743200 281
1743210 281
1743220 281
1743230 281
1743240 281
1743250 281
1743260 280
1743270 280
1743280 280
1743290 280
1743300 279
1743310 279
1743320 278
1743330 278
1743340 278
1743350 277
1743360 277
1743370 277
1743380 276
1743390 276
1743400 276
1743410 275
1743420 274
1743430 274
1743440 274
1743450 274
1743460 274
1743470 273
1743480 273
1743490 273
1743500 272
1743510 272
1743520 272
1743530 272
1743540 271
1743550 271
1743560 271
1743570 271
1743580 270
1743590 270
1743600 270
1743610 270
1743620 269
1743630 269
1743640 269
1743650 269
1743660 268
1743670 268
1743680 268
1743690 268
1743700 267
1743710 267
1743720 267
1743730 267
1743740 266
1743750 266
1743760 265
1743770 265
1743780 264
1743790 264
1743800 264
1743810 263
1743820 263
1743830 262
1743840 262
1743850 262
1743860 261
1743870 261
1743880 261
1743890 261
1743900 260
1743910 260
1743920 260
1743930 260
1743940 260
1743950 260
1743960 260
1743970 260
1743980 260
1743990 260
1744000 260
1744010 260
1744020 260
1744030 260
1744040 260
1744050 260
1744060 260
1744070 259
1744080 258
1744090 258
1744100 257
1744110 257
1744120 256
1744130 256
1744140 256
1744150 256
1744160 256
1744170 256
1744180 255
1744190 255
1744200 255
1744210 255
1744220 255
1744230 255
1744240 255
1744250 254
1744260 254
1744270 254
1744280 253
1744290 253
1744300 253
1744310 253
1744320 253
1744330 253
1744340 253
1744350 253
1744360 252
1744370 252
1744380 252
1744390 252
1744400 252
1744410 252
1744420 252
1744430 251
1744440 251
1744450 251
1744460 251
1744470 250
1744480 250
1744490 250
1744500 249
1744510 249
1744520 249
1744530 249
1744540 249
1744550 249
1744560 249
1744570 249
1744580 249
1744590 249
1744600 248
1744610 248
1744620 248
1744630 248
1744640 248
1744650 248
1744660 248
1744670 247
1744680 247
1744690 247
1744700 247
1744710 247
1744720 247
1744730 247
1744740 248
1744750 248
1744760 248
1744770 248
1744780 248
1744790 248
1744800 248
1744810 248
1744820 248
1744830 248
1744840 248
1744850 248
1744860 248
1744870 248
1744880 248
1744890 248
1744900 248
1744910 249
1744920 249
1744930 249
1744940 249
1744950 249
1744960 249
1744970 249
1744980 249
1744990 249
1745000 249
1745010 249
1745020 249
1745030 249
1745040 249
1745050 250
1745060 250
1745070 250
1745080 250
1745090 250
1745100 251
1745110 251
1745120 251
1745130 252
1745140 252
1745150 253
1745160 253
1745170 253
1745180 253
1745190 253
1745200 253
1745210 253
1745220 254
1745230 254
1745240 254
1745250 254
1745260 254
1745270 254
1745280 254
1745290 255
1745300 255
1745310 254
1745320 254
1745330 254
1745340 254
1745350 254
1745360 254
1745370 254
1745380 254
1745390 254
1745400 254
1745410 253
1745420 253
1745430 253
1745440 253
1745450 254
1745460 254
1745470 254
1745480 254
1745490 254
1745500 254
1745510 254
1745520 253
1745530 253
1745540 252
1745550 251
1745560 252
1745570 253
1745580 252
1745590 253
1745600 253
1745610 254
1745620 255
1745630 256
1745640 256
1745650 256
1745660 256
1745670 256
1745680 256
1745690 256
1745700 256
1745710 256
1745720 256
1745730 256
1745740 256
1745750 256
1745760 256
1745770 256
1745780 256
1745790 256
1745800 256
1745810 256
1745820 256
1745830 255
1745840 255
1745850 255
1745860 255
1745870 255
1745880 254
1745890 254
1745900 254
1745910 254
1745920 253
1745930 253
1745940 253
1745950 253
1745960 252
1745970 252
1745980 252
1745990 251
1746000 251
1746010 251
1746020 250
1746030 250
1746040 250
1746050 249
1746060 249
1746070 248
1746080 247
1746090 247
1746100 246
1746110 246
1746120 246
1746130 245
1746140 244
1746150 244
1746160 243
1746170 243
1746180 243
1746190 242
1746200 242
1746210 241
1746220 241
1746230 240
1746240 240
1746250 240
1746260 239
1746270 239
1746280 238
1746290 238
1746300 238
1746310 237
1746320 237
1746330 237
1746340 236
1746350 236
1746360 236
1746370 235
1746380 235
1746390 235
1746400 235
1746410 234
1746420 234
1746430 234
1746440 234
1746450 234
1746460 234
1746470 234
1746480 233
1746490 233
1746500 232
1746510 229
1746520 228
1746530 227
1746540 227
1746550 226
1746560 225
1746570 225
1746580 225
1746590 225
1746600 225
1746610 225
1746620 225
1746630 225
1746640 225
1746650 225
1746660 225
1746670 225
1746680 225
1746690 225
1746700 225
1746710 225
1746720 224
1746730 224
1746740 224
1746750 224
1746760 224
1746770 224
1746780 224
1746790 224
1746800 224
1746810 224
1746820 224
1746830 224
1746840 224
1746850 224
1746860 224
1746870 224
1746880 224
1746890 224
1746900 224
1746910 224
1746920 224
1746930 224
1746940 224
1746950 224
1746960 224
1746970 224
1746980 224
1746990 224
1747000 224
1747010 224
1747020 224
1747030 224
1747040 224
1747050 224
1747060 224
1747070 224
1747080 224
1747090 224
1747100 224
1747110 224
1747120 224
1747130 224
1747140 224
1747150 224
1747160 224
1747170 224
1747180 224
1747190 224
1747200 224
1747210 224
1747220 224
1747230 224
1747240 224
1747250 224
1747260 224
1747270 224
1747280 224
1747290 224
1747300 224
1747310 224
1747320 224
1747330 224
1747340 224
1747350 224
1747360 224
1747370 224
1747380 224
1747390 224
1747400 224
1747410 224
1747420 225
1747430 225
1747440 224
1747450 222
1747460 220
1747470 218
1747480 218
1747490 218
1747500 218
1747510 218
1747520 218
1747530 218
1747540 218
1747550 218
1747560 218
1747570 217
1747580 217
1747590 218
1747600 218
1747610 218
1747620 218
1747630 217
1747640 217
1747650 217
1747660 217
1747670 217
1747680 217
1747690 217
1747700 218
1747710 218
1747720 218
1747730 218
1747740 218
1747750 218
1747760 218
1747770 218
1747780 217
1747790 217
1747800 217
1747810 217
1747820 218
1747830 218
1747840 218
1747850 218
1747860 218
1747870 218
1747880 218
1747890 218
1747900 218
1747910 219
1747920 220
1747930 220
1747940 220
1747950 220
1747960 220
1747970 220
1747980 221
1747990 224
1748000 227
1748010 229
1748020 229
1748030 228
1748040 225
1748050 222
1748060 220
1748070 219
1748080 219
1748090 219
1748100 219
1748110 219
1748120 219
1748130 219
1748140 219
1748150 220
1748160 222
1748170 224
1748180 224
1748190 223
1748200 220
1748210 219
1748220 219
1748230 220
1748240 221
1748250 221
1748260 221
1748270 220
1748280 219
1748290 219
1748300 218
1748310 218
1748320 219
1748330 219
1748340 219
1748350 218
1748360 218
1748370 218
1748380 218
1748390 218
1748400 218
1748410 218
1748420 218
1748430 218
1748440 218
1748450 218
1748460 218
1748470 218
1748480 218
1748490 218
1748500 218
1748510 218
1748520 218
1748530 218
1748540 218
1748550 218
1748560 218
1748570 219
1748580 219
1748590 218
1748600 217
1748610 216
1748620 216
1748630 216
1748640 216
1748650 216
1748660 216
1748670 216
1748680 217
1748690 218
1748700 218
1748710 218
1748720 218
1748730 218
1748740 218
1748750 218
1748760 218
1748770 218
1748780 218
1748790 218
1748800 218
1748810 217
1748820 218
1748830 218
1748840 218
1748850 218
1748860 218
1748870 218
1748880 218
1748890 218
1748900 218
1748910 218
1748920 218
1748930 218
1748940 218
1748950 218
1748960 218
1748970 218
1748980 217
1748990 217
1749000 217
1749010 217
1749020 217
1749030 218
1749040 218
1749050 218
1749060 218
1749070 218
1749080 217
1749090 217
1749100 217
1749110 217
1749120 217
1749130 217
1749140 217
1749150 217
1749160 218
1749170 218
1749180 218
1749190 218
1749200 218
1749210 218
1749220 218
1749230 218
1749240 218
1749250 218
1749260 218
1749270 218
1749280 218
1749290 218
1749300 218
1749310 218
1749320 218
1749330 218
1749340 218
1749350 218
1749360 218
1749370 218
1749380 218
1749390 218
1749400 218
1749410 218
1749420 218
1749430 218
1749440 218
1749450 218
1749460 218
1749470 218
1749480 218
1749490 218
1749500 218
1749510 218
1749520 218
1749530 218
1749540 218
1749550 218
1749560 218
1749570 218
1749580 218
1749590 218
1749600 218
1749610 218
1749620 218
1749630 218
1749640 218
1749650 218
1749660 218
1749670 218
1749680 218
1749690 218
1749700 218
1749710 218
1749720 218
1749730 218
1749740 218
1749750 218
1749760 218
1749770 218
1749780 218
1749790 218
1749800 218
1749810 218
1749820 218
1749830 218
1749840 218
1749850 218
1749860 219
1749870 219
1749880 220
1749890 220
1749900 221
1749910 221
1749920 222
1749930 222
1749940 222
1749950 222
1749960 222
1749970 222
1749980 222
1749990 222
1750000 222
1750010 222
1750020 222
1750030 222
1750040 222
1750050 222
1750060 222
1750070 222
1750080 222
1750090 222
1750100 222
1750110 222
1750120 222
1750130 222
1750140 222
1750150 222
1750160 222
1750170 222
1750180 222
1750190 222
1750200 222
1750210 222
1750220 222
1750230 222
1750240 222
1750250 222
1750260 222
1750270 222
1750280 222
1750290 222
1750300 222
1750310 222
1750320 222
1750330 222
1750340 222
1750350 222
1750360 222
1750370 222
1750380 222
1750390 222
1750400 222
1750410 222
1750420 222
1750430 222
1750440 222
1750450 222
1750460 222
1750470 222
1750480 222
1750490 222
1750500 222
1750510 222
1750520 222
1750530 222
1750540 222
1750550 222
1750560 222
1750570 223
1750580 223
1750590 223
1750600 223
1750610 223
1750620 223
1750630 224
1750640 226
1750650 228
1750660 229
1750670 229
1750680 230
1750690 230
1750700 231
1750710 231
1750720 231
1750730 232
1750740 232
1750750 232
1750760 232
1750770 232
1750780 233
1750790 233
1750800 233
1750810 233
1750820 233
1750830 233
1750840 233
1750850 233
1750860 234
1750870 234
1750880 234
1750890 234
1750900 234
1750910 234
1750920 234
1750930 234
1750940 234
1750950 234
1750960 235
1750970 235
1750980 235
1750990 235
1751000 235
1751010 235
1751020 235
1751030 235
1751040 235
1751050 235
1751060 235
1751070 235
1751080 235
1751090 236
1751100 236
1751110 236
1751120 236
1751130 236
1751140 236
1751150 236
1751160 236
1751170 236
1751180 236
1751190 236
1751200 236
1751210 236
1751220 236
1751230 236
1751240 236
1751250 236
1751260 236
1751270 236
1751280 236
1751290 236
1751300 236
1751310 236
1751320 236
1751330 235
1751340 235
1751350 235
1751360 235
1751370 235
1751380 235
1751390 235
1751400 235
1751410 235
1751420 235
1751430 234
1751440 234
1751450 234
1751460 234
1751470 234
1751480 234
1751490 234
1751500 234
1751510 234
1751520 234
1751530 234
1751540 234
1751550 234
1751560 235
1751570 235
1751580 235
1751590 235
1751600 235
1751610 235
1751620 235
1751630 235
1751640 235
1751650 236
1751660 236
1751670 236
1751680 236
1751690 236
1751700 236
1751710 236
1751720 236
1751730 237
1751740 237
1751750 237
1751760 237
1751770 237
1751780 237
1751790 237
1751800 238
1751810 238
1751820 238
1751830 238
1751840 238
1751850 238
1751860 238
1751870 238
1751880 238
1751890 238
1751900 238
1751910 239
1751920 239
1751930 239
1751940 239
1751950 239
1751960 239
1751970 239
1751980 239
1751990 239
1752000 240
1752010 240
1752020 240
1752030 240
1752040 240
1752050 240
1752060 241
1752070 241
1752080 241
1752090 242
1752100 242
1752110 242
1752120 243
1752130 243
1752140 243
1752150 243
1752160 243
1752170 244
1752180 244
1752190 244
1752200 245
1752210 245
1752220 246
1752230 246
1752240 246
1752250 247
1752260 247
1752270 248
1752280 248
1752290 249
1752300 249
1752310 249
1752320 250
1752330 250
1752340 250
1752350 251
1752360 251
1752370 251
1752380 251
1752390 252
1752400 252
1752410 253
1752420 253
1752430 253
1752440 254
1752450 254
1752460 254
1752470 255
1752480 255
1752490 256
1752500 256
1752510 257
1752520 257
1752530 257
1752540 257
1752550 257
1752560 257
1752570 257
1752580 257
1752590 258
1752600 258
1752610 258
1752620 258
1752630 259
1752640 259
1752650 260
1752660 260
1752670 260
1752680 261
1752690 261
1752700 262
1752710 262
1752720 263
1752730 263
1752740 264
1752750 264
1752760 265
1752770 265
1752780 266
1752790 266
1752800 267
1752810 267
1752820 267
1752830 268
1752840 268
1752850 268
1752860 268
1752870 269
1752880 269
1752890 270
1752900 270
1752910 270
1752920 271
1752930 271
1752940 271
1752950 271
1752960 271
1752970 272
1752980 272
1752990 272
1753000 273
1753010 273
1753020 273
1753030 273
1753040 273
1753050 274
1753060 274
1753070 274
1753080 274
1753090 274
1753100 275
1753110 275
1753120 275
1753130 275
1753140 276
1753150 276
1753160 276
1753170 276
1753180 276
1753190 276
1753200 277
1753210 277
1753220 277
1753230 278
1753240 278
1753250 278
1753260 278
1753270 278
1753280 278
1753290 278
1753300 278
1753310 278
1753320 277
1753330 277
1753340 277
1753350 277
1753360 277
1753370 277
1753380 277
1753390 277
1753400 277
1753410 277
1753420 277
1753430 277
1753440 276
1753450 276
1753460 276
1753470 276
1753480 276
1753490 276
1753500 275
1753510 275
1753520 275
1753530 275
1753540 274
1753550 274
1753560 274
1753570 274
1753580 273
1753590 273
1753600 273
1753610 273
1753620 273
1753630 272
1753640 272
1753650 272
1753660 272
1753670 271
1753680 271
1753690 271
1753700 271
1753710 271
1753720 271
1753730 270
1753740 270
1753750 270
1753760 270
1753770 270
1753780 270
1753790 270
1753800 270
1753810 270
1753820 269
1753830 269
1753840 269
1753850 267
1753860 267
1753870 267
1753880 268
1753890 268
1753900 267
1753910 267
1753920 266
1753930 266
1753940 266
1753950 266
1753960 266
1753970 265
1753980 265
1753990 265
1754000 266
1754010 264
1754020 263
1754030 262
1754040 262
1754050 262
1754060 262
1754070 262
1754080 261
1754090 261
1754100 261
1754110 261
1754120 261
1754130 260
1754140 260
1754150 260
1754160 260
1754170 260
1754180 259
1754190 259
1754200 259
1754210 259
1754220 259
1754230 259
1754240 259
1754250 258
1754260 258
1754270 258
1754280 257
1754290 257
1754300 256
1754310 256
1754320 256
1754330 255
1754340 255
1754350 254
1754360 254
1754370 254
1754380 253
1754390 253
1754400 252
1754410 252
1754420 252
1754430 251
1754440 251
1754450 251
1754460 251
1754470 250
1754480 250
1754490 250
1754500 250
1754510 249
1754520 249
1754530 249
1754540 249
1754550 248
1754560 248
1754570 248
1754580 248
1754590 248
1754600 248
1754610 247
1754620 247
1754630 247
1754640 247
1754650 247
1754660 246
1754670 246
1754680 246
1754690 246
1754700 245
1754710 243
1754720 243
1754730 242
1754740 242
1754750 241
1754760 241
1754770 240
1754780 240
1754790 239
1754800 239
1754810 238
1754820 238
1754830 237
1754840 237
1754850 237
1754860 236
1754870 236
1754880 236
1754890 235
1754900 235
1754910 235
1754920 235
1754930 235
1754940 235
1754950 235
1754960 235
1754970 235
1754980 235
1754990 234
1755000 234
1755010 234
1755020 235
1755030 235
1755040 235
1755050 235
1755060 235
1755070 236
1755080 236
1755090 236
1755100 236
1755110 237
1755120 237
1755130 238
1755140 239
1755150 240
1755160 241
1755170 243
1755180 244
1755190 245
1755200 246
1755210 247
1755220 248
1755230 249
1755240 250
1755250 251
1755260 251
1755270 251
1755280 251
1755290 252
1755300 252
1755310 252
1755320 253
1755330 253
1755340 253
1755350 253
1755360 254
1755370 254
1755380 255
1755390 255
1755400 255
1755410 255
1755420 255
1755430 255
1755440 255
1755450 256
1755460 257
1755470 258
1755480 258
1755490 259
1755500 259
1755510 259
1755520 259
1755530 259
1755540 258
1755550 258
1755560 258
1755570 258
1755580 257
1755590 257
1755600 257
1755610 257
1755620 256
1755630 256
1755640 255
1755650 254
1755660 253
1755670 253
1755680 252
1755690 251
1755700 250
1755710 249
1755720 248
1755730 247
1755740 247
1755750 246
1755760 246
1755770 245
1755780 245
1755790 244
1755800 244
1755810 244
1755820 244
1755830 244
1755840 244
1755850 244
1755860 244
1755870 244
1755880 244
1755890 244
1755900 244
1755910 244
1755920 243
1755930 244
1755940 244
1755950 244
1755960 245
1755970 245
1755980 245
1755990 245
1756000 245
1756010 245
1756020 246
1756030 246
1756040 246
1756050 246
1756060 246
1756070 246
1756080 246
1756090 246
1756100 247
1756110 247
1756120 247
1756130 246
1756140 246
1756150 246
1756160 245
1756170 245
1756180 245
1756190 245
1756200 244
1756210 244
1756220 244
1756230 244
1756240 244
1756250 244
1756260 244
1756270 244
1756280 244
1756290 244
1756300 244
1756310 244
1756320 243
1756330 243
1756340 243
1756350 242
1756360 240
1756370 240
1756380 240
1756390 239
1756400 239
1756410 238
1756420 236
1756430 235
1756440 234
1756450 234
1756460 234
1756470 234
1756480 234
1756490 233
1756500 233
1756510 233
1756520 232
1756530 232
1756540 231
1756550 231
1756560 231
1756570 231
1756580 231
1756590 231
1756600 230
1756610 230
1756620 229
1756630 229
1756640 229
1756650 229
1756660 230
1756670 230
1756680 230
1756690 230
1756700 230
1756710 230
1756720 230
1756730 231
1756740 232
1756750 233
1756760 235
1756770 236
1756780 237
1756790 240
1756800 241
1756810 242
1756820 243
1756830 244
1756840 246
1756850 248
1756860 250
1756870 252
1756880 255
1756890 257
1756900 260
1756910 262
1756920 265
1756930 267
1756940 270
1756950 273
1756960 275
1756970 277
1756980 278
1756990 278
1757000 278
1757010 279
1757020 279
1757030 279
1757040 279
1757050 280
1757060 280
1757070 280
1757080 280
1757090 280
1757100 280
1757110 280
1757120 280
1757130 280
1757140 280
1757150 280
1757160 280
1757170 280
1757180 279
1757190 279
1757200 279
1757210 279
1757220 279
1757230 279
1757240 279
1757250 279
1757260 279
1757270 278
1757280 278
1757290 278
1757300 278
1757310 278
1757320 278
1757330 277
1757340 277
1757350 277
1757360 277
1757370 276
1757380 276
1757390 276
1757400 276
1757410 276
1757420 276
1757430 276
1757440 276
1757450 276
1757460 275
1757470 275
1757480 275
1757490 275
1757500 275
1757510 275
1757520 275
1757530 275
1757540 274
1757550 274
1757560 274
1757570 274
1757580 274
1757590 274
1757600 274
1757610 273
1757620 273
1757630 273
1757640 273
1757650 273
1757660 272
1757670 272
1757680 272
1757690 272
1757700 271
1757710 271
1757720 271
1757730 271
1757740 271
1757750 270
1757760 270
1757770 270
1757780 270
1757790 269
1757800 269
1757810 269
1757820 268
1757830 268
1757840 268
1757850 268
1757860 267
1757870 267
1757880 267
1757890 267
1757900 266
1757910 266
1757920 266
1757930 265
1757940 265
1757950 265
1757960 265
1757970 264
1757980 264
1757990 264
1758000 263
1758010 263
1758020 262
1758030 262
1758040 262
1758050 261
1758060 261
1758070 260
1758080 260
1758090 259
1758100 259
1758110 259
1758120 258
1758130 258
1758140 257
1758150 257
1758160 256
1758170 256
1758180 255
1758190 255
1758200 254
1758210 254
1758220 254
1758230 253
1758240 253
1758250 253
1758260 252
1758270 252
1758280 252
1758290 251
1758300 251
1758310 251
1758320 251
1758330 251
1758340 251
1758350 251
1758360 250
1758370 250
1758380 250
1758390 250
1758400 249
1758410 249
1758420 249
1758430 249
1758440 248
1758450 248
1758460 248
1758470 248
1758480 248
1758490 247
1758500 247
1758510 247
1758520 246
1758530 245
1758540 245
1758550 244
1758560 244
1758570 244
1758580 244
1758590 244
1758600 243
1758610 243
1758620 243
1758630 244
1758640 244
1758650 244
1758660 244
1758670 244
1758680 244
1758690 243
1758700 243
1758710 243
1758720 243
1758730 243
1758740 242
1758750 242
1758760 242
1758770 242
1758780 241
1758790 241
1758800 241
1758810 240
1758820 240
1758830 239
1758840 239
1758850 238
1758860 238
1758870 237
1758880 236
1758890 235
1758900 234
1758910 234
1758920 234
1758930 233
1758940 233
1758950 233
1758960 233
1758970 232
1758980 232
1758990 232
1759000 232
1759010 231
1759020 231
1759030 231
1759040 231
1759050 230
1759060 230
1759070 230
1759080 229
1759090 229
1759100 229
1759110 228
1759120 228
1759130 228
1759140 227
1759150 227
1759160 227
1759170 227
1759180 226
1759190 226
1759200 226
1759210 226
1759220 226
1759230 226
1759240 226
1759250 225
1759260 225
1759270 225
1759280 225
1759290 225
1759300 225
1759310 225
1759320 225
1759330 225
1759340 225
1759350 225
1759360 225
1759370 225
1759380 225
1759390 225
1759400 224
1759410 224
1759420 224
1759430 224
1759440 224
1759450 223
1759460 223
1759470 223
1759480 223
1759490 223
1759500 223
1759510 223
1759520 223
1759530 223
1759540 223
1759550 223
1759560 223
1759570 223
1759580 223
1759590 223
1759600 223
1759610 223
1759620 223
1759630 223
1759640 223
1759650 223
1759660 224
1759670 224
1759680 224
1759690 224
1759700 224
1759710 224
1759720 224
1759730 224
1759740 224
1759750 224
1759760 224
1759770 224
1759780 224
1759790 225
1759800 225
1759810 225
1759820 225
1759830 225
1759840 225
1759850 225
1759860 225
1759870 225
1759880 225
1759890 225
1759900 225
1759910 224
1759920 224
1759930 224
1759940 224
1759950 223
1759960 223
1759970 223
1759980 223
1759990 222
