1754560 273
1754570 274
1754580 274
1754590 274
1754600 274
1754610 274
1754620 274
1754630 274
1754640 275
1754650 275
1754660 275
1754670 275
1754680 275
1754690 275
1754700 275
1754710 274
1754720 274
1754730 275
1754740 275
1754750 275
1754760 275
1754770 275
1754780 275
1754790 275
1754800 275
1754810 275
1754820 275
1754830 275
1754840 275
1754850 275
1754860 275
1754870 275
1754880 275
1754890 274
1754900 274
1754910 274
1754920 275
1754930 275
1754940 275
1754950 274
1754960 274
1754970 274
1754980 273
1754990 273
1755000 272
1755010 272
1755020 272
1755030 272
1755040 272
1755050 271
1755060 271
1755070 272
1755080 271
1755090 271
1755100 271
1755110 270
1755120 270
1755130 269
1755140 268
1755150 267
1755160 266
1755170 265
1755180 264
1755190 264
1755200 264
1755210 264
1755220 263
1755230 262
1755240 262
1755250 261
1755260 261
1755270 261
1755280 261
1755290 261
1755300 261
1755310 261
1755320 261
1755330 261
1755340 261
1755350 261
1755360 260
1755370 260
1755380 260
1755390 260
1755400 262
1755410 262
1755420 263
1755430 264
1755440 265
1755450 267
1755460 267
1755470 268
1755480 268
1755490 269
1755500 269
1755510 269
1755520 270
1755530 270
1755540 271
1755550 271
1755560 272
1755570 272
1755580 272
1755590 271
1755600 271
1755610 271
1755620 271
1755630 271
1755640 271
1755650 271
1755660 270
1755670 269
1755680 267
1755690 265
1755700 263
1755710 264
1755720 264
1755730 264
1755740 263
1755750 263
1755760 266
1755770 269
1755780 272
1755790 274
1755800 275
1755810 277
1755820 277
1755830 278
1755840 278
1755850 277
1755860 277
1755870 277
1755880 276
1755890 276
1755900 276
1755910 275
1755920 275
1755930 274
1755940 274
1755950 274
1755960 273
1755970 273
1755980 272
1755990 272
1756000 271
1756010 271
1756020 270
1756030 269
1756040 269
1756050 268
1756060 267
1756070 267
1756080 266
1756090 265
1756100 265
1756110 264
1756120 263
1756130 262
1756140 262
1756150 261
1756160 260
1756170 259
1756180 258
1756190 258
1756200 257
1756210 256
1756220 255
1756230 254
1756240 254
1756250 253
1756260 252
1756270 252
1756280 251
1756290 250
1756300 249
1756310 249
1756320 248
1756330 247
1756340 246
1756350 245
1756360 244
1756370 243
1756380 242
1756390 241
1756400 240
1756410 240
1756420 239
1756430 239
1756440 238
1756450 237
1756460 237
1756470 236
1756480 235
1756490 234
1756500 233
1756510 231
1756520 230
1756530 229
1756540 229
1756550 230
1756560 231
1756570 231
1756580 231
1756590 230
1756600 230
1756610 230
1757210 244
1757220 245
1757230 245
1757240 245
1757250 245
1757260 245
1757270 245
1757280 245
1757290 246
1757300 246
1757310 246
1757320 246
1757330 246
1757340 246
1757350 246
1757360 246
1757370 246
1757380 246
1757390 246
1757400 246
1757410 246
1757420 246
1757430 246
1757440 246
1757450 246
1757460 246
1757470 246
1757480 245
1757490 245
1757500 245
1757510 245
1757520 244
1757530 244
1757540 244
1757550 244
1757560 244
1757570 244
1757580 243
1757590 243
1757600 242
1757610 242
1757620 242
1757630 242
1757640 241
1757650 241
1757660 241
1757670 240
1757680 240
1757690 239
1757700 238
1757710 238
1757720 237
1757730 237
1757740 237
1757750 236
1757760 236
1757770 236
1757780 235
1757790 235
1757800 235
1757810 234
1757820 234
1757830 233
1757840 233
1757850 233
1757860 232
1757870 231
1757880 230
1757890 229
1757900 229
1757910 228
1757920 228
1757930 227
1757940 227
1757950 226
1757960 226
1757970 225
1757980 225
1757990 225
1758000 225
1758010 224
1758020 224
1758030 224
1758040 223
1758050 223
1758060 222
1758070 222
1758080 222
1758090 221
1758100 221
1758110 220
1758120 219
1758130 219
1758140 218
1758150 218
1758160 217
1758170 217
1758180 216
1758190 216
1758200 215
1758210 214
1758220 214
1758230 213
1758240 213
1758250 212
1758260 212
1758270 211
1758280 211
1758290 211
1758300 212
1758310 212
1758320 212
1758330 212
1758340 212
1758350 211
1758360 211
1758370 211
1758380 211
1758390 211
1758400 211
1758410 211
1758420 211
1758430 210
1758440 210
1758450 210
1758460 210
1758470 210
1758480 210
1758490 209
1758500 209
1758510 209
1758520 209
1758530 209
1758540 209
1758550 209
1758560 209
1758570 209
1758580 209
1758590 209
1758600 209
1758610 209
1758620 209
1758630 209
1758640 209
1758650 209
1758660 209
1758670 209
1758680 209
1758690 209
1758700 209
1758710 209
1758720 209
1758730 209
1758740 209
1758750 209
1758760 208
1758770 208
1758780 208
1758790 208
1758800 208
1758810 208
1758820 208
1758830 208
1758840 208
1758850 208
1758860 208
1758870 208
1758880 208
1758890 208
1758900 208
1758910 208
1758920 208
1758930 208
1758940 208
1758950 208
1758960 208
1758970 208
1758980 208
1758990 208
1759000 208
1759010 208
1759020 208
1759030 208
1759040 208
1759050 208
1759060 208
1759070 208
1759080 208
1759090 208
1759100 208
1759110 208
1759120 208
1759130 208
1759140 207
1759150 207
1759160 207
1759170 207
1759180 207
1759190 206
1759200 206
1759210 206
1759220 206
1759230 205
1759240 205
1759250 205
1759260 205
1759270 204
1759280 204
1759290 204
1759300 204
1759310 204
1759320 204
1759330 204
1759340 204
1759350 204
1759360 204
1759370 204
1759380 204
1759390 204
1759400 204
1759410 204
1759420 204
1759430 203
1759440 203
1759450 203
1759460 203
1759470 203
1759480 202
1759490 202
1759500 202
1759510 202
1759520 202
1759530 201
1759540 201
1759550 201
1759560 201
1759570 201
1759580 201
1759590 201
1759600 200
1759610 200
1759620 200
1759630 200
1759640 200
1759650 200
1759660 200
1759670 200
1759680 199
1759690 199
1759700 199
1759710 199
1759720 199
1759730 199
1759740 199
1759750 199
1759760 199
1759770 198
1759780 198
1759790 198
1759800 198
1759810 198
1759820 197
1759830 197
1759840 197
1759850 197
1759860 197
1759870 198
1759880 198
1759890 199
1759900 199
1759910 199
1759920 199
1759930 199
1759940 199
1759950 199
1759960 198
1759970 197
1759980 197
1759990 197
