1740000 343
1740010 344
1740020 346
1740030 347
1740040 349
1740050 351
1740060 353
1740070 355
1740080 356
1740090 358
1740100 358
1740110 359
1740120 358
1740130 358
1740140 359
1740150 359
1740160 359
1740170 359
1740180 359
1740190 358
1740200 357
1740210 356
1740220 355
1740230 354
1740240 354
1740250 354
1740260 354
1740270 355
1740280 356
1740290 357
1740300 358
1740310 360
1740320 362
1740330 364
1740340 365
1740350 366
1740360 366
1740370 366
1740380 364
1740390 363
1740400 362
1740410 362
1740420 361
1740430 361
1740440 361
1740450 361
1740460 361
1740470 361
1740480 361
1740490 362
1740500 362
1740510 363
1740520 364
1740530 365
1740540 366
1740550 367
1740560 369
1740570 370
1740580 370
1740590 371
1740600 371
1740610 371
1740620 370
1740630 369
1740640 369
1740650 368
1740660 367
1740670 366
1740680 366
1740690 365
1740700 364
1740710 364
1740720 363
1740730 363
1740740 362
1740750 361
1740760 361
1740770 360
1740780 360
1740790 359
1740800 359
1740810 359
1740820 360
1740830 361
1740840 363
1740850 365
1740860 367
1740870 368
1740880 369
1740890 371
1740900 372
1740910 373
1740920 375
1740930 376
1740940 377
1740950 377
1740960 378
1740970 378
1740980 379
1740990 379
1741000 379
1741010 379
1741020 379
1741030 379
1741040 379
1741050 379
1741060 379
1741070 380
1741080 380
1741090 380
1741100 380
1741110 380
1741120 380
1741130 380
1741140 380
1741150 381
1741160 381
1741170 381
1741180 381
1741190 381
1741200 382
1741210 382
1741220 382
1741230 382
1741240 382
1741250 382
1741260 382
1741270 383
1741280 383
1741290 383
1741300 383
1741310 383
1741320 383
1741330 383
1741340 383
1741350 383
1741360 383
1741370 382
1741380 382
1741390 382
1741400 382
1741410 382
1741420 382
1741430 382
1741440 382
1741450 382
1741460 381
1741470 381
1741480 381
1741490 381
1741500 381
1741510 381
1741520 380
1741530 380
1741540 380
1741550 380
1741560 380
1741570 380
1741580 380
1741590 379
1741600 379
1741610 379
1741620 379
1741630 379
1741640 378
1741650 378
1741660 378
1741670 378
1741680 378
1741690 377
1741700 377
1741710 377
1741720 377
1741730 377
1741740 376
1741750 376
1741760 376
1741770 376
1741780 376
1741790 376
1741800 375
1741810 375
1741820 375
1741830 375
1741840 375
1741850 375
1741860 375
1741870 374
1741880 374
1741890 373
1741900 373
1741910 373
1741920 372
1741930 372
1741940 372
1741950 372
1741960 371
1741970 371
1741980 371
1741990 370
1742000 370
1742010 369
1742020 368
1742030 368
1742040 367
1742050 366
1742060 366
1742070 365
1742080 364
1742090 364
1742100 363
1742110 362
1742120 362
1742130 361
1742140 360
1742150 359
1742160 359
1742170 358
1742180 357
1742190 356
1742200 356
1742210 355
1742220 354
1742230 353
1742240 353
1742250 352
1742260 351
1742270 350
1742280 350
1742290 349
1742300 348
1742310 348
1742320 347
1742330 346
1742340 346
1742350 345
1742360 345
1742370 345
1742380 346
1742390 347
1742400 347
1742410 348
1742420 350
1742430 351
1742440 353
1742450 355
1742460 357
1742470 358
1742480 360
1742490 360
1742500 361
1742510 361
1742520 361
1742530 362
1742540 362
1742550 362
1742560 363
1742570 363
1742580 364
1742590 364
1742600 364
1742610 364
1742620 365
1742630 365
1742640 365
1742650 365
1742660 365
1742670 365
1742680 365
1742690 365
1742700 364
1742710 364
1742720 364
1742730 364
1742740 364
1742750 364
1742760 363
1742770 363
1742780 363
1742790 363
1742800 363
1742810 363
1742820 363
1742830 362
1742840 362
1742850 362
1742860 362
1742870 362
1742880 362
1742890 362
1742900 362
1742910 362
1742920 361
1742930 361
1742940 361
1742950 361
1742960 360
1742970 360
1742980 359
1742990 359
1743000 359
1743010 358
1743020 358
1743030 358
1743040 357
1743050 357
1743060 357
1743070 357
1743080 356
1743090 356
1743100 356
1743110 356
1743120 356
1743130 357
1743140 357
1743150 357
1743160 358
1743170 359
1743180 359
1743190 360
1743200 361
1743210 361
1743220 362
1743230 362
1743240 363
1743250 363
1743260 364
1743270 364
1743280 364
1743290 364
1743300 364
1743310 364
1743320 364
1743330 364
1743340 364
1743350 364
1743360 364
1743370 363
1743380 363
1743390 363
1743400 363
1743410 363
1743420 363
1743430 363
1743440 363
1743450 363
1743460 362
1743470 362
1743480 362
1743490 362
1743500 362
1743510 362
1743520 361
1743530 362
1743540 362
1743550 363
1743560 364
1743570 364
1743580 365
1743590 366
1743600 366
1743610 367
1743620 368
1743630 369
1743640 371
1743650 373
1743660 375
1743670 376
1743680 378
1743690 379
1743700 380
1743710 380
1743720 381
1743730 382
1743740 383
1743750 384
1743760 385
1743770 386
1743780 387
1743790 387
1743800 387
1743810 387
1743820 386
1743830 386
1743840 386
1743850 386
1743860 386
1743870 386
1743880 386
1743890 387
1743900 387
1743910 387
1743920 387
1743930 387
1743940 388
1743950 388
1743960 388
1743970 388
1743980 388
1743990 388
1744000 388
1744010 389
1744020 389
1744030 389
1744040 389
1744050 389
1744060 389
1744070 389
1744080 389
1744090 389
1744100 389
1744110 390
1744120 392
1744130 393
1744140 394
1744150 395
1744160 395
1744170 395
1744180 395
1744190 395
1744200 395
1744210 394
1744220 394
1744230 395
1744240 395
1744250 395
1744260 395
1744270 395
1744280 395
1744290 395
1744300 395
1744310 396
1744320 396
1744330 396
1744340 396
1744350 396
1744360 396
1744370 396
1744380 396
1744390 396
1744400 396
1744410 396
1744420 396
1744430 396
1744440 396
1744450 396
1744460 396
1744470 396
1744480 396
1744490 396
1744500 396
1744510 396
1744520 396
1744530 396
1744540 396
1744550 396
1744560 396
1744570 396
1744580 396
1744590 396
1744600 396
1744610 396
1744620 396
1744630 396
1744640 396
1744650 396
1744660 396
1744670 396
1744680 395
1744690 395
1744700 395
1744710 395
1744720 395
1744730 395
1744740 394
1744750 394
1744760 394
1744770 394
1744780 394
1744790 394
1744800 394
1744810 394
1744820 394
1744830 394
1744840 393
1744850 393
1744860 394
1744870 394
1744880 394
1744890 394
1744900 394
1744910 395
1744920 395
1744930 395
1744940 396
1744950 396
1744960 396
1744970 397
1744980 397
1744990 398
1745000 398
1745010 399
1745020 400
1745030 400
1745040 401
1745050 401
1745060 402
1745070 403
1745080 403
1745090 404
1745100 405
1745110 406
1745120 406
1745130 407
1745140 408
1745150 409
1745160 410
1745170 410
1745180 411
1745190 412
1745200 413
1745210 414
1745220 415
1745230 415
1745240 416
1745250 416
1745260 417
1745270 417
1745280 417
1745290 417
1745300 417
1745310 417
1745320 416
1745330 415
1745340 414
1745350 413
1745360 411
1745370 409
1745380 406
1745390 404
1745400 403
1745410 401
1745420 399
1745430 396
1745440 393
1745450 390
1745460 388
1745470 387
1745480 386
1745490 385
1745500 385
1745510 385
1745520 385
1745530 384
1745540 382
1745550 381
1745560 379
1745570 377
1745580 375
1745590 374
1745600 372
1745610 371
1745620 370
1745630 369
1745640 368
1745650 367
1745660 366
1745670 366
1745680 366
1745690 366
1745700 365
1745710 365
1745720 365
1745730 364
1745740 364
1745750 364
1745760 364
1745770 364
1745780 365
1745790 365
1745800 365
1745810 365
1745820 365
1745830 365
1745840 365
1745850 366
1745860 366
1745870 366
1745880 366
1745890 367
1745900 367
1745910 366
1745920 366
1745930 365
1745940 364
1745950 363
1745960 362
1745970 361
1745980 360
1745990 359
1746000 358
1746010 356
1746020 355
1746030 353
1746040 352
1746050 350
1746060 349
1746070 348
1746080 346
1746090 345
1746100 344
1746110 342
1746120 341
1746130 339
1746140 338
1746150 336
1746160 335
1746170 334
1746180 332
1746190 331
1746200 330
1746210 329
1746220 328
1746230 327
1746240 326
1746250 325
1746260 324
1746270 323
1746280 323
1746290 322
1746300 321
1746310 321
1746320 320
1746330 320
1746340 319
1746350 318
1746360 318
1746370 317
1746380 316
1746390 314
1746400 314
1746410 313
1746420 312
1746430 310
1746440 308
1746450 307
1746460 305
1746470 304
1746480 303
1746490 301
1746500 300
1746510 298
1746520 296
1746530 294
1746540 293
1746550 292
1746560 290
1746570 287
1746580 287
1746590 285
1746600 284
1746610 282
1746620 280
1746630 279
1746640 278
1746650 276
1746660 272
1746670 270
1746680 268
1746690 266
1746700 264
1746710 262
1746720 261
1746730 259
1746740 257
1746750 256
1746760 254
1746770 253
1746780 253
1746790 252
1746800 251
1746810 250
1746820 249
1746830 248
1746840 248
1746850 247
1746860 246
1746870 246
1746880 245
1746890 245
1746900 245
1746910 245
1746920 244
1746930 244
1746940 244
1746950 243
1746960 243
1746970 243
1746980 242
1746990 242
1747000 241
1747010 240
1747020 240
1747030 240
1747040 239
1747050 239
1747060 238
1747070 238
1747080 238
1747090 237
1747100 237
1747110 237
1747120 236
1747130 236
1747140 236
1747150 235
1747160 235
1747170 234
1747180 234
1747190 234
1747200 233
1747210 233
1747220 233
1747230 232
1747240 232
1747250 232
1747260 232
1747270 231
1747280 231
1747290 231
1747300 231
1747310 230
1747320 230
1747330 230
1747340 230
1747350 230
1747360 230
1747370 230
1747380 229
1747390 229
1747400 228
1747410 228
1747420 228
1747430 228
1747440 227
1747450 227
1747460 227
1747470 227
1747480 227
1747490 226
1747500 226
1747510 226
1747520 226
1747530 225
1747540 225
1747550 224
1747560 224
1747570 224
1747580 224
1747590 223
1747600 223
1747610 223
1747620 223
1747630 222
1747640 222
1747650 222
1747660 222
1747670 222
1747680 222
1747690 221
1747700 221
1747710 221
1747720 221
1747730 221
1747740 221
1747750 221
1747760 221
1747770 220
1747780 220
1747790 220
1747800 220
1747810 220
1747820 220
1747830 220
1747840 220
1747850 219
1747860 219
1747870 219
1747880 219
1747890 219
1747900 219
1747910 218
1747920 218
1747930 218
1747940 217
1747950 216
1747960 216
1747970 216
1747980 215
1747990 215
1748000 215
1748010 215
1748020 215
1748030 214
1748040 214
1748050 214
1748060 214
1748070 213
1748080 213
1748090 213
1748100 213
1748110 213
1748120 213
1748130 212
1748140 212
1748150 212
1748160 212
1748170 212
1748180 212
1748190 212
1748200 212
1748210 212
1748220 212
1748230 212
1748240 212
1748250 212
1748260 212
1748270 212
1748280 212
1748290 212
1748300 212
1748310 211
1748320 211
1748330 211
1748340 211
1748350 211
1748360 211
1748370 211
1748380 211
1748390 211
1748400 211
1748410 211
1748420 211
1748430 211
1748440 211
1748450 211
1748460 211
1748470 211
1748480 211
1748490 211
1748500 211
1748510 211
1748520 211
1748530 211
1748540 211
1748550 211
1748560 211
1748570 211
1748580 211
1748590 211
1748600 211
1748610 211
1748620 211
1748630 211
1748640 211
1748650 211
1748660 211
1748670 211
1748680 211
1748690 211
1748700 211
1748710 211
1748720 211
1748730 211
1748740 211
1748750 211
1748760 211
1748770 211
1748780 211
1748790 211
1748800 211
1748810 211
1748820 211
1748830 211
1748840 211
1748850 211
1748860 211
1748870 211
1748880 211
1748890 211
1748900 211
1748910 211
1748920 211
1748930 211
1748940 211
1748950 211
1748960 211
1748970 211
1748980 211
1748990 211
1749000 211
1749010 211
1749020 211
1749030 212
1749040 212
1749050 212
1749060 212
1749070 212
1749080 212
1749090 212
1749100 212
1749110 212
1749120 213
1749130 213
1749140 212
1749150 212
1749160 212
1749170 212
1749180 212
1749190 212
1749200 212
1749210 212
1749220 212
1749230 212
1749240 210
1749250 207
1749260 204
1749270 203
1749280 203
1749290 203
1749300 203
1749310 204
1749320 204
1749330 204
1749340 204
1749350 204
1749360 204
1749370 204
1749380 204
1749390 204
1749400 203
1749410 203
1749420 203
1749430 203
1749440 203
1749450 203
1749460 203
1749470 203
1749480 203
1749490 203
1749500 203
1749510 203
1749520 203
1749530 203
1749540 203
1749550 203
1749560 203
1749570 202
1749580 202
1749590 202
1749600 202
1749610 202
1749620 202
1749630 202
1749640 202
1749650 202
1749660 202
1749670 202
1749680 202
1749690 202
1749700 202
1749710 202
1749720 202
1749730 202
1749740 202
1749750 202
1749760 202
1749770 202
1749780 202
1749790 202
1749800 202
1749810 202
1749820 202
1749830 202
1749840 202
1749850 202
1749860 202
1749870 203
1749880 203
1749890 203
1749900 203
1749910 203
1749920 203
1749930 203
1749940 203
1749950 203
1749960 204
1749970 204
1749980 204
1749990 204
1750000 204
1750010 204
1750020 204
1750030 204
1750040 204
1750050 204
1750060 204
1750070 203
1750080 203
1750090 204
1750100 206
1750110 206
1750120 207
1750130 207
1750140 206
1750150 204
1750160 203
1750170 203
1750180 203
1750190 202
1750200 203
1750210 203
1750220 203
1750230 203
1750240 203
1750250 203
1750260 203
1750270 203
1750280 203
1750290 203
1750300 203
1750310 202
1750320 202
1750330 202
1750340 202
1750350 202
1750360 202
1750370 202
1750380 202
1750390 203
1750400 203
1750410 203
1750420 203
1750430 203
1750440 203
1750450 203
1750460 202
1750470 201
1750480 200
1750490 199
1750500 199
1750510 199
1750520 199
1750530 199
1750540 200
1750550 201
1750560 202
1750570 203
1750580 203
1750590 203
1750600 203
1750610 203
1750620 203
1750630 203
1750640 203
1750650 203
1750660 203
1750670 203
1750680 203
1750690 203
1750700 203
1750710 202
1750720 202
1750730 202
1750740 202
1750750 202
1750760 202
1750770 202
1750780 202
1750790 202
1750800 202
1750810 202
1750820 202
1750830 202
1750840 202
1750850 202
1750860 202
1750870 202
1750880 202
1750890 202
1750900 202
1750910 202
1750920 202
1750930 203
1750940 202
1750950 202
1750960 202
1750970 202
1750980 202
1750990 202
1751000 202
1751010 202
1751020 202
1751030 202
1751040 202
1751050 202
1751060 202
1751070 202
1751080 202
1751090 202
1751100 202
1751110 202
1751120 202
1751130 202
1751140 202
1751150 202
1751160 202
1751170 202
1751180 202
1751190 203
1751200 203
1751210 203
1751220 203
1751230 204
1751240 204
1751250 204
1751260 204
1751270 205
1751280 204
1751290 204
1751300 204
1751310 204
1751320 204
1751330 204
1751340 204
1751350 205
1751360 206
1751370 206
1751380 207
1751390 207
1751400 208
1751410 209
1751420 209
1751430 210
1751440 210
1751450 212
1751460 217
1751470 224
1751480 230
1751490 235
1751500 239
1751510 242
1751520 244
1751530 245
1751540 247
1751550 249
1751560 251
1751570 253
1751580 255
1751590 256
1751600 257
1751610 258
1751620 258
1751630 259
1751640 259
1751650 259
1751660 260
1751670 260
1751680 260
1751690 261
1751700 262
1751710 262
1751720 262
1751730 262
1751740 262
1751750 263
1751760 264
1751770 264
1751780 264
1751790 265
1751800 266
1751810 266
1751820 267
1751830 267
1751840 267
1751850 267
1751860 267
1751870 267
1751880 267
1751890 267
1751900 267
1751910 266
1751920 266
1751930 266
1751940 266
1751950 266
1751960 266
1751970 266
1751980 266
1751990 266
1752000 266
1752010 266
1752020 265
1752030 265
1752040 265
1752050 264
1752060 264
1752070 263
1752080 263
1752090 263
1752100 262
1752110 262
1752120 260
1752130 259
1752140 260
1752150 260
1752160 259
1752170 258
1752180 257
1752190 257
1752200 256
1752210 255
1752220 254
1752230 254
1752240 253
1752250 251
1752260 249
1752270 243
1752280 237
1752290 236
1752300 238
1752310 242
1752320 244
1752330 246
1752340 248
1752350 250
1752360 251
1752370 252
1752380 253
1752390 253
1752400 255
1752410 255
1752420 256
1752430 257
1752440 258
1752450 259
1752460 259
1752470 260
1752480 261
1752490 262
1752500 263
1752510 263
1752520 264
1752530 264
1752540 267
1752550 269
1752560 270
1752570 271
1752580 272
1752590 274
1752600 275
1752610 275
1752620 276
1752630 277
1752640 278
1752650 279
1752660 279
1752670 280
1752680 281
1752690 281
1752700 282
1752710 283
1752720 284
1752730 285
1752740 285
1752750 286
1752760 287
1752770 288
1752780 288
1752790 289
1752800 289
1752810 289
1752820 290
1752830 290
1752840 291
1752850 291
1752860 292
1752870 292
1752880 293
1752890 293
1752900 293
1752910 294
1752920 294
1752930 294
1752940 295
1752950 295
1752960 295
1752970 295
1752980 296
1752990 296
1753000 296
1753010 296
1753020 297
1753030 297
1753040 297
1753050 297
1753060 297
1753070 297
1753080 297
1753090 298
1753100 298
1753110 297
1753120 295
1753130 295
1753140 296
1753150 297
1753160 297
1753170 297
1753180 297
1753190 297
1753200 297
1753210 297
1753220 297
1753230 297
1753240 297
1753250 296
1753260 296
1753270 296
1753280 296
1753290 296
1753300 296
1753310 296
1753320 296
1753330 296
1753340 296
1753350 295
1753360 295
1753370 295
1753380 296
1753390 296
1753400 296
1753410 296
1753420 296
1753430 296
1753440 296
1753450 296
1753460 296
1753470 296
1753480 295
1753490 295
1753500 295
1753510 295
1753520 295
1753530 295
1753540 295
1753550 294
1753560 294
1753570 294
1753580 294
1753590 294
1753600 294
1753610 294
1753620 294
1753630 294
1753640 294
1753650 294
1753660 294
1753670 294
1753680 294
1753690 294
1753700 294
1753710 294
1753720 294
1753730 294
1753740 294
1753750 294
1753760 294
1753770 294
1753780 294
1753790 294
1753800 294
1753810 293
1753820 293
1753830 293
1753840 293
1753850 293
1753860 293
1753870 293
1753880 293
1753890 293
1753900 293
1753910 293
1753920 293
1753930 293
1753940 293
1753950 293
1753960 293
1753970 292
1753980 292
1753990 292
1754000 291
1754010 291
1754020 291
1754030 291
1754040 290
1754050 290
1754060 290
1754070 289
1754080 289
1754090 289
1754100 288
1754110 287
1754120 286
1754130 285
1754140 285
1754150 286
1754160 286
1754170 288
1754180 289
1754190 290
1754200 291
1754210 292
1754220 293
1754230 293
1754240 294
1754250 294
1754260 294
1754270 295
1754280 296
1754290 298
1754300 299
1754310 299
1754320 299
1754330 299
1754340 299
1754350 299
1754360 299
1754370 299
1754380 300
1754390 300
1754400 301
1754410 302
1754420 303
1754430 304
1754440 304
1754450 304
1754460 304
1754470 304
1754480 304
1754490 303
1754500 302
1754510 301
1754520 301
1754530 300
1754540 300
1754550 300
1754560 301
1754570 301
1754580 301
1754590 302
1754600 303
1754610 304
1754620 304
1754630 304
1754640 305
1754650 305
1754660 306
1754670 306
1754680 307
1754690 307
1754700 308
1754710 309
1754720 309
1754730 310
1754740 310
1754750 310
1754760 311
1754770 311
1754780 311
1754790 312
1754800 315
1754810 317
1754820 318
1754830 319
1754840 319
1754850 320
1754860 320
1754870 321
1754880 321
1754890 322
1754900 322
1754910 322
1754920 323
1754930 323
1754940 324
1754950 324
1754960 325
1754970 326
1754980 326
1754990 327
1755000 327
1755010 328
1755020 329
1755030 329
1755040 330
1755050 331
1755060 331
1755070 332
1755080 333
1755090 333
1755100 333
1755110 334
1755120 334
1755130 334
1755140 334
1755150 334
1755160 334
1755170 335
1755180 335
1755190 335
1755200 335
1755210 335
1755220 335
1755230 335
1755240 335
1755250 335
1755260 335
1755270 335
1755280 334
1755290 334
1755300 334
1755310 334
1755320 334
1755330 334
1755340 334
1755350 334
1755360 333
1755370 333
1755380 333
1755390 333
1755400 333
1755410 333
1755420 332
1755430 332
1755440 332
1755450 332
1755460 331
1755470 331
1755480 330
1755490 329
1755500 327
1755510 325
1755520 323
1755530 324
1755540 327
1755550 329
1755560 329
1755570 329
1755580 328
1755590 328
1755600 328
1755610 327
1755620 327
1755630 327
1755640 327
1755650 326
1755660 326
1755670 326
1755680 325
1755690 325
1755700 324
1755710 324
1755720 324
1755730 323
1755740 323
1755750 323
1755760 322
1755770 322
1755780 322
1755790 321
1755800 320
1755810 320
1755820 319
1755830 318
1755840 318
1755850 317
1755860 317
1755870 317
1755880 317
1755890 316
1755900 317
1755910 317
1755920 317
1755930 317
1755940 317
1755950 317
1755960 316
1755970 316
1755980 316
1755990 316
1756000 316
1756010 316
1756020 316
1756030 316
1756040 316
1756050 316
1756060 316
1756070 316
1756080 316
1756090 315
1756100 315
1756110 315
1756120 315
1756130 314
1756140 314
1756150 313
1756160 313
1756170 312
1756180 312
1756190 311
1756200 311
1756210 310
1756220 310
1756230 309
1756240 308
1756250 308
1756260 307
1756270 307
1756280 306
1756290 305
1756300 304
1756310 304
1758350 197
1758360 196
1758370 194
1758380 193
1758390 193
1758400 192
1758410 192
1758420 192
1758430 192
1758440 192
1758450 192
1758460 192
1758470 192
1758480 192
1758490 192
1758500 192
1758510 192
1758520 192
1758530 192
1758540 192
1758550 192
1758560 192
1758570 192
1758580 193
1758590 193
1758600 192
1758610 192
1758620 192
1758630 192
1758640 192
1758650 192
1758660 192
1758670 192
1758680 192
1758690 192
1758700 192
1758710 192
1758720 192
1758730 192
1758740 192
1758750 192
1758760 192
1758770 192
1758780 192
1758790 192
1758800 192
1758810 192
1758820 192
1758830 191
1758840 191
1758850 191
1758860 191
1758870 191
1758880 191
1758890 191
1758900 191
1758910 191
1758920 191
1758930 190
1758940 190
1758950 190
1758960 190
1758970 190
1758980 190
1758990 190
1759000 190
1759010 190
1759020 190
1759030 190
1759040 190
1759050 190
1759060 190
1759070 190
1759080 190
1759090 190
1759100 190
1759110 190
1759120 190
1759130 190
1759140 190
1759150 190
1759160 190
1759170 190
1759180 190
1759190 190
1759200 190
1759210 190
1759220 189
1759230 189
1759240 189
1759250 189
1759260 189
1759270 189
1759280 189
1759290 189
1759300 189
1759310 189
1759320 189
1759330 189
1759340 189
1759350 189
1759360 189
1759370 189
1759380 189
1759390 189
1759400 189
1759410 189
1759420 189
1759430 189
1759440 189
1759450 189
1759460 189
1759470 189
1759480 189
1759490 189
1759500 189
1759510 189
1759520 189
1759530 189
1759540 189
1759550 189
1759560 189
1759570 189
1759580 189
1759590 189
1759600 189
1759610 189
1759620 189
1759630 189
1759640 189
1759650 189
1759660 189
1759670 189
1759680 189
1759690 189
1759700 189
1759710 188
1759720 188
1759730 188
1759740 188
1759750 188
1759760 188
1759770 188
1759780 188
1759790 188
1759800 188
1759810 188
1759820 188
1759830 188
1759840 188
1759850 188
1759860 188
1759870 188
1759880 188
1759890 188
1759900 188
1759910 188
1759920 188
1759930 188
1759940 188
1759950 188
1759960 188
1759970 188
1759980 188
1759990 188
