1758490 186
1758500 186
1758510 186
1758520 186
1758530 186
1758540 186
1758550 185
1758560 185
1758570 185
1758580 185
1758590 185
1758600 184
1758610 184
1758620 184
1758630 184
1758640 185
1758650 185
1758660 185
1758670 185
1758680 185
1758690 185
1758700 185
1758710 185
1758720 185
1758730 185
1758740 186
1758750 186
1758760 186
1758770 186
1758780 186
1758790 186
1758800 186
1758810 185
1758820 185
1758830 186
1758840 186
1758850 186
1758860 186
1758870 186
1758880 186
1758890 186
1758900 186
1758910 186
1758920 186
1758930 186
1758940 186
1758950 186
1758960 186
1758970 186
1758980 186
1758990 186
1759000 186
1759010 186
1759020 186
1759030 186
1759040 186
1759050 185
1759060 185
1759070 185
1759080 185
1759090 185
1759100 186
1759110 186
1759120 185
1759130 185
1759140 185
1759150 185
1759160 185
1759170 185
1759180 185
1759190 185
1759200 186
1759210 186
1759220 186
1759230 186
1759240 186
1759250 186
1759260 186
1759270 185
1759280 185
1759290 185
1759300 185
1759310 185
1759320 185
1759330 185
1759340 185
1759350 184
1759360 184
1759370 184
1759380 185
1759390 185
1759400 186
1759410 186
1759420 186
1759430 186
1759440 186
1759450 186
1759460 186
1759470 186
1759480 186
1759490 186
1759500 186
1759510 186
1759520 186
1759530 186
1759540 186
1759550 186
1759560 186
1759570 186
1759580 186
1759590 186
1759600 186
1759610 186
1759620 186
1759630 186
1759640 186
1759650 186
1759660 186
1759670 186
1759680 186
1759690 186
1759700 186
1759710 186
1759720 186
1759730 186
1759740 186
1759750 186
1759760 186
1759770 186
1759780 186
1759790 186
1759800 186
1759810 186
1759820 186
1759830 186
1759840 186
1759850 186
1759860 186
1759870 186
1759880 186
1759890 186
1759900 186
1759910 186
1759920 186
1759930 186
1759940 186
1759950 186
1759960 186
1759970 186
1759980 186
1759990 186
1740000 351
1740010 351
1740020 351
1740030 351
1740040 352
1740050 353
1740060 354
1740070 354
1740080 354
1740090 354
1740100 354
1740110 354
1740120 353
1740130 352
1740140 351
1740150 350
1740160 349
1740170 349
1740180 349
1740190 348
1740200 348
1740210 347
1740220 347
1740230 346
1740240 346
1740250 345
1740260 345
1740270 345
1740280 344
1740290 344
1740300 344
1740310 344
1740320 344
1740330 344
1740340 343
1740350 343
1740360 343
1740370 343
1740380 343
1740390 343
1740400 343
1740410 343
1740420 343
1740430 343
1740440 343
1740450 343
1740460 342
1740470 342
1740480 342
1740490 342
1740500 341
1740510 341
1740520 341
1740530 341
1740540 341
1740550 341
1740560 341
1740570 340
1740580 340
1740590 339
1740600 339
1740610 339
1740620 338
1740630 337
1740640 336
1740650 336
1740660 336
1740670 335
1740680 335
1740690 334
1740700 334
1740710 334
1740720 333
1740730 333
1740740 332
1740750 332
1740760 331
1740770 331
1740780 331
1740790 330
1740800 330
1740810 329
1740820 329
1740830 328
1740840 328
1740850 327
1740860 327
1740870 327
1740880 326
1740890 326
1740900 325
1740910 325
1740920 325
1740930 324
1740940 323
1740950 321
1740960 320
1740970 320
1740980 321
1740990 321
1741000 320
1741010 320
1741020 320
1741030 319
1741040 318
1741050 317
1741060 317
1741070 316
1741080 316
1741090 316
1741100 315
1741110 314
1741120 313
1741130 312
1741140 311
1741150 310
1741160 310
1741170 309
1741180 308
1741190 307
1741200 306
1741210 305
1741220 305
1741230 305
1741240 305
1741250 305
1741260 304
1741270 304
1741280 302
1741290 301
1741300 300
1741310 299
1741320 297
1741330 296
1741340 295
1741350 294
1741360 292
1741370 291
1741380 290
1741390 289
1741400 288
1741410 287
1741420 285
1741430 283
1741440 282
1741450 280
1741460 279
1741470 277
1741480 275
1741490 273
1741500 272
1741510 271
1741520 269
1741530 268
1741540 267
1741550 266
1741560 265
1741570 263
1741580 263
1741590 262
1741600 261
1741610 261
1741620 260
1741630 260
1741640 259
1741650 259
1741660 259
1741670 258
1741680 258
1741690 258
1741700 258
1741710 257
1741720 257
1741730 257
1741740 257
1741750 257
1741760 257
1741770 257
1741780 257
1741790 256
1741800 256
1741810 257
1741820 258
1741830 259
1741840 260
1741850 260
1741860 261
1741870 262
1741880 263
1741890 264
1741900 265
1741910 266
1741920 267
1741930 267
1741940 267
1741950 267
1741960 267
1741970 267
1741980 266
1741990 265
1742000 264
1742010 263
1742020 263
1742030 263
1742040 262
1742050 261
1742060 258
1742070 255
1742080 255
1742090 253
1742100 252
1742110 252
1742120 251
1742130 250
1742140 249
1742150 249
1742160 250
1742170 250
1742180 250
1742190 250
1742200 250
1742210 250
1742220 251
1742230 252
1742240 252
1742250 252
1742260 253
1742270 253
1742280 253
1742290 254
1742300 255
1742310 255
1742320 256
1742330 257
1742340 259
1742350 260
1742360 261
1742370 262
1742380 263
1742390 264
1742400 264
1742410 265
1742420 266
1742430 267
1742440 268
1742450 268
1742460 269
1742470 269
1742480 270
1742490 270
1742500 270
1742510 270
1742520 270
1742530 271
1742540 271
1742550 271
1742560 271
1742570 271
1742580 271
1742590 272
1742600 272
1742610 272
1742620 273
1742630 274
1742640 275
1742650 277
1742660 278
1742670 279
1742680 279
1742690 280
1742700 281
1742710 281
1742720 282
1742730 283
1742740 284
1742750 285
1742760 286
1742770 287
1742780 288
1742790 289
1742800 290
1742810 291
1742820 291
1742830 292
1742840 293
1742850 293
1742860 294
1742870 294
1742880 294
1742890 294
1742900 292
1742910 291
1742920 290
1742930 289
1742940 288
1742950 288
1742960 287
1742970 287
1742980 287
1742990 287
1743000 286
1743010 287
1743020 286
1743030 286
1743040 286
1743050 286
1743060 286
1743070 286
1743080 286
1743090 285
1743100 285
1743110 285
1743120 284
1743130 284
1743140 285
1743150 286
1743160 287
1743170 288
1743180 288
1743190 288
1743200 289
1743210 288
1743220 287
1743230 286
1743240 285
1743250 286
1743260 287
1743270 288
1743280 288
1743290 289
1743300 289
1743310 290
1743320 291
1743330 292
1743340 293
1743350 294
1743360 295
1743370 296
1743380 296
1743390 297
1743400 297
1743410 297
1743420 297
1743430 297
1743440 297
1743450 297
1743460 299
1743470 300
1743480 301
1743490 303
1743500 304
1743510 305
1743520 306
1743530 306
1743540 307
1743550 310
1743560 313
1743570 317
1743580 318
1743590 318
1743600 319
1743610 319
1743620 319
1743630 320
1743640 320
1743650 321
1743660 321
1743670 322
1743680 323
1743690 324
1743700 325
1743710 326
1743720 327
1743730 327
1743740 327
1743750 327
1743760 328
1743770 328
1743780 328
1743790 328
1743800 328
1743810 328
1743820 326
1743830 325
1743840 325
1743850 324
1743860 324
1743870 324
1743880 325
1743890 325
1743900 325
1743910 326
1743920 328
1743930 331
1743940 333
1743950 335
1743960 337
1743970 338
1743980 339
1743990 340
1744000 341
1744010 343
1744020 344
1744030 346
1744040 348
1744050 350
1744060 352
1744070 354
1744080 356
1744090 357
1744100 358
1744110 358
1744120 359
1744130 359
1744140 360
1744150 360
1744160 361
1744170 361
1744180 362
1744190 363
1744200 364
1744210 365
1744220 366
1744230 366
1744240 367
1744250 368
1744260 368
1744270 369
1744280 370
1744290 370
1744300 369
1744310 370
1744320 371
1744330 372
1744340 373
1744350 373
1744360 374
1744370 374
1744380 374
1744390 374
1744400 374
1744410 376
1744420 377
1744430 379
1744440 380
1744450 381
1744460 383
1744470 384
1744480 386
1744490 387
1744500 388
1744510 389
1744520 390
1744530 392
1744540 393
1744550 394
1744560 395
1744570 397
1744580 398
1744590 398
1744600 400
1744610 402
1744620 405
1744630 407
1744640 408
1744650 410
1744660 411
1744670 412
1744680 412
1744690 413
1744700 414
1744710 415
1744720 417
1744730 418
1744740 420
1744750 421
1744760 422
1744770 423
1744780 423
1744790 424
1744800 424
1744810 424
1744820 425
1744830 425
1744840 426
1744850 427
1744860 428
1744870 429
1744880 429
1744890 430
1744900 431
1744910 432
1744920 433
1744930 435
1744940 436
1744950 436
1744960 437
1744970 437
1744980 438
1744990 438
1745000 438
1745010 438
1745020 439
1745030 439
1745040 439
1745050 439
1745060 439
1745070 439
1745080 438
1745090 438
1745100 438
1745110 438
1745120 437
1745130 437
1745140 437
1745150 437
1745160 436
1745170 436
1745180 435
1745190 435
1745200 434
1745210 434
1745220 433
1745230 433
1745240 432
1745250 432
1745260 431
1745270 431
1745280 430
1745290 429
1745300 429
1745310 428
1745320 427
1745330 426
1745340 425
1745350 425
1745360 424
1745370 423
1745380 422
1745390 421
1745400 420
1745410 419
1745420 418
1745430 417
1745440 416
1745450 415
1745460 414
1745470 413
1745480 412
1745490 412
1745500 411
1745510 410
1745520 409
1745530 408
1745540 407
1745550 406
1745560 405
1745570 404
1745580 404
1745590 403
1745600 402
1745610 402
1745620 401
1745630 400
1745640 400
1745650 399
1745660 398
1745670 397
1745680 397
1745690 396
1745700 396
1745710 395
1745720 395
1745730 394
1745740 394
1745750 393
1745760 393
1745770 393
1745780 393
1745790 393
1745800 393
1745810 394
1745820 395
1745830 396
1745840 397
1745850 398
1745860 399
1745870 400
1745880 401
1745890 402
1745900 402
1745910 403
1745920 403
1745930 404
1745940 404
1745950 404
1745960 405
1745970 405
1745980 405
1745990 405
1746000 405
1746010 405
1746020 405
1746030 405
1746040 405
1746050 405
1746060 405
1746070 405
1746080 405
1746090 405
1746100 405
1746110 405
1746120 404
1746130 403
1746140 403
1746150 402
1746160 401
1746170 400
1746180 399
1746190 398
1746200 397
1746210 396
1746220 395
1746230 394
1746240 393
1746250 392
1746260 391
1746270 390
1746280 388
1746290 387
1746300 386
1746310 385
1746320 383
1746330 382
1746340 381
1746350 379
1746360 378
1746370 377
1746380 376
1746390 375
1746400 374
1746410 373
1746420 372
1746430 371
1746440 370
1746450 369
1746460 367
1746470 366
1746480 365
1746490 363
1746500 362
1746510 361
1746520 359
1746530 357
1746540 356
1746550 355
1746560 353
1746570 352
1746580 351
1746590 349
1746600 348
1746610 347
1746620 345
1746630 344
1746640 343
1746650 341
1746660 340
1746670 338
1746680 336
1746690 334
1746700 333
1746710 331
1746720 330
1746730 328
1746740 327
1746750 326
1746760 325
1746770 325
1746780 325
1746790 325
1746800 324
1746810 324
1746820 324
1746830 324
1746840 324
1746850 325
1746860 325
1746870 325
1746880 326
1746890 327
1746900 328
1746910 328
1746920 327
1746930 324
1746940 322
1746950 320
1746960 318
1746970 316
1746980 314
1746990 312
1747000 310
1747010 308
1747020 306
1747030 305
1747040 304
1747050 303
1747060 302
1747070 301
1747080 301
1747090 299
1747100 296
1747110 294
1747120 293
1747130 293
1747140 293
1747150 293
1747160 292
1747170 291
1747180 290
1747190 288
1747200 287
1747210 286
1747220 286
1747230 286
1747240 286
1747250 285
1747260 285
1747270 285
1747280 285
1747290 285
1747300 284
1747310 284
1747320 284
1747330 284
1747340 284
1747350 284
1747360 285
1747370 285
1747380 285
1747390 286
1747400 286
1747410 286
1747420 286
1747430 286
1747440 286
1747450 285
1747460 285
1747470 284
1747480 284
1747490 283
1747500 283
1747510 282
1747520 283
1747530 284
1747540 284
1747550 283
1747560 283
1747570 283
1747580 284
1747590 284
1747600 285
1747610 285
1747620 285
1747630 284
1747640 284
1747650 283
1747660 283
1747670 282
1747680 281
1747690 280
1747700 279
1747710 277
1747720 276
1747730 275
1747740 275
1747750 274
1747760 274
1747770 273
1747780 272
1747790 271
1747800 270
1747810 270
1747820 270
1747830 269
1747840 269
1747850 269
1747860 269
1747870 269
1747880 269
1747890 269
1747900 268
1747910 268
1747920 268
1747930 268
1747940 268
1747950 268
1747960 268
1747970 266
1747980 266
1747990 266
1748000 266
1748010 266
1748020 266
1748030 265
1748040 265
1748050 264
1748060 263
1748070 263
1748080 262
1748090 262
1748100 262
1748110 262
1748120 261
1748130 261
1748140 261
1748150 260
1748160 260
1748170 260
1748180 259
1748190 259
1748200 259
1748210 259
1748220 258
1748230 258
1748240 258
1748250 257
1748260 256
1748270 254
1748280 252
1748290 250
1748300 251
1748310 251
1748320 251
1748330 251
1748340 251
1748350 250
1748360 250
1748370 251
1748380 251
1748390 251
1748400 251
1748410 250
1748420 250
1748430 249
1748440 249
1748450 249
1748460 249
1748470 249
1748480 248
1748490 248
1748500 246
1748510 246
1748520 246
1748530 245
1748540 245
1748550 245
1748560 244
1748570 244
1748580 243
1748590 243
1748600 242
1748610 241
1748620 241
1748630 241
1748640 240
1748650 238
1748660 238
1748670 237
1748680 237
1748690 236
1748700 235
1748710 234
1748720 233
1748730 233
1748740 232
1748750 231
1748760 231
1748770 230
1748780 229
1748790 228
1748800 227
1748810 226
1748820 226
1748830 226
1748840 225
1748850 223
1748860 220
1748870 214
1748880 210
1748890 207
1748900 206
1748910 205
1748920 205
1748930 204
1748940 204
1748950 203
1748960 202
1748970 201
1748980 200
1748990 200
1749000 199
1749010 199
1749020 199
1749030 197
1749040 195
1749050 195
1749060 194
1749070 194
1749080 193
1749090 192
1749100 192
1749110 191
1749120 191
1749130 191
1749140 191
1749150 191
1749160 191
1749170 191
1749180 191
1749190 191
1749200 191
1749210 191
1749220 191
1749230 191
1749240 191
1749250 191
1749260 191
1749270 191
1749280 191
1749290 191
1749300 191
1749310 191
1749320 191
1749330 191
1749340 191
1749350 191
1749360 191
1749370 191
1749380 191
1749390 191
1749400 191
1749410 191
1749420 191
1749430 191
1749440 191
1749450 191
1749460 191
1749470 191
1749480 191
1749490 191
1749500 191
1749510 191
1749520 191
1749530 191
1749540 191
1749550 191
1749560 191
1749570 191
1749580 191
1749590 191
1749600 191
1749610 191
1749620 191
1749630 190
1749640 190
1749650 190
1749660 190
1749670 190
1749680 190
1749690 190
1749700 190
1749710 191
1749720 191
1749730 193
1749740 193
1749750 192
1749760 190
1749770 190
1749780 191
1749790 191
1749800 191
1749810 191
1749820 190
1749830 190
1749840 190
1749850 190
1749860 190
1749870 190
1749880 190
1749890 189
1749900 188
1749910 188
1749920 189
1749930 189
1749940 189
1749950 189
1749960 189
1749970 189
1749980 189
1749990 189
1750000 189
1750010 189
1750020 189
1750030 189
1750040 189
1750050 189
1750060 189
1750070 189
1750080 189
1750090 189
1750100 189
1750110 189
1750120 190
1750130 190
1750140 190
1750150 190
1750160 190
1750170 190
1750180 190
1750190 190
1750200 190
1750210 190
1750220 190
1750230 190
1750240 190
1750250 190
1750260 190
1750270 190
1750280 190
1750290 190
1750300 189
1750310 189
1750320 189
1750330 189
1750340 189
1750350 189
1750360 190
1750370 190
1750380 191
1750390 191
1750400 191
1750410 191
1750420 191
1750430 191
1750440 191
1750450 191
1750460 191
1750470 191
1750480 191
1750490 191
1750500 191
1750510 191
1750520 191
1750530 191
1750540 191
1750550 191
1750560 191
1750570 190
1750580 190
1750590 190
1750600 190
1750610 190
1750620 190
1750630 190
1750640 190
1750650 190
1750660 190
1750670 190
1750680 190
1750690 190
1750700 190
1750710 190
1750720 190
1750730 190
1750740 190
1750750 190
1750760 190
1750770 190
1750780 190
1750790 190
1750800 190
1750810 190
1750820 190
1750830 190
1750840 190
1750850 190
1750860 190
1750870 190
1750880 190
1750890 190
1750900 190
1750910 190
1750920 190
1750930 190
1750940 190
1750950 190
1750960 190
1750970 190
1750980 190
1750990 190
1751000 190
1751010 190
1751020 190
1751030 190
1751040 190
1751050 190
1751060 190
1751070 190
1751080 190
1751090 190
1751100 190
1751110 189
1751120 189
1751130 189
1751140 189
1751150 189
1751160 188
1751170 188
1751180 188
1751190 188
1751200 189
1751210 189
1751220 189
1751230 189
1751240 189
1751250 189
1751260 189
1751270 189
1751280 189
1751290 189
1751300 189
1751310 189
1751320 189
1751330 189
1751340 189
1751350 189
1751360 189
1751370 189
1751380 189
1751390 189
1751400 189
1751410 189
1751420 188
1751430 188
1751440 188
1751450 188
1751460 188
1751470 188
1751480 189
1751490 189
1751500 189
1751510 189
1751520 189
1751530 189
1751540 189
1751550 189
1751560 189
1751570 189
1751580 189
1751590 189
1751600 189
1751610 189
1751620 189
1751630 189
1751640 189
1751650 189
1751660 189
1751670 189
1751680 189
1751690 189
1751700 189
1751710 189
1751720 189
1751730 189
1751740 189
1751750 189
1751760 189
1751770 189
1751780 189
1751790 189
1751800 189
1751810 189
1751820 189
1751830 189
1751840 189
1751850 189
1751860 189
1751870 189
1751880 189
1751890 189
1751900 188
1751910 188
1751920 188
1751930 188
1751940 188
1751950 188
1751960 188
1751970 189
1751980 189
1751990 189
1752000 189
1752010 189
1752020 189
1752030 188
1752040 188
1752050 188
1752060 188
1752070 189
1752080 189
1752090 189
1752100 189
1752110 189
1752120 189
1752130 189
1752140 189
1752150 189
1752160 189
1752170 189
1752180 189
1752190 189
1752200 189
1752210 189
1752220 189
1752230 189
1752240 189
1752250 189
1752260 189
1752270 189
1752280 189
1752290 189
1752300 189
1752310 189
1752320 189
1752330 189
1752340 189
1752350 189
1752360 188
1752370 188
1752380 188
1752390 187
1752400 187
1752410 187
1752420 186
1752430 187
1752440 187
1752450 188
1752460 189
1752470 189
1752480 189
1752490 189
1752500 189
1752510 189
1752520 189
1752530 189
1752540 189
1752550 189
1752560 189
1752570 189
1752580 189
1752590 189
1752600 189
1752610 189
1752620 189
1752630 189
1752640 189
1752650 189
1752660 189
1752670 189
1752680 189
1752690 189
1752700 189
1752710 189
1752720 189
1752730 189
1752740 189
1752750 189
1752760 189
1752770 189
1752780 189
1752790 189
1752800 189
1752810 189
1752820 189
1752830 189
1752840 189
1752850 189
1752860 189
1752870 189
1752880 189
1752890 189
1752900 189
1752910 189
1752920 189
1752930 189
1752940 189
1752950 189
1752960 189
1752970 189
1752980 188
1752990 188
1753000 188
1753010 188
1753020 188
1753030 188
1753040 188
1753050 188
1753060 188
1753070 188
1753080 188
1753090 188
1753100 187
1753110 187
1753120 188
1753130 188
1753140 188
1753150 188
1753160 188
1753170 188
1753180 188
1753190 188
1753200 188
1753210 188
1753220 189
1753230 189
1753240 189
1753250 189
1753260 189
1753270 189
1753280 187
1753290 187
1753300 187
1753310 187
1753320 187
1753330 187
1753340 187
1753350 187
1753360 187
1753370 187
1753380 188
1753390 188
1753400 188
1753410 188
1753420 188
1753430 188
1753440 187
1753450 187
1753460 186
1753470 186
1753480 186
1753490 186
1753500 186
1753510 186
1753520 186
1753530 186
1753540 186
1753550 186
1753560 186
1753570 186
1753580 186
1753590 186
1753600 186
1753610 186
1753620 186
1753630 186
1753640 186
1753650 186
1753660 186
1753670 186
1753680 186
1753690 186
1753700 186
1753710 186
1753720 186
1753730 186
1753740 186
1753750 186
1753760 187
1753770 187
1753780 187
1753790 188
1753800 189
1753810 189
1753820 189
1753830 189
1753840 189
1753850 189
1753860 189
1753870 189
1753880 189
1753890 189
1753900 189
1753910 189
1753920 189
1753930 189
1753940 189
1753950 189
1753960 190
1753970 190
1753980 189
1753990 189
1754000 189
1754010 189
1754020 189
1754030 189
1754040 189
1754050 189
1754060 189
1754070 189
1754080 189
1754090 189
1754100 188
1754110 188
1754120 188
1754130 188
1754140 189
1754150 189
1754160 189
1754170 189
1754180 188
1754190 188
1754200 188
1754210 188
1754220 188
1754230 188
1754240 188
1754250 188
1754260 188
1754270 189
1754280 189
1754290 189
1754300 189
1754310 189
1754320 189
1754330 189
1754340 189
1754350 189
1754360 189
1754370 189
1754380 189
1754390 189
1754400 189
1754410 188
1754420 189
1754430 189
1754440 189
1754450 189
1754460 189
1754470 189
1754480 189
1754490 188
1754500 188
1754510 188
1754520 188
1754530 188
1754540 188
1754550 188
1754560 188
1754570 188
1754580 188
1754590 188
1754600 188
1754610 188
1754620 188
1754630 188
1754640 188
1754650 189
1754660 188
1754670 188
1754680 188
1754690 188
1754700 188
1754710 187
1754720 187
1754730 187
1754740 186
1754750 186
1754760 186
1754770 186
1754780 185
1754790 185
1754800 185
1754810 185
1754820 185
1754830 185
1754840 185
1754850 185
1754860 185
1754870 185
1754880 185
1754890 185
1754900 185
1754910 185
1754920 185
1754930 185
1754940 185
1754950 185
1754960 185
1754970 185
1754980 185
1754990 185
1755000 185
1755010 185
1755020 185
1755030 185
1755040 185
1755050 186
1755060 186
1755070 186
1755080 186
1755090 186
1755100 186
1755110 186
1755120 186
1755130 186
1755140 186
1755150 186
1755160 186
1755170 186
1755180 186
1755190 186
1755200 186
1755210 186
1755220 186
1755230 186
1755240 186
1755250 185
1755260 185
1755270 185
1755280 185
1755290 185
1755300 185
1755310 185
1755320 185
1755330 185
1755340 185
1755350 186
1755360 186
1755370 186
1755380 186
1755390 186
1755400 186
1755410 186
1755420 187
1755430 187
1755440 187
1755450 187
1755460 188
1755470 188
1755480 188
1755490 188
1755500 188
1755510 188
1755520 188
1755530 188
1755540 188
1755550 188
1755560 188
1755570 188
1755580 188
1755590 188
1755600 188
1755610 188
1755620 188
1755630 188
1755640 188
1755650 188
1755660 188
1755670 188
1755680 188
1755690 188
1755700 187
1755710 187
1755720 188
1755730 188
1755740 188
1755750 187
1755760 187
1755770 187
1755780 187
1755790 187
1755800 187
1755810 187
1755820 187
1755830 187
1755840 187
1755850 187
1755860 187
1755870 188
1755880 188
1755890 188
1755900 188
1755910 188
1755920 187
1755930 187
1755940 187
1755950 187
1755960 187
1755970 187
1755980 187
1755990 187
1756000 187
1756010 187
1756020 187
1756030 187
1756040 187
1756050 187
1756060 188
1756070 188
1756080 188
1756090 188
1756100 188
1756110 187
1756120 187
1756130 187
1756140 187
1756150 187
1756160 187
1756170 187
1756180 187
1756190 187
1756200 187
1756210 187
1756220 187
1756230 187
1756240 187
1756250 187
1756260 187
1756270 187
1756280 187
1756290 187
1756300 188
1756310 188
1756320 188
1756330 188
1756340 187
1756350 187
1756360 186
1756370 186
1756380 186
1756390 186
1756400 186
1756410 186
1756420 186
1756430 186
1756440 185
1756450 186
1756460 186
1756470 186
1756480 186
1756490 186
1756500 186
1756510 186
1756520 186
1756530 185
1756540 186
1756550 186
1756560 186
1756570 186
1756580 186
1756590 186
1756600 186
1756610 186
1756620 186
1756630 186
1756640 186
1756650 186
1756660 186
1756670 186
1756680 186
1756690 186
1756700 186
1756710 186
1756720 186
1756730 186
1756740 186
1756750 186
1756760 186
1756770 186
1756780 186
1756790 186
1756800 186
1756810 186
1756820 186
1756830 186
1756840 186
1756850 186
1756860 186
1756870 186
1756880 186
1756890 186
1756900 186
1756910 186
1756920 185
1756930 185
1756940 185
1756950 185
1756960 184
1756970 184
1756980 184
1756990 185
1757000 185
1757010 186
1757020 186
1757030 187
1757040 187
1757050 187
1757060 187
1757070 187
1757080 187
1757090 187
1757100 187
1757110 187
1757120 187
1757130 187
1757140 187
1757150 187
1757160 187
1757170 187
1757180 187
1757190 187
1757200 187
1757210 187
1757220 187
1757230 187
1757240 187
1757250 187
1757260 187
1757270 187
1757280 187
1757290 187
1757300 187
1757310 187
1757320 187
1757330 187
1757340 187
1757350 187
1757360 187
1757370 187
1757380 186
1757390 186
1757400 186
1757410 187
1757420 187
1757430 187
1757440 187
1757450 187
1757460 187
1757470 187
1757480 187
1757490 187
1757500 187
1757510 187
1757520 187
1757530 187
1757540 187
1757550 187
1757560 187
1757570 187
1757580 187
1757590 187
1757600 187
1757610 187
1757620 187
1757630 187
1757640 186
1757650 186
1757660 186
1757670 186
1757680 186
1757690 186
1757700 186
1757710 186
1757720 186
1757730 186
1757740 186
1757750 186
1757760 185
1757770 185
1757780 185
1757790 185
1757800 185
1757810 185
1757820 186
1757830 187
1757840 187
1757850 187
1757860 187
1757870 187
1757880 187
1757890 187
1757900 187
1757910 187
1757920 187
1757930 186
1757940 186
1757950 185
1757960 185
1757970 185
1757980 186
1757990 185
1758000 185
1758010 185
1758020 185
1758030 185
1758040 186
1758050 186
1758060 186
1758070 186
1758080 186
1758090 186
1758100 186
1758110 186
1758120 186
1758130 186
1758140 186
1758150 186
1758160 186
1758170 186
1758180 186
1758190 186
1758200 186
1758210 186
1758220 186
