1756460 187
1756470 187
1756480 187
1756490 187
1756500 187
1756510 187
1756520 187
1756530 187
1756540 187
1756550 187
1756560 187
1756570 187
1756580 187
1756590 187
1756600 187
1756610 187
1756620 186
1756630 186
1756640 187
1756650 187
1756660 187
1756670 187
1756680 187
1756690 187
1756700 187
1756710 187
1756720 187
1756730 187
1756740 186
1756750 186
1756760 186
1756770 186
1756780 186
1756790 186
1756800 186
1756810 186
1756820 186
1756830 186
1756840 186
1756850 186
1756860 186
1756870 186
1756880 185
1756890 185
1756900 185
1756910 186
1756920 187
1756930 187
1756940 187
1756950 187
1756960 187
1756970 187
1756980 187
1756990 187
1757000 187
1757010 187
1757020 186
1757030 186
1757040 186
1757050 186
1757060 186
1757070 186
1757080 186
1757090 186
1757100 186
1757110 186
1757120 186
1757130 186
1757140 186
1757150 186
1757160 186
1757170 186
1757180 186
1757190 186
1757200 186
1757210 186
1757220 186
1757230 186
1757240 186
1757250 186
1757260 186
1757270 186
1757280 185
1757290 185
1757300 185
1757310 185
1757320 185
1757330 185
1757340 186
1757350 186
1757360 186
1757370 186
1757380 186
1757390 186
1757400 186
1757410 186
1757420 186
1757430 186
1757440 186
1757450 186
1757460 186
1757470 186
1757480 186
1757490 186
1757500 186
1757510 186
1757520 186
1757530 186
1757540 186
1757550 186
1757560 186
1757570 186
1757580 186
1757590 186
1757600 186
1757610 186
1757620 186
1757630 186
1757640 185
1757650 185
1757660 185
1757670 185
1757680 185
1757690 185
1757700 185
1757710 185
1757720 185
1757730 185
1757740 185
1757750 185
1757760 185
1757770 185
1757780 185
1757790 185
1757800 185
1757810 185
1757820 185
1757830 185
1757840 186
1757850 186
1757860 186
1757870 186
1757880 186
1757890 186
1757900 186
1757910 185
1757920 185
1757930 185
1757940 185
1757950 186
1757960 186
1757970 186
1757980 186
1757990 186
1758000 186
1758010 186
1758020 185
1758030 185
1758040 185
1758050 185
1758060 184
1758070 184
1758080 184
1758090 184
1758100 185
1758110 185
1758120 186
1758130 186
1758140 186
1758150 186
1758160 186
1758170 186
1758180 186
1758190 186
1758200 186
1758210 186
1758220 186
1758230 186
1758240 186
1758250 186
1758260 186
1758270 186
1758280 186
1758290 186
1758300 186
1758310 186
1758320 186
1758330 186
1758340 186
1758350 186
1758360 186
1758370 186
1758380 186
1758390 186
1758400 186
1758410 186
1758420 186
1758430 186
1758440 186
1758450 185
1758460 185
1758470 185
1758480 185
1758490 185
1758500 186
1758510 186
1758520 186
1758530 186
1758540 186
1758550 186
1758560 186
1758570 186
1758580 186
1758590 186
1758600 186
1758610 186
1758620 186
1758630 186
1758640 186
1758650 186
1758660 186
1758670 186
1758680 186
1758690 185
1758700 185
1758710 185
1758720 185
1758730 185
1758740 185
1758750 185
1758760 185
1758770 185
1758780 186
1758790 186
1758800 186
1758810 186
1758820 186
1758830 186
1758840 186
1758850 186
1758860 186
1758870 186
1758880 186
1758890 186
1758900 186
1758910 186
1758920 186
1758930 186
1758940 186
1758950 186
1758960 186
1758970 186
1758980 186
1758990 186
1759000 186
1759010 186
1759020 186
1759030 186
1759040 186
1759050 186
1759060 186
1759070 186
1759080 186
1759090 186
1759100 186
1759110 186
1759120 185
1759130 185
1759140 185
1759150 185
1759160 185
1759170 185
1759180 185
1759190 185
1759200 185
1759210 185
1759220 185
1759230 185
1759240 186
1759250 186
1759260 186
1759270 186
1759280 186
1759290 186
1759300 186
1759310 186
1759320 186
1759330 186
1759340 186
1759350 186
1759360 186
1759370 186
1759380 186
1759390 186
1759400 186
1759410 186
1759420 186
1759430 186
1759440 186
1759450 186
1759460 186
1759470 185
1759480 185
1759490 185
1759500 185
1759510 185
1759520 185
1759530 185
1759540 185
1759550 185
1759560 185
1759570 185
1759580 185
1759590 185
1759600 185
1759610 185
1759620 185
1759630 185
1759640 186
1759650 186
1759660 185
1759670 186
1759680 185
1759690 185
1759700 185
1759710 185
1759720 185
1759730 185
1759740 184
1759750 184
1759760 184
1759770 184
1759780 183
1759790 183
1759800 183
1759810 183
1759820 183
1759830 183
1759840 183
1759850 183
1759860 183
1759870 183
1759880 183
1759890 183
1759900 183
1759910 183
1759920 183
1759930 183
1759940 183
1759950 183
1759960 183
1759970 183
1759980 183
1759990 183
1740000 325
1740010 324
1740020 324
1740030 324
1740040 324
1740050 324
1740060 324
1740070 323
1740080 323
1740090 323
1740100 323
1740110 323
1740120 323
1740130 322
1740140 322
1740150 322
1740160 322
1740170 322
1740180 322
1740190 321
1740200 321
1740210 321
1740220 321
1740230 320
1740240 320
1740250 320
1740260 320
1740270 320
1740280 319
1740290 319
1740300 318
1740310 318
1740320 318
1740330 318
1740340 318
1740350 318
1740360 317
1740370 317
1740380 316
1740390 316
1740400 316
1740410 316
1740420 315
1740430 315
1740440 315
1740450 314
1740460 314
1740470 314
1740480 313
1740490 313
1740500 313
1740510 313
1740520 312
1740530 312
1740540 312
1740550 310
1740560 310
1740570 309
1740580 309
1740590 308
1740600 307
1740610 306
1740620 306
1740630 305
1740640 304
1740650 303
1740660 302
1740670 302
1740680 301
1740690 300
1740700 299
1740710 298
1740720 297
1740730 296
1740740 295
1740750 294
1740760 294
1740770 293
1740780 293
1740790 292
1740800 290
1740810 289
1740820 289
1740830 289
1740840 288
1740850 288
1740860 288
1740870 288
1740880 288
1740890 288
1740900 288
1740910 288
1740920 288
1740930 288
1740940 288
1740950 288
1740960 289
1740970 289
1740980 289
1740990 290
1741000 290
1741010 291
1741020 292
1741030 293
1741040 293
1741050 293
1741060 294
1741070 294
1741080 294
1741090 295
1741100 295
1741110 296
1741120 296
1741130 297
1741140 297
1741150 297
1741160 298
1741170 298
1741180 298
1741190 298
1741200 297
1741210 297
1741220 297
1741230 297
1741240 297
1741250 297
1741260 297
1741270 296
1741280 296
1741290 296
1741300 296
1741310 296
1741320 296
1741330 296
1741340 296
1741350 296
1741360 296
1741370 296
1741380 296
1741390 296
1741400 296
1741410 296
1741420 296
1741430 295
1741440 295
1741450 295
1741460 294
1741470 294
1741480 294
1741490 293
1741500 293
1741510 293
1741520 292
1741530 292
1741540 292
1741550 292
1741560 291
1741570 292
1741580 291
1741590 291
1741600 290
1741610 290
1741620 290
1741630 290
1741640 290
1741650 289
1741660 289
1741670 289
1741680 289
1741690 288
1741700 288
1741710 288
1741720 288
1741730 288
1741740 287
1741750 287
1741760 287
1741770 286
1741780 286
1741790 286
1741800 286
1741810 285
1741820 285
1741830 285
1741840 284
1741850 284
1741860 284
1741870 284
1741880 283
1741890 283
1741900 283
1741910 282
1741920 282
1741930 282
1741940 281
1741950 281
1741960 281
1741970 281
1741980 281
1741990 280
1742000 279
1742010 278
1742020 279
1742030 279
1742040 279
1742050 278
1742060 278
1742070 278
1742080 278
1742090 277
1742100 277
1742110 277
1742120 277
1742130 276
1742140 276
1742150 276
1742160 275
1742170 275
1742180 275
1742190 275
1742200 274
1742210 274
1742220 273
1742230 272
1742240 272
1742250 271
1742260 270
1742270 269
1742280 268
1742290 268
1742300 268
1742310 267
1742320 267
1742330 267
1742340 266
1742350 266
1742360 266
1742370 265
1742380 265
1742390 265
1742400 264
1742410 263
1742420 263
1742430 262
1742440 262
1742450 262
1742460 261
1742470 260
1742480 259
1742490 259
1742500 258
1742510 257
1742520 257
1742530 256
1742540 256
1742550 255
1742560 255
1742570 254
1742580 252
1742590 250
1742600 249
1742610 248
1742620 248
1742630 248
1742640 248
1742650 247
1742660 247
1742670 246
1742680 245
1742690 244
1742700 243
1742710 243
1742720 243
1742730 243
1742740 243
1742750 242
1742760 241
1742770 240
1742780 239
1742790 239
1742800 238
1742810 238
1742820 236
1742830 234
1742840 232
1742850 229
1742860 227
1742870 226
1742880 224
1742890 223
1742900 221
1742910 217
1742920 214
1742930 211
1742940 209
1742950 208
1742960 206
1742970 205
1742980 204
1742990 205
1743000 209
1743010 212
1743020 216
1743030 218
1743040 220
1743050 223
1743060 225
1743070 227
1743080 229
1743090 231
1743100 232
1743110 233
1743120 232
1743130 232
1743140 232
1743150 232
1743160 233
1743170 235
1743180 237
1743190 239
1743200 240
1743210 241
1743220 241
1743230 242
1743240 243
1743250 243
1743260 244
1743270 244
1743280 245
1743290 246
1743300 247
1743310 248
1743320 249
1743330 250
1743340 250
1743350 250
1743360 251
1743370 252
1743380 253
1743390 254
1743400 256
1743410 258
1743420 259
1743430 260
1743440 259
1743450 259
1743460 259
1743470 259
1743480 259
1743490 259
1743500 259
1743510 260
1743520 261
1743530 261
1743540 259
1743550 258
1743560 256
1743570 256
1743580 255
1743590 255
1743600 255
1743610 255
1743620 255
1743630 255
1743640 255
1743650 255
1743660 255
1743670 255
1743680 255
1743690 255
1743700 254
1743710 253
1743720 253
1743730 252
1743740 252
1743750 251
1743760 250
1743770 249
1743780 248
1743790 247
1743800 247
1743810 246
1743820 246
1743830 246
1743840 245
1743850 245
1743860 244
1743870 243
1743880 243
1743890 242
1743900 242
1743910 241
1743920 240
1743930 240
1743940 240
1743950 241
1743960 242
1743970 242
1743980 243
1743990 244
1744000 245
1744010 245
1744020 245
1744030 246
1744040 246
1744050 245
1744060 245
1744070 245
1744080 244
1744090 244
1744100 244
1744110 244
1744120 244
1744130 245
1744140 245
1744150 245
1744160 245
1744170 245
1744180 245
1744190 245
1744200 245
1744210 244
1744220 243
1744230 243
1744240 242
1744250 243
1744260 245
1744270 246
1744280 247
1744290 247
1744300 248
1744310 249
1744320 249
1744330 250
1744340 250
1744350 250
1744360 251
1744370 252
1744380 254
1744390 255
1744400 257
1744410 258
1744420 259
1744430 260
1744440 262
1744450 263
1744460 265
1744470 266
1744480 267
1744490 268
1744500 268
1744510 269
1744520 270
1744530 272
1744540 274
1744550 276
1744560 277
1744570 278
1744580 279
1744590 280
1744600 280
1744610 279
1744620 280
1744630 280
1744640 280
1744650 281
1744660 282
1744670 284
1744680 286
1744690 287
1744700 289
1744710 290
1744720 291
1744730 293
1744740 293
1744750 293
1744760 294
1744770 294
1744780 293
1744790 293
1744800 292
1744810 290
1744820 289
1744830 287
1744840 286
1744850 285
1744860 285
1744870 285
1744880 286
1744890 287
1744900 289
1744910 290
1744920 292
1744930 293
1744940 294
1744950 294
1744960 293
1744970 293
1744980 293
1744990 293
1745000 292
1745010 292
1745020 292
1745030 291
1745040 291
1745050 291
1745060 290
1745070 290
1745080 289
1745090 289
1745100 288
1745110 287
1745120 287
1745130 286
1745140 285
1745150 284
1745160 283
1745170 282
1745180 282
1745190 282
1745200 281
1745210 282
1745220 282
1745230 282
1745240 284
1745250 286
1745260 289
1745270 292
1745280 294
1745290 297
1745300 298
1745310 298
1745320 299
1745330 299
1745340 300
1745350 300
1745360 299
1745370 299
1745380 299
1745390 301
1745400 302
1745410 302
1745420 301
1745430 299
1745440 298
1745450 297
1745460 296
1745470 295
1745480 294
1745490 294
1745500 293
1745510 292
1745520 292
1745530 290
1745540 289
1745550 288
1745560 287
1745570 286
1745580 286
1745590 285
1745600 286
1745610 288
1745620 291
1745630 295
1745640 299
1745650 302
1745660 305
1745670 308
1745680 309
1745690 311
1745700 313
1745710 314
1745720 314
1745730 313
1745740 312
1745750 311
1745760 310
1745770 309
1745780 308
1745790 307
1745800 306
1745810 306
1745820 305
1745830 305
1745840 306
1745850 306
1745860 306
1745870 305
1745880 303
1745890 300
1745900 304
1745910 307
1745920 310
1745930 313
1745940 316
1745950 317
1745960 318
1745970 318
1745980 319
1745990 321
1746000 323
1746010 326
1746020 327
1746030 327
1746040 326
1746050 323
1746060 321
1746070 319
1746080 318
1746090 317
1746100 317
1746110 318
1746120 319
1746130 320
1746140 322
1746150 324
1746160 326
1746170 328
1746180 330
1746190 332
1746200 333
1746210 334
1746220 334
1746230 334
1746240 333
1746250 333
1746260 333
1746270 334
1746280 334
1746290 334
1746300 335
1746310 336
1746320 337
1746330 338
1746340 339
1746350 341
1746360 343
1746370 345
1746380 343
1746390 341
1746400 338
1746410 336
1746420 334
1746430 332
1746440 331
1746450 330
1746460 328
1746470 327
1746480 327
1746490 326
1746500 326
1746510 325
1746520 325
1746530 325
1746540 325
1746550 325
1746560 325
1746570 325
1746580 325
1746590 325
1746600 325
1746610 325
1746620 325
1746630 326
1746640 326
1746650 326
1746660 327
1746670 328
1746680 328
1746690 329
1746700 329
1746710 329
1746720 328
1746730 328
1746740 327
1746750 326
1746760 325
1746770 324
1746780 323
1746790 322
1746800 321
1746810 320
1746820 319
1746830 318
1746840 317
1746850 316
1746860 315
1746870 314
1746880 314
1746890 311
1746900 308
1746910 308
1746920 307
1746930 306
1746940 306
1746950 306
1746960 305
1746970 305
1746980 304
1746990 303
1747000 303
1747010 302
1747020 302
1747030 301
1747040 301
1747050 300
1747060 298
1747070 297
1747080 297
1747090 296
1747100 296
1747110 296
1747120 295
1747130 295
1747140 294
1747150 294
1747160 294
1747170 294
1747180 293
1747190 293
1747200 293
1747210 293
1747220 293
1747230 292
1747240 292
1747250 291
1747260 290
1747270 289
1747280 289
1747290 289
1747300 289
1747310 288
1747320 287
1747330 285
1747340 283
1747350 282
1747360 282
1747370 281
1747380 281
1747390 280
1747400 280
1747410 280
1747420 280
1747430 279
1747440 279
1747450 278
1747460 277
1747470 277
1747480 277
1747490 276
1747500 276
1747510 276
1747520 275
1747530 275
1747540 274
1747550 274
1747560 273
1747570 273
1747580 272
1747590 272
1747600 271
1747610 270
1747620 270
1747630 269
1747640 269
1747650 269
1747660 268
1747670 268
1747680 268
1747690 268
1747700 267
1747710 267
1747720 266
1747730 266
1747740 266
1747750 265
1747760 265
1747770 264
1747780 264
1747790 264
1747800 264
1747810 264
1747820 263
1747830 262
1747840 262
1747850 261
1747860 261
1747870 260
1747880 258
1747890 254
1747900 254
1747910 253
1747920 250
1747930 248
1747940 247
1747950 245
1747960 243
1747970 241
1747980 239
1747990 238
1748000 237
1748010 236
1748020 234
1748030 233
1748040 232
1748050 232
1748060 231
1748070 230
1748080 229
1748090 228
1748100 228
1748110 228
1748120 228
1748130 227
1748140 226
1748150 225
1748160 225
1748170 225
1748180 224
1748190 224
1748200 224
1748210 223
1748220 223
1748230 223
1748240 223
1748250 222
1748260 222
1748270 222
1748280 221
1748290 221
1748300 220
1748310 220
1748320 220
1748330 219
1748340 219
1748350 219
1748360 219
1748370 219
1748380 219
1748390 219
1748400 219
1748410 218
1748420 216
1748430 215
1748440 215
1748450 215
1748460 215
1748470 215
1748480 214
1748490 214
1748500 214
1748510 214
1748520 213
1748530 213
1748540 213
1748550 213
1748560 212
1748570 212
1748580 212
1748590 212
1748600 211
1748610 210
1748620 209
1748630 208
1748640 204
1748650 200
1748660 197
1748670 196
1748680 195
1748690 194
1748700 194
1748710 194
1748720 194
1748730 193
1748740 193
1748750 192
1748760 192
1748770 191
1748780 191
1748790 190
1748800 190
1748810 189
1748820 189
1748830 189
1748840 189
1748850 188
1748860 188
1748870 188
1748880 188
1748890 189
1748900 189
1748910 189
1748920 189
1748930 189
1748940 189
1748950 189
1748960 189
1748970 189
1748980 189
1748990 190
1749000 189
1749010 189
1749020 189
1749030 190
1749040 190
1749050 190
1749060 190
1749070 190
1749080 190
1749090 189
1749100 189
1749110 189
1749120 188
1749130 188
1749140 188
1749150 189
1749160 189
1749170 189
1749180 189
1749190 191
1749200 194
1749210 195
1749220 194
1749230 191
1749240 190
1749250 190
1749260 190
1749270 190
1749280 190
1749290 190
1749300 190
1749310 191
1749320 191
1749330 191
1749340 191
1749350 191
1749360 191
1749370 190
1749380 190
1749390 191
1749400 191
1749410 190
1749420 190
1749430 191
1749440 192
1749450 193
1749460 193
1749470 193
1749480 190
1749490 189
1749500 187
1749510 186
1749520 186
1749530 186
1749540 186
1749550 186
1749560 186
1749570 187
1749580 188
1749590 189
1749600 189
1749610 189
1749620 189
1749630 189
1749640 189
1749650 189
1749660 189
1749670 189
1749680 189
1749690 189
1749700 189
1749710 189
1749720 189
1749730 189
1749740 189
1749750 189
1749760 189
1749770 189
1749780 189
1749790 189
1749800 188
1749810 187
1749820 187
1749830 187
1749840 187
1749850 187
1749860 187
1749870 188
1749880 188
1749890 188
1749900 188
1749910 188
1749920 188
1749930 188
1749940 188
1749950 189
1749960 189
1749970 189
1749980 189
1749990 189
1750000 189
1750010 189
1750020 189
1750030 189
1750040 189
1750050 189
1750060 189
1750070 189
1750080 189
1750090 189
1750100 189
1750110 189
1750120 189
1750130 189
1750140 189
1750150 189
1750160 189
1750170 189
1750180 189
1750190 189
1750200 189
1750210 189
1750220 189
1750230 189
1750240 189
1750250 189
1750260 189
1750270 189
1750280 189
1750290 189
1750300 189
1750310 189
1750320 189
1750330 189
1750340 189
1750350 189
1750360 189
1750370 189
1750380 189
1750390 189
1750400 188
1750410 188
1750420 187
1750430 187
1750440 187
1750450 188
1750460 189
1750470 189
1750480 189
1750490 189
1750500 189
1750510 189
1750520 189
1750530 189
1750540 189
1750550 189
1750560 189
1750570 189
1750580 189
1750590 188
1750600 188
1750610 188
1750620 188
1750630 188
1750640 187
1750650 187
1750660 186
1750670 186
1750680 186
1750690 186
1750700 186
1750710 186
1750720 186
1750730 186
1750740 186
1750750 186
1750760 186
1750770 186
1750780 186
1750790 186
1750800 186
1750810 186
1750820 186
1750830 187
1750840 187
1750850 187
1750860 187
1750870 187
1750880 187
1750890 187
1750900 186
1750910 186
1750920 186
1750930 186
1750940 186
1750950 186
1750960 186
1750970 186
1750980 186
1750990 187
1751000 187
1751010 187
1751020 187
1751030 187
1751040 187
1751050 187
1751060 187
1751070 187
1751080 187
1751090 187
1751100 187
1751110 187
1751120 186
1751130 186
1751140 187
1751150 187
1751160 187
1751170 187
1751180 187
1751190 187
1751200 187
1751210 187
1751220 187
1751230 187
1751240 187
1751250 187
1751260 187
1751270 187
1751280 187
1751290 187
1751300 187
1751310 187
1751320 187
1751330 187
1751340 187
1751350 187
1751360 187
1751370 187
1751380 187
1751390 187
1751400 187
1751410 187
1751420 187
1751430 187
1751440 187
1751450 187
1751460 187
1751470 187
1751480 188
1751490 187
1751500 187
1751510 187
1751520 187
1751530 187
1751540 187
1751550 187
1751560 188
1751570 188
1751580 188
1751590 188
1751600 188
1751610 188
1751620 187
1751630 187
1751640 187
1751650 187
1751660 187
1751670 187
1751680 186
1751690 186
1751700 187
1751710 189
1751720 190
1751730 190
1751740 191
1751750 191
1751760 192
1751770 193
1751780 194
1751790 194
1751800 194
1751810 194
1751820 193
1751830 193
1751840 193
1751850 193
1751860 193
1751870 193
1751880 193
1751890 193
1751900 193
1751910 193
1751920 193
1751930 193
1751940 193
1751950 193
1751960 193
1751970 193
1751980 193
1751990 193
1752000 193
1752010 193
1752020 193
1752030 193
1752040 193
1752050 193
1752060 193
1752070 193
1752080 193
1752090 193
1752100 193
1752110 193
1752120 193
1752130 193
1752140 193
1752150 193
1752160 193
1752170 193
1752180 193
1752190 193
1752200 193
1752210 193
1752220 193
1752230 193
1752240 193
1752250 193
1752260 193
1752270 193
1752280 193
1752290 193
1752300 193
1752310 193
1752320 193
1752330 193
1752340 193
1752350 193
1752360 193
1752370 193
1752380 193
1752390 193
1752400 193
1752410 193
1752420 193
1752430 193
1752440 193
1752450 193
1752460 193
1752470 193
1752480 193
1752490 193
1752500 193
1752510 193
1752520 193
1752530 193
1752540 193
1752550 193
1752560 193
1752570 193
1752580 193
1752590 193
1752600 193
1752610 193
1752620 193
1752630 193
1752640 193
1752650 193
1752660 193
1752670 193
1752680 193
1752690 193
1752700 193
1752710 193
1752720 193
1752730 193
1752740 193
1752750 193
1752760 193
1752770 193
1752780 193
1752790 193
1752800 193
1752810 193
1752820 193
1752830 193
1752840 193
1752850 193
1752860 193
1752870 193
1752880 193
1752890 193
1752900 193
1752910 193
1752920 193
1752930 193
1752940 193
1752950 193
1752960 193
1752970 193
1752980 193
1752990 193
1753000 193
1753010 193
1753020 193
1753030 193
1753040 193
1753050 193
1753060 193
1753070 193
1753080 193
1753090 193
1753100 193
1753110 193
1753120 193
1753130 193
1753140 193
1753150 193
1753160 193
1753170 193
1753180 193
1753190 193
1753200 193
1753210 193
1753220 193
1753230 193
1753240 193
1753250 193
1753260 193
1753270 193
1753280 193
1753290 193
1753300 193
1753310 193
1753320 193
1753330 193
1753340 193
1753350 193
1753360 193
1753370 193
1753380 193
1753390 193
1753400 193
1753410 193
1753420 193
1753430 193
1753440 193
1753450 193
1753460 193
1753470 193
1753480 193
1753490 193
1753500 193
1753510 193
1753520 193
1753530 193
1753540 193
1753550 193
1753560 193
1753570 193
1753580 193
1753590 193
1753600 193
1753610 193
1753620 193
1753630 193
1753640 193
1753650 193
1753660 193
1753670 193
1753680 193
1753690 193
1753700 193
1753710 193
1753720 193
1753730 193
1753740 193
1753750 193
1753760 193
1753770 193
1753780 193
1753790 193
1753800 193
1753810 193
1753820 193
1753830 193
1753840 193
1753850 193
1753860 193
1753870 193
1753880 193
1753890 193
1753900 193
1753910 193
1753920 193
1753930 193
1753940 193
1753950 193
1753960 193
1753970 193
1753980 193
1753990 193
1754000 193
1754010 193
1754020 193
1754030 193
1754040 193
1754050 193
1754060 193
1754070 193
1754080 193
1754090 193
1754100 193
1754110 193
1754120 193
1754130 193
1754140 193
1754150 193
1754160 193
1754170 193
1754180 193
1754190 193
1754200 193
1754210 193
1754220 193
1754230 193
1754240 193
1754250 193
1754260 193
1754270 193
1754280 193
1754290 193
1754300 193
1754310 193
1754320 193
1754330 193
1754340 193
1754350 193
1754360 193
1754370 193
1754380 193
1754390 193
1754400 193
1754410 193
1754420 193
1754430 193
1754440 193
1754450 193
1754460 193
1754470 193
1754480 193
1754490 193
1754500 193
1754510 193
1754520 193
1754530 193
1754540 193
1754550 193
1754560 193
1754570 193
1754580 193
1754590 193
1754600 193
1754610 193
1754620 193
1754630 193
1754640 193
1754650 193
1754660 193
1754670 193
1754680 193
1754690 193
1754700 193
1754710 193
1754720 193
1754730 193
1754740 193
1754750 193
1754760 193
1754770 193
1754780 193
1754790 193
1754800 193
1754810 193
1754820 193
1754830 193
1754840 193
1754850 193
1754860 193
1754870 193
1754880 193
1754890 193
1754900 193
1754910 193
1754920 193
1754930 193
1754940 193
1754950 193
1754960 193
1754970 193
1754980 193
1754990 193
1755000 193
1755010 193
1755020 193
1755030 193
1755040 193
1755050 193
1755060 193
1755070 193
1755080 193
1755090 193
1755100 193
1755110 193
1755120 193
1755130 193
1755140 193
1755150 193
1755160 193
1755170 193
1755180 193
1755190 193
1755200 193
1755210 193
1755220 193
1755230 193
1755240 193
1755250 193
1755260 193
1755270 193
1755280 193
1755290 193
1755300 193
1755310 193
1755320 193
1755330 193
1755340 193
1755350 193
1755360 193
1755370 193
1755380 193
1755390 193
1755400 193
1755410 193
1755420 193
1755430 193
1755440 193
1755450 193
1755460 193
1755470 193
1755480 193
1755490 193
1755500 194
1755510 194
1755520 194
1755530 194
1755540 194
1755550 194
1755560 194
1755570 194
1755580 193
1755590 192
1755600 192
1755610 191
1755620 191
1755630 190
1755640 190
1755650 190
1755660 189
1755670 189
1755680 189
1755690 188
1755700 187
1755710 186
1755720 186
1755730 186
1755740 186
1755750 186
1755760 186
1755770 186
1755780 186
1755790 186
1755800 187
1755810 187
1755820 187
1755830 186
1755840 186
1755850 187
1755860 187
1755870 187
1755880 187
1755890 187
1755900 187
1755910 187
1755920 187
1755930 187
1755940 187
1755950 187
1755960 187
1755970 187
1755980 187
1755990 187
1756000 187
1756010 187
1756020 186
1756030 186
1756040 187
1756050 187
1756060 186
1756070 186
1756080 186
1756090 186
1756100 187
1756110 187
1756120 187
1756130 187
1756140 187
1756150 187
1756160 187
1756170 187
1756180 187
1756190 187
1756200 187
1756210 187
1756220 187
1756230 187
1756240 187
1756250 187
1756260 187
