1755530 187
1755540 187
1755550 187
1755560 187
1755570 187
1755580 187
1755590 187
1755600 187
1755610 187
1755620 187
1755630 187
1755640 187
1755650 187
1755660 187
1755670 187
1755680 187
1755690 187
1755700 187
1755710 187
1755720 187
1755730 187
1755740 187
1755750 187
1755760 186
1755770 186
1755780 187
1755790 187
1755800 187
1755810 188
1755820 188
1755830 188
1755840 187
1755850 187
1755860 187
1755870 187
1755880 187
1755890 187
1755900 187
1755910 187
1755920 188
1755930 188
1755940 188
1755950 188
1755960 188
1755970 188
1755980 187
1755990 187
1756000 187
1756010 186
1756020 185
1756030 185
1756040 185
1756050 185
1756060 185
1756070 185
1756080 185
1756090 185
1756100 185
1756110 185
1756120 185
1756130 185
1756140 185
1756150 185
1756160 185
1756170 185
1756180 185
1756190 185
1756200 185
1756210 185
1756220 185
1756230 185
1756240 185
1756250 185
1756260 185
1756270 185
1756280 186
1756290 187
1756300 187
1756310 187
1756320 187
1756330 187
1756340 187
1756350 187
1756360 187
1756370 187
1756380 187
1756390 187
1756400 187
1756410 187
1756420 187
1756430 187
1756440 187
1756450 187
1756460 187
1756470 187
1756480 187
1756490 187
1756500 187
1756510 187
1756520 187
1756530 187
1756540 187
1756550 187
1756560 187
1756570 187
1756580 187
1756590 187
1756600 187
1756610 187
1756620 186
1756630 186
1756640 187
1756650 187
1756660 187
1756670 187
1756680 187
1756690 187
1756700 187
1756710 186
1756720 186
1756730 186
1756740 185
1756750 185
1756760 186
1756770 186
1756780 186
1756790 186
1756800 186
1756810 186
1756820 186
1756830 185
1756840 186
1756850 186
1756860 186
1756870 186
1756880 186
1756890 186
1756900 186
1756910 186
1756920 186
1756930 186
1756940 186
1756950 186
1756960 186
1756970 186
1756980 186
1756990 186
1757000 186
1757010 186
1757020 186
1757030 186
1757040 186
1757050 186
1757060 186
1757070 186
1757080 186
1757090 186
1757100 186
1757110 186
1757120 186
1757130 186
1757140 186
1757150 186
1757160 186
1757170 186
1757180 186
1757190 186
1757200 186
1757210 186
1757220 186
1757230 186
1757240 186
1757250 186
1757260 186
1757270 186
1757280 186
1757290 186
1757300 186
1757310 186
1757320 186
1757330 186
1757340 186
1757350 186
1757360 186
1757370 186
1757380 186
1757390 186
1757400 186
1757410 185
1757420 185
1757430 185
1757440 185
1757450 185
1757460 185
1757470 185
1757480 185
1757490 185
1757500 185
1757510 185
1757520 185
1757530 185
1757540 185
1757550 184
1757560 185
1757570 185
1757580 185
1757590 186
1757600 186
1757610 186
1757620 186
1757630 186
1757640 186
1757650 186
1757660 185
1757670 186
1757680 186
1757690 186
1757700 186
1757710 186
1757720 186
1757730 186
1757740 186
1757750 186
1757760 186
1757770 186
1757780 186
1757790 186
1757800 186
1757810 186
1757820 186
1757830 186
1757840 186
1757850 186
1757860 186
1757870 186
1757880 186
1757890 186
1757900 186
1757910 185
1757920 185
1757930 185
1757940 185
1757950 185
1757960 184
1757970 184
1757980 184
1757990 184
1758000 184
1758010 184
1758020 184
1758030 184
1758040 184
1758050 184
1758060 184
1758070 184
1758080 184
1758090 184
1758100 184
1758110 184
1758120 184
1758130 184
1758140 184
1758150 184
1758160 184
1758170 184
1758180 184
1758190 184
1758200 184
1758210 184
1758220 184
1758230 184
1758240 184
1758250 184
1758260 184
1758270 184
1758280 183
1758290 184
1758300 184
1758310 184
1758320 184
1758330 184
1758340 184
1758350 184
1758360 184
1758370 184
1758380 184
1758390 184
1758400 184
1758410 184
1758420 184
1758430 184
1758440 184
1758450 184
1758460 184
1758470 184
1758480 184
1758490 184
1758500 184
1758510 184
1758520 184
1758530 184
1758540 184
1758550 184
1758560 184
1758570 184
1758580 184
1758590 184
1758600 184
1758610 184
1758620 184
1758630 184
1758640 184
1758650 184
1758660 184
1758670 184
1758680 184
1758690 184
1758700 184
1758710 184
1758720 184
1758730 184
1758740 184
1758750 184
1758760 184
1758770 184
1758780 184
1758790 184
1758800 184
1758810 184
1758820 184
1758830 184
1758840 184
1758850 184
1758860 184
1758870 184
1758880 184
1758890 184
1758900 184
1758910 184
1758920 184
1758930 184
1758940 184
1758950 184
1758960 184
1758970 184
1758980 184
1758990 184
1759000 184
1759010 184
1759020 184
1759030 184
1759040 184
1759050 184
1759060 184
1759070 184
1759080 184
1759090 184
1759100 184
1759110 184
1759120 184
1759130 184
1759140 184
1759150 184
1759160 184
1759170 184
1759180 184
1759190 184
1759200 185
1759210 185
1759220 185
1759230 185
1759240 186
1759250 186
1759260 186
1759270 186
1759280 187
1759290 187
1759300 187
1759310 187
1759320 186
1759330 186
1759340 186
1759350 186
1759360 186
1759370 186
1759380 186
1759390 186
1759400 186
1759410 186
1759420 186
1759430 186
1759440 186
1759450 186
1759460 186
1759470 186
1759480 186
1759490 186
1759500 186
1759510 186
1759520 186
1759530 186
1759540 186
1759550 186
1759560 186
1759570 186
1759580 186
1759590 186
1759600 185
1759610 185
1759620 185
1759630 185
1759640 185
1759650 184
1759660 184
1759670 184
1759680 184
1759690 184
1759700 184
1759710 184
1759720 184
1759730 185
1759740 185
1759750 185
1759760 185
1759770 185
1759780 185
1759790 185
1759800 185
1759810 185
1759820 185
1759830 185
1759840 185
1759850 185
1759860 185
1759870 185
1759880 185
1759890 185
1759900 185
1759910 185
1759920 185
1759930 185
1759940 185
1759950 185
1759960 185
1759970 185
1759980 185
1759990 184
