1740000 199
1740010 199
1740020 199
1740030 199
1740040 198
1740050 198
1740060 198
1740070 198
1740080 198
1740090 198
1740100 197
1740110 197
1740120 196
1740130 195
1740140 194
1740150 193
1740160 193
1740170 193
1740180 192
1740190 192
1740200 192
1740210 192
1740220 192
1740230 192
1740240 192
1740250 192
1740260 192
1740270 192
1740280 192
1740290 192
1740300 192
1740310 192
1740320 192
1740330 192
1740340 192
1740350 192
1740360 192
1740370 192
1740380 192
1740390 192
1740400 191
1740410 191
1740420 191
1740430 191
1740440 191
1740450 191
1740460 191
1740470 192
1740480 192
1740490 192
1740500 192
1740510 192
1740520 192
1740530 192
1740540 192
1740550 192
1740560 192
1740570 192
1740580 192
1740590 192
1740600 192
1740610 192
1740620 192
1740630 192
1740640 191
1740650 190
1740660 191
1740670 191
1740680 191
1740690 192
1740700 192
1740710 192
1740720 192
1740730 192
1740740 192
1740750 191
1740760 191
1740770 191
1740780 192
1740790 192
1740800 192
1740810 192
1740820 192
1740830 192
1740840 191
1740850 191
1740860 191
1740870 191
1740880 191
1740890 191
1740900 191
1740910 191
1740920 191
1740930 191
1740940 191
1740950 191
1740960 191
1740970 191
1740980 191
1740990 191
1741000 191
1741010 190
1741020 190
1741030 190
1741040 190
1741050 190
1741060 190
1741070 190
1741080 190
1741090 190
1741100 191
1741110 191
1741120 191
1741130 191
1741140 191
1741150 192
1741160 192
1741170 192
1741180 192
1741190 192
1741200 192
1741210 191
1741220 191
1741230 191
1741240 192
1741250 192
1741260 192
1741270 192
1741280 191
1741290 191
1741300 191
1741310 191
1741320 191
1741330 192
1741340 192
1741350 192
1741360 192
1741370 192
1741380 192
1741390 192
1741400 192
1741410 192
1741420 192
1741430 192
1741440 192
1741450 192
1741460 192
1741470 192
1741480 192
1741490 192
1741500 192
1741510 192
1741520 192
1741530 192
1741540 192
1741550 192
1741560 191
1741570 191
1741580 191
1741590 191
1741600 192
1741610 192
1741620 192
1741630 192
1741640 192
1741650 192
1741660 191
1741670 191
1741680 191
1741690 191
1741700 191
1741710 192
1741720 192
1741730 192
1741740 192
1741750 192
1741760 192
1741770 192
1741780 192
1741790 192
1741800 192
1741810 192
1741820 192
1741830 192
1741840 192
1741850 191
1741860 191
1741870 191
1741880 191
1741890 192
1741900 192
1741910 192
1741920 192
1741930 192
1741940 192
1741950 192
1741960 192
1741970 192
1741980 192
1741990 192
1742000 192
1742010 192
1742020 192
1742030 192
1742040 192
1742050 191
1742060 191
1742070 192
1742080 193
1742090 194
1742100 195
1742110 196
1742120 196
1742130 196
1742140 195
1742150 194
1742160 194
1742170 194
1742180 194
1742190 194
1742200 193
1742210 193
1742220 193
1742230 193
1742240 193
1742250 193
1742260 193
1742270 193
1742280 193
1742290 193
1742300 193
1742310 193
1742320 193
1742330 193
1742340 193
1742350 193
1742360 193
1742370 193
1742380 193
1742390 193
1742400 193
1742410 193
1742420 193
1742430 193
1742440 193
1742450 193
1742460 193
1742470 193
1742480 193
1742490 193
1742500 193
1742510 193
1742520 193
1742530 193
1742540 193
1742550 193
1742560 193
1742570 193
1742580 193
1742590 193
1742600 193
1742610 193
1742620 193
1742630 193
1742640 193
1742650 193
1742660 193
1742670 193
1742680 193
1742690 193
1742700 193
1742710 193
1742720 193
1742730 193
1742740 193
1742750 193
1742760 193
1742770 193
1742780 193
1742790 194
1742800 194
1742810 193
1742820 192
1742830 191
1742840 190
1742850 190
1742860 190
1742870 191
1742880 192
1742890 192
1742900 193
1742910 193
1742920 193
1742930 193
1742940 193
1742950 193
1742960 193
1742970 193
1742980 193
1742990 193
1743000 193
1743010 193
1743020 193
1743030 193
1743040 193
1743050 193
1743060 193
1743070 193
1743080 192
1743090 192
1743100 192
1743110 192
1743120 192
1743130 191
1743140 192
1743150 192
1743160 192
1743170 192
1743180 192
1743190 192
1743200 192
1743210 192
1743220 192
1743230 192
1743240 192
1743250 192
1743260 192
1743270 192
1743280 192
1743290 193
1743300 193
1743310 192
1743320 192
1743330 192
1743340 192
1743350 192
1743360 192
1743370 192
1743380 192
1743390 192
1743400 192
1743410 192
1743420 192
1743430 192
1743440 191
1743450 190
1743460 190
1743470 190
1743480 190
1743490 190
1743500 191
1743510 191
1743520 192
1743530 192
1743540 192
1743550 192
1743560 192
1743570 192
1743580 192
1743590 192
1743600 192
1743610 192
1743620 192
1743630 191
1743640 191
1743650 191
1743660 191
1743670 191
1743680 191
1743690 191
1743700 191
1743710 191
1743720 191
1743730 191
1743740 191
1743750 191
1743760 191
1743770 191
1743780 190
1743790 189
1743800 190
1743810 191
1743820 191
1743830 191
1743840 191
1743850 191
1743860 191
1743870 191
1743880 191
1743890 191
1743900 191
1743910 191
1743920 191
1743930 191
1743940 191
1743950 191
1743960 191
1743970 191
1743980 190
1743990 190
1744000 189
1744010 189
1744020 190
1744030 192
1744040 194
1744050 194
1744060 192
1744070 190
1744080 189
1744090 189
1744100 189
1744110 189
1744120 189
1744130 189
1744140 189
1744150 189
1744160 189
1744170 189
1744180 189
1744190 189
1744200 189
1744210 189
1744220 189
1744230 189
1744240 189
1744250 189
1744260 189
1744270 189
1744280 189
1744290 189
1744300 189
1744310 189
1744320 189
1744330 189
1744340 189
1744350 189
1744360 189
1744370 189
1744380 189
1744390 189
1744400 189
1744410 189
1744420 189
1744430 189
1744440 189
1744450 189
1744460 189
1744470 189
1744480 189
1744490 189
1744500 189
1744510 189
1744520 189
1744530 189
1744540 189
1744550 190
1744560 192
1744570 191
1744580 191
1744590 190
1744600 190
1744610 190
1744620 190
1744630 190
1744640 190
1744650 190
1744660 190
1744670 191
1744680 191
1744690 191
1744700 190
1744710 190
1744720 190
1744730 190
1744740 190
1744750 190
1744760 190
1744770 190
1744780 190
1744790 190
1744800 190
1744810 191
1744820 191
1744830 191
1744840 191
1744850 190
1744860 189
1744870 190
1744880 191
1744890 191
1744900 192
1744910 192
1744920 192
1744930 192
1744940 192
1744950 192
1744960 192
1744970 192
1744980 192
1744990 192
1745000 192
1745010 191
1745020 191
1745030 191
1745040 191
1745050 191
1745060 191
1745070 191
1745080 191
1745090 191
1745100 191
1745110 191
1745120 191
1745130 191
1745140 191
1745150 191
1745160 191
1745170 191
1745180 191
1745190 191
1745200 191
1745210 191
1745220 191
1745230 191
1745240 191
1745250 191
1745260 191
1745270 191
1745280 190
1745290 190
1745300 191
1745310 191
1745320 191
1745330 191
1745340 191
1745350 191
1745360 190
1745370 190
1745380 190
1745390 191
1745400 191
1745410 191
1745420 191
1745430 191
1745440 191
1745450 190
1745460 190
1745470 190
1745480 190
1745490 190
1745500 190
1745510 190
1745520 190
1745530 190
1745540 190
1745550 190
1745560 190
1745570 191
1745580 191
1745590 191
1745600 191
1745610 191
1745620 191
1745630 192
1745640 191
1745650 191
1745660 191
1745670 190
1745680 190
1745690 189
1745700 189
1745710 189
1745720 188
1745730 188
1745740 188
1745750 188
1745760 188
1745770 188
1745780 188
1745790 188
1745800 188
1745810 188
1745820 188
1745830 188
1745840 189
1745850 189
1745860 189
1745870 189
1745880 189
1745890 190
1745900 190
1745910 190
1745920 190
1745930 190
1745940 190
1745950 190
1745960 190
1745970 190
1745980 190
1745990 190
1746000 190
1746010 190
1746020 190
1746030 190
1746040 189
1746050 189
1746060 189
1746070 188
1746080 188
1746090 188
1746100 188
1746110 188
1746120 188
1746130 188
1746140 188
1746150 188
1746160 189
1746170 189
1746180 190
1746190 190
1746200 190
1746210 190
1746220 190
1746230 190
1746240 190
1746250 190
1746260 190
1746270 190
1746280 190
1746290 190
1746300 190
1746310 190
1746320 190
1746330 191
1746340 191
1746350 190
1746360 190
1746370 190
1746380 190
1746390 190
1746400 190
1746410 190
1746420 190
1746430 190
1746440 190
1746450 190
1746460 190
1746470 190
1746480 190
1746490 190
1746500 190
1746510 190
1746520 190
1746530 190
1746540 190
1746550 190
1746560 189
1746570 188
1746580 188
1746590 188
1746600 188
1746610 189
1746620 189
1746630 190
1746640 190
1746650 190
1746660 190
1746670 190
1746680 190
1746690 190
1746700 190
1746710 190
1746720 190
1746730 190
1746740 191
1746750 191
1746760 191
1746770 191
1746780 191
1746790 190
1746800 190
1746810 190
1746820 191
1746830 191
1746840 191
1746850 191
1746860 191
1746870 191
1746880 190
1746890 190
1746900 190
1746910 190
1746920 190
1746930 190
1746940 190
1746950 190
1746960 190
1746970 190
1746980 190
1746990 190
1747000 190
1747010 189
1747020 189
1747030 188
1747040 188
1747050 187
1747060 187
1747070 187
1747080 187
1747090 188
1747100 188
1747110 189
1747120 189
1747130 189
1747140 189
1747150 190
1747160 190
1747170 190
1747180 191
1747190 191
1747200 191
1747210 191
1747220 191
1747230 191
1747240 191
1747250 191
1747260 191
1747270 191
1747280 191
1747290 191
1747300 191
1747310 191
1747320 191
1747330 190
1747340 191
1747350 191
1747360 191
1747370 191
1747380 191
1747390 191
1747400 190
1747410 190
1747420 190
1747430 190
1747440 190
1747450 190
1747460 189
1747470 189
1747480 189
1747490 190
1747500 190
1747510 190
1747520 190
1747530 190
1747540 190
1747550 190
1747560 191
1747570 191
1747580 191
1747590 191
1747600 191
1747610 191
1747620 191
1747630 191
1747640 191
1747650 191
1747660 191
1747670 191
1747680 191
1747690 190
1747700 191
1747710 191
1747720 191
1747730 191
1747740 191
1747750 191
1747760 191
1747770 191
1747780 191
1747790 191
1747800 191
1747810 191
1747820 191
1747830 191
1747840 191
1747850 191
1747860 191
1747870 191
1747880 191
1747890 191
1747900 191
1747910 191
1747920 191
1747930 191
1747940 191
1747950 191
1747960 191
1747970 191
1747980 191
1747990 191
1748000 191
1748010 191
1748020 191
1748030 191
1748040 191
1748050 191
1748060 191
1748070 191
1748080 191
1748090 191
1748100 191
1748110 191
1748120 191
1748130 191
1748140 191
1748150 191
1748160 191
1748170 191
1748180 191
1748190 191
1748200 191
1748210 191
1748220 191
1748230 191
1748240 191
1748250 191
1748260 191
1748270 191
1748280 191
1748290 191
1748300 191
1748310 191
1748320 191
1748330 191
1748340 191
1748350 191
1748360 191
1748370 191
1748380 191
1748390 191
1748400 191
1748410 191
1748420 191
1748430 191
1748440 191
1748450 190
1748460 190
1748470 190
1748480 190
1748490 190
1748500 190
1748510 190
1748520 190
1748530 191
1748540 191
1748550 191
1748560 191
1748570 191
1748580 191
1748590 191
1748600 190
1748610 190
1748620 190
1748630 190
1748640 190
1748650 190
1748660 190
1748670 190
1748680 190
1748690 190
1748700 190
1748710 190
1748720 190
1748730 190
1748740 190
1748750 190
1748760 190
1748770 190
1748780 190
1748790 191
1748800 191
1748810 191
1748820 191
1748830 191
1748840 191
1748850 191
1748860 192
1748870 192
1748880 192
1748890 192
1748900 192
1748910 192
1748920 193
1748930 193
1748940 193
1748950 193
1748960 193
1748970 193
1748980 193
1748990 192
1749000 192
1749010 192
1749020 192
1749030 192
1749040 192
1749050 192
1749060 192
1749070 191
1749080 190
1749090 191
1749100 191
1749110 191
1749120 191
1749130 191
1749140 191
1749150 191
1749160 191
1749170 191
1749180 191
1749190 191
1749200 191
1749210 191
1749220 191
1749230 190
1750230 190
1750240 190
1750250 189
1750260 189
1750270 189
1750280 189
1750290 190
1750300 190
1750310 190
1750320 190
1750330 190
1750340 190
1750350 190
1750360 190
1750370 190
1750380 190
1750390 190
1750400 190
1750410 190
1750420 190
1750430 190
1750440 190
1750450 190
1750460 190
1750470 190
1750480 190
1750490 190
1750500 190
1750510 190
1750520 190
1750530 190
1750540 190
1750550 190
1750560 190
1750570 189
1750580 189
1750590 190
1750600 190
