1740000 309
1740010 309
1740020 309
1740030 309
1740040 309
1740050 309
1740060 309
1740070 309
1740080 309
1740090 309
1740100 309
1740110 309
1740120 309
1740130 309
1740140 309
1740150 309
1740160 309
1740170 309
1740180 309
1740190 309
1740200 309
1740210 309
1740220 309
1740230 308
1740240 308
1740250 308
1740260 308
1740270 308
1740280 308
1740290 308
1740300 308
1740310 308
1740320 307
1740330 307
1740340 307
1740350 307
1740360 307
1740370 307
1740380 307
1740390 306
1740400 306
1740410 306
1740420 306
1740430 306
1740440 306
1740450 306
1740460 306
1740470 305
1740480 305
1740490 304
1740500 302
1740510 301
1740520 300
1740530 300
1740540 299
1740550 298
1740560 297
1740570 296
1740580 296
1740590 296
1740600 296
1740610 295
1740620 292
1740630 289
1740640 286
1740650 286
1740660 286
1740670 285
1740680 284
1740690 283
1740700 283
1740710 282
1740720 281
1740730 280
1740740 279
1740750 278
1740760 277
1740770 276
1740780 275
1740790 275
1740800 273
1740810 272
1740820 271
1740830 271
1740840 271
1740850 272
1740860 274
1740870 276
1740880 278
1740890 280
1740900 283
1740910 286
1740920 290
1740930 292
1740940 295
1740950 297
1740960 298
1740970 299
1740980 300
1740990 300
1741000 301
1741010 301
1741020 302
1741030 302
1741040 303
1741050 304
1741060 304
1741070 305
1741080 305
1741090 306
1741100 306
1741110 307
1741120 308
1741130 308
1741140 308
1741150 309
1741160 309
1741170 310
1741180 310
1741190 311
1741200 311
1741210 311
1741220 312
1741230 312
1741240 312
1741250 312
1741260 312
1741270 313
1741280 313
1741290 313
1741300 313
1741310 313
1741320 313
1741330 313
1741340 313
1741350 312
1741360 312
1741370 312
1741380 312
1741390 312
1741400 312
1741410 311
1741420 311
1741430 311
1741440 311
1741450 311
1741460 311
1741470 310
1741480 310
1741490 310
1741500 310
1741510 310
1741520 310
1741530 309
1741540 309
1741550 309
1741560 309
1741570 309
1741580 309
1741590 309
1741600 309
1741610 309
1741620 308
1741630 308
1741640 308
1741650 308
1741660 308
1741670 308
1741680 309
1741690 309
1741700 309
1741710 309
1741720 309
1741730 309
1741740 309
1741750 309
1741760 309
1741770 309
1741780 309
1741790 309
1741800 310
1741810 310
1741820 310
1741830 310
1741840 310
1741850 310
1741860 310
1741870 310
1741880 310
1741890 310
1741900 310
1741910 311
1741920 311
1741930 311
1741940 311
1741950 311
1741960 311
1741970 311
1741980 311
1741990 311
1742000 311
1742010 312
1742020 312
1742030 312
1742040 312
1742050 312
1742060 312
1742070 312
1742080 312
1742090 312
1742100 312
1742110 312
1742120 312
1742130 312
1742140 312
1742150 312
1742160 312
1742170 312
1742180 312
1742190 312
1742200 312
1742210 312
1742220 312
1742230 312
1742240 312
1742250 312
1742260 312
1742270 311
1742280 311
1742290 311
1742300 311
1742310 311
1742320 311
1742330 311
1742340 311
1742350 311
1742360 311
1742370 311
1742380 311
1742390 311
1742400 311
1742410 311
1742420 311
1742430 311
1742440 311
1742450 311
1742460 311
1742470 311
1742480 310
1742490 310
1742500 310
1742510 310
1742520 310
1742530 310
1742540 310
1742550 309
1742560 309
1742570 309
1742580 309
1742590 308
1742600 308
1742610 308
1742620 307
1742630 307
1742640 306
1742650 306
1742660 304
1742670 303
1742680 302
1742690 301
1742700 301
1742710 300
1742720 300
1742730 299
1742740 299
1742750 298
1742760 297
1742770 297
1742780 297
1742790 296
1742800 296
1742810 295
1742820 294
1742830 294
1742840 294
1742850 293
1742860 292
1742870 292
1742880 291
1742890 291
1742900 291
1742910 290
1742920 290
1742930 289
1742940 289
1742950 288
1742960 288
1742970 288
1742980 287
1742990 287
1743000 287
1743010 287
1743020 287
1743030 287
1743040 286
1743050 285
1743060 285
1743070 285
1743080 285
1743090 284
1743100 283
1743110 283
1743120 282
1743130 282
1743140 282
1743150 281
1743160 281
1743170 281
1743180 280
1743190 280
1743200 279
1743210 278
1743220 278
1743230 278
1743240 277
1743250 277
1743260 277
1743270 276
1743280 276
1743290 276
1743300 276
1743310 276
1743320 275
1743330 275
1743340 275
1743350 275
1743360 275
1743370 274
1743380 273
1743390 273
1743400 272
1743410 272
1743420 271
1743430 271
1743440 271
1743450 271
1743460 270
1743470 270
1743480 270
1743490 269
1743500 269
1743510 269
1743520 269
1743530 268
1743540 268
1743550 267
1743560 267
1743570 267
1743580 266
1743590 266
1743600 266
1743610 266
1743620 265
1743630 265
1743640 265
1743650 265
1743660 264
1743670 263
1743680 263
1743690 262
1743700 262
1743710 261
1743720 260
1743730 259
1743740 259
1743750 258
1743760 258
1743770 257
1743780 257
1743790 256
1743800 255
1743810 255
1743820 255
1743830 254
1743840 254
1743850 253
1743860 253
1743870 252
1743880 251
1743890 250
1743900 250
1743910 249
1743920 249
1743930 249
1743940 249
1743950 248
1743960 248
1743970 248
1743980 247
1743990 246
1744000 245
1744010 244
1744020 244
1744030 243
1744040 242
1744050 242
1744060 240
1744070 239
1744080 239
1744090 238
1744100 238
1744110 238
1744120 237
1744130 237
1744140 237
1744150 237
1744160 238
1744170 238
1744180 238
1744190 238
1744200 239
1744210 239
1744220 239
1744230 239
1744240 238
1744250 237
1744260 236
1744270 236
1744280 235
1744290 235
1744300 235
1744310 235
1744320 235
1744330 235
1744340 234
1744350 233
1744360 232
1744370 232
1744380 232
1744390 232
1744400 232
1744410 231
1744420 231
1744430 231
1744440 231
1744450 230
1744460 229
1744470 228
1744480 228
1744490 228
1744500 228
1744510 228
1744520 227
1744530 227
1744540 227
1744550 226
1744560 226
1744570 226
1744580 226
1744590 225
1744600 225
1744610 224
1744620 224
1744630 224
1744640 224
1744650 224
1744660 223
1744670 222
1744680 222
1744690 222
1744700 222
1744710 222
1744720 221
1744730 220
1744740 220
1744750 220
1744760 219
1744770 218
1744780 217
1744790 215
1744800 213
1744810 211
1744820 210
1744830 211
1744840 212
1744850 213
1744860 214
1744870 214
1744880 214
1744890 214
1744900 213
1744910 213
1744920 212
1744930 211
1744940 211
1744950 211
1744960 211
1744970 210
1744980 209
1744990 209
1745000 211
1745010 212
1745020 212
1745030 211
1745040 209
1745050 209
1745060 209
1745070 208
1745080 208
1745090 206
1745100 205
1745110 204
1745120 203
1745130 202
1745140 202
1745150 201
1745160 201
1745170 201
1745180 201
1745190 201
1745200 200
1745210 200
1745220 200
1745230 200
1745240 200
1745250 200
1745260 199
1745270 199
1745280 199
1745290 199
1745300 199
1745310 199
1745320 199
1745330 198
1745340 198
1745350 198
1745360 198
1745370 198
1745380 198
1745390 198
1745400 198
1745410 199
1745420 199
1745430 199
1745440 199
1745450 199
1745460 199
1745470 199
1745480 199
1745490 199
1745500 199
1745510 199
1745520 199
1745530 199
1745540 199
1745550 199
1745560 199
1745570 200
1745580 200
1745590 200
1745600 200
1745610 200
1745620 200
1745630 200
1745640 200
1745650 199
1745660 199
1745670 199
1745680 199
1745690 199
1745700 199
1745710 199
1745720 199
1745730 199
1745740 199
1745750 199
1745760 199
1745770 198
1745780 198
1745790 198
1745800 198
1745810 198
1745820 198
1745830 198
1745840 198
1745850 198
1745860 198
1745870 198
1745880 198
1745890 198
1745900 197
1745910 197
1745920 197
1745930 197
1745940 197
1745950 197
1745960 197
1745970 197
1745980 197
1745990 197
1746000 197
1746010 197
1746020 196
1746030 196
1746040 196
1746050 196
1746060 196
1746070 195
1746080 195
1746090 195
1746100 195
1746110 195
1746120 195
1746130 195
1746140 195
1746150 195
1746160 195
1746170 195
1746180 195
1746190 195
1746200 195
1746210 195
1746220 195
1746230 195
1746240 195
1746250 195
1746260 195
1746270 195
1746280 195
1746290 195
1746300 195
1746310 195
1746320 195
1746330 195
1746340 195
1746350 195
1746360 195
1746370 195
1746380 195
1746390 195
1746400 195
1746410 195
1746420 195
1746430 195
1746440 195
1746450 195
1746460 195
1746470 195
1746480 195
1746490 195
1746500 195
1746510 195
1746520 195
1746530 195
1746540 195
1746550 195
1746560 195
1746570 195
1746580 195
1746590 195
1746600 195
1746610 195
1746620 195
1746630 195
1746640 195
1746650 195
1746660 196
1746670 196
1746680 196
1746690 196
1746700 196
1746710 196
1746720 196
1746730 196
1746740 196
1746750 196
1746760 196
1746770 196
1746780 197
1746790 197
1746800 197
1746810 197
1746820 196
1746830 196
1746840 196
1746850 196
1746860 196
1746870 195
1746880 195
1746890 195
1746900 195
1746910 195
1746920 195
1746930 195
1746940 195
1746950 195
1746960 195
1746970 195
1746980 195
1746990 195
1747000 195
1747010 195
1747020 195
1747030 195
1747040 195
1747050 195
1747060 195
1747070 195
1747080 195
1747090 195
1747100 195
1747110 195
1747120 195
1747130 195
1747140 195
1747150 195
1747160 195
1747170 195
1747180 195
1747190 195
1747200 195
1747210 195
1747220 195
1747230 195
1747240 195
1747250 195
1747260 195
1747270 195
1747280 195
1747290 195
1747300 195
1747310 195
1747320 195
1747330 195
1747340 195
1747350 195
1747360 195
1747370 195
1747380 195
1747390 195
1747400 195
1747410 195
1747420 195
1747430 195
1747440 195
1747450 195
1747460 195
1747470 195
1747480 195
1747490 195
1747500 195
1747510 195
1747520 195
1747530 195
1747540 195
1747550 195
1747560 195
1747570 195
1747580 195
1747590 195
1747600 195
1747610 195
1747620 195
1747630 195
1747640 195
1747650 195
1747660 194
1747670 194
1747680 194
1747690 194
1747700 194
1747710 195
1747720 195
1747730 195
1747740 195
1747750 195
1747760 195
1747770 195
1747780 195
1747790 195
1747800 195
1747810 195
1747820 195
1747830 195
1747840 195
1747850 195
1747860 195
1747870 195
1747880 195
1747890 195
1747900 195
1747910 195
1747920 195
1747930 195
1747940 195
1747950 195
1747960 195
1747970 195
1747980 195
1747990 195
1748000 195
1748010 195
1748020 195
1748030 195
1748040 195
1748050 195
1748060 195
1748070 195
1748080 195
1748090 195
1748100 195
1748110 195
1748120 195
1748130 195
1748140 195
1748150 195
1748160 195
1748170 195
1748180 195
1748190 195
1748200 195
1748210 195
1748220 195
1748230 195
1748240 195
1748250 195
1748260 195
1748270 195
1748280 195
1748290 195
1748300 195
1748310 195
1748320 195
1748330 195
1748340 195
1748350 195
1748360 195
1748370 195
1748380 195
1748390 195
1748400 195
1748410 195
1748420 195
1748430 195
1748440 195
1748450 195
1748460 195
1748470 195
1748480 195
1748490 195
1748500 195
1748510 195
1748520 195
1748530 195
1748540 195
1748550 195
1748560 195
1748570 195
1748580 195
1748590 195
1748600 195
1748610 195
1748620 195
1748630 195
1748640 195
1748650 195
1748660 195
1748670 196
1748680 196
1748690 196
1748700 195
1748710 195
1748720 196
1748730 196
1748740 196
1748750 196
1748760 196
1748770 196
1748780 196
1748790 196
1748800 196
1748810 196
1748820 196
1748830 196
1748840 196
1748850 196
1748860 196
1748870 196
1748880 196
1748890 196
1748900 196
1748910 196
1748920 196
1748930 196
1748940 196
1748950 196
1748960 196
1748970 196
1748980 196
1748990 197
1749000 197
1749010 197
1749020 197
1749030 197
1749040 197
1749050 197
1749060 197
1749070 197
1749080 197
1749090 197
1749100 197
1749110 197
1749120 197
1749130 197
1749140 197
1749150 197
1749160 196
1749170 194
1749180 194
1749190 195
1749200 196
1749210 197
1749220 197
1749230 197
1749240 197
1749250 197
1749260 197
1749270 197
1749280 198
1749290 198
1749300 198
1749310 198
1749320 198
1749330 198
1749340 198
1749350 198
1749360 198
1749370 198
1749380 198
1749390 198
1749400 198
1749410 198
1749420 198
1749430 198
1749440 198
1749450 198
1749460 198
1749470 196
1749480 196
1749490 196
1749500 196
1749510 196
1749520 196
1749530 195
1749540 195
1749550 195
1749560 195
1749570 195
1749580 195
1749590 195
1749600 195
1749610 195
1749620 195
1749630 195
1749640 195
1749650 195
1749660 195
1749670 195
1749680 195
1749690 195
1749700 195
1749710 195
1749720 195
1749730 195
1749740 195
1749750 195
1749760 195
1749770 195
1749780 196
1749790 196
1749800 196
1749810 195
1749820 195
1749830 196
1749840 196
1749850 196
1749860 196
1749870 196
1749880 196
1749890 196
1749900 196
1749910 195
1749920 195
1749930 195
1749940 195
1749950 195
1749960 195
1749970 195
1749980 195
1749990 195
1750000 195
1750010 195
1750020 195
1750030 195
1750040 195
1750050 196
1750060 196
1750070 196
1750080 196
1750090 196
1750100 196
1750110 196
1750120 196
1750130 196
1750140 195
1750150 195
1750160 195
1750170 196
1750180 196
1750190 196
1750200 196
1750210 196
1750220 196
1750230 196
1750240 196
1750250 196
1750260 196
1750270 196
1750280 196
1750290 196
1750300 196
1750310 196
1750320 196
1750330 196
1750340 196
1750350 196
1750360 196
1750370 196
1750380 196
1750390 196
1750400 196
1750410 196
1750420 196
1750430 196
1750440 196
1750450 196
1750460 196
1750470 195
1750480 196
1750490 196
1750500 195
1750510 195
1750520 195
1750530 195
1750540 195
1750550 195
1750560 195
1750570 195
1750580 195
1750590 195
1750600 195
1750610 195
1750620 195
1750630 195
1750640 195
1750650 195
1750660 195
1750670 195
1750680 195
1750690 195
1750700 195
1750710 195
1750720 195
1750730 195
1750740 195
1750750 195
1750760 195
1750770 195
1750780 195
1750790 195
1750800 195
1750810 195
1750820 195
1750830 195
1750840 195
1750850 195
1750860 195
1750870 195
1750880 195
1750890 195
1750900 195
1750910 195
1750920 195
1750930 195
1750940 195
1750950 195
1750960 195
1750970 195
1750980 195
1750990 195
1751000 195
1751010 195
1751020 195
1751030 195
1751040 195
1751050 195
1751060 195
1751070 195
1751080 195
1751090 195
1751100 195
1751110 195
1751120 195
1751130 195
1751140 195
1751150 195
1751160 195
1751170 195
1751180 195
1751190 195
1751200 195
1751210 195
1751220 195
1751230 195
1751240 195
1751250 195
1751260 195
1751270 195
1751280 195
1751290 195
1751300 195
1751310 195
1751320 194
1751330 194
1751340 194
1751350 194
1751360 194
1751370 194
1751380 194
1751390 194
1751400 194
1751410 194
1751420 194
1751430 194
1751440 194
1751450 194
1751460 195
1751470 195
1751480 195
1751490 195
1751500 195
1751510 195
1751520 195
1751530 195
1751540 195
1751550 195
1751560 195
1751570 195
1751580 195
1751590 195
1751600 195
1751610 195
1751620 195
1751630 195
1751640 195
1751650 195
1751660 195
1751670 195
1751680 195
1751690 194
1751700 194
1751710 195
1751720 195
1751730 195
1751740 195
1751750 195
1751760 194
1751770 194
1751780 194
1751790 194
1751800 194
1751810 194
1751820 195
1751830 195
1751840 195
1751850 194
1751860 195
1751870 195
1751880 194
1751890 194
1751900 194
1751910 194
1751920 194
1751930 194
1751940 194
1751950 194
1751960 194
1751970 194
1751980 194
1751990 194
1752000 194
1752010 194
1752020 195
1752030 195
1752040 195
1752050 194
1752060 194
1752070 194
1752080 194
1752090 194
1752100 194
1752110 194
1752120 194
1752130 194
1752140 195
1752150 195
1752160 195
1752170 195
1752180 195
1752190 195
1752200 195
1752210 195
1752220 195
1752230 194
1752240 194
1752250 195
1752260 195
1752270 194
1752280 194
1752290 194
1752300 194
1752310 194
1752320 194
1752330 194
1752340 194
1752350 195
1752360 195
1752370 195
1752380 195
1752390 195
1752400 195
1752410 195
1752420 195
1752430 195
1752440 195
1752450 195
1752460 195
1752470 195
1752480 195
1752490 195
1752500 195
1752510 195
1752520 195
1752530 194
1752540 194
1752550 194
1752560 194
1752570 194
1752580 194
1752590 194
1752600 194
1752610 194
1752620 194
1752630 194
1752640 194
1752650 194
1752660 194
1752670 194
1752680 194
1752690 194
1752700 194
1752710 195
1752720 195
1752730 195
1752740 195
1752750 195
1752760 195
1752770 195
1752780 194
1752790 194
1752800 194
1752810 194
1752820 194
1752830 195
1752840 195
1752850 195
1752860 195
1752870 195
1752880 194
1752890 195
1752900 195
1752910 195
1752920 194
1752930 195
1752940 195
1752950 195
1752960 195
1752970 195
1752980 195
1752990 195
1753000 194
1753010 194
1753020 194
1753030 194
1753040 195
1753050 195
1753060 195
1753070 195
1753080 195
1753090 195
1753100 195
1753110 195
1753120 194
1753130 194
1753140 194
1753150 194
1753160 194
1753170 194
1753180 194
1753190 194
1753200 194
1753210 194
1753220 194
1753230 194
1753240 194
1753250 194
1753260 195
1753270 195
1753280 195
1753290 194
1753300 194
1753310 194
1753320 194
1753330 194
1753340 194
1753350 194
1753360 194
1753370 194
1753380 194
1753390 194
1753400 194
1753410 194
1753420 194
1753430 194
1753440 194
1753450 194
1753460 194
1753470 194
1753480 194
1753490 194
1753500 194
1753510 194
1753520 194
1753530 194
1753540 194
1753550 194
1753560 194
1753570 194
1753580 194
1753590 194
1753600 194
1753610 194
1753620 193
1753630 193
1753640 193
1753650 193
1753660 193
1753670 193
1753680 193
1753690 193
1753700 193
1753710 193
1753720 193
1753730 193
1753740 193
1753750 193
1753760 193
1753770 193
1753780 193
1753790 193
1753800 193
1753810 193
1753820 193
1753830 193
1753840 193
1753850 193
1753860 193
1753870 193
1753880 193
1753890 193
1753900 193
1753910 193
1753920 193
1753930 193
1753940 193
1753950 193
1753960 193
1753970 193
1753980 193
1753990 193
1754000 193
1754010 193
1754020 193
1754030 193
1754040 193
1754050 193
1754060 193
1754070 193
1754080 193
1754090 193
1754100 193
1754110 193
1754120 193
1754130 193
1754140 193
1754150 193
1754160 193
1754170 193
1754180 193
1754190 193
1754200 193
1754210 193
1754220 192
1754230 192
1754240 192
1754250 192
1754260 192
1754270 192
1754280 192
1754290 192
1754300 192
1754310 192
1754320 192
1754330 192
1754340 192
1754350 192
1754360 192
1754370 192
1754380 192
1754390 192
1754400 192
1754410 192
1754420 192
1754430 192
1754440 192
1754450 192
1754460 192
1754470 192
1754480 192
1754490 192
1754500 192
1754510 192
1754520 192
1754530 192
1754540 192
1754550 192
1754560 192
1754570 192
1754580 192
1754590 193
1754600 193
1754610 193
1754620 193
1754630 193
1754640 192
1754650 192
1754660 192
1754670 192
1754680 193
1754690 193
1754700 193
1754710 193
