1754260 193
1754270 193
1754280 193
1754290 193
1754300 193
1754310 193
1754320 193
1754330 193
1754340 193
1754350 193
1754360 193
1754370 193
1754380 193
1754390 193
1754400 193
1754410 193
1754420 193
1754430 193
1754440 193
1754450 194
1754460 194
1754470 194
1754480 194
1754490 194
1754500 194
1754510 194
1754520 193
1754530 193
1754540 193
1754550 193
1754560 193
1754570 193
1754580 193
1754590 193
1754600 193
1754610 193
1754620 193
1754630 193
1754640 193
1754650 193
1754660 193
1754670 193
1754680 193
1754690 193
1754700 193
1754710 193
1754720 193
1754730 193
1754740 193
1754750 193
1754760 194
1754770 194
1754780 194
1754790 195
1754800 195
1754810 195
1754820 195
1754830 194
1754840 193
1754850 193
1754860 192
1754870 192
1754880 192
1754890 192
1754900 191
1754910 191
1754920 191
1754930 191
1754940 191
1754950 191
1754960 191
1754970 191
1754980 191
1754990 191
1755000 191
1755010 191
1755020 191
1755030 191
1755040 192
1755050 192
1755060 192
1755070 192
1755080 192
1755090 193
1755100 193
1755110 193
1755120 194
1755130 194
1755140 196
1755150 196
1755160 197
1755170 198
1755180 199
1755190 200
1755200 200
1755210 200
1755220 200
1755230 200
1755240 200
1755250 200
1755260 200
1755270 200
1755280 200
1755290 200
1755300 200
1755310 200
1755320 200
1755330 200
1755340 199
1755350 200
1755360 200
1755370 200
1755380 201
1755390 200
1755400 200
1755410 199
1755420 199
1755430 200
1755440 200
1755450 201
1755460 202
1755470 202
1755480 203
1755490 204
1755500 205
1755510 206
1755520 207
1755530 208
1755540 209
1755550 210
1755560 211
1755570 212
1755580 213
1755590 213
1755600 214
1755610 214
1755620 215
1755630 215
1755640 215
1755650 215
1755660 215
1755670 215
1755680 216
1755690 216
1755700 216
1755710 216
1755720 216
1755730 217
1755740 217
1755750 217
1755760 217
1755770 217
1755780 217
1755790 217
1755800 217
1755810 217
1755820 218
1755830 218
1755840 218
1755850 218
1755860 218
1755870 218
1755880 218
1755890 218
1755900 218
1755910 218
1755920 218
1755930 218
1755940 218
1755950 218
1755960 218
1755970 218
1755980 218
1755990 218
1756000 218
1756010 218
1756020 218
1756030 218
1756040 218
1756050 217
1756060 217
1756070 217
1756080 217
1756090 217
1756100 217
1756110 217
1756120 217
1756130 217
1756140 217
1756150 216
1756160 216
1756170 216
1756180 216
1756190 216
1756200 216
1756210 216
1756220 216
1756230 216
1756240 216
1756250 216
1756260 216
1756270 216
1756280 216
1756290 216
1756300 216
1756310 216
1756320 216
1756330 216
1756340 216
1756350 216
1756360 216
1756370 216
1756380 216
1756390 215
1756400 215
1756410 215
1756420 215
1756430 215
1756440 215
1756450 215
1756460 215
1756470 215
1756480 215
1756490 215
1756500 215
1756510 215
1756520 215
1756530 215
1756540 215
1756550 215
1756560 215
1756570 215
1756580 215
1756590 215
1756600 215
1756610 215
1756620 215
1756630 215
1756640 215
1756650 215
1756660 215
1756670 215
1756680 215
1756690 215
1756700 215
1756710 215
1756720 215
1756730 215
1756740 215
1756750 215
1756760 215
1756770 215
1756780 215
1756790 215
1756800 215
1756810 215
1756820 215
1756830 214
1756840 214
1756850 214
1756860 214
1756870 214
1756880 214
1756890 214
1756900 214
1756910 214
1756920 214
1756930 214
1756940 214
1756950 214
1756960 214
1756970 214
1756980 214
1756990 214
1757000 214
1757010 214
1757020 214
1757030 214
1757040 214
1757050 214
1757060 213
1757070 213
1757080 212
1757090 212
1757100 212
1757110 212
1757120 212
1757130 212
1757140 212
1757150 213
1757160 213
1757170 213
1757180 213
1757190 213
1757200 213
1757210 213
1757220 213
1757230 213
1757240 213
1757250 213
1757260 213
1757270 213
1757280 213
1757290 213
1757300 213
1757310 213
1757320 213
1757330 213
1757340 213
1757350 213
1757360 213
1757370 213
1757380 213
1757390 213
1757400 212
1757410 213
1757420 213
1757430 212
1757440 212
1757450 212
1757460 212
1757470 212
1757480 212
1757490 213
1757500 213
1757510 212
1757520 212
1757530 212
1757540 212
1757550 212
1757560 213
1757570 213
1757580 213
1757590 213
1757600 213
1757610 214
1757620 214
1757630 214
1757640 214
1757650 214
1757660 214
1757670 214
1757680 214
1757690 214
1757700 214
1757710 214
1757720 214
1757730 214
1757740 214
1757750 214
1757760 214
1757770 214
1757780 214
1757790 214
1757800 214
1757810 214
1757820 214
1757830 214
1757840 214
1757850 214
1757860 214
1757870 214
1757880 214
1757890 214
1757900 214
1757910 214
1757920 214
1757930 214
1757940 214
1757950 214
1757960 214
1757970 214
1757980 214
1757990 214
1758000 214
1758010 214
1758020 214
1758030 214
1758040 214
1758050 214
1758060 214
1758070 214
1758080 214
1758090 214
1758100 214
1758110 215
1758120 215
1758130 215
1758140 214
1758150 214
1758160 214
1758170 214
1758180 214
1758190 214
1758200 214
1758210 214
1758220 214
1758230 214
1758240 214
1758250 215
1758260 215
1758270 214
1758280 214
1758290 214
1758300 214
1758310 214
1758320 214
1758330 214
1758340 214
1758350 214
1758360 214
1758370 214
1758380 214
1758390 214
1758400 214
1758410 214
1758420 214
1758430 214
1758440 214
1758450 214
1758460 214
1758470 214
1758480 214
1758490 214
1758500 215
1758510 215
1758520 214
1758530 214
1758540 214
1758550 214
1758560 215
1758570 214
1758580 214
1758590 214
1758600 214
1758610 214
1758620 214
1758630 214
1758640 214
1758650 214
1758660 214
1758670 214
1758680 214
1758690 214
1758700 214
1758710 214
1758720 214
1758730 214
1758740 214
1758750 214
1758760 214
1758770 214
1758780 214
1758790 214
1758800 214
1758810 214
1758820 214
1758830 214
1758840 214
1758850 214
1758860 214
1758870 214
1758880 214
1758890 214
1758900 214
1758910 214
1758920 214
1758930 214
1758940 214
1758950 214
1758960 214
1758970 214
1758980 214
1758990 214
1759000 214
1759010 214
1759020 214
1759030 214
1759040 214
1759050 214
1759060 214
1759070 214
1759080 214
1759090 214
1759100 214
1759110 214
1759120 214
1759130 214
1759140 214
1759150 214
1759160 214
1759170 214
1759180 214
1759190 214
1759200 214
1759210 214
1759220 214
1759230 214
1759240 214
1759250 214
1759260 214
1759270 214
1759280 213
1759290 213
1759300 213
1759310 213
1759320 213
1759330 213
1759340 213
1759350 213
1759360 213
1759370 213
1759380 213
1759390 213
1759400 213
1759410 213
1759420 213
1759430 213
1759440 213
1759450 213
1759460 213
1759470 213
1759480 213
1759490 213
1759500 213
1759510 213
1759520 213
1759530 213
1759540 213
1759550 212
1759560 212
1759570 212
1759580 212
1759590 212
1759600 212
1759610 212
1759620 212
1759630 212
1759640 212
1759650 212
1759660 212
1759670 212
1759680 212
1759690 212
1759700 212
1759710 212
1759720 212
1759730 212
1759740 212
1759750 212
1759760 212
1759770 212
1759780 212
1759790 212
1759800 212
1759810 212
1759820 212
1759830 212
1759840 212
1759850 212
1759860 212
1759870 212
1759880 212
1759890 212
1759900 212
1759910 212
1759920 212
1759930 212
1759940 212
1759950 212
1759960 212
1759970 212
1759980 212
1759990 211
1740000 330
1740010 330
1740020 330
1740030 330
1740040 330
1740050 330
1740060 330
1740070 330
1740080 330
1740090 330
1740100 330
1740110 330
1740120 330
1740130 330
1740140 330
1740150 330
1740160 330
1740170 330
1740180 330
1740190 330
1740200 330
1740210 330
1740220 330
1740230 330
1740240 330
1740250 330
1740260 330
1740270 330
1740280 330
1740290 330
1740300 330
1740310 330
1740320 330
1740330 330
1740340 330
1740350 330
1740360 330
1740370 330
1740380 330
1740390 330
1740400 330
1740410 330
1740420 330
1740430 330
1740440 330
1740450 330
1740460 330
1740470 330
1740480 330
1740490 330
1740500 330
1740510 329
1740520 329
1740530 329
1740540 329
1740550 329
1740560 329
1740570 329
1740580 329
1740590 329
1740600 329
1740610 329
1740620 329
1740630 329
1740640 329
1740650 329
1740660 328
1740670 329
1740680 329
1740690 328
1740700 328
1740710 328
1740720 328
1740730 328
1740740 328
1740750 328
1740760 328
1740770 327
1740780 327
1740790 327
1740800 327
1740810 327
1740820 327
1740830 327
1740840 327
1740850 327
1740860 327
1740870 327
1740880 327
1740890 327
1740900 327
1740910 327
1740920 327
1740930 327
1740940 326
1740950 326
1740960 326
1740970 326
1740980 326
1740990 326
1741000 326
1741010 326
1741020 326
1741030 326
1741040 326
1741050 326
1741060 326
1741070 326
1741080 326
1741090 326
1741100 326
1741110 325
1741120 325
1741130 325
1741140 325
1741150 325
1741160 325
1741170 325
1741180 325
1741190 325
1741200 325
1741210 325
1741220 325
1741230 325
1741240 325
1741250 324
1741260 324
1741270 324
1741280 324
1741290 324
1741300 324
1741310 324
1741320 324
1741330 323
1741340 323
1741350 323
1741360 323
1741370 323
1741380 323
1741390 323
1741400 323
1741410 322
1741420 322
1741430 322
1741440 322
1741450 322
1741460 322
1741470 322
1741480 321
1741490 321
1741500 321
1741510 321
1741520 321
1741530 320
1741540 320
1741550 320
1741560 320
1741570 320
1741580 320
1741590 320
1741600 320
1741610 319
1741620 319
1741630 319
1741640 319
1741650 319
1741660 319
1741670 319
1741680 319
1741690 319
1741700 319
1741710 319
1741720 319
1741730 319
1741740 319
1741750 318
1741760 318
1741770 318
1741780 318
1741790 318
1741800 318
1741810 318
1741820 318
1741830 318
1741840 318
1741850 318
1741860 317
1741870 317
1741880 317
1741890 317
1741900 317
1741910 317
1741920 317
1741930 317
1741940 317
1741950 317
1741960 317
1741970 317
1741980 317
1741990 317
1742000 317
1742010 316
1742020 316
1742030 316
1742040 316
1742050 316
1742060 316
1742070 316
1742080 316
1742090 316
1742100 316
1742110 316
1742120 316
1742130 316
1742140 315
1742150 315
1742160 315
1742170 315
1742180 315
1742190 315
1742200 315
1742210 315
1742220 315
1742230 315
1742240 315
1742250 314
1742260 314
1742270 314
1742280 314
1742290 314
1742300 314
1742310 314
1742320 314
1742330 314
1742340 313
1742350 313
1742360 313
1742370 313
1742380 313
1742390 313
1742400 313
1742410 313
1742420 313
1742430 312
1742440 312
1742450 312
1742460 312
1742470 312
1742480 312
1742490 311
1742500 311
1742510 311
1742520 311
1742530 310
1742540 310
1742550 310
1742560 310
1742570 309
1742580 309
1742590 309
1742600 309
1742610 308
1742620 308
1742630 308
1742640 308
1742650 307
1742660 307
1742670 307
1742680 307
1742690 306
1742700 306
1742710 306
1742720 306
1742730 305
1742740 305
1742750 305
1742760 305
1742770 304
1742780 304
1742790 304
1742800 303
1742810 303
1742820 303
1742830 302
1742840 302
1742850 302
1742860 301
1742870 301
1742880 301
1742890 301
1742900 300
1742910 300
1742920 300
1742930 299
1742940 299
1742950 299
1742960 299
1742970 299
1742980 298
1742990 298
1743000 298
1743010 298
1743020 297
1743030 297
1743040 297
1743050 297
1743060 296
1743070 296
1743080 296
1743090 296
1743100 295
1743110 295
1743120 295
1743130 295
1743140 294
1743150 294
1743160 294
1743170 294
1743180 294
1743190 293
1743200 293
1743210 293
1743220 293
1743230 292
1743240 292
1743250 292
1743260 292
1743270 291
1743280 291
1743290 291
1743300 291
1743310 290
1743320 290
1743330 290
1743340 290
1743350 289
1743360 289
1743370 289
1743380 289
1743390 288
1743400 288
1743410 288
1743420 288
1743430 288
1743440 287
1743450 287
1743460 287
1743470 287
1743480 286
1743490 286
1743500 286
1743510 286
1743520 286
1743530 285
1743540 285
1743550 285
1743560 285
1743570 285
1743580 284
1743590 284
1743600 284
1743610 284
1743620 284
1743630 283
1743640 283
1743650 283
1743660 283
1743670 283
1743680 283
1743690 282
1743700 282
1743710 282
1743720 282
1743730 282
1743740 282
1743750 282
1743760 281
1743770 281
1743780 281
1743790 281
1743800 281
1743810 281
1743820 280
1743830 280
1743840 280
1743850 280
1743860 280
1743870 280
1743880 280
1743890 279
1743900 279
1743910 279
1743920 279
1743930 279
1743940 279
1743950 279
1743960 278
1743970 278
1743980 278
1743990 278
1744000 278
1744010 278
1744020 277
1744030 277
1744040 277
1744050 277
1744060 277
1744070 277
1744080 277
1744090 277
1744100 277
1744110 277
1744120 277
1744130 277
1744140 277
1744150 276
1744160 277
1744170 276
1744180 276
1744190 276
1744200 276
1744210 275
1744220 275
1744230 275
1744240 275
1744250 274
1744260 274
1744270 274
1744280 274
1744290 274
1744300 274
1744310 274
1744320 274
1744330 273
1744340 273
1744350 273
1744360 273
1744370 273
1744380 273
1744390 273
1744400 273
1744410 272
1744420 272
1744430 272
1744440 272
1744450 272
1744460 272
1744470 272
1744480 272
1744490 272
1744500 272
1744510 272
1744520 272
1744530 272
1744540 271
1744550 271
1744560 270
1744570 270
1744580 270
1744590 270
1744600 270
1744610 270
1744620 269
1744630 269
1744640 269
1744650 268
1744660 268
1744670 268
1744680 267
1744690 267
1744700 267
1744710 266
1744720 266
1744730 266
1744740 265
1744750 265
1744760 264
1744770 264
1744780 264
1744790 263
1744800 263
1744810 263
1744820 263
1744830 263
1744840 262
1744850 262
1744860 261
1744870 260
1744880 259
1744890 259
1744900 258
1744910 257
1744920 257
1744930 257
1744940 257
1744950 257
1744960 257
1744970 256
1744980 257
1744990 257
1745000 257
1745010 257
1745020 257
1745030 258
1745040 258
1745050 259
1745060 259
1745070 259
1745080 259
1745090 259
1745100 259
1745110 259
1745120 259
1745130 259
1745140 259
1745150 258
1745160 258
1745170 258
1745180 258
1745190 258
1745200 258
1745210 258
1745220 259
1745230 259
1745240 258
1745250 258
1745260 255
1745270 253
1745280 252
1745290 255
1745300 258
1745310 260
1745320 260
1745330 260
1745340 260
1745350 260
1745360 260
1745370 260
1745380 261
1745390 261
1745400 260
1745410 260
1745420 261
1745430 260
1745440 260
1745450 260
1745460 260
1745470 260
1745480 260
1745490 259
1745500 259
1745510 259
1745520 259
1745530 259
1745540 259
1745550 259
1745560 259
1745570 259
1745580 259
1745590 257
1745600 255
1745610 254
1745620 254
1745630 254
1745640 255
1745650 255
1745660 255
1745670 255
1745680 256
1745690 256
1745700 256
1745710 257
1745720 257
1745730 257
1745740 258
1745750 258
1745760 258
1745770 258
1745780 258
1745790 258
1745800 259
1745810 259
1745820 259
1745830 259
1745840 259
1745850 259
1745860 259
1745870 259
1745880 259
1745890 259
1745900 258
1745910 260
1745920 263
1745930 266
1745940 266
1745950 266
1745960 267
1745970 267
1745980 267
1745990 267
1746000 268
1746010 268
1746020 269
1746030 269
1746040 269
1746050 270
1746060 270
1746070 271
1746080 271
1746090 272
1746100 273
1746110 274
1746120 275
1746130 277
1746140 277
1746150 278
1746160 278
1746170 279
1746180 281
1746190 283
1746200 284
1746210 284
1746220 285
1746230 287
1746240 288
1746250 290
1746260 291
1746270 292
1746280 294
1746290 295
1746300 296
1746310 296
1746320 297
1746330 298
1746340 298
1746350 299
1746360 299
1746370 299
1746380 299
1746390 300
1746400 300
1746410 300
1746420 300
1746430 300
1746440 300
1746450 300
1746460 300
1746470 300
1746480 300
1746490 300
1746500 300
1746510 300
1746520 300
1746530 300
1746540 300
1746550 300
1746560 300
1746570 300
1746580 300
1746590 300
1746600 299
1746610 299
1746620 299
1746630 299
1746640 299
1746650 298
1746660 298
1746670 297
1746680 296
1746690 295
1746700 293
1746710 292
1746720 290
1746730 288
1746740 288
1746750 287
1746760 287
1746770 287
1746780 288
1746790 287
1746800 285
1746810 283
1746820 283
1746830 282
1746840 282
1746850 282
1746860 282
1746870 281
1746880 280
1746890 279
1746900 278
1746910 277
1746920 275
1746930 275
1746940 275
1746950 275
1746960 275
1746970 275
1746980 275
1746990 275
1747000 274
1747010 273
1747020 272
1747030 271
1747040 271
1747050 270
1747060 269
1747070 269
1747080 268
1747090 267
1747100 265
1747110 263
1747120 261
1747130 259
1747140 257
1747150 255
1747160 254
1747170 254
1747180 254
1747190 254
1747200 254
1747210 254
1747220 254
1747230 253
1747240 252
1747250 250
1747260 247
1747270 244
1747280 243
1747290 242
1747300 240
1747310 240
1747320 240
1747330 239
1747340 239
1747350 239
1747360 238
1747370 238
1747380 237
1747390 237
1747400 237
1747410 236
1747420 236
1747430 235
1747440 234
1747450 234
1747460 234
1747470 234
1747480 234
1747490 234
1747500 234
1747510 234
1747520 233
1747530 233
1747540 232
1747550 232
1747560 232
1747570 231
1747580 230
1747590 229
1747600 228
1747610 228
1747620 228
1747630 228
1747640 227
1747650 227
1747660 227
1747670 226
1747680 226
1747690 226
1747700 226
1747710 226
1747720 226
1747730 226
1747740 226
1747750 226
1747760 226
1747770 226
1747780 225
1747790 225
1747800 224
1747810 224
1747820 224
1747830 224
1747840 224
1747850 224
1747860 224
1747870 223
1747880 221
1747890 219
1747900 216
1747910 216
1747920 216
1747930 217
1747940 215
1747950 214
1747960 212
1747970 212
1747980 211
1747990 209
1748000 208
1748010 207
1748020 206
1748030 206
1748040 206
1748050 206
1748060 206
1748070 205
1748080 205
1748090 205
1748100 204
1748110 204
1748120 204
1748130 203
1748140 203
1748150 202
1748160 201
1748170 200
1748180 200
1748190 200
1748200 199
1748210 199
1748220 198
1748230 198
1748240 198
1748250 198
1748260 198
1748270 198
1748280 198
1748290 198
1748300 198
1748310 198
1748320 198
1748330 197
1748340 196
1748350 195
1748360 195
1748370 194
1748380 195
1748390 196
1748400 197
1748410 199
1748420 199
1748430 198
1748440 197
1748450 197
1748460 197
1748470 197
1748480 197
1748490 196
1748500 196
1748510 196
1748520 196
1748530 196
1748540 196
1748550 196
1748560 196
1748570 196
1748580 196
1748590 196
1748600 196
1748610 196
1748620 196
1748630 196
1748640 196
1748650 196
1748660 196
1748670 197
1748680 197
1748690 197
1748700 197
1748710 197
1748720 197
1748730 197
1748740 197
1748750 197
1748760 197
1748770 197
1748780 197
1748790 197
1748800 197
1748810 197
1748820 197
1748830 197
1748840 197
1748850 197
1748860 197
1748870 197
1748880 197
1748890 197
1748900 197
1748910 197
1748920 197
1748930 197
1748940 197
1748950 197
1748960 197
1748970 197
1748980 197
1748990 197
1749000 197
1749010 197
1749020 197
1749030 197
1749040 197
1749050 197
1749060 197
1749070 197
1749080 197
1749090 197
1749100 197
1749110 197
1749120 197
1749130 197
1749140 197
1749150 197
1749160 197
1749170 197
1749180 197
1749190 197
1749200 197
1749210 197
1749220 197
1749230 197
1749240 197
1749250 197
1749260 197
1749270 197
1749280 197
1749290 197
1749300 197
1749310 197
1749320 197
1749330 197
1749340 197
1749350 197
1749360 197
1749370 197
1749380 197
1749390 197
1749400 197
1749410 197
1749420 197
1749430 197
1749440 197
1749450 197
1749460 197
1749470 197
1749480 197
1749490 197
1749500 197
1749510 197
1749520 197
1749530 197
1749540 197
1749550 197
1749560 197
1749570 197
1749580 197
1749590 197
1749600 197
1749610 197
1749620 197
1749630 197
1749640 197
1749650 197
1749660 197
1749670 197
1749680 197
1749690 197
1749700 197
1749710 197
1749720 197
1749730 197
1749740 197
1749750 197
1749760 197
1749770 197
1749780 197
1749790 197
1749800 198
1749810 198
1749820 198
1749830 197
1749840 197
1749850 197
1749860 197
1749870 197
1749880 197
1749890 198
1749900 197
1749910 197
1749920 198
1749930 198
1749940 198
1749950 198
1749960 198
1749970 198
1749980 198
1749990 198
1750000 198
1750010 198
1750020 198
1750030 198
1750040 197
1750050 196
1750060 195
1750070 195
1750080 195
1750090 194
1750100 194
1750110 195
1750120 196
1750130 197
1750140 198
1750150 198
1750160 198
1750170 198
1750180 198
1750190 198
1750200 198
1750210 198
1750220 198
1750230 198
1750240 198
1750250 198
1750260 198
1750270 198
1750280 198
1750290 198
1750300 198
1750310 198
1750320 198
1750330 198
1750340 198
1750350 198
1750360 198
1750370 197
1750380 197
1750390 197
1750400 197
1750410 198
1750420 198
1750430 197
1750440 197
1750450 197
1750460 197
1750470 197
1750480 197
1750490 197
1750500 197
1750510 197
1750520 197
1750530 197
1750540 197
1750550 197
1750560 197
1750570 197
1750580 196
1750590 196
1750600 196
1750610 196
1750620 196
1750630 196
1750640 196
1750650 196
1750660 196
1750670 196
1750680 196
1750690 196
1750700 196
1750710 196
1750720 196
1750730 196
1750740 196
1750750 196
1750760 196
1750770 196
1750780 196
1750790 196
1750800 196
1750810 197
1750820 197
1750830 197
1750840 197
1750850 197
1750860 196
1750870 196
1750880 197
1750890 197
1750900 197
1750910 196
1750920 196
1750930 196
1750940 196
1750950 196
1750960 196
1750970 196
1750980 196
1750990 196
1751000 196
1751010 196
1751020 196
1751030 196
1751040 196
1751050 196
1751060 196
1751070 196
1751080 196
1751090 196
1751100 196
1751110 196
1751120 196
1751130 196
1751140 196
1751150 196
1751160 196
1751170 196
1751180 196
1751190 196
1751200 196
1751210 196
1751220 197
1751230 197
1751240 196
1751250 196
1751260 196
1751270 196
1751280 196
1751290 196
1751300 196
1751310 196
1751320 196
1751330 196
1751340 196
1751350 196
1751360 196
1751370 196
1751380 197
1751390 197
1751400 197
1751410 197
1751420 197
1751430 197
1751440 197
1751450 197
1751460 197
1751470 197
1751480 197
1751490 197
1751500 197
1751510 196
1751520 196
1751530 196
1751540 196
1751550 196
1751560 196
1751570 196
1751580 196
1751590 196
1751600 196
1751610 196
1751620 196
1751630 196
1751640 196
1751650 196
1751660 196
1751670 196
1751680 196
1751690 196
1751700 196
1751710 196
1751720 196
1751730 196
1751740 196
1751750 196
1751760 196
1751770 196
1751780 196
1751790 196
1751800 196
1751810 196
1751820 196
1751830 196
1751840 196
1751850 196
1751860 196
1751870 196
1751880 196
1751890 196
1751900 196
1751910 196
1751920 196
1751930 196
1751940 196
1751950 196
1751960 196
1751970 196
1751980 196
1751990 196
1752000 196
1752010 196
1752020 196
1752030 196
1752040 196
1752050 195
1752060 195
1752070 195
1752080 196
1752090 196
1752100 196
1752110 196
1752120 196
1752130 196
1752140 196
1752150 196
1752160 196
1752170 196
1752180 196
1752190 196
1752200 196
1752210 196
1752220 196
1752230 196
1752240 196
1752250 196
1752260 195
1752270 195
1752280 195
1752290 195
1752300 195
1752310 195
1752320 195
1752330 195
1752340 195
1752350 196
1752360 196
1752370 196
1752380 196
1752390 196
1752400 196
1752410 196
1752420 196
1752430 196
1752440 196
1752450 196
1752460 196
1752470 196
1752480 196
1752490 196
1752500 195
1752510 194
1752520 195
1752530 196
1752540 196
1752550 196
1752560 196
1752570 196
1752580 196
1752590 196
1752600 196
1752610 196
1752620 196
1752630 196
1752640 196
1752650 196
1752660 196
1752670 196
1752680 196
1752690 195
1752700 195
1752710 195
1752720 195
1752730 195
1752740 195
1752750 195
1752760 195
1752770 195
1752780 195
1752790 195
1752800 195
1752810 195
1752820 195
1752830 195
1752840 195
1752850 195
1752860 195
1752870 195
1752880 195
1752890 195
1752900 195
1752910 195
1752920 195
1752930 195
1752940 195
1752950 195
1752960 195
1752970 195
1752980 195
1752990 195
1753000 195
1753010 195
1753020 195
1753030 195
1753040 195
1753050 195
1753060 195
1753070 195
1753080 195
1753090 195
1753100 195
1753110 195
1753120 195
1753130 195
1753140 195
1753150 195
1753160 195
1753170 195
1753180 195
1753190 195
1753200 195
1753210 195
1753220 195
1753230 195
1753240 195
1753250 195
1753260 195
1753270 195
1753280 195
1753290 195
1753300 195
1753310 195
1753320 195
1753330 195
1753340 195
1753350 195
1753360 195
1753370 194
1753380 194
1753390 194
1753400 195
1753410 195
1753420 195
1753430 195
1753440 194
1753450 194
1753460 194
1753470 194
1753480 194
1753490 194
1753500 194
1753510 194
1753520 194
1753530 194
1753540 194
1753550 194
1753560 194
1753570 194
1753580 194
1753590 194
1753600 194
1753610 194
1753620 194
1753630 194
1753640 194
1753650 194
1753660 194
1753670 194
1753680 194
1753690 194
1753700 194
1753710 194
1753720 194
1753730 194
1753740 194
1753750 194
1753760 194
1753770 194
1753780 194
1753790 194
1753800 194
1753810 194
1753820 194
1753830 194
1753840 194
1753850 194
1753860 194
1753870 194
1753880 194
1753890 194
1753900 194
1753910 194
1753920 194
1753930 194
1753940 194
1753950 194
1753960 194
1753970 194
1753980 194
1753990 194
1754000 194
1754010 194
1754020 194
1754030 194
1754040 194
1754050 194
1754060 194
1754070 194
1754080 194
1754090 194
1754100 194
1754110 194
1754120 194
1754130 194
1754140 194
1754150 194
1754160 194
1754170 194
1754180 194
1754190 194
1754200 194
1754210 194
1754220 194
1754230 194
