1740000 316
1740010 315
1740020 315
1740030 315
1740040 315
1740050 315
1740060 315
1740070 315
1740080 315
1740090 315
1740100 315
1740110 315
1740120 315
1740130 315
1740140 315
1740150 315
1740160 315
1740170 315
1740180 315
1740190 315
1740200 315
1740210 315
1740220 314
1740230 314
1740240 314
1740250 314
1740260 314
1740270 314
1740280 314
1740290 314
1740300 314
1740310 314
1740320 314
1740330 314
1740340 313
1740350 313
1740360 313
1740370 313
1740380 313
1740390 313
1740400 313
1740410 313
1740420 313
1740430 313
1740440 313
1740450 313
1740460 313
1740470 313
1740480 313
1740490 312
1740500 312
1740510 312
1740520 312
1740530 312
1740540 312
1740550 312
1740560 312
1740570 312
1740580 312
1740590 312
1740600 312
1740610 312
1740620 312
1740630 312
1740640 312
1740650 312
1740660 312
1740670 312
1740680 312
1740690 311
1740700 311
1740710 311
1740720 312
1740730 312
1740740 312
1740750 312
1740760 311
1740770 311
1740780 311
1740790 311
1740800 311
1740810 311
1740820 310
1740830 310
1740840 310
1740850 310
1740860 310
1740870 310
1740880 310
1740890 309
1740900 309
1740910 309
1740920 309
1740930 309
1740940 309
1740950 309
1740960 309
1740970 309
1740980 309
1740990 309
1741000 308
1741010 308
1741020 307
1741030 307
1741040 307
1741050 307
1741060 307
1741070 306
1741080 306
1741090 306
1741100 306
1741110 306
1741120 306
1741130 306
1741140 305
1741150 305
1741160 305
1741170 305
1741180 305
1741190 305
1741200 305
1741210 305
1741220 304
1741230 304
1741240 304
1741250 304
1741260 303
1741270 303
1741280 303
1741290 303
1741300 302
1741310 302
1741320 302
1741330 302
1741340 302
1741350 301
1741360 301
1741370 301
1741380 301
1741390 301
1741400 300
1741410 300
1741420 300
1741430 300
1741440 300
1741450 299
1741460 299
1741470 299
1741480 299
1741490 298
1741500 298
1741510 298
1741520 298
1741530 297
1741540 297
1741550 297
1741560 297
1741570 296
1741580 296
1741590 296
1741600 296
1741610 296
1741620 295
1741630 295
1741640 295
1741650 295
1741660 295
1741670 295
1741680 295
1741690 294
1741700 294
1741710 294
1741720 294
1741730 293
1741740 293
1741750 293
1741760 293
1741770 293
1741780 293
1741790 292
1741800 292
1741810 292
1741820 292
1741830 292
1741840 292
1741850 292
1741860 291
1741870 291
1741880 291
1741890 291
1741900 291
1741910 291
1741920 291
1741930 291
1741940 291
1741950 290
1741960 290
1741970 290
1741980 290
1741990 290
1742000 289
1742010 289
1742020 289
1742030 289
1742040 289
1742050 289
1742060 289
1742070 288
1742080 288
1742090 288
1742100 288
1742110 288
1742120 288
1742130 288
1742140 288
1742150 288
1742160 288
1742170 288
1742180 288
1742190 288
1742200 287
1742210 287
1742220 287
1742230 287
1742240 286
1742250 286
1742260 286
1742270 286
1742280 286
1742290 286
1742300 286
1742310 286
1742320 286
1742330 285
1742340 285
1742350 285
1742360 285
1742370 285
1742380 285
1742390 285
1742400 285
1742410 285
1742420 284
1742430 284
1742440 284
1742450 284
1742460 284
1742470 284
1742480 284
1742490 284
1742500 283
1742510 283
1742520 283
1742530 283
1742540 283
1742550 283
1742560 283
1742570 283
1742580 282
1742590 282
1742600 282
1742610 282
1742620 282
1742630 282
1742640 281
1742650 281
1742660 281
1742670 281
1742680 281
1742690 281
1742700 280
1742710 280
1742720 280
1742730 280
1742740 280
1742750 280
1742760 279
1742770 279
1742780 279
1742790 279
1742800 279
1742810 279
1742820 278
1742830 278
1742840 278
1742850 278
1742860 277
1742870 277
1742880 277
1742890 277
1742900 276
1742910 276
1742920 276
1742930 276
1742940 276
1742950 276
1742960 275
1742970 275
1742980 275
1742990 274
1743000 274
1743010 274
1743020 273
1743030 273
1743040 273
1743050 272
1743060 272
1743070 272
1743080 271
1743090 271
1743100 271
1743110 270
1743120 270
1743130 270
1743140 270
1743150 269
1743160 269
1743170 268
1743180 268
1743190 268
1743200 267
1743210 266
1743220 266
1743230 265
1743240 265
1743250 264
1743260 264
1743270 263
1743280 263
1743290 263
1743300 263
1743310 263
1743320 264
1743330 264
1743340 264
1743350 265
1743360 265
1743370 265
1743380 266
1743390 266
1743400 267
1743410 267
1743420 267
1743430 268
1743440 268
1743450 268
1743460 268
1743470 268
1743480 268
1743490 268
1743500 268
1743510 268
1743520 268
1743530 268
1743540 268
1743550 267
1743560 266
1743570 267
1743580 267
1743590 267
1743600 267
1743610 267
1743620 267
1743630 267
1743640 268
1743650 268
1743660 268
1743670 268
1743680 268
1743690 268
1743700 269
1743710 269
1743720 269
1743730 269
1743740 269
1743750 269
1743760 269
1743770 269
1743780 270
1743790 270
1743800 270
1743810 270
1743820 270
1743830 270
1743840 270
1743850 270
1743860 270
1743870 271
1743880 271
1743890 271
1743900 271
1743910 271
1743920 271
1743930 271
1743940 272
1743950 272
1743960 272
1743970 272
1743980 272
1743990 273
1744000 273
1744010 273
1744020 273
1744030 273
1744040 273
1744050 273
1744060 273
1744070 273
1744080 273
1744090 273
1744100 274
1744110 274
1744120 274
1744130 274
1744140 274
1744150 274
1744160 274
1744170 274
1744180 275
1744190 275
1744200 275
1744210 275
1744220 275
1744230 275
1744240 275
1744250 275
1744260 276
1744270 276
1744280 276
1744290 277
1744300 277
1744310 277
1744320 277
1744330 277
1744340 277
1744350 277
1744360 277
1744370 277
1744380 277
1744390 277
1744400 277
1744410 277
1744420 277
1744430 277
1744440 278
1744450 278
1744460 278
1744470 278
1744480 278
1744490 278
1744500 278
1744510 278
1744520 278
1744530 278
1744540 278
1744550 278
1744560 278
1744570 278
1744580 278
1744590 278
1744600 278
1744610 278
1744620 278
1744630 277
1744640 277
1744650 277
1744660 277
1744670 277
1744680 277
1744690 277
1744700 277
1744710 277
1744720 277
1744730 277
1744740 277
1744750 277
1744760 277
1744770 277
1744780 277
1744790 277
1744800 277
1744810 277
1744820 277
1744830 277
1744840 277
1744850 277
1744860 277
1744870 277
1744880 277
1744890 278
1744900 278
1744910 277
1744920 277
1744930 277
1744940 277
1744950 277
1744960 277
1744970 277
1744980 277
1744990 277
1745000 277
1745010 277
1745020 277
1745030 277
1745040 277
1745050 277
1745060 277
1745070 277
1745080 277
1745090 277
1745100 277
1745110 276
1745120 276
1745130 276
1745140 276
1745150 276
1745160 276
1745170 276
1745180 276
1745190 276
1745200 276
1745210 276
1745220 276
1745230 276
1745240 276
1745250 276
1745260 276
1745270 276
1745280 276
1745290 276
1745300 276
1745310 276
1745320 276
1745330 276
1745340 276
1745350 276
1745360 276
1745370 276
1745380 276
1745390 276
1745400 276
1745410 276
1745420 276
1745430 276
1745440 276
1745450 276
1745460 276
1745470 276
1745480 276
1745490 276
1745500 276
1745510 276
1745520 276
1745530 276
1745540 276
1745550 276
1745560 276
1745570 276
1745580 276
1745590 276
1745600 276
1745610 276
1745620 276
1745630 276
1745640 275
1745650 275
1745660 275
1745670 275
1745680 275
1745690 275
1745700 275
1745710 275
1745720 275
1745730 275
1745740 275
1745750 275
1745760 275
1745770 275
1745780 275
1745790 275
1745800 275
1745810 275
1745820 275
1745830 275
1745840 275
1745850 275
1745860 274
1745870 274
1745880 274
1745890 274
1745900 274
1745910 274
1745920 274
1745930 274
1745940 274
1745950 274
1745960 274
1745970 273
1745980 274
1745990 274
1746000 274
1746010 274
1746020 274
1746030 274
1746040 273
1746050 273
1746060 273
1746070 273
1746080 273
1746090 273
1746100 273
1746110 273
1746120 273
1746130 273
1746140 273
1746150 272
1746160 272
1746170 272
1746180 272
1746190 272
1746200 272
1746210 272
1746220 272
1746230 272
1746240 271
1746250 271
1746260 271
1746270 271
1746280 271
1746290 271
1746300 271
1746310 271
1746320 270
1746330 270
1746340 270
1746350 270
1746360 270
1746370 270
1746380 270
1746390 270
1746400 269
1746410 269
1746420 269
1746430 269
1746440 269
1746450 269
1746460 269
1746470 269
1746480 269
1746490 269
1746500 269
1746510 269
1746520 268
1746530 268
1746540 268
1746550 268
1746560 268
1746570 268
1746580 268
1746590 268
1746600 268
1746610 268
1746620 268
1746630 268
1746640 268
1746650 268
1746660 268
1746670 268
1746680 268
1746690 267
1746700 267
1746710 267
1746720 267
1746730 267
1746740 267
1746750 266
1746760 266
1746770 266
1746780 266
1746790 266
1746800 266
1746810 266
1746820 266
1746830 266
1746840 265
1746850 265
1746860 265
1746870 265
1746880 265
1746890 265
1746900 265
1746910 265
1746920 265
1746930 264
1746940 264
1746950 264
1746960 264
1746970 264
1746980 264
1746990 264
1747000 264
1747010 264
1747020 264
1747030 264
1747040 264
1747050 264
1747060 263
1747070 263
1747080 263
1747090 263
1747100 263
1747110 263
1747120 263
1747130 262
1747140 262
1747150 262
1747160 262
1747170 262
1747180 262
1747190 262
1747200 262
1747210 262
1747220 262
1747230 261
1747240 261
1747250 261
1747260 261
1747270 261
1747280 262
1747290 263
1747300 262
1747310 261
1747320 261
1747330 260
1747340 260
1747350 260
1747360 260
1747370 260
1747380 260
1747390 260
1747400 260
1747410 260
1747420 260
1747430 260
1747440 259
1747450 259
1747460 259
1747470 259
1747480 259
1747490 259
1747500 258
1747510 258
1747520 258
1747530 258
1747540 258
1747550 257
1747560 257
1747570 257
1747580 257
1747590 257
1747600 257
1747610 256
1747620 256
1747630 256
1747640 256
1747650 256
1747660 255
1747670 255
1747680 255
1747690 255
1747700 255
1747710 255
1747720 254
1747730 254
1747740 254
1747750 254
1747760 254
1747770 254
1747780 254
1747790 253
1747800 253
1747810 253
1747820 253
1747830 253
1747840 252
1747850 252
1747860 252
1747870 252
1747880 252
1747890 252
1747900 251
1747910 251
1747920 251
1747930 251
1747940 251
1747950 251
1747960 250
1747970 250
1747980 250
1747990 250
1748000 250
1748010 249
1748020 249
1748030 249
1748040 249
1748050 249
1748060 249
1748070 248
1748080 248
1748090 248
1748100 248
1748110 248
1748120 248
1748130 247
1748140 247
1748150 247
1748160 247
1748170 247
1748180 247
1748190 246
1748200 246
1748210 246
1748220 246
1748230 246
1748240 245
1748250 245
1748260 245
1748270 245
1748280 245
1748290 244
1748300 244
1748310 244
1748320 244
1748330 244
1748340 244
1748350 243
1748360 243
1748370 243
1748380 243
1748390 243
1748400 243
1748410 242
1748420 242
1748430 242
1748440 242
1748450 241
1748460 241
1748470 241
1748480 241
1748490 240
1748500 240
1748510 240
1748520 240
1748530 240
1748540 239
1748550 239
1748560 239
1748570 239
1748580 238
1748590 238
1748600 237
1748610 237
1748620 237
1748630 237
1748640 237
1748650 236
1748660 236
1748670 235
1748680 235
1748690 235
1748700 235
1748710 234
1748720 234
1748730 234
1748740 233
1748750 233
1748760 232
1748770 232
1748780 231
1748790 231
1748800 231
1748810 231
1748820 230
1748830 229
1748840 228
1748850 228
1748860 227
1748870 226
1748880 226
1748890 225
1748900 225
1748910 224
1748920 224
1748930 223
1748940 222
1748950 221
1748960 221
1748970 219
1748980 218
1748990 216
1749000 215
1749010 215
1749020 214
1749030 213
1749040 212
1749050 211
1749060 211
1749070 210
1749080 209
1749090 208
1749100 208
1749110 207
1749120 207
1749130 207
1749140 206
1749150 206
1749160 206
1749170 206
1749180 206
1749190 206
1749200 206
1749210 206
1749220 205
1749230 204
1749240 203
1749250 203
1749260 203
1749270 203
1749280 202
1749290 202
1749300 202
1749310 203
1749320 202
1749330 202
1749340 202
1749350 202
1749360 202
1749370 202
1749380 202
1749390 202
1749400 201
1749410 200
1749420 200
1749430 200
1749440 200
1749450 200
1749460 200
1749470 199
1749480 199
1749490 199
1749500 199
1749510 199
1749520 199
1749530 199
1749540 199
1749550 199
1749560 199
1749570 199
1749580 199
1749590 199
1749600 199
1749610 199
1749620 199
1749630 199
1749640 199
1749650 198
1749660 198
1749670 198
1749680 198
1749690 198
1749700 198
1749710 198
1749720 198
1749730 199
1749740 199
1749750 199
1749760 199
1749770 199
1749780 199
1749790 199
1749800 199
1749810 199
1749820 199
1749830 199
1749840 199
1749850 199
1749860 199
1749870 199
1749880 199
1749890 199
1749900 199
1749910 199
1749920 199
1749930 199
1749940 199
1749950 199
1749960 199
1749970 199
1749980 199
1749990 199
1750000 199
1750010 199
1750020 199
1750030 199
1750040 199
1750050 199
1750060 199
1750070 199
1750080 199
1750090 199
1750100 199
1750110 199
1750120 199
1750130 199
1750140 199
1750150 199
1750160 199
1750170 199
1750180 199
1750190 199
1750200 198
1750210 197
1750220 196
1750230 196
1750240 196
1750250 197
1750260 198
1750270 198
1750280 198
1750290 197
1750300 198
1750310 199
1750320 200
1750330 199
1750340 199
1750350 199
1750360 199
1750370 199
1750380 199
1750390 199
1750400 199
1750410 199
1750420 199
1750430 199
1750440 199
1750450 199
1750460 199
1750470 198
1750480 198
1750490 198
1750500 198
1750510 198
1750520 198
1750530 198
1750540 199
1750550 199
1750560 199
1750570 199
1750580 199
1750590 199
1750600 199
1750610 199
1750620 199
1750630 199
1750640 199
1750650 199
1750660 199
1750670 199
1750680 199
1750690 198
1750700 198
1750710 198
1750720 198
1750730 198
1750740 198
1750750 199
1750760 199
1750770 199
1750780 199
1750790 199
1750800 199
1750810 199
1750820 199
1750830 199
1750840 199
1750850 199
1750860 198
1750870 198
1750880 199
1750890 199
1750900 199
1750910 199
1750920 199
1750930 198
1750940 198
1750950 198
1750960 198
1750970 198
1750980 198
1750990 198
1751000 198
1751010 198
1751020 198
1751030 198
1751040 198
1751050 198
1751060 198
1751070 198
1751080 198
1751090 198
1751100 198
1751110 198
1751120 198
1751130 198
1751140 198
1751150 198
1751160 198
1751170 197
1751180 197
1751190 197
1751200 197
1751210 197
1751220 197
1751230 197
1751240 197
1751250 197
1751260 197
1751270 197
1751280 197
1751290 197
1751300 197
1751310 197
1751320 197
1751330 197
1751340 197
1751350 197
1751360 197
1751370 197
1751380 197
1751390 197
1751400 197
1751410 197
1751420 197
1751430 197
1751440 197
1751450 197
1751460 197
1751470 197
1751480 197
1751490 197
1751500 197
1751510 197
1751520 197
1751530 197
1751540 197
1751550 197
1751560 197
1751570 197
1751580 197
1751590 197
1751600 197
1751610 197
1751620 197
1751630 197
1751640 197
1751650 197
1751660 197
1751670 197
1751680 197
1751690 197
1751700 197
1751710 197
1751720 196
1751730 196
1751740 196
1751750 196
1751760 196
1751770 196
1751780 196
1751790 196
1751800 196
1751810 196
1751820 197
1751830 197
1751840 197
1751850 197
1751860 197
1751870 197
1751880 197
1751890 197
1751900 197
1751910 197
1751920 197
1751930 197
1751940 197
1751950 197
1751960 197
1751970 197
1751980 197
1751990 197
1752000 197
1752010 197
1752020 197
1752030 197
1752040 197
1752050 197
1752060 197
1752070 197
1752080 197
1752090 197
1752100 197
1752110 197
1752120 197
1752130 197
1752140 197
1752150 197
1752160 197
1752170 197
1752180 197
1752190 197
1752200 197
1752210 197
1752220 197
1752230 197
1752240 197
1752250 197
1752260 197
1752270 197
1752280 197
1752290 197
1752300 197
1752310 197
1752320 197
1752330 197
1752340 197
1752350 197
1752360 197
1752370 197
1752380 197
1752390 197
1752400 198
1752410 198
1752420 198
1752430 198
1752440 198
1752450 198
1752460 198
1752470 198
1752480 198
1752490 198
1752500 198
1752510 198
1752520 197
1752530 197
1752540 197
1752550 197
1752560 197
1752570 197
1752580 197
1752590 197
1752600 198
1752610 198
1752620 198
1752630 198
1752640 198
1752650 198
1752660 198
1752670 198
1752680 198
1752690 198
1752700 199
1752710 199
1752720 199
1752730 199
1752740 199
1752750 199
1752760 199
1752770 199
1752780 199
1752790 199
1752800 199
1752810 198
1752820 198
1752830 198
1752840 198
1752850 198
1752860 198
1752870 198
1752880 198
1752890 198
1752900 198
1752910 198
1752920 198
1752930 198
1752940 198
1752950 198
1752960 198
1752970 198
1752980 198
1752990 198
1753000 198
1753010 198
1753020 198
1753030 198
1753040 198
1753050 198
1753060 198
1753070 198
1753080 199
1753090 199
1753100 200
1753110 200
1753120 199
1753130 198
1753140 197
1753150 198
1753160 198
1753170 199
1753180 199
1753190 199
1753200 199
1753210 199
1753220 199
1753230 199
1753240 199
1753250 199
1753260 199
1753270 199
1753280 199
1753290 199
1753300 199
1753310 199
1753320 199
1753330 199
1753340 199
1753350 199
1753360 199
1753370 199
1753380 199
1753390 199
1753400 199
1753410 199
1753420 199
1753430 199
1753440 199
1753450 199
1753460 199
1753470 200
1753480 200
1753490 199
1753500 199
1753510 200
1753520 200
1753530 200
1753540 200
1753550 200
1753560 200
1753570 200
1753580 200
1753590 200
1753600 200
1753610 200
1753620 200
1753630 200
1753640 200
1753650 200
1753660 200
1753670 201
1753680 201
1753690 201
1753700 201
1753710 201
1753720 201
1753730 201
1753740 201
1753750 201
1753760 201
1753770 201
1753780 201
1753790 201
1753800 201
1753810 201
1753820 201
1753830 201
1753840 202
1753850 202
1753860 202
1753870 202
1753880 202
1753890 202
1753900 203
1753910 203
1753920 203
1753930 203
1753940 204
1753950 204
1753960 204
1753970 205
1753980 205
1753990 205
1754000 206
1754010 206
1754020 206
1754030 206
1754040 207
1754050 207
1754060 208
1754070 208
1754080 208
1754090 208
1754100 209
1754110 209
1754120 209
1754130 209
1754140 210
1754150 210
1754160 210
1754170 211
1754180 211
1754190 212
1754200 212
1754210 213
1754220 213
1754230 214
1754240 214
1754250 215
1754260 215
1754270 215
1754280 215
1754290 216
1754300 216
1754310 216
1754320 216
1754330 216
1754340 216
1754350 216
1754360 216
1754370 216
1754380 216
1754390 216
1754400 216
1754410 216
1754420 217
1754430 217
1754440 217
1754450 217
1754460 217
1754470 217
1754480 217
1754490 217
1754500 217
1754510 217
1754520 217
1754530 217
1754540 217
1754550 217
1754560 217
1754570 217
1754580 217
1754590 217
1754600 217
1754610 217
1754620 217
1754630 217
1754640 217
1754650 217
1754660 217
1754670 217
1754680 217
1754690 217
1754700 217
1754710 217
1754720 218
1754730 218
1754740 218
1754750 218
1754760 218
1754770 218
1754780 218
1754790 218
1754800 218
1754810 218
1754820 218
1754830 218
1754840 218
1754850 218
1754860 218
1754870 218
1754880 218
1754890 218
1754900 218
1754910 218
1754920 218
1754930 217
1754940 217
1754950 217
1754960 217
1754970 217
1754980 217
1754990 217
1755000 217
1755010 217
1755020 217
1755030 217
1755040 217
1755050 217
1755060 217
1755070 217
1755080 217
1755090 218
1755100 218
1755110 218
1755120 218
1755130 218
1755140 218
1755150 218
1755160 218
1755170 218
1755180 218
1755190 218
1755200 219
1755210 219
1755220 219
1755230 219
1755240 219
1755250 219
1755260 219
1755270 219
1755280 219
1755290 219
1755300 219
1755310 219
1755320 219
1755330 219
1755340 219
1755350 219
1755360 219
1755370 219
1755380 219
1755390 219
1755400 219
1755410 219
1755420 219
1755430 219
1755440 219
1755450 219
1755460 219
1755470 219
1755480 219
1755490 219
1755500 219
1755510 219
