1755920 290
1755930 291
1755940 291
1755950 291
1755960 291
1755970 292
1755980 292
1755990 292
1756000 292
1756010 292
1756020 293
1756030 293
1756040 294
1756050 294
1756060 294
1756070 295
1756080 295
1756090 295
1756100 295
1756110 296
1756120 296
1756130 296
1756140 297
1756150 297
1756160 298
1756170 299
1756180 300
1756190 300
1756200 300
1756210 300
1756220 301
1756230 301
1756240 300
1756250 300
1756260 300
1756270 300
1756280 300
1756290 300
1756300 300
1756310 300
1756320 300
1756330 299
1756340 299
1756350 299
1756360 298
1756370 298
1756380 297
1756390 295
1756400 294
1756410 294
1756420 294
1756430 293
1756440 291
1756450 289
1756460 287
1756470 287
1756480 285
1756490 284
1756500 284
1756510 284
1756520 285
1756530 285
1756540 285
1756550 286
1756560 288
1756570 291
1756580 294
1756590 294
1756600 294
1756610 295
1756620 296
1756630 296
1756640 296
1756650 296
1756660 296
1756670 296
1756680 296
1756690 296
1756700 296
1756710 296
1756720 296
1756730 296
1756740 296
1756750 296
1756760 296
1756770 295
1756780 295
1756790 295
1756800 295
1756810 295
1756820 295
1756830 295
1756840 295
1756850 295
1756860 295
1756870 295
1756880 295
1756890 295
1756900 295
1756910 295
1756920 295
1756930 295
1756940 294
1756950 294
1756960 294
1756970 294
1756980 294
1756990 293
1757000 292
1757010 293
1757020 294
1757030 294
1757040 294
1757050 294
1757060 294
1757070 294
1757080 295
1757090 295
1757100 295
1757110 294
1757120 294
1757130 294
1757140 294
1757150 294
1757160 294
1757170 294
1757180 293
1757190 293
1757200 293
1757210 293
1757220 293
1757230 293
1757240 292
1757250 292
1757260 291
1757270 291
1757280 291
1757290 290
1757300 290
1757310 290
1757320 289
1757330 289
1757340 288
1757350 287
1757360 287
1757370 287
1757380 286
1757390 286
1757400 285
1757410 285
1757420 284
1757430 284
1757440 283
1757450 282
1757460 282
1757470 281
1757480 281
1757490 280
1757500 279
1757510 279
1757520 278
1757530 278
1757540 277
1757550 277
1757560 277
1757570 277
1757580 277
1757590 277
1757600 278
1757610 278
1757620 278
1757630 279
1757640 279
1757650 278
1757660 277
1757670 275
1757680 275
1757690 277
1757700 279
1757710 281
1757720 281
1757730 281
1757740 281
1757750 280
1757760 280
1757770 279
1757780 279
1757790 278
1757800 277
1757810 277
1757820 276
1757830 275
1757840 275
1757850 275
1757860 275
1757870 274
1757880 274
1757890 274
1757900 273
1757910 272
1757920 272
1757930 271
1757940 271
1757950 270
1757960 270
1757970 270
1757980 270
1757990 269
1758000 269
1758010 269
1758020 269
1758030 269
1758040 269
1758050 269
1758060 269
1758070 269
1758080 269
1758090 269
1758100 268
1758110 268
1758120 268
1758130 268
1758140 267
1758150 267
1758160 267
1758170 266
1758180 266
1758190 265
1758200 264
1758210 263
1758220 263
1758230 263
1758240 262
1758250 262
1758260 262
1758270 262
1758280 262
1758290 261
1758300 262
1758310 263
1758320 263
1758330 263
1758340 263
1758350 264
1758360 264
1758370 264
1758380 265
1758390 265
1758400 266
1758410 267
1758420 267
1758430 267
1758440 267
1758450 267
1758460 267
1758470 268
1758480 268
1758490 268
1758500 268
1758510 269
1758520 269
1758530 269
1758540 269
1758550 270
1758560 270
1758570 270
1758580 270
1758590 271
1758600 271
1758610 271
1758620 271
1758630 271
1758640 271
1758650 271
1758660 271
1758670 272
1758680 272
1758690 272
1758700 272
1758710 272
1758720 272
1758730 272
1758740 272
1758750 271
1758760 271
1758770 270
1758780 270
1758790 270
1758800 270
1758810 270
1758820 269
1758830 269
1758840 269
1758850 268
1758860 268
1758870 268
1758880 268
1758890 268
1758900 268
1758910 268
1758920 267
1758930 267
1758940 267
1758950 267
1758960 267
1758970 267
1758980 267
1758990 267
1759000 268
1759010 269
1759020 270
1759030 270
1759040 270
1759050 271
1759060 272
1759070 275
1759080 277
1759090 278
1759100 279
1759110 279
1759120 280
1759130 281
1759140 282
1759150 283
1759160 283
1759170 283
1759180 283
1759190 284
1759200 285
1759210 285
1759220 285
1759230 286
1759240 286
1759250 286
1759260 287
1759270 288
1759280 289
1759290 289
1759300 290
1759310 290
1759320 290
1759330 290
1759340 290
1759350 290
1759360 290
1759370 290
1759380 290
1759390 291
1759400 291
1759410 290
1759420 288
1759430 285
1759440 283
1759450 284
1759460 287
1759470 291
1759480 291
1759490 291
1759500 291
1759510 291
1759520 291
1759530 291
1759540 291
1759550 291
1759560 291
1759570 291
1759580 291
1759590 291
1759600 291
1759610 290
1759620 290
1759630 290
1759640 289
1759650 289
1759660 289
1759670 289
1759680 288
1759690 288
1759700 288
1759710 287
1759720 287
1759730 287
1759740 286
1759750 286
1759760 286
1759770 285
1759780 284
1759790 283
1759800 283
1759810 283
1759820 282
1759830 280
1759840 279
1759850 279
1759860 278
1759870 277
1759880 275
1759890 274
1759900 273
1759910 272
1759920 271
1759930 270
1759940 269
1759950 268
1759960 267
1759970 266
1759980 265
1759990 264
1740000 340
1740010 340
1740020 339
1740030 339
1740040 339
1740050 339
1740060 339
1740070 339
1740080 338
1740090 338
1740100 338
1740110 338
1740120 338
1740130 337
1740140 337
1740150 337
1740160 337
1740170 336
1740180 336
1740190 336
1740200 336
1740210 335
1740220 335
1740230 335
1740240 334
1740250 334
1740260 334
1740270 334
1740280 333
1740290 333
1740300 333
1740310 332
1740320 332
1740330 332
1740340 331
1740350 331
1740360 331
1740370 331
1740380 331
1740390 330
1740400 330
1740410 330
1740420 329
1740430 329
1740440 329
1740450 329
1740460 328
1740470 328
1740480 328
1740490 328
1740500 327
1740510 327
1740520 327
1740530 326
1740540 326
1740550 326
1740560 325
1740570 325
1740580 325
1740590 324
1740600 324
1740610 324
1740620 323
1740630 323
1740640 323
1740650 322
1740660 322
1740670 322
1740680 321
1740690 321
1740700 320
1740710 320
1740720 320
1740730 320
1740740 319
1740750 319
1740760 319
1740770 318
1740780 317
1740790 317
1740800 316
1740810 316
1740820 316
1740830 316
1740840 315
1740850 315
1740860 315
1740870 314
1740880 314
1740890 314
1740900 313
1740910 313
1740920 313
1740930 313
1740940 312
1740950 312
1740960 311
1740970 311
1740980 311
1740990 311
1741000 310
1741010 310
1741020 310
1741030 309
1741040 309
1741050 308
1741060 308
1741070 308
1741080 308
1741090 308
1741100 307
1741110 307
1741120 306
1741130 306
1741140 306
1741150 305
1741160 305
1741170 304
1741180 304
1741190 304
1741200 304
1741210 303
1741220 303
1741230 302
1741240 302
1741250 301
1741260 301
1741270 300
1741280 300
1741290 299
1741300 299
1741310 299
1741320 298
1741330 298
1741340 298
1741350 298
1741360 297
1741370 297
1741380 296
1741390 296
1741400 296
1741410 296
1741420 295
1741430 295
1741440 295
1741450 294
1741460 294
1741470 294
1741480 294
1741490 293
1741500 293
1741510 293
1741520 292
1741530 292
1741540 292
1741550 291
1741560 291
1741570 291
1741580 291
1741590 290
1741600 290
1741610 290
1741620 290
1741630 290
1741640 290
1741650 290
1741660 290
1741670 290
1741680 289
1741690 289
1741700 289
1741710 289
1741720 289
1741730 289
1741740 289
1741750 288
1741760 288
1741770 288
1741780 288
1741790 288
1741800 288
1741810 288
1741820 287
1741830 287
1741840 287
1741850 287
1741860 287
1741870 287
1741880 287
1741890 287
1741900 286
1741910 286
1741920 286
1741930 286
1741940 286
1741950 286
1741960 286
1741970 286
1741980 286
1741990 285
1742000 285
1742010 285
1742020 285
1742030 284
1742040 284
1742050 284
1742060 284
1742070 284
1742080 284
1742090 284
1742100 284
1742110 284
1742120 283
1742130 283
1742140 283
1742150 283
1742160 283
1742170 283
1742180 283
1742190 283
1742200 283
1742210 283
1742220 282
1742230 282
1742240 282
1742250 282
1742260 282
1742270 282
1742280 282
1742290 282
1742300 281
1742310 281
1742320 281
1742330 281
1742340 281
1742350 281
1742360 280
1742370 280
1742380 280
1742390 280
1742400 280
1742410 280
1742420 279
1742430 279
1742440 279
1742450 279
1742460 279
1742470 279
1742480 278
1742490 278
1742500 278
1742510 278
1742520 278
1742530 277
1742540 277
1742550 277
1742560 277
1742570 277
1742580 277
1742590 277
1742600 277
1742610 276
1742620 276
1742630 276
1742640 276
1742650 276
1742660 276
1742670 275
1742680 275
1742690 275
1742700 275
1742710 275
1742720 274
1742730 274
1742740 274
1742750 274
1742760 274
1742770 274
1742780 273
1742790 273
1742800 273
1742810 273
1742820 273
1742830 272
1742840 272
1742850 272
1742860 272
1742870 272
1742880 272
1742890 272
1742900 271
1742910 271
1742920 271
1742930 271
1742940 271
1742950 271
1742960 270
1742970 270
1742980 270
1742990 270
1743000 270
1743010 270
1743020 269
1743030 269
1743040 269
1743050 269
1743060 269
1743070 268
1743080 268
1743090 268
1743100 268
1743110 268
1743120 268
1743130 267
1743140 267
1743150 267
1743160 267
1743170 266
1743180 265
1743190 264
1743200 264
1743210 265
1743220 265
1743230 265
1743240 265
1743250 265
1743260 265
1743270 264
1743280 264
1743290 264
1743300 264
1743310 264
1743320 263
1743330 263
1743340 263
1743350 263
1743360 263
1743370 262
1743380 262
1743390 262
1743400 262
1743410 262
1743420 262
1743430 262
1743440 262
1743450 262
1743460 262
1743470 261
1743480 261
1743490 260
1743500 260
1743510 259
1743520 259
1743530 259
1743540 259
1743550 258
1743560 258
1743570 258
1743580 258
1743590 258
1743600 257
1743610 257
1743620 257
1743630 257
1743640 257
1743650 257
1743660 256
1743670 256
1743680 256
1743690 256
1743700 256
1743710 255
1743720 255
1743730 255
1743740 255
1743750 255
1743760 255
1743770 255
1743780 255
1743790 255
1743800 255
1743810 255
1743820 255
1743830 255
1743840 255
1743850 255
1743860 255
1743870 255
1743880 254
1743890 253
1743900 253
1743910 252
1743920 252
1743930 252
1743940 252
1743950 252
1743960 251
1743970 251
1743980 251
1743990 251
1744000 250
1744010 250
1744020 250
1744030 250
1744040 250
1744050 250
1744060 250
1744070 250
1744080 249
1744090 249
1744100 249
1744110 249
1744120 249
1744130 249
1744140 249
1744150 249
1744160 249
1744170 249
1744180 249
1744190 249
1744200 249
1744210 248
1744220 248
1744230 248
1744240 248
1744250 248
1744260 248
1744270 248
1744280 247
1744290 247
1744300 247
1744310 247
1744320 247
1744330 246
1744340 246
1744350 246
1744360 246
1744370 246
1744380 246
1744390 247
1744400 247
1744410 247
1744420 247
1744430 247
1744440 247
1744450 247
1744460 247
1744470 248
1744480 248
1744490 248
1744500 248
1744510 248
1744520 249
1744530 249
1744540 249
1744550 250
1744560 250
1744570 251
1744580 252
1744590 252
1744600 253
1744610 254
1744620 254
1744630 254
1744640 254
1744650 254
1744660 254
1744670 254
1744680 254
1744690 255
1744700 255
1744710 255
1744720 255
1744730 256
1744740 256
1744750 256
1744760 256
1744770 256
1744780 256
1744790 256
1744800 256
1744810 256
1744820 257
1744830 257
1744840 257
1744850 258
1744860 258
1744870 258
1744880 259
1744890 259
1744900 259
1744910 259
1744920 259
1744930 259
1744940 259
1744950 259
1744960 259
1744970 260
1744980 260
1744990 260
1745000 260
1745010 260
1745020 260
1745030 260
1745040 260
1745050 260
1745060 260
1745070 260
1745080 259
1745090 258
1745100 259
1745110 261
1745120 262
1745130 262
1745140 263
1745150 263
1745160 263
1745170 263
1745180 263
1745190 264
1745200 263
1745210 262
1745220 262
1745230 262
1745240 262
1745250 262
1745260 262
1745270 262
1745280 262
1745290 262
1745300 262
1745310 262
1745320 262
1745330 262
1745340 262
1745350 261
1745360 261
1745370 261
1745380 261
1745390 261
1745400 261
1745410 261
1745420 261
1745430 261
1745440 261
1745450 261
1745460 261
1745470 261
1745480 261
1745490 261
1745500 261
1745510 260
1745520 260
1745530 260
1745540 260
1745550 260
1745560 260
1745570 259
1745580 259
1745590 259
1745600 259
1745610 258
1745620 258
1745630 258
1745640 258
1745650 258
1745660 258
1745670 257
1745680 257
1745690 257
1745700 257
1745710 256
1745720 256
1745730 255
1745740 255
1745750 255
1745760 254
1745770 254
1745780 254
1745790 254
1745800 254
1745810 253
1745820 253
1745830 253
1745840 253
1745850 252
1745860 252
1745870 252
1745880 251
1745890 251
1745900 251
1745910 250
1745920 250
1745930 250
1745940 250
1745950 249
1745960 249
1745970 249
1745980 249
1745990 249
1746000 248
1746010 248
1746020 247
1746030 247
1746040 246
1746050 246
1746060 245
1746070 245
1746080 245
1746090 244
1746100 244
1746110 243
1746120 243
1746130 243
1746140 242
1746150 242
1746160 241
1746170 240
1746180 240
1746190 239
1746200 238
1746210 236
1746220 235
1746230 234
1746240 235
1746250 236
1746260 236
1746270 235
1746280 235
1746290 235
1746300 235
1746310 235
1746320 235
1746330 235
1746340 235
1746350 234
1746360 235
1746370 235
1746380 235
1746390 235
1746400 235
1746410 234
1746420 235
1746430 234
1746440 234
1746450 232
1746460 231
1746470 230
1746480 230
1746490 229
1746500 230
1746510 230
1746520 229
1746530 229
1746540 228
1746550 228
1746560 228
1746570 228
1746580 227
1746590 227
1746600 226
1746610 225
1746620 225
1746630 225
1746640 225
1746650 224
1746660 224
1746670 224
1746680 224
1746690 224
1746700 224
1746710 223
1746720 223
1746730 223
1746740 223
1746750 223
1746760 222
1746770 222
1746780 222
1746790 222
1746800 222
1746810 221
1746820 221
1746830 220
1746840 220
1746850 219
1746860 219
1746870 219
1746880 219
1746890 219
1746900 218
1746910 218
1746920 218
1746930 218
1746940 217
1746950 217
1746960 217
1746970 216
1746980 216
1746990 217
1747000 217
1747010 217
1747020 217
1747030 217
1747040 217
1747050 217
1747060 216
1747070 216
1747080 215
1747090 214
1747100 214
1747110 214
1747120 213
1747130 213
1747140 214
1747150 214
1747160 214
1747170 213
1747180 213
1747190 212
1747200 212
1747210 212
1747220 212
1747230 213
1747240 214
1747250 214
1747260 214
1747270 214
1747280 214
1747290 214
1747300 214
1747310 214
1747320 214
1747330 213
1747340 212
1747350 211
1747360 211
1747370 210
1747380 209
1747390 209
1747400 208
1747410 208
1747420 208
1747430 208
1747440 208
1747450 207
1747460 207
1747470 207
1747480 207
1747490 207
1747500 207
1747510 207
1747520 207
1747530 207
1747540 207
1747550 207
1747560 207
1747570 207
1747580 206
1747590 206
1747600 206
1747610 206
1747620 206
1747630 206
1747640 206
1747650 206
1747660 206
1747670 206
1747680 206
1747690 206
1747700 206
1747710 206
1747720 206
1747730 206
1747740 206
1747750 206
1747760 206
1747770 206
1747780 206
1747790 206
1747800 206
1747810 206
1747820 205
1747830 205
1747840 205
1747850 204
1747860 204
1747870 204
1747880 204
1747890 204
1747900 204
1747910 204
1747920 204
1747930 204
1747940 204
1747950 204
1747960 204
1747970 204
1747980 204
1747990 204
1748000 204
1748010 203
1748020 203
1748030 203
1748040 203
1748050 203
1748060 203
1748070 203
1748080 203
1748090 203
1748100 203
1748110 203
1748120 202
1748130 203
1748140 203
1748150 203
1748160 203
1748170 203
1748180 202
1748190 202
1748200 202
1748210 202
1748220 202
1748230 202
1748240 202
1748250 202
1748260 202
1748270 202
1748280 202
1748290 202
1748300 202
1748310 202
1748320 202
1748330 202
1748340 202
1748350 202
1748360 201
1748370 201
1748380 201
1748390 201
1748400 201
1748410 201
1748420 201
1748430 201
1748440 201
1748450 200
1748460 200
1748470 200
1748480 200
1748490 200
1748500 200
1748510 201
1748520 201
1748530 201
1748540 201
1748550 201
1748560 201
1748570 201
1748580 201
1748590 201
1748600 201
1748610 201
1748620 201
1748630 201
1748640 201
1748650 201
1748660 201
1748670 201
1748680 201
1748690 201
1748700 201
1748710 201
1748720 201
1748730 201
1748740 201
1748750 201
1748760 201
1748770 201
1748780 201
1748790 201
1748800 201
1748810 201
1748820 201
1748830 201
1748840 201
1748850 201
1748860 201
1748870 201
1748880 201
1748890 201
1748900 201
1748910 201
1748920 201
1748930 201
1748940 201
1748950 201
1748960 201
1748970 201
1748980 201
1748990 201
1749000 201
1749010 201
1749020 201
1749030 201
1749040 201
1749050 201
1749060 201
1749070 200
1749080 200
1749090 199
1749100 200
1749110 201
1749120 201
1749130 201
1749140 201
1749150 201
1749160 201
1749170 201
1749180 201
1749190 201
1749200 201
1749210 201
1749220 201
1749230 201
1749240 201
1749250 201
1749260 201
1749270 201
1749280 201
1749290 201
1749300 201
1749310 201
1749320 201
1749330 201
1749340 201
1749350 201
1749360 201
1749370 201
1749380 201
1749390 201
1749400 201
1749410 201
1749420 201
1749430 201
1749440 201
1749450 201
1749460 201
1749470 201
1749480 201
1749490 201
1749500 202
1749510 202
1749520 202
1749530 201
1749540 202
1749550 203
1749560 203
1749570 203
1749580 204
1749590 204
1749600 203
1749610 203
1749620 202
1749630 202
1749640 202
1749650 202
1749660 202
1749670 202
1749680 202
1749690 202
1749700 202
1749710 202
1749720 202
1749730 202
1749740 202
1749750 202
1749760 202
1749770 202
1749780 202
1749790 202
1749800 202
1749810 202
1749820 202
1749830 202
1749840 202
1749850 202
1749860 202
1749870 202
1749880 202
1749890 202
1749900 202
1749910 202
1749920 202
1749930 202
1749940 202
1749950 202
1749960 202
1749970 202
1749980 202
1749990 202
1750000 202
1750010 202
1750020 202
1750030 202
1750040 202
1750050 202
1750060 202
1750070 202
1750080 202
1750090 203
1750100 203
1750110 203
1750120 203
1750130 203
1750140 203
1750150 203
1750160 202
1750170 202
1750180 202
1750190 202
1750200 203
1750210 203
1750220 203
1750230 203
1750240 203
1750250 203
1750260 203
1750270 203
1750280 203
1750290 203
1750300 203
1750310 203
1750320 203
1750330 203
1750340 203
1750350 203
1750360 203
1750370 203
1750380 203
1750390 203
1750400 203
1750410 203
1750420 203
1750430 203
1750440 203
1750450 204
1750460 204
1750470 204
1750480 204
1750490 204
1750500 204
1750510 204
1750520 204
1750530 204
1750540 204
1750550 204
1750560 204
1750570 204
1750580 204
1750590 204
1750600 204
1750610 204
1750620 204
1750630 204
1750640 204
1750650 204
1750660 204
1750670 204
1750680 204
1750690 204
1750700 204
1750710 204
1750720 204
1750730 204
1750740 205
1750750 205
1750760 205
1750770 205
1750780 205
1750790 205
1750800 205
1750810 205
1750820 205
1750830 205
1750840 205
1750850 205
1750860 205
1750870 205
1750880 205
1750890 205
1750900 205
1750910 205
1750920 205
1750930 205
1750940 206
1750950 206
1750960 206
1750970 207
1750980 207
1750990 207
1751000 207
1751010 207
1751020 206
1751030 206
1751040 206
1751050 206
1751060 206
1751070 206
1751080 206
1751090 206
1751100 206
1751110 206
1751120 206
1751130 206
1751140 206
1751150 206
1751160 206
1751170 206
1751180 206
1751190 206
1751200 206
1751210 206
1751220 207
1751230 207
1751240 207
1751250 207
1751260 207
1751270 207
1751280 207
1751290 208
1751300 209
1751310 209
1751320 209
1751330 210
1751340 210
1751350 209
1751360 209
1751370 210
1751380 210
1751390 210
1751400 211
1751410 211
1751420 212
1751430 212
1751440 212
1751450 212
1751460 212
1751470 212
1751480 212
1751490 212
1751500 212
1751510 212
1751520 212
1751530 212
1751540 212
1751550 212
1751560 212
1751570 212
1751580 212
1751590 212
1751600 212
1751610 212
1751620 212
1751630 212
1751640 212
1751650 212
1751660 213
1751670 213
1751680 213
1751690 213
1751700 213
1751710 213
1751720 213
1751730 213
1751740 213
1751750 213
1751760 213
1751770 213
1751780 213
1751790 213
1751800 213
1751810 213
1751820 213
1751830 214
1751840 214
1751850 214
1751860 214
1751870 214
1751880 214
1751890 214
1751900 214
1751910 214
1751920 214
1751930 214
1751940 214
1751950 215
1751960 215
1751970 215
1751980 215
1751990 215
1752000 216
1752010 216
1752020 216
1752030 217
1752040 217
1752050 217
1752060 217
1752070 217
1752080 218
1752090 218
1752100 219
1752110 219
1752120 219
1752130 219
1752140 219
1752150 219
1752160 220
1752170 220
1752180 220
1752190 220
1752200 221
1752210 221
1752220 221
1752230 221
1752240 222
1752250 222
1752260 222
1752270 222
1752280 223
1752290 223
1752300 223
1752310 224
1752320 224
1752330 224
1752340 224
1752350 224
1752360 224
1752370 225
1752380 226
1752390 226
1752400 226
1752410 227
1752420 227
1752430 227
1752440 227
1752450 227
1752460 228
1752470 228
1752480 228
1752490 228
1752500 229
1752510 229
1752520 229
1752530 230
1752540 230
1752550 230
1752560 230
1752570 230
1752580 231
1752590 231
1752600 231
1752610 231
1752620 231
1752630 231
1752640 231
1752650 231
1752660 231
1752670 232
1752680 232
1752690 232
1752700 232
1752710 232
1752720 233
1752730 233
1752740 233
1752750 234
1752760 234
1752770 234
1752780 234
1752790 234
1752800 234
1752810 234
1752820 234
1752830 234
1752840 234
1752850 234
1752860 234
1752870 234
1752880 234
1752890 235
1752900 235
1752910 235
1752920 235
1752930 235
1752940 235
1752950 235
1752960 235
1752970 235
1752980 235
1752990 235
1753000 235
1753010 235
1753020 235
1753030 235
1753040 235
1753050 235
1753060 235
1753070 235
1753080 235
1753090 235
1753100 235
1753110 235
1753120 235
1753130 235
1753140 235
1753150 235
1753160 235
1753170 235
1753180 235
1753190 235
1753200 235
1753210 235
1753220 235
1753230 235
1753240 235
1753250 235
1753260 235
1753270 235
1753280 235
1753290 235
1753300 235
1753310 235
1753320 235
1753330 235
1753340 236
1753350 236
1753360 236
1753370 236
1753380 236
1753390 236
1753400 236
1753410 236
1753420 236
1753430 236
1753440 236
1753450 236
1753460 236
1753470 236
1753480 236
1753490 236
1753500 236
1753510 236
1753520 237
1753530 237
1753540 237
1753550 237
1753560 237
1753570 237
1753580 237
1753590 237
1753600 237
1753610 237
1753620 237
1753630 237
1753640 238
1753650 238
1753660 238
1753670 238
1753680 238
1753690 238
1753700 238
1753710 238
1753720 238
1753730 238
1753740 238
1753750 238
1753760 239
1753770 239
1753780 239
1753790 239
1753800 238
1753810 238
1753820 238
1753830 239
1753840 239
1753850 240
1753860 240
1753870 240
1753880 240
1753890 240
1753900 240
1753910 240
1753920 240
1753930 240
1753940 241
1753950 241
1753960 241
1753970 241
1753980 241
1753990 241
1754000 241
1754010 241
1754020 241
1754030 241
1754040 241
1754050 241
1754060 241
1754070 241
1754080 241
1754090 240
1754100 241
1754110 241
1754120 242
1754130 242
1754140 242
1754150 242
1754160 242
1754170 242
1754180 243
1754190 243
1754200 243
1754210 243
1754220 243
1754230 243
1754240 243
1754250 243
1754260 243
1754270 243
1754280 243
1754290 243
1754300 243
1754310 243
1754320 244
1754330 244
1754340 244
1754350 244
1754360 244
1754370 244
1754380 244
1754390 244
1754400 244
1754410 244
1754420 244
1754430 244
1754440 244
1754450 244
1754460 244
1754470 244
1754480 244
1754490 244
1754500 244
1754510 244
1754520 244
1754530 244
1754540 245
1754550 245
1754560 245
1754570 245
1754580 245
1754590 245
1754600 245
1754610 245
1754620 245
1754630 245
1754640 246
1754650 246
1754660 246
1754670 246
1754680 246
1754690 246
1754700 246
1754710 247
1754720 247
1754730 248
1754740 248
1754750 249
1754760 249
1754770 249
1754780 249
1754790 249
1754800 249
1754810 250
1754820 250
1754830 250
1754840 251
1754850 251
1754860 251
1754870 252
1754880 252
1754890 252
1754900 253
1754910 253
1754920 254
1754930 254
1754940 255
1754950 255
1754960 255
1754970 256
1754980 257
1754990 257
1755000 258
1755010 258
1755020 258
1755030 258
1755040 258
1755050 260
1755060 261
1755070 261
1755080 262
1755090 263
1755100 264
1755110 265
1755120 266
1755130 267
1755140 268
1755150 268
1755160 269
1755170 269
1755180 270
1755190 270
1755200 271
1755210 271
1755220 271
1755230 272
1755240 272
1755250 272
1755260 272
1755270 272
1755280 272
1755290 273
1755300 273
1755310 274
1755320 274
1755330 275
1755340 275
1755350 276
1755360 276
1755370 276
1755380 277
1755390 277
1755400 278
1755410 278
1755420 279
1755430 279
1755440 280
1755450 280
1755460 281
1755470 281
1755480 282
1755490 282
1755500 282
1755510 283
1755520 283
1755530 283
1755540 283
1755550 283
1755560 284
1755570 284
1755580 284
1755590 284
1755600 285
1755610 285
1755620 285
1755630 285
1755640 285
1755650 285
1755660 285
1755670 285
1755680 286
1755690 286
1755700 286
1755710 287
1755720 287
1755730 287
1755740 287
1755750 287
1755760 287
1755770 288
1755780 288
1755790 288
1755800 288
1755810 288
1755820 289
