1756510 341
1756520 341
1756530 341
1756540 341
1756550 340
1756560 340
1756570 340
1756580 340
1756590 340
1756600 339
1756610 339
1756620 339
1756630 339
1756640 339
1756650 338
1756660 338
1756670 338
1756680 338
1756690 337
1756700 337
1756710 336
1756720 336
1756730 336
1756740 335
1756750 335
1756760 335
1756770 335
1756780 334
1756790 334
1756800 334
1756810 333
1756820 333
1756830 333
1756840 333
1756850 332
1756860 332
1756870 332
1756880 332
1756890 331
1756900 331
1756910 331
1756920 331
1756930 331
1756940 330
1756950 330
1756960 329
1756970 329
1756980 329
1756990 329
1757000 328
1757010 328
1757020 328
1757030 328
1757040 327
1757050 327
1757060 326
1757070 326
1757080 325
1757090 325
1757100 324
1757110 324
1757120 323
1757130 323
1757140 322
1757150 322
1757160 322
1757170 321
1757180 320
1757190 319
1757200 318
1757210 317
1757220 316
1757230 315
1757240 314
1757250 313
1757260 312
1757270 312
1757280 311
1757290 310
1757300 309
1757310 309
1757320 308
1757330 308
1757340 307
1757350 307
1757360 307
1757370 306
1757380 306
1757390 306
1757400 306
1757410 306
1757420 306
1757430 306
1757440 306
1757450 306
1757460 306
1757470 306
1757480 305
1757490 305
1757500 305
1757510 308
1757520 309
1757530 309
1757540 309
1757550 309
1757560 308
1757570 308
1757580 307
1757590 307
1757600 307
1757610 306
1757620 306
1757630 305
1757640 305
1757650 305
1757660 305
1757670 305
1757680 304
1757690 304
1757700 304
1757710 304
1757720 303
1757730 303
1757740 303
1757750 303
1757760 303
1757770 303
1757780 303
1757790 303
1757800 303
1757810 303
1757820 303
1757830 304
1757840 304
1757850 304
1757860 304
1757870 304
1757880 304
1757890 303
1757900 302
1757910 302
1757920 301
1757930 301
1757940 300
1757950 300
1757960 299
1757970 298
1757980 297
1757990 297
1758000 296
1758010 295
1758020 296
1758030 296
1758040 297
1758050 297
1758060 298
1758070 298
1758080 298
1758090 298
1758100 298
1758110 298
1758120 298
1758130 297
1758140 297
1758150 296
1758160 296
1758170 295
1758180 295
1758190 294
1758200 294
1758210 294
1758220 294
1758230 293
1758240 293
1758250 292
1758260 292
1758270 293
1758280 294
1758290 294
1758300 294
1758310 294
1758320 294
1758330 294
1758340 294
1758350 294
1758360 295
1758370 295
1758380 295
1758390 295
1758400 295
1758410 295
1758420 295
1758430 294
1758440 294
1758450 294
1758460 294
1758470 293
1758480 292
1758490 291
1758500 289
1758510 288
1758520 288
1758530 288
1758540 288
1758550 288
1758560 288
1758570 288
1758580 288
1758590 290
1758600 291
1758610 292
1758620 293
1758630 293
1758640 293
1758650 295
1758660 297
1758670 298
1758680 299
1758690 301
1758700 302
1758710 303
1758720 304
1758730 305
1758740 305
1758750 306
1758760 308
1758770 308
1758780 309
1758790 310
1758800 311
1758810 311
1758820 311
1758830 312
1758840 313
1758850 315
1758860 316
1758870 316
1758880 316
1758890 317
1758900 317
1758910 317
1758920 318
1758930 318
1758940 318
1758950 319
1758960 319
1758970 319
1758980 320
1758990 320
1759000 320
1759010 321
1759020 321
1759030 321
1759040 322
1759050 322
1759060 322
1759070 322
1759080 323
1759090 323
1759100 323
1759110 322
1759120 322
1759130 322
1759140 322
1759150 322
1759160 321
1759170 321
1759180 321
1759190 321
1759200 320
1759210 320
1759220 320
1759230 320
1759240 319
1759250 319
1759260 319
1759270 318
1759280 317
1759290 317
1759300 317
1759310 316
1759320 316
1759330 315
1759340 315
1759350 315
1759360 315
1759370 314
1759380 312
1759390 311
1759400 311
1759410 310
1759420 310
1759430 309
1759440 309
1759450 308
1759460 308
1759470 308
1759480 308
1759490 308
1759500 306
1759510 305
1759520 304
1759530 305
1759540 305
1759550 305
1759560 305
1759570 304
1759580 304
1759590 303
1759600 303
1759610 303
1759620 303
1759630 303
1759640 303
1759650 303
1759660 303
1759670 302
1759680 301
1759690 299
1759700 297
1759710 296
1759720 296
1759730 297
1759740 300
1759750 300
1759760 300
1759770 299
1759780 298
1759790 298
1759800 297
1759810 296
1759820 296
1759830 295
1759840 294
1759850 293
1759860 292
1759870 291
1759880 290
1759890 290
1759900 289
1759910 288
1759920 287
1759930 286
1759940 285
1759950 284
1759960 284
1759970 283
1759980 282
1759990 280
