1757050 324
1757060 324
1757070 324
1757080 325
1757090 325
1757100 326
1757110 327
1757120 329
1757130 330
1757140 330
1757150 330
1757160 330
1757170 330
1757180 330
1757190 330
1757200 330
1757210 330
1757220 330
1757230 330
1757240 330
1757250 329
1757260 329
1757270 329
1757280 329
1757290 329
1757300 328
1757310 328
1757320 328
1757330 328
1757340 328
1757350 328
1757360 328
1757370 327
1757380 327
1757390 327
1757400 326
1757410 326
1757420 326
1757430 326
1757440 325
1757450 325
1757460 325
1757470 325
1757480 324
1757490 324
1757500 323
1757510 322
1757520 321
1757530 321
1757540 320
1757550 320
1757560 319
1757570 318
1757580 318
1757590 317
1757600 317
1757610 316
1757620 316
1757630 315
1757640 315
1757650 314
1757660 314
1757670 314
1757680 314
1757690 314
1757700 313
1757710 312
1757720 312
1757730 311
1757740 310
1757750 309
1757760 308
1757770 307
1757780 307
1757790 306
1757800 305
1757810 305
1757820 304
1757830 303
1757840 303
1757850 302
1757860 301
1757870 300
1757880 299
1757890 299
1757900 298
1757910 298
1757920 298
1757930 298
1757940 298
1757950 297
1757960 297
1757970 297
1757980 297
1757990 296
1758000 296
1758010 296
1758020 296
1758030 296
1758040 297
1758050 297
1758060 297
1758070 297
1758080 296
1758090 296
1758100 296
1758110 296
1758120 296
1758130 296
1758140 296
1758150 296
1758160 296
1758170 297
1758180 297
1758190 297
1758200 297
1758210 296
1758220 296
1758230 296
1758240 296
1758250 297
1758260 297
1758270 297
1758280 298
1758290 299
1758300 300
1758310 300
1758320 301
1758330 301
1758340 301
1758350 302
1758360 302
1758370 302
1758380 302
1758390 302
1758400 302
1758410 302
1758420 302
1758430 302
1758440 301
1758450 301
1758460 301
1758470 301
1758480 301
1758490 301
1758500 301
1758510 301
1758520 302
1758530 302
1758540 302
1758550 302
1758560 302
1758570 302
1758580 302
1758590 303
1758600 303
1758610 303
1758620 303
1758630 303
1758640 303
1758650 303
1758660 304
1758670 304
1758680 304
1758690 304
1758700 305
1758710 305
1758720 305
1758730 305
1758740 305
1758750 305
1758760 305
1758770 306
1758780 305
1758790 305
1758800 306
1758810 306
1758820 306
1758830 306
1758840 306
1758850 306
1758860 306
1758870 307
1758880 307
1758890 307
1758900 308
1758910 308
1758920 308
1758930 309
1758940 309
1758950 310
1758960 310
1758970 310
1758980 311
1758990 311
1759000 311
1759010 312
1759020 313
1759030 313
1759040 315
1759050 316
1759060 318
1759070 319
1759080 321
1759090 322
1759100 324
1759110 326
1759120 328
1759130 330
1759140 332
1759150 333
1759160 333
1759170 333
1759180 333
1759190 335
1759200 332
1759210 331
1759220 330
1759230 332
1759240 334
1759250 336
1759260 338
1759270 341
1759280 344
1759290 346
1759300 349
1759310 351
1759320 353
1759330 355
1759340 356
1759350 357
1759360 357
1759370 358
1759380 359
1759390 360
1759400 361
1759410 361
1759420 362
1759430 362
1759440 362
1759450 362
1759460 363
1759470 363
1759480 363
1759490 363
1759500 363
1759510 363
1759520 363
1759530 363
1759540 363
1759550 363
1759560 363
1759570 363
1759580 363
1759590 363
1759600 363
1759610 363
1759620 363
1759630 363
1759640 363
1759650 363
1759660 363
1759670 364
1759680 364
1759690 364
1759700 364
1759710 364
1759720 364
1759730 365
1759740 365
1759750 365
1759760 364
1759770 364
1759780 364
1759790 364
1759800 364
1759810 364
1759820 363
1759830 363
1759840 363
1759850 363
1759860 363
1759870 362
1759880 362
1759890 362
1759900 362
1759910 361
1759920 361
1759930 361
1759940 361
1759950 361
1759960 361
1759970 360
1759980 360
1759990 360
