1740000 311
1740010 310
1740020 309
1740030 309
1740040 308
1740050 307
1740060 304
1740070 303
1740080 304
1740090 304
1740100 306
1740110 307
1740120 307
1740130 308
1740140 308
1740150 309
1740160 309
1740170 309
1740180 308
1740190 308
1740200 308
1740210 308
1740220 308
1740230 308
1740240 308
1740250 308
1740260 308
1740270 307
1740280 307
1740290 305
1740300 305
1740310 306
1740320 308
1740330 309
1740340 309
1740350 310
1740360 310
1740370 310
1740380 310
1740390 311
1740400 311
1740410 311
1740420 311
1740430 311
1740440 312
1740450 312
1740460 311
1740470 311
1740480 311
1740490 311
1740500 311
1740510 310
1740520 310
1740530 310
1740540 309
1740550 309
1740560 308
1740570 308
1740580 307
1740590 307
1740600 307
1740610 306
1740620 306
1740630 306
1740640 306
1740650 306
1740660 306
1740670 305
1740680 304
1740690 303
1740700 303
1740710 302
1740720 302
1740730 301
1740740 301
1740750 300
1740760 300
1740770 299
1740780 299
1740790 298
1740800 298
1740810 297
1740820 297
1740830 296
1740840 296
1740850 295
1740860 295
1740870 294
1740880 294
1740890 293
1740900 293
1740910 292
1740920 292
1740930 292
1740940 291
1740950 291
1740960 291
1740970 290
1740980 290
1740990 290
1741000 290
1741010 289
1741020 289
1741030 289
1741040 289
1741050 289
1741060 289
1741070 288
1741080 288
1741090 288
1741100 288
1741110 288
1741120 287
1741130 287
1741140 287
1741150 287
1741160 287
1741170 287
1741180 287
1741190 287
1741200 287
1741210 286
1741220 286
1741230 286
1741240 286
1741250 286
1741260 285
1741270 285
1741280 285
1741290 285
1741300 285
1741310 285
1741320 284
1741330 284
1741340 284
1741350 284
1741360 284
1741370 283
1741380 283
1741390 283
1741400 283
1741410 283
1741420 283
1741430 282
1741440 282
1741450 282
1741460 282
1741470 282
1741480 281
1741490 281
1741500 281
1741510 281
1741520 281
1741530 280
1741540 280
1741550 280
1741560 279
1741570 279
1741580 278
1741590 278
1741600 277
1741610 277
1741620 277
1741630 276
1741640 276
1741650 275
1741660 274
1741670 274
1741680 273
1741690 272
1741700 272
1741710 271
1741720 270
1741730 269
1741740 269
1741750 269
1741760 268
1741770 268
1741780 267
1741790 267
1741800 266
1741810 265
1741820 264
1741830 263
1741840 262
1741850 262
1741860 261
1741870 260
1741880 259
1741890 259
1741900 258
1741910 258
1741920 257
1741930 256
1741940 256
1741950 255
1741960 254
1741970 254
1741980 253
1741990 253
1742000 253
1742010 252
1742020 252
1742030 251
1742040 250
1742050 249
1742060 249
1742070 248
1742080 248
1742090 246
1742100 244
1742110 242
1742120 241
1742130 239
1742140 239
1742150 239
1742160 239
1742170 239
1742180 238
1742190 237
1742200 236
1742210 236
1742220 235
1742230 236
1742240 236
1742250 237
1742260 237
1742270 237
1742280 237
1742290 237
1742300 237
1742310 237
1742320 237
1742330 237
1742340 237
1742350 237
1742360 237
1742370 237
1742380 237
1742390 237
1742400 237
1742410 237
1742420 237
1742430 237
1742440 237
1742450 237
1742460 237
1742470 238
1742480 238
1742490 238
1742500 238
1742510 238
1742520 238
1742530 238
1742540 238
1742550 239
1742560 239
1742570 239
1742580 238
1742590 238
1742600 238
1742610 239
1742620 238
1742630 238
1742640 238
1742650 238
1742660 239
1742670 241
1742680 242
1742690 243
1742700 244
1742710 244
1742720 244
1742730 243
1742740 245
1742750 246
1742760 247
1742770 248
1742780 248
1742790 248
1742800 248
1742810 248
1742820 248
1742830 248
1742840 248
1742850 248
1742860 248
1742870 247
1742880 248
1742890 248
1742900 248
1742910 248
1742920 248
1742930 248
1742940 248
1742950 248
1742960 249
1742970 249
1742980 249
1742990 248
1743000 248
1743010 249
1743020 249
1743030 250
1743040 250
1743050 250
1743060 250
1743070 250
1743080 251
1743090 251
1743100 250
1743110 250
1743120 248
1743130 247
1743140 247
1743150 250
1743160 251
1743170 251
1743180 251
1743190 251
1743200 251
1743210 251
1743220 251
1743230 251
1743240 251
1743250 251
1743260 250
1743270 250
1743280 250
1743290 250
1743300 250
1743310 250
1743320 250
1743330 250
1743340 250
1743350 250
1743360 249
1743370 249
1743380 249
1743390 249
1743400 248
1743410 248
1743420 248
1743430 247
1743440 246
1743450 246
1743460 245
1743470 245
1743480 244
1743490 243
1743500 241
1743510 240
1743520 240
1743530 241
1743540 244
1743550 245
1743560 245
1743570 246
1743580 246
1743590 246
1743600 247
1743610 247
1743620 247
1743630 247
1743640 247
1743650 247
1743660 247
1743670 247
1743680 248
1743690 248
1743700 248
1743710 248
1743720 248
1743730 248
1743740 248
1743750 248
1743760 248
1743770 248
1743780 248
1743790 248
1743800 248
1743810 248
1743820 249
1743830 249
1743840 249
1743850 249
1743860 249
1743870 249
1743880 249
1743890 249
1743900 249
1743910 249
1743920 249
1743930 249
1743940 250
1743950 250
1743960 250
1743970 250
1743980 250
1743990 250
1744000 250
1744010 249
1744020 249
1744030 249
1744040 249
1744050 249
1744060 249
1744070 249
1744080 249
1744090 249
1744100 249
1744110 249
1744120 249
1744130 249
1744140 249
1744150 249
1744160 249
1744170 249
1744180 248
1744190 248
1744200 248
1744210 249
1744220 249
1744230 249
1744240 248
1744250 248
1744260 248
1744270 247
1744280 248
1744290 248
1744300 249
1744310 248
1744320 248
1744330 248
1744340 247
1744350 245
1744360 242
1744370 239
1744380 240
1744390 242
1744400 245
1744410 246
1744420 246
1744430 246
1744440 246
1744450 246
1744460 246
1744470 246
1744480 246
1744490 246
1744500 246
1744510 246
1744520 246
1744530 246
1744540 246
1744550 246
1744560 246
1744570 246
1744580 246
1744590 246
1744600 246
1744610 246
1744620 246
1744630 246
1744640 246
1744650 246
1744660 246
1744670 245
1744680 245
1744690 245
1744700 245
1744710 245
1744720 245
1744730 245
1744740 244
1744750 244
1744760 244
1744770 244
1744780 244
1744790 244
1744800 244
1744810 243
1744820 243
1744830 243
1744840 243
1744850 243
1744860 243
1744870 243
1744880 242
1744890 242
1744900 242
1744910 242
1744920 242
1744930 241
1744940 241
1744950 241
1744960 241
1744970 241
1744980 241
1744990 241
1745000 241
1745010 241
1745020 240
1745030 240
1745040 240
1745050 240
1745060 240
1745070 240
1745080 240
1745090 239
1745100 239
1745110 239
1745120 239
1745130 239
1745140 239
1745150 239
1745160 239
1745170 239
1745180 238
1745190 238
1745200 238
1745210 238
1745220 238
1745230 238
1745240 238
1745250 238
1745260 237
1745270 237
1745280 237
1745290 236
1745300 236
1745310 236
1745320 236
1745330 236
1745340 236
1745350 235
1745360 235
1745370 235
1745380 234
1745390 234
1745400 234
1745410 234
1745420 233
1745430 233
1745440 233
1745450 233
1745460 232
1745470 232
1745480 231
1745490 231
1745500 231
1745510 231
1745520 231
1745530 231
1745540 231
1745550 230
1745560 230
1745570 229
1745580 228
1745590 228
1745600 228
1745610 228
1745620 227
1745630 227
1745640 227
1745650 227
1745660 227
1745670 226
1745680 226
1745690 226
1745700 226
1745710 226
1745720 225
1745730 225
1745740 225
1745750 225
1745760 225
1745770 224
1745780 224
1745790 224
1745800 224
1745810 224
1745820 223
1745830 221
1745840 221
1745850 220
1745860 220
1745870 220
1745880 221
1745890 221
1745900 221
1745910 220
1745920 220
1745930 219
1745940 219
1745950 218
1745960 218
1745970 218
1745980 217
1745990 217
1746000 217
1746010 216
1746020 216
1746030 215
1746040 215
1746050 215
1746060 215
1746070 215
1746080 214
1746090 214
1746100 214
1746110 214
1746120 214
1746130 214
1746140 213
1746150 213
1746160 213
1746170 213
1746180 213
1746190 213
1746200 213
1746210 212
1746220 212
1746230 212
1746240 211
1746250 211
1746260 211
1746270 211
1746280 211
1746290 211
1746300 211
1746310 211
1746320 211
1746330 211
1746340 211
1746350 211
1746360 211
1746370 211
1746380 211
1746390 211
1746400 211
1746410 211
1746420 210
1746430 210
1746440 210
1746450 210
1746460 209
1746470 209
1746480 209
1746490 209
1746500 209
1746510 209
1746520 209
1746530 209
1746540 208
1746550 208
1746560 208
1746570 208
1746580 208
1746590 208
1746600 208
1746610 207
1746620 207
1746630 207
1746640 207
1746650 207
1746660 207
1746670 207
1746680 206
1746690 206
1746700 206
1746710 206
1746720 206
1746730 206
1746740 206
1746750 207
1746760 207
1746770 207
1746780 207
1746790 206
1746800 206
1746810 206
1746820 206
1746830 206
1746840 206
1746850 206
1746860 206
1746870 206
1746880 206
1746890 206
1746900 206
1746910 206
1746920 206
1746930 206
1746940 206
1746950 206
1746960 206
1746970 206
1746980 206
1746990 207
1747000 207
1747010 207
1747020 206
1747030 206
1747040 206
1747050 206
1747060 206
1747070 206
1747080 206
1747090 206
1747100 206
1747110 205
1747120 205
1747130 206
1747140 206
1747150 206
1747160 206
1747170 206
1747180 206
1747190 206
1747200 206
1747210 206
1747220 206
1747230 206
1747240 206
1747250 206
1747260 206
1747270 206
1747280 206
1747290 206
1747300 206
1747310 206
1747320 206
1747330 206
1747340 206
1747350 206
1747360 206
1747370 205
1747380 206
1747390 206
1747400 206
1747410 206
1747420 206
1747430 206
1747440 206
1747450 206
1747460 206
1747470 206
1747480 206
1747490 206
1747500 205
1747510 205
1747520 205
1747530 205
1747540 205
1747550 205
1747560 205
1747570 205
1747580 205
1747590 205
1747600 205
1747610 205
1747620 205
1747630 205
1747640 205
1747650 205
1747660 205
1747670 205
1747680 204
1747690 203
1747700 203
1747710 203
1747720 203
1747730 204
1747740 204
1747750 203
1747760 204
1747770 204
1747780 205
1747790 205
1747800 205
1747810 206
1747820 206
1747830 206
1747840 206
1747850 206
1747860 206
1747870 206
1747880 206
1747890 206
1747900 206
1747910 206
1747920 206
1747930 206
1747940 206
1747950 206
1747960 206
1747970 206
1747980 206
1747990 206
1748000 206
1748010 206
1748020 206
1748030 206
1748040 206
1748050 206
1748060 206
1748070 206
1748080 206
1748090 206
1748100 206
1748110 206
1748120 207
1748130 207
1748140 207
1748150 207
1748160 207
1748170 208
1748180 208
1748190 208
1748200 208
1748210 208
1748220 208
1748230 208
1748240 208
1748250 208
1748260 208
1748270 208
1748280 208
1748290 208
1748300 208
1748310 208
1748320 209
1748330 209
1748340 209
1748350 209
1748360 209
1748370 209
1748380 209
1748390 209
1748400 209
1748410 209
1748420 209
1748430 209
1748440 209
1748450 209
1748460 210
1748470 210
1748480 210
1748490 210
1748500 210
1748510 210
1748520 210
1748530 210
1748540 211
1748550 211
1748560 211
1748570 212
1748580 213
1748590 214
1748600 214
1748610 213
1748620 213
1748630 213
1748640 213
1748650 213
1748660 213
1748670 213
1748680 213
1748690 213
1748700 213
1748710 213
1748720 214
1748730 214
1748740 214
1748750 214
1748760 214
1748770 215
1748780 215
1748790 215
1748800 215
1748810 216
1748820 216
1748830 217
1748840 217
1748850 217
1748860 217
1748870 217
1748880 217
1748890 217
1748900 218
1748910 218
1748920 218
1748930 219
1748940 219
1748950 219
1748960 219
1748970 219
1748980 219
1748990 220
1749000 220
1749010 220
1749020 220
1749030 220
1749040 221
1749050 221
1749060 221
1749070 221
1749080 222
1749090 222
1749100 222
1749110 223
1749120 224
1749130 224
1749140 224
1749150 224
1749160 224
1749170 224
1749180 224
1749190 224
1749200 225
1749210 225
1749220 225
1749230 225
1749240 226
1749250 226
1749260 227
1749270 227
1749280 227
1749290 228
1749300 229
1749310 229
1749320 230
1749330 230
1749340 230
1749350 231
1749360 231
1749370 231
1749380 232
1749390 232
1749400 232
1749410 233
1749420 233
1749430 234
1749440 234
1749450 234
1749460 235
1749470 235
1749480 236
1749490 237
1749500 237
1749510 238
1749520 239
1749530 239
1749540 240
1749550 240
1749560 240
1749570 241
1749580 241
1749590 242
1749600 243
1749610 244
1749620 245
1749630 245
1749640 246
1749650 247
1749660 247
1749670 248
1749680 248
1749690 248
1749700 248
1749710 249
1749720 251
1749730 252
1749740 252
1749750 253
1749760 254
1749770 255
1749780 256
1749790 257
1749800 258
1749810 259
1749820 259
1749830 260
1749840 261
1749850 262
1749860 263
1749870 264
1749880 265
1749890 266
1749900 266
1749910 267
1749920 268
1749930 268
1749940 269
1749950 270
1749960 271
1749970 271
1749980 272
1749990 273
1750000 274
1750010 275
1750020 276
1750030 277
1750040 278
1750050 278
1750060 279
1750070 280
1750080 281
1750090 282
1750100 283
1750110 284
1750120 285
1750130 285
1750140 286
1750150 287
1750160 288
1750170 289
1750180 289
1750190 289
1750200 290
1750210 290
1750220 291
1750230 291
1750240 292
1750250 293
1750260 294
1750270 294
1750280 294
1750290 294
1750300 294
1750310 294
1750320 294
1750330 294
1750340 294
1750350 294
1750360 294
1750370 294
1750380 294
1750390 294
1750400 294
1750410 294
1750420 294
1750430 294
1750440 294
1750450 295
1750460 295
1750470 295
1750480 295
1750490 295
1750500 294
1750510 294
1750520 293
1750530 293
1750540 293
1750550 293
1750560 293
1750570 292
1750580 292
1750590 292
1750600 292
1750610 292
1750620 292
1750630 292
1750640 292
1750650 291
1750660 291
1750670 290
1750680 290
1750690 290
1750700 289
1750710 289
1750720 289
1750730 289
1750740 289
1750750 289
1750760 289
1750770 288
1750780 287
1750790 286
1750800 283
1750810 280
1750820 277
1750830 274
1750840 271
1750850 268
1750860 266
1750870 265
1750880 264
1750890 262
1750900 261
1750910 259
1750920 258
1750930 257
1750940 257
1750950 256
1750960 256
1750970 255
1750980 254
1750990 253
1751000 253
1751010 252
1751020 251
1751030 250
1751040 248
1751050 247
1751060 246
1751070 244
1751080 243
1751090 242
1751100 240
1751110 239
1751120 238
1751130 236
1751140 235
1751150 234
1751160 232
1751170 231
1751180 230
1751190 230
1751200 230
1751210 228
1751220 228
1751230 227
1751240 225
1751250 224
1751260 223
1751270 223
1751280 223
1751290 222
1751300 221
1751310 221
1751320 221
1751330 222
1751340 223
1751350 223
1751360 223
1751370 223
1751380 223
1751390 223
1751400 224
1751410 224
1751420 224
1751430 224
1751440 224
1751450 225
1751460 225
1751470 225
1751480 225
1751490 225
1751500 225
1751510 225
1751520 225
1751530 225
1751540 226
1751550 226
1751560 226
1751570 227
1751580 228
1751590 229
1751600 230
1751610 230
1751620 231
1751630 231
1751640 232
1751650 233
1751660 234
1751670 236
1751680 237
1751690 238
1751700 238
1751710 238
1751720 238
1751730 239
1751740 239
1751750 239
1751760 240
1751770 240
1751780 241
1751790 242
1751800 242
1751810 243
1751820 243
1751830 244
1751840 244
1751850 244
1751860 244
1751870 245
1751880 246
1751890 247
1751900 247
1751910 247
1751920 247
1751930 247
1751940 247
1751950 248
1751960 248
1751970 248
1751980 248
1751990 249
1752000 249
1752010 250
1752020 250
1752030 250
1752040 250
1752050 251
1752060 251
1752070 251
1752080 252
1752090 252
1752100 253
1752110 253
1752120 253
1752130 253
1752140 254
1752150 254
1752160 254
1752170 254
1752180 254
1752190 254
1752200 253
1752210 253
1752220 255
1752230 256
1752240 256
1752250 256
1752260 257
1752270 257
1752280 257
1752290 257
1752300 258
1752310 258
1752320 258
1752330 258
1752340 259
1752350 259
1752360 259
1752370 259
1752380 260
1752390 260
1752400 260
1752410 260
1752420 261
1752430 261
1752440 261
1752450 262
1752460 262
1752470 262
1752480 263
1752490 263
1752500 263
1752510 264
1752520 264
1752530 264
1752540 265
1752550 265
1752560 265
1752570 266
1752580 266
1752590 266
1752600 266
1752610 266
1752620 267
1752630 267
1752640 267
1752650 267
1752660 267
1752670 267
1752680 268
1752690 268
1752700 268
1752710 268
1752720 268
1752730 269
1752740 269
1752750 269
1752760 269
1752770 269
1752780 269
1752790 269
1752800 269
1752810 270
1752820 270
1752830 270
1752840 270
1752850 270
1752860 270
1752870 271
1752880 271
1752890 271
1752900 271
1752910 271
1752920 271
1752930 271
1752940 272
1752950 272
1752960 272
1752970 272
1752980 272
1752990 272
1753000 272
1753010 272
1753020 272
1753030 272
1753040 272
1753050 272
1753060 271
1753070 272
1753080 272
1753090 272
1753100 273
1753110 273
1753120 274
1753130 274
1753140 274
1753150 275
1753160 275
1753170 275
1753180 275
1753190 275
1753200 275
1753210 275
1753220 275
1753230 275
1753240 275
1753250 275
1753260 275
1753270 275
1753280 275
1753290 276
1753300 276
1753310 276
1753320 276
1753330 276
1753340 276
1753350 276
1753360 276
1753370 276
1753380 276
1753390 276
1753400 277
1753410 277
1753420 277
1753430 277
1753440 277
1753450 277
1753460 277
1753470 277
1753480 277
1753490 277
1753500 277
1753510 277
1753520 277
1753530 277
1753540 277
1753550 277
1753560 277
1753570 277
1753580 277
1753590 277
1753600 277
1753610 277
1753620 277
1753630 277
1753640 277
1753650 277
1753660 277
1753670 277
1753680 277
1753690 277
1753700 277
1753710 277
1753720 277
1753730 277
1753740 277
1753750 277
1753760 277
1753770 277
1753780 277
1753790 277
1753800 277
1753810 277
1753820 277
1753830 278
1753840 278
1753850 278
1753860 278
1753870 278
1753880 278
1753890 278
1753900 278
1753910 278
1753920 278
1753930 278
1753940 279
1753950 279
1753960 279
1753970 279
1753980 280
1753990 280
1754000 280
1754010 280
1754020 280
1754030 280
1754040 280
1754050 280
1754060 281
1754070 281
1754080 281
1754090 281
1754100 281
1754110 282
1754120 282
1754130 282
1754140 282
1754150 283
1754160 283
1754170 283
1754180 284
1754190 284
1754200 284
1754210 284
1754220 284
1754230 285
1754240 285
1754250 285
1754260 286
1754270 286
1754280 286
1754290 286
1754300 286
1754310 286
1754320 286
1754330 287
1754340 287
1754350 287
1754360 287
1754370 287
1754380 287
1754390 287
1754400 288
1754410 288
1754420 288
1754430 288
1754440 288
1754450 288
1754460 288
1754470 288
1754480 288
1754490 288
1754500 288
1754510 289
1754520 289
1754530 289
1754540 289
1754550 289
1754560 289
1754570 289
1754580 289
1754590 289
1754600 289
1754610 289
1754620 289
1754630 289
1754640 289
1754650 289
1754660 289
1754670 288
1754680 288
1754690 288
1754700 288
1754710 288
1754720 288
1754730 287
1754740 286
1754750 285
1754760 285
1754770 285
1754780 285
1754790 285
1754800 285
1754810 285
1754820 285
1754830 285
1754840 286
1754850 286
1754860 286
1754870 286
1754880 287
1754890 287
1754900 287
1754910 287
1754920 287
1754930 287
1754940 287
1754950 287
1754960 288
1754970 288
1754980 288
1754990 288
1755000 288
1755010 289
1755020 289
1755030 289
1755040 289
1755050 289
1755060 290
1755070 290
1755080 290
1755090 290
1755100 291
1755110 291
1755120 291
1755130 291
1755140 291
1755150 291
1755160 291
1755170 292
1755180 292
1755190 292
1755200 293
1755210 293
1755220 293
1755230 293
1755240 293
1755250 293
1755260 293
1755270 294
1755280 294
1755290 294
1755300 295
1755310 295
1755320 295
1755330 295
1755340 295
1755350 295
1755360 295
1755370 296
1755380 296
1755390 296
1755400 296
1755410 296
1755420 295
1755430 295
1755440 295
1755450 295
1755460 295
1755470 295
1755480 296
1755490 296
1755500 296
1755510 296
1755520 296
1755530 296
1755540 297
1755550 297
1755560 299
1755570 301
1755580 304
1755590 305
1755600 305
1755610 306
1755620 306
1755630 306
1755640 306
1755650 307
1755660 307
1755670 307
1755680 307
1755690 307
1755700 308
1755710 308
1755720 308
1755730 308
1755740 309
1755750 309
1755760 309
1755770 310
1755780 310
1755790 310
1755800 311
1755810 311
1755820 311
1755830 312
1755840 312
1755850 312
1755860 313
1755870 313
1755880 313
1755890 315
1755900 318
1755910 319
1755920 320
1755930 321
1755940 322
1755950 323
1755960 324
1755970 325
1755980 326
1755990 327
1756000 328
1756010 329
1756020 330
1756030 330
1756040 331
1756050 332
1756060 332
1756070 333
1756080 333
1756090 334
1756100 334
1756110 335
1756120 336
1756130 337
1756140 338
1756150 338
1756160 339
1756170 339
1756180 339
1756190 339
1756200 339
1756210 338
1756220 337
1756230 337
1756240 337
1756250 337
1756260 337
1756270 336
1756280 336
1756290 336
1756300 336
1756310 336
1756320 335
1756330 335
1756340 334
1756350 333
1756360 330
1756370 328
1756380 328
1756390 330
1756400 330
1756410 328
1756420 329
1756430 331
1756440 332
1756450 332
1756460 331
1756470 331
1756480 331
1756490 331
1756500 331
1756510 332
1756520 332
1756530 333
1756540 333
1756550 333
1756560 334
1756570 334
1756580 334
1756590 333
1756600 334
1756610 334
1756620 336
1756630 337
1756640 338
1756650 338
1756660 338
1756670 337
1756680 336
1756690 336
1756700 335
1756710 335
1756720 334
1756730 333
1756740 332
1756750 331
1756760 330
1756770 330
1756780 328
1756790 327
1756800 326
1756810 326
1756820 325
1756830 323
1756840 321
1756850 320
1756860 320
1756870 318
1756880 316
1756890 315
1756900 313
1756910 311
1756920 310
1756930 309
1756940 307
1756950 305
