1757110 307
1757120 307
1757130 307
1757140 307
1757150 306
1757160 305
1757170 305
1757180 304
1757190 304
1757200 305
1757210 305
1757220 305
1757230 306
1757240 307
1757250 308
1757260 309
1757270 310
1757280 310
1757290 311
1757300 311
1757310 311
1757320 311
1757330 310
1757340 311
1757350 311
1757360 312
1757370 312
1757380 311
1757390 311
1757400 311
1757410 311
1757420 311
1757430 311
1757440 311
1757450 311
1757460 311
1757470 311
1757480 311
1757490 311
1757500 311
1757510 311
1757520 311
1757530 310
1757540 311
1757550 311
1757560 310
1757570 309
1757580 308
1757590 307
1757600 307
1757610 307
1757620 307
1757630 308
1757640 308
1757650 307
1757660 305
1757670 302
1757680 300
1757690 299
1757700 297
1757710 295
1757720 293
1757730 292
1757740 292
1757750 291
1757760 290
1757770 290
1757780 289
1757790 289
1757800 289
1757810 289
1757820 290
1757830 290
1757840 290
1757850 290
1757860 290
1757870 290
1757880 291
1757890 291
1757900 291
1757910 291
1757920 292
1757930 292
1757940 292
1757950 292
1757960 292
1757970 292
1757980 293
1757990 293
1758000 293
1758010 293
1758020 293
1758030 293
1758040 294
1758050 294
1758060 294
1758070 294
1758080 295
1758090 295
1758100 295
1758110 295
1758120 296
1758130 296
1758140 296
1758150 297
1758160 297
1758170 297
1758180 298
1758190 298
1758200 299
1758210 299
1758220 300
1758230 300
1758240 301
1758250 302
1758260 304
1758270 306
1758280 308
1758290 310
1758300 312
1758310 315
1758320 318
1758330 321
1758340 324
1758350 325
1758360 326
1758370 327
1758380 328
1758390 330
1758400 332
1758410 333
1758420 333
1758430 333
1758440 333
1758450 333
1758460 333
1758470 332
1758480 332
1758490 332
1758500 332
1758510 331
1758520 331
1758530 330
1758540 329
1758550 328
1758560 327
1758570 326
1758580 326
1758590 326
1758600 326
1758610 326
1758620 325
1758630 324
1758640 324
1758650 323
1758660 323
1758670 322
1758680 321
1758690 320
1758700 319
1758710 318
1758720 317
1758730 316
1758740 314
1758750 313
1758760 312
1758770 312
1758780 311
1758790 311
1758800 311
1758810 312
1758820 312
1758830 312
1758840 313
1758850 315
1758860 316
1758870 318
1758880 321
1758890 323
1758900 326
1758910 328
1758920 330
1758930 332
1758940 333
1758950 334
1758960 334
1758970 335
1758980 336
1758990 336
1759000 336
1759010 337
1759020 337
1759030 337
1759040 335
1759050 332
1759060 330
1759070 329
1759080 329
1759090 328
1759100 330
1759110 333
1759120 338
1759130 342
1759140 344
1759150 346
1759160 347
1759170 349
1759180 351
1759190 352
1759200 354
1759210 355
1759220 357
1759230 358
1759240 359
1759250 360
1759260 361
1759270 361
1759280 362
1759290 363
1759300 363
1759310 363
1759320 364
1759330 364
1759340 365
1759350 365
1759360 365
1759370 365
1759380 365
1759390 365
1759400 365
1759410 365
1759420 366
1759430 366
1759440 366
1759450 366
1759460 366
1759470 366
1759480 366
1759490 366
1759500 366
1759510 365
1759520 365
1759530 365
1759540 365
1759550 365
1759560 366
1759570 366
1759580 366
1759590 366
1759600 366
1759610 366
1759620 366
1759630 365
1759640 365
1759650 365
1759660 365
1759670 365
1759680 365
1759690 365
1759700 365
1759710 365
1759720 365
1759730 365
1759740 365
1759750 365
1759760 365
1759770 364
1759780 364
1759790 364
1759800 364
1759810 364
1759820 364
1759830 364
1759840 364
1759850 364
1759860 363
1759870 363
1759880 363
1759890 363
1759900 363
1759910 363
1759920 363
1759930 362
1759940 362
1759950 362
1759960 362
1759970 362
1759980 362
1759990 361
