1756560 305
1756570 306
1756580 306
1756590 307
1756600 307
1756610 308
1756620 309
1756630 310
1756640 311
1756650 312
1756660 314
1756670 315
1756680 317
1756690 318
1756700 319
1756710 320
1756720 321
1756730 322
1756740 322
1756750 323
1756760 323
1756770 324
1756780 325
1756790 325
1756800 326
1756810 326
1756820 327
1756830 328
1756840 328
1756850 329
1756860 329
1756870 329
1756880 329
1756890 329
1756900 329
1756910 330
1756920 332
1756930 333
1756940 334
1756950 335
1756960 336
1756970 336
1756980 336
1756990 335
1757000 335
1757010 336
1757020 339
1757030 341
1757040 343
1757050 345
1757060 346
1757070 347
1757080 348
1757090 348
1757100 349
1757110 349
1757120 350
1757130 350
1757140 351
1757150 353
1757160 354
1757170 356
1757180 357
1757190 358
1757200 359
1757210 360
1757220 360
1757230 361
1757240 362
1757250 362
1757260 363
1757270 363
1757280 364
1757290 364
1757300 365
1757310 365
1757320 365
1757330 366
1757340 366
1757350 366
1757360 366
1757370 366
1757380 366
1757390 366
1757400 366
1757410 366
1757420 367
1757430 367
1757440 368
1757450 368
1757460 369
1757470 370
1757480 371
1757490 371
1757500 372
1757510 372
1757520 372
1757530 372
1757540 372
1757550 373
1757560 373
1757570 373
1757580 374
1757590 374
1757600 374
1757610 374
1757620 375
1757630 375
1757640 375
1757650 376
1757660 376
1757670 377
1757680 377
1757690 377
1757700 378
1757710 378
1757720 378
1757730 378
1757740 379
1757750 379
1757760 379
1757770 379
1757780 379
1757790 380
1757800 380
1757810 380
1757820 380
1757830 380
1757840 380
1757850 380
1757860 381
1757870 381
1757880 381
1757890 381
1757900 381
1757910 381
1757920 381
1757930 381
1757940 381
1757950 381
1757960 381
1757970 381
1757980 381
1757990 381
1758000 381
1758010 381
1758020 381
1758030 381
1758040 381
1758050 381
1758060 381
1758070 381
1758080 380
1758090 380
1758100 380
1758110 381
1758120 381
1758130 380
1758140 380
1758150 380
1758160 380
1758170 380
1758180 380
1758190 380
1758200 380
1758210 380
1758220 381
1758230 381
1758240 381
1758250 381
1758260 381
1758270 381
1758280 381
1758290 381
1758300 381
1758310 381
1758320 381
1758330 381
1758340 381
1758350 381
1758360 381
1758370 381
1758380 381
1758390 381
1758400 381
1758410 381
1758420 381
1758430 381
1758440 381
1758450 381
1758460 381
1758470 381
1758480 381
1758490 381
1758500 381
1758510 380
1758520 381
1758530 381
1758540 381
1758550 381
1758560 381
1758570 381
1758580 381
1758590 381
1758600 381
1758610 381
1758620 381
1758630 381
1758640 380
1758650 380
1758660 380
1758670 380
1758680 380
1758690 380
1758700 380
1758710 380
1758720 380
1758730 380
1758740 380
1758750 380
1758760 380
1758770 380
1758780 380
1758790 380
1758800 380
1758810 380
1758820 380
1758830 380
1758840 380
1758850 380
1758860 380
1758870 380
1758880 380
1758890 380
1758900 380
1758910 380
1758920 380
1758930 380
1758940 380
1758950 380
1758960 380
1758970 380
1758980 380
1758990 380
1759000 380
1759010 380
1759020 380
1759030 380
1759040 380
1759050 380
1759060 380
1759070 380
1759080 380
1759090 380
1759100 380
1759110 380
1759120 380
1759130 380
1759140 380
1759150 380
1759160 380
1759170 380
1759180 381
1759190 381
1759200 381
1759210 381
1759220 381
1759230 381
1759240 381
1759250 381
1759260 381
1759270 381
1759280 380
1759290 380
1759300 380
1759310 380
1759320 381
1759330 381
1759340 381
1759350 381
1759360 381
1759370 381
1759380 381
1759390 381
1759400 381
1759410 381
1759420 381
1759430 381
1759440 381
1759450 381
1759460 381
1759470 381
1759480 381
1759490 381
1759500 381
1759510 381
1759520 381
1759530 381
1759540 381
1759550 381
1759560 381
1759570 381
1759580 381
1759590 381
1759600 381
1759610 381
1759620 381
1759630 381
1759640 381
1759650 381
1759660 381
1759670 381
1759680 381
1759690 381
1759700 381
1759710 381
1759720 381
1759730 381
1759740 381
1759750 381
1759760 381
1759770 381
1759780 381
1759790 381
1759800 381
1759810 381
1759820 381
1759830 381
1759840 381
1759850 380
1759860 380
1759870 379
1759880 379
1759890 380
1759900 380
1759910 381
1759920 381
1759930 381
1759940 381
1759950 381
1759960 381
1759970 381
1759980 381
1759990 381
1740000 293
1740010 298
1740020 302
1740030 306
1740040 306
1740050 307
1740060 306
1740070 306
1740080 306
1740090 307
1740100 308
1740110 309
1740120 310
1740130 312
1740140 313
1740150 313
1740160 311
1740170 310
1740180 310
1740190 311
1740200 312
1740210 313
1740220 315
1740230 316
1740240 318
1740250 321
1740260 324
1740270 326
1740280 328
1740290 330
1740300 332
1740310 334
1740320 336
1740330 338
1740340 341
1740350 343
1740360 345
1740370 347
1740380 349
1740390 351
1740400 353
1740410 355
1740420 358
1740430 360
1740440 363
1740450 366
1740460 369
1740470 372
1740480 374
1740490 376
1740500 378
1740510 380
1740520 382
1740530 384
1740540 386
1740550 388
1740560 390
1740570 391
1740580 393
1740590 394
1740600 395
1740610 396
1740620 397
1740630 397
1740640 397
1740650 397
1740660 397
1740670 397
1740680 396
1740690 396
1740700 395
1740710 394
1740720 394
1740730 394
1740740 393
1740750 393
1740760 393
1740770 392
1740780 392
1740790 391
1740800 391
1740810 390
1740820 390
1740830 390
1740840 389
1740850 389
1740860 389
1740870 389
1740880 390
1740890 390
1740900 391
1740910 390
1740920 390
1740930 390
1740940 389
1740950 389
1740960 388
1740970 388
1740980 387
1740990 386
1741000 386
1741010 385
1741020 385
1741030 384
1741040 383
1741050 382
1741060 382
1741070 381
1741080 381
1741090 380
1741100 380
1741110 379
1741120 379
1741130 378
1741140 378
1741150 377
1741160 377
1741170 376
1741180 376
1741190 376
1741200 375
1741210 375
1741220 375
1741230 375
1741240 375
1741250 375
1741260 375
1741270 375
1741280 375
1741290 374
1741300 374
1741310 374
1741320 374
1741330 374
1741340 374
1741350 374
1741360 374
1741370 374
1741380 375
1741390 375
1741400 375
1741410 375
1741420 375
1741430 375
1741440 376
1741450 377
1741460 378
1741470 379
1741480 381
1741490 381
1741500 382
1741510 382
1741520 382
1741530 381
1741540 381
1741550 381
1741560 380
1741570 380
1741580 380
1741590 379
1741600 379
1741610 379
1741620 380
1741630 380
1741640 380
1741650 380
1741660 380
1741670 380
1741680 380
1741690 380
1741700 379
1741710 379
1741720 379
1741730 379
1741740 379
1741750 378
1741760 378
1741770 378
1741780 378
1741790 378
1741800 378
1741810 377
1741820 376
1741830 376
1741840 375
1741850 375
1741860 374
1741870 374
1741880 374
1741890 373
1741900 373
1741910 373
1741920 373
1741930 373
1741940 373
1741950 373
1741960 374
1741970 374
1741980 373
1741990 373
1742000 372
1742010 371
1742020 370
1742030 369
1742040 368
1742050 368
1742060 367
1742070 366
1742080 366
1742090 365
1742100 364
1742110 363
1742120 363
1742130 362
1742140 361
1742150 361
1742160 360
1742170 360
1742180 359
1742190 358
1742200 358
1742210 357
1742220 356
1742230 356
1742240 355
1742250 355
1742260 355
1742270 354
1742280 353
1742290 352
1742300 351
1742310 351
1742320 350
1742330 350
1742340 349
1742350 349
1742360 349
1742370 348
1742380 347
1742390 345
1742400 344
1742410 343
1742420 343
1742430 342
1742440 342
1742450 341
1742460 341
1742470 340
1742480 340
1742490 339
1742500 339
1742510 338
1742520 337
1742530 337
1742540 336
1742550 336
1742560 335
1742570 335
1742580 334
1742590 334
1742600 333
1742610 332
1742620 332
1742630 331
1742640 331
1742650 331
1742660 330
1742670 330
1742680 330
1742690 329
1742700 329
1742710 328
1742720 327
1742730 327
1742740 326
1742750 325
1742760 325
1742770 324
1742780 324
1742790 323
1742800 322
1742810 322
1742820 321
1742830 321
1742840 320
1742850 320
1742860 319
1742870 318
1742880 316
1742890 315
1742900 313
1742910 310
1742920 309
1742930 309
1742940 309
1742950 309
1742960 311
1742970 312
1742980 315
1742990 317
1743000 319
1743010 321
1743020 323
1743030 325
1743040 327
1743050 329
1743060 330
1743070 331
1743080 332
1743090 333
1743100 335
1743110 336
1743120 337
1743130 338
1743140 339
1743150 340
1743160 341
1743170 341
1743180 342
1743190 342
1743200 342
1743210 342
1743220 342
1743230 342
1743240 342
1743250 342
1743260 342
1743270 342
1743280 341
1743290 341
1743300 341
1743310 340
1743320 340
1743330 339
1743340 339
1743350 338
1743360 338
1743370 337
1743380 337
1743390 337
1743400 336
1743410 336
1743420 335
1743430 335
1743440 334
1743450 333
1743460 333
1743470 332
1743480 331
1743490 330
1743500 330
1743510 329
1743520 329
1743530 328
1743540 326
1743550 325
1743560 324
1743570 323
1743580 322
1743590 321
1743600 319
1743610 317
1743620 315
1743630 314
1743640 312
1743650 310
1743660 309
1743670 308
1743680 307
1743690 306
1743700 305
1743710 304
1743720 303
1743730 302
1743740 301
1743750 300
1743760 299
1743770 299
1743780 298
1743790 297
1743800 296
1743810 294
1743820 292
1743830 292
1743840 290
1743850 289
1743860 286
1743870 284
1743880 282
1743890 280
1743900 277
1743910 274
1743920 271
1743930 267
1743940 264
1743950 262
1743960 261
1743970 259
1743980 259
1743990 258
1744000 258
1744010 257
1744020 257
1744030 259
1744040 262
1744050 266
1744060 271
1744070 275
1744080 278
1744090 281
1744100 284
1744110 286
1744120 289
1744130 291
1744140 293
1744150 296
1744160 298
1744170 300
1744180 302
1744190 304
1744200 306
1744210 307
1744220 308
1744230 308
1744240 309
1744250 310
1744260 311
1744270 311
1744280 312
1744290 312
1744300 313
1744310 313
1744320 314
1744330 314
1744340 314
1744350 314
1744360 314
1744370 314
1744380 314
1744390 314
1744400 314
1744410 313
1744420 313
1744430 313
1744440 313
1744450 313
1744460 314
1744470 314
1744480 314
1744490 314
1744500 314
1744510 314
1744520 314
1744530 314
1744540 314
1744550 314
1744560 314
1744570 314
1744580 314
1744590 314
1744600 314
1744610 314
1744620 314
1744630 314
1744640 314
1744650 314
1744660 313
1744670 312
1744680 312
1744690 312
1744700 312
1744710 313
1744720 313
1744730 313
1744740 313
1744750 313
1744760 314
1744770 314
1744780 314
1744790 314
1744800 314
1744810 314
1744820 314
1744830 314
1744840 314
1744850 314
1744860 313
1744870 313
1744880 313
1744890 313
1744900 312
1744910 312
1744920 312
1744930 312
1744940 312
1744950 312
1744960 312
1744970 312
1744980 312
1744990 313
1745000 313
1745010 313
1745020 313
1745030 313
1745040 313
1745050 313
1745060 312
1745070 312
1745080 312
1745090 312
1745100 312
1745110 312
1745120 312
1745130 312
1745140 312
1745150 311
1745160 310
1745170 310
1745180 309
1745190 309
1745200 309
1745210 308
1745220 308
1745230 308
1745240 308
1745250 309
1745260 309
1745270 310
1745280 312
1745290 312
1745300 313
1745310 313
1745320 314
1745330 314
1745340 314
1745350 314
1745360 314
1745370 314
1745380 313
1745390 313
1745400 312
1745410 312
1745420 312
1745430 312
1745440 312
1745450 313
1745460 313
1745470 312
1745480 312
1745490 311
1745500 310
1745510 309
1745520 307
1745530 304
1745540 301
1745550 297
1745560 293
1745570 290
1745580 287
1745590 285
1745600 283
1745610 280
1745620 276
1745630 274
1745640 274
1745650 274
1745660 274
1745670 274
1745680 274
1745690 273
1745700 272
1745710 269
1745720 268
1745730 268
1745740 267
1745750 267
1745760 267
1745770 267
1745780 266
1745790 266
1745800 266
1745810 266
1745820 266
1745830 266
1745840 266
1745850 265
1745860 265
1745870 266
1745880 268
1745890 270
1745900 272
1745910 274
1745920 276
1745930 278
1745940 279
1745950 280
1745960 280
1745970 281
1745980 281
1745990 281
1746000 282
1746010 282
1746020 282
1746030 282
1746040 283
1746050 283
1746060 283
1746070 284
1746080 285
1746090 286
1746100 287
1746110 288
1746120 289
1746130 289
1746140 289
1746150 288
1746160 288
1746170 288
1746180 290
1746190 290
1746200 290
1746210 290
1746220 290
1746230 290
1746240 291
1746250 291
1746260 291
1746270 291
1746280 291
1746290 291
1746300 292
1746310 292
1746320 292
1746330 292
1746340 292
1746350 292
1746360 291
1746370 289
1746380 288
1746390 288
1746400 287
1746410 287
1746420 286
1746430 286
1746440 285
1746450 285
1746460 285
1746470 285
1746480 284
1746490 284
1746500 284
1746510 282
1746520 279
1746530 277
1746540 275
1746550 274
1746560 273
1746570 273
1746580 272
1746590 270
1746600 268
1746610 267
1746620 267
1746630 267
1746640 265
1746650 263
1746660 261
1746670 259
1746680 257
1746690 254
1746700 252
1746710 250
1746720 247
1746730 245
1746740 242
1746750 238
1746760 232
1746770 225
1746780 219
1746790 216
1746800 214
1746810 213
1746820 212
1746830 212
1746840 212
1746850 211
1746860 210
1746870 210
1746880 211
1746890 212
1746900 211
1746910 211
1746920 210
1746930 210
1746940 210
1746950 210
1746960 210
1746970 210
1746980 210
1746990 210
1747000 210
1747010 210
1747020 210
1747030 210
1747040 210
1747050 210
1747060 210
1747070 209
1747080 208
1747090 207
1747100 207
1747110 207
1747120 208
1747130 208
1747140 209
1747150 210
1747160 210
1747170 210
1747180 210
1747190 210
1747200 210
1747210 210
1747220 210
1747230 210
1747240 210
1747250 210
1747260 210
1747270 210
1747280 210
1747290 210
1747300 210
1747310 210
1747320 210
1747330 210
1747340 210
1747350 210
1747360 210
1747370 210
1747380 210
1747390 211
1747400 211
1747410 211
1747420 212
1747430 212
1747440 213
1747450 213
1747460 213
1747470 214
1747480 214
1747490 215
1747500 215
1747510 216
1747520 216
1747530 218
1747540 219
1747550 219
1747560 220
1747570 220
1747580 221
1747590 222
1747600 223
1747610 223
1747620 224
1747630 225
1747640 226
1747650 227
1747660 228
1747670 228
1747680 228
1747690 228
1747700 228
1747710 229
1747720 229
1747730 229
1747740 230
1747750 230
1747760 230
1747770 231
1747780 231
1747790 231
1747800 232
1747810 232
1747820 232
1747830 233
1747840 233
1747850 234
1747860 234
1747870 234
1747880 235
1747890 235
1747900 235
1747910 236
1747920 236
1747930 237
1747940 237
1747950 237
1747960 236
1747970 236
1747980 235
1747990 235
1748000 235
1748010 235
1748020 235
1748030 236
1748040 237
1748050 239
1748060 239
1748070 239
1748080 239
1748090 240
1748100 241
1748110 242
1748120 242
1748130 243
1748140 244
1748150 244
1748160 244
1748170 245
1748180 245
1748190 245
1748200 245
1748210 246
1748220 246
1748230 246
1748240 245
1748250 244
1748260 242
1748270 242
1748280 243
1748290 245
1748300 246
1748310 248
1748320 250
1748330 252
1748340 252
1748350 253
1748360 254
1748370 255
1748380 256
1748390 257
1748400 258
1748410 259
1748420 260
1748430 261
1748440 262
1748450 263
1748460 264
1748470 265
1748480 267
1748490 268
1748500 269
1748510 270
1748520 272
1748530 273
1748540 274
1748550 275
1748560 276
1748570 278
1748580 279
1748590 279
1748600 279
1748610 280
1748620 280
1748630 280
1748640 281
1748650 281
1748660 281
1748670 281
1748680 281
1748690 279
1748700 278
1748710 276
1748720 276
1748730 276
1748740 276
1748750 276
1748760 277
1748770 279
1748780 281
1748790 283
1748800 286
1748810 287
1748820 289
1748830 290
1748840 291
1748850 293
1748860 295
1748870 296
1748880 297
1748890 299
1748900 300
1748910 302
1748920 303
1748930 305
1748940 306
1748950 307
1748960 308
1748970 309
1748980 309
1748990 310
1749000 311
1749010 311
1749020 312
1749030 312
1749040 312
1749050 312
1749060 313
1749070 313
1749080 313
1749090 313
1749100 312
1749110 312
1749120 312
1749130 312
1749140 311
1749150 311
1749160 311
1749170 310
1749180 309
1749190 309
1749200 308
1749210 307
1749220 306
1749230 306
1749240 305
1749250 304
1749260 303
1749270 302
1749280 301
1749290 300
1749300 299
1749310 298
1749320 297
1749330 295
1749340 293
1749350 291
1749360 288
1749370 287
1749380 286
1749390 285
1749400 285
1749410 284
1749420 285
1749430 284
1749440 284
1749450 284
1749460 284
1749470 284
1749480 284
1749490 284
1749500 285
1749510 285
1749520 286
1749530 286
1749540 287
1749550 287
1749560 287
1749570 287
1749580 287
1749590 287
1749600 287
1749610 287
1749620 287
1749630 288
1749640 287
1749650 287
1749660 287
1749670 287
1749680 287
1749690 287
1749700 286
1749710 286
1749720 286
1749730 285
1749740 284
1749750 284
1749760 284
1749770 284
1749780 284
1749790 284
1749800 284
1749810 285
1749820 285
1749830 285
1749840 285
1749850 286
1749860 286
1749870 286
1749880 287
1749890 287
1749900 287
1749910 287
1749920 287
1749930 288
1749940 288
1749950 288
1749960 289
1749970 290
1749980 290
1749990 290
1750000 291
1750010 291
1750020 291
1750030 291
1750040 291
1750050 291
1750060 291
1750070 291
1750080 291
1750090 291
1750100 291
1750110 291
1750120 291
1750130 291
1750140 292
1750150 292
1750160 292
1750170 292
1750180 291
1750190 291
1750200 291
1750210 292
1750220 292
1750230 291
1750240 291
1750250 291
1750260 291
1750270 291
1750280 291
1750290 291
1750300 291
1750310 290
1750320 288
1750330 287
1750340 290
1750350 290
1750360 289
1750370 289
1750380 289
1750390 288
1750400 288
1750410 288
1750420 289
1750430 289
1750440 289
1750450 289
1750460 289
1750470 289
1750480 288
1750490 286
1750500 285
1750510 286
1750520 288
1750530 289
1750540 291
1750550 293
1750560 295
1750570 296
1750580 297
1750590 297
1750600 298
1750610 298
1750620 299
1750630 301
1750640 302
1750650 304
1750660 306
1750670 307
1750680 308
1750690 310
1750700 310
1750710 311
1750720 312
1750730 313
1750740 314
1750750 314
1750760 314
1750770 315
1750780 316
1750790 317
1750800 317
1750810 318
1750820 318
1750830 319
1750840 320
1750850 320
1750860 320
1750870 320
1750880 318
1750890 315
1750900 312
1750910 309
1750920 306
1750930 302
1750940 298
1750950 294
1750960 290
1750970 285
1750980 281
1750990 278
1751000 274
1751010 270
1751020 266
1751030 263
1751040 259
1751050 255
1751060 251
1751070 248
1751080 245
1751090 244
1751100 243
1751110 243
1751120 243
1751130 243
1751140 243
1751150 243
1751160 243
1751170 243
1751180 243
1751190 244
1751200 244
1751210 245
1751220 246
1751230 248
1751240 249
1751250 250
1751260 251
1751270 252
1751280 254
1751290 256
1751300 257
1751310 259
1751320 260
1751330 262
1751340 263
1751350 264
1751360 265
1751370 265
1751380 265
1751390 265
1751400 264
1751410 264
1751420 264
1751430 264
1751440 264
1751450 264
1751460 265
1751470 267
1751480 269
1751490 272
1751500 275
1751510 277
1751520 280
1751530 283
1751540 286
1751550 289
1751560 292
1751570 294
1751580 297
1751590 300
1751600 302
1751610 305
1751620 308
1751630 311
1751640 314
1751650 317
1751660 319
1751670 321
1751680 324
1751690 326
1751700 328
1751710 330
1751720 332
1751730 334
1751740 336
1751750 339
1751760 341
1751770 342
1751780 344
1751790 346
1751800 347
1751810 349
1751820 350
1751830 352
1751840 353
1751850 354
1751860 356
1751870 357
1751880 359
1751890 360
1751900 362
1751910 363
1751920 365
1751930 365
1751940 366
1751950 366
1751960 366
1751970 366
1751980 366
1751990 366
1752000 366
1752010 365
1752020 365
1752030 365
1752040 365
1752050 365
1752060 364
1752070 364
1752080 363
1752090 363
1752100 362
1752110 362
1752120 362
1752130 361
1752140 361
1752150 361
1752160 360
1752170 360
1752180 359
1752190 359
1752200 358
1752210 358
1752220 358
1752230 357
1752240 356
1752250 355
1752260 355
1752270 354
1752280 353
1752290 352
1752300 351
1752310 350
1752320 349
1752330 347
1752340 345
1752350 342
1752360 339
1752370 337
1752380 334
1752390 332
1752400 331
1752410 329
1752420 327
1752430 326
1752440 326
1752450 328
1752460 329
1752470 330
1752480 332
1752490 333
1752500 334
1752510 334
1752520 335
1752530 335
1752540 335
1752550 335
1752560 334
1752570 332
1752580 330
1752590 327
1752600 324
1752610 321
1752620 318
1752630 315
1752640 312
1752650 309
1752660 306
1752670 304
1752680 302
1752690 299
1752700 297
1752710 295
1752720 292
1752730 290
1752740 288
1752750 287
1752760 284
1752770 281
1752780 278
1752790 278
1752800 279
1752810 281
1752820 283
1752830 285
1752840 286
1752850 288
1752860 289
1752870 290
1752880 290
1752890 290
1752900 290
1752910 290
1752920 290
1752930 290
1752940 289
1752950 289
1752960 288
1752970 288
1752980 288
1752990 287
1753000 287
1753010 286
1753020 286
1753030 285
1753040 285
1753050 284
1753060 283
1753070 282
1753080 282
1753090 281
1753100 280
1753110 280
1753120 279
1753130 278
1753140 277
1753150 277
1753160 276
1753170 276
1753180 275
1753190 275
1753200 274
1753210 273
1753220 272
1753230 272
1753240 271
1753250 271
1753260 271
1753270 271
1753280 271
1753290 271
1753300 271
1753310 271
1753320 271
1753330 271
1753340 271
1753350 272
1753360 272
1753370 271
1753380 271
1753390 271
1753400 271
1753410 272
1753420 272
1753430 272
1753440 272
1753450 273
1753460 273
1753470 273
1753480 273
1753490 273
1753500 273
1753510 273
1753520 273
1753530 273
1753540 273
1753550 272
1753560 273
1753570 273
1753580 274
1753590 274
1753600 274
1753610 273
1753620 273
1753630 273
1753640 273
1753650 273
1753660 273
1753670 274
1753680 274
1753690 274
1753700 275
1753710 275
1753720 275
1753730 276
1753740 276
1753750 276
1753760 276
1753770 277
1753780 277
1753790 277
1753800 278
1753810 278
1753820 279
1753830 280
1753840 280
1753850 281
1753860 281
1753870 281
1753880 282
1753890 282
1753900 283
1753910 283
1753920 283
1753930 283
1753940 283
1753950 283
1753960 283
1753970 284
1753980 284
1753990 284
1754000 284
1754010 284
1754020 284
1754030 285
1754040 285
1754050 285
1754060 285
1754070 285
1754080 285
1754090 286
1754100 286
1754110 286
1754120 286
1754130 286
1754140 286
1754150 287
1754160 287
1754170 287
1754180 287
1754190 287
1754200 287
1754210 288
1754220 288
1754230 288
1754240 288
1754250 289
1754260 289
1754270 289
1754280 290
1754290 290
1754300 290
1754310 290
1754320 291
1754330 291
1754340 291
1754350 292
1754360 292
1754370 292
1754380 293
1754390 293
1754400 293
1754410 294
1754420 294
1754430 295
1754440 295
1754450 295
1754460 296
1754470 296
1754480 297
1754490 297
1754500 298
1754510 299
1754520 299
1754530 300
1754540 300
1754550 300
1754560 301
1754570 301
1754580 302
1754590 303
1754600 303
1754610 304
1754620 304
1754630 305
1754640 306
1754650 307
1754660 308
1754670 308
1754680 309
1754690 309
1754700 309
1754710 309
1754720 310
1754730 311
1754740 311
1754750 312
1754760 312
1754770 313
1754780 313
1754790 314
1754800 314
1754810 315
1754820 315
1754830 316
1754840 316
1754850 317
1754860 317
1754870 318
1754880 318
1754890 318
1754900 319
1754910 319
1754920 320
1754930 320
1754940 321
1754950 321
1754960 321
1754970 321
1754980 321
1754990 320
1755000 319
1755010 322
1755020 323
1755030 324
1755040 325
1755050 326
1755060 327
1755070 328
1755080 328
1755090 329
1755100 330
1755110 330
1755120 331
1755130 331
1755140 332
1755150 332
1755160 333
1755170 333
1755180 334
1755190 335
1755200 335
1755210 336
1755220 336
1755230 337
1755240 337
1755250 337
1755260 337
1755270 337
1755280 338
1755290 338
1755300 338
1755310 339
1755320 339
1755330 339
1755340 340
1755350 340
1755360 340
1755370 340
1755380 340
1755390 340
1755400 340
1755410 341
1755420 341
1755430 340
1755440 340
1755450 340
1755460 340
1755470 339
1755480 339
1755490 338
1755500 337
1755510 336
1755520 335
1755530 334
1755540 333
1755550 331
1755560 330
1755570 329
1755580 328
1755590 327
1755600 326
1755610 326
1755620 325
1755630 325
1755640 325
1755650 325
1755660 324
1755670 323
1755680 322
1755690 321
1755700 319
1755710 316
1755720 314
1755730 311
1755740 309
1755750 306
1755760 304
1755770 303
1755780 301
1755790 299
1755800 297
1755810 295
1755820 294
1755830 294
1755840 293
1755850 293
1755860 293
1755870 293
1755880 293
1755890 293
1755900 294
1755910 294
1755920 294
1755930 294
1755940 294
1755950 295
1755960 295
1755970 295
