1740000 351
1740010 351
1740020 352
1740030 352
1740040 352
1740050 353
1740060 354
1740070 355
1740080 355
1740090 355
1740100 355
1740110 356
1740120 356
1740130 356
1740140 357
1740150 357
1740160 357
1740170 358
1740180 358
1740190 358
1740200 358
1740210 358
1740220 358
1740230 358
1740240 358
1740250 358
1740260 358
1740270 358
1740280 358
1740290 358
1740300 358
1740310 358
1740320 358
1740330 358
1740340 357
1740350 357
1740360 357
1740370 356
1740380 356
1740390 356
1740400 356
1740410 355
1740420 355
1740430 355
1740440 354
1740450 353
1740460 353
1740470 353
1740480 353
1740490 352
1740500 352
1740510 352
1740520 352
1740530 352
1740540 352
1740550 351
1740560 351
1740570 351
1740580 350
1740590 350
1740600 350
1740610 350
1740620 350
1740630 350
1740640 350
1740650 350
1740660 350
1740670 350
1740680 350
1740690 350
1740700 350
1740710 350
1740720 350
1740730 350
1740740 350
1740750 350
1740760 350
1740770 350
1740780 351
1740790 351
1740800 351
1740810 351
1740820 351
1740830 351
1740840 351
1740850 352
1740860 352
1740870 352
1740880 352
1740890 352
1740900 353
1740910 353
1740920 353
1740930 353
1740940 353
1740950 353
1740960 354
1740970 354
1740980 354
1740990 354
1741000 355
1741010 355
1741020 355
1741030 355
1741040 355
1741050 355
1741060 356
1741070 356
1741080 356
1741090 356
1741100 357
1741110 357
1741120 357
1741130 358
1741140 358
1741150 359
1741160 359
1741170 359
1741180 360
1741190 360
1741200 361
1741210 361
1741220 362
1741230 362
1741240 363
1741250 364
1741260 364
1741270 365
1741280 365
1741290 366
1741300 366
1741310 367
1741320 368
1741330 368
1741340 369
1741350 370
1741360 371
1741370 372
1741380 373
1741390 374
1741400 375
1741410 376
1741420 376
1741430 377
1741440 378
1741450 379
1741460 380
1741470 382
1741480 383
1741490 384
1741500 385
1741510 385
1741520 386
1741530 386
1741540 386
1741550 386
1741560 387
1741570 388
1741580 389
1741590 389
1741600 389
1741610 390
1741620 390
1741630 390
1741640 390
1741650 389
1741660 389
1741670 388
1741680 388
1741690 387
1741700 387
1741710 386
1741720 386
1741730 385
1741740 385
1741750 385
1741760 384
1741770 383
1741780 383
1741790 382
1741800 382
1741810 381
1741820 381
1741830 380
1741840 380
1741850 379
1741860 379
1741870 379
1741880 378
1741890 378
1741900 377
1741910 376
1741920 376
1741930 376
1741940 375
1741950 374
1741960 374
1741970 373
1741980 373
1741990 373
1742000 373
1742010 372
1742020 372
1742030 372
1742040 372
1742050 372
1742060 372
1742070 372
1742080 372
1742090 372
1742100 372
1742110 372
1742120 372
1742130 372
1742140 372
1742150 372
1742160 372
1742170 372
1742180 372
1742190 372
1742200 372
1742210 373
1742220 373
1742230 373
1742240 373
1742250 373
1742260 374
1742270 374
1742280 374
1742290 374
1742300 374
1742310 374
1742320 375
1742330 375
1742340 375
1742350 376
1742360 376
1742370 376
1742380 376
1742390 377
1742400 377
1742410 377
1742420 377
1742430 377
1742440 377
1742450 377
1742460 377
1742470 377
1742480 377
1742490 377
1742500 378
1742510 378
1742520 378
1742530 377
1742540 377
1742550 377
1742560 377
1742570 377
1742580 376
1742590 376
1742600 376
1742610 376
1742620 376
1742630 375
1742640 375
1742650 375
1742660 375
1742670 374
1742680 374
1742690 374
1742700 374
1742710 374
1742720 374
1742730 373
1742740 373
1742750 373
1742760 373
1742770 373
1742780 373
1742790 373
1742800 373
1742810 373
1742820 373
1742830 373
1742840 373
1742850 373
1742860 373
1742870 373
1742880 373
1742890 373
1742900 373
1742910 373
1742920 373
1742930 373
1742940 373
1742950 372
1742960 372
1742970 372
1742980 371
1742990 371
1743000 371
1743010 371
1743020 370
1743030 370
1743040 370
1743050 370
1743060 369
1743070 369
1743080 369
1743090 368
1743100 368
1743110 368
1743120 368
1743130 367
1743140 367
1743150 367
1743160 366
1743170 366
1743180 366
1743190 365
1743200 365
1743210 365
1743220 364
1743230 364
1743240 363
1743250 363
1743260 363
1743270 363
1743280 362
1743290 362
1743300 362
1743310 361
1743320 361
1743330 360
1743340 359
1743350 359
1743360 358
1743370 357
1743380 356
1743390 356
1743400 355
1743410 354
1743420 353
1743430 352
1743440 352
1743450 351
1743460 349
1743470 348
1743480 348
1743490 347
1743500 346
1743510 345
1743520 344
1743530 343
1743540 342
1743550 342
1743560 341
1743570 340
1743580 338
1743590 336
1743600 334
1743610 332
1743620 330
1743630 327
1743640 326
1743650 324
1743660 321
1743670 320
1743680 320
1743690 320
1743700 316
1743710 313
1743720 311
1743730 311
1743740 311
1743750 310
1743760 309
1743770 307
1743780 305
1743790 304
1743800 303
1743810 303
1743820 301
1743830 300
1743840 299
1743850 297
1743860 295
1743870 293
1743880 288
1743890 283
1743900 279
1743910 276
1743920 274
1743930 273
1743940 274
1743950 276
1743960 277
1743970 278
1743980 280
1743990 284
1744000 288
1744010 292
1744020 295
1744030 299
1744040 302
1744050 306
1744060 307
1744070 308
1744080 306
1744090 306
1744100 306
1744110 307
1744120 309
1744130 311
1744140 313
1744150 315
1744160 316
1744170 317
1744180 317
1744190 317
1744200 316
1744210 316
1744220 316
1744230 317
1744240 318
1744250 319
1744260 319
1744270 320
1744280 321
1744290 321
1744300 321
1744310 322
1744320 322
1744330 322
1744340 322
1744350 322
1744360 322
1744370 322
1744380 321
1744390 321
1744400 321
1744410 321
1744420 320
1744430 320
1744440 319
1744450 319
1744460 319
1744470 318
1744480 318
1744490 317
1744500 317
1744510 317
1744520 316
1744530 316
1744540 316
1744550 315
1744560 315
1744570 315
1744580 315
1744590 314
1744600 314
1744610 314
1744620 314
1744630 314
1744640 313
1744650 313
1744660 312
1744670 312
1744680 312
1744690 312
1744700 312
1744710 311
1744720 311
1744730 310
1744740 310
1744750 309
1744760 309
1744770 308
1744780 308
1744790 307
1744800 307
1744810 307
1744820 307
1744830 306
1744840 306
1744850 306
1744860 305
1744870 305
1744880 306
1744890 306
1744900 306
1744910 306
1744920 306
1744930 306
1744940 306
1744950 306
1744960 306
1744970 306
1744980 306
1744990 306
1745000 306
1745010 306
1745020 306
1745030 306
1745040 307
1745050 307
1745060 308
1745070 308
1745080 308
1745090 308
1745100 309
1745110 309
1745120 309
1745130 310
1745140 310
1745150 310
1745160 311
1745170 311
1745180 311
1745190 312
1745200 312
1745210 312
1745220 312
1745230 313
1745240 313
1745250 313
1745260 314
1745270 315
1745280 315
1745290 315
1745300 316
1745310 317
1745320 318
1745330 319
1745340 320
1745350 321
1745360 322
1745370 322
1745380 323
1745390 324
1745400 324
1745410 324
1745420 325
1745430 325
1745440 325
1745450 326
1745460 326
1745470 326
1745480 326
1745490 327
1745500 327
1745510 327
1745520 327
1745530 327
1745540 328
1745550 328
1745560 328
1745570 328
1745580 328
1745590 328
1745600 328
1745610 327
1745620 327
1745630 327
1745640 327
1745650 326
1745660 326
1745670 325
1745680 324
1745690 323
1745700 323
1745710 323
1745720 322
1745730 322
1745740 322
1745750 322
1745760 322
1745770 322
1745780 322
1745790 322
1745800 322
1745810 322
1745820 322
1745830 322
1745840 322
1745850 322
1745860 322
1745870 322
1745880 322
1745890 322
1745900 322
1745910 322
1745920 322
1745930 322
1745940 322
1745950 322
1745960 322
1745970 321
1745980 321
1745990 321
1746000 320
1746010 320
1746020 320
1746030 319
1746040 319
1746050 319
1746060 318
1746070 318
1746080 318
1746090 317
1746100 317
1746110 317
1746120 317
1746130 316
1746140 316
1746150 316
1746160 315
1746170 315
1746180 315
1746190 315
1746200 314
1746210 314
1746220 314
1746230 313
1746240 313
1746250 313
1746260 312
1746270 312
1746280 311
1746290 311
1746300 310
1746310 310
1746320 309
1746330 309
1746340 309
1746350 308
1746360 308
1746370 308
1746380 307
1746390 307
1746400 307
1746410 306
1746420 305
1746430 304
1746440 303
1746450 302
1746460 302
1746470 301
1746480 299
1746490 296
1746500 293
1746510 289
1746520 285
1746530 282
1746540 280
1746550 279
1746560 278
1746570 278
1746580 278
1746590 279
1746600 279
1746610 278
1746620 278
1746630 277
1746640 276
1746650 276
1746660 276
1746670 276
1746680 275
1746690 273
1746700 270
1746710 267
1746720 264
1746730 260
1746740 256
1746750 252
1746760 246
1746770 240
1746780 234
1746790 228
1746800 223
1746810 219
1746820 217
1746830 214
1746840 213
1746850 213
1746860 213
1746870 211
1746880 211
1746890 210
1746900 210
1746910 210
1746920 211
1746930 211
1746940 211
1746950 212
1746960 212
1746970 212
1746980 212
1746990 212
1747000 212
1747010 212
1747020 211
1747030 211
1747040 211
1747050 212
1747060 212
1747070 212
1747080 212
1747090 212
1747100 212
1747110 212
1747120 212
1747130 212
1747140 212
1747150 212
1747160 212
1747170 212
1747180 212
1747190 212
1747200 212
1747210 212
1747220 212
1747230 212
1747240 212
1747250 212
1747260 213
1747270 214
1747280 215
1747290 218
1747300 220
1747310 222
1747320 224
1747330 226
1747340 228
1747350 230
1747360 231
1747370 231
1747380 232
1747390 233
1747400 235
1747410 237
1747420 239
1747430 240
1747440 240
1747450 242
1747460 243
1747470 244
1747480 246
1747490 247
1747500 249
1747510 251
1747520 253
1747530 254
1747540 256
1747550 258
1747560 261
1747570 263
1747580 266
1747590 268
1747600 271
1747610 274
1747620 277
1747630 280
1747640 283
1747650 285
1747660 288
1747670 291
1747680 293
1747690 295
1747700 297
1747710 298
1747720 300
1747730 300
1747740 301
1747750 301
1747760 300
1747770 298
1747780 296
1747790 294
1747800 292
1747810 289
1747820 288
1747830 286
1747840 284
1747850 282
1747860 281
1747870 279
1747880 278
1747890 277
1747900 276
1747910 274
1747920 273
1747930 272
1747940 271
1747950 271
1747960 270
1747970 270
1747980 270
1747990 270
1748000 271
1748010 272
1748020 273
1748030 274
1748040 277
1748050 279
1748060 281
1748070 284
1748080 286
1748090 289
1748100 291
1748110 294
1748120 297
1748130 300
1748140 302
1748150 304
1748160 306
1748170 308
1748180 310
1748190 311
1748200 312
1748210 313
1748220 314
1748230 315
1748240 316
1748250 317
1748260 317
1748270 318
1748280 319
1748290 319
1748300 320
1748310 320
1748320 321
1748330 321
1748340 322
1748350 322
1748360 322
1748370 323
1748380 323
1748390 324
1748400 324
1748410 324
1748420 325
1748430 325
1748440 325
1748450 325
1748460 326
1748470 326
1748480 326
1748490 326
1748500 326
1748510 326
1748520 326
1748530 326
1748540 326
1748550 326
1748560 326
1748570 326
1748580 327
1748590 327
1748600 327
1748610 327
1748620 327
1748630 327
1748640 327
1748650 327
1748660 327
1748670 327
1748680 327
1748690 327
1748700 327
1748710 327
1748720 327
1748730 327
1748740 327
1748750 327
1748760 328
1748770 328
1748780 328
1748790 328
1748800 328
1748810 328
1748820 328
1748830 329
1748840 329
1748850 329
1748860 329
1748870 329
1748880 329
1748890 329
1748900 329
1748910 329
1748920 329
1748930 329
1748940 329
1748950 329
1748960 329
1748970 328
1748980 328
1748990 328
1749000 328
1749010 328
1749020 329
1749030 329
1749040 329
1749050 328
1749060 327
1749070 327
1749080 326
1749090 325
1749100 325
1749110 325
1749120 325
1749130 325
1749140 325
1749150 324
1749160 324
1749170 324
1749180 323
1749190 322
1749200 321
1749210 321
1749220 320
1749230 319
1749240 317
1749250 316
1749260 315
1749270 314
1749280 314
1749290 313
1749300 311
1749310 308
1749320 306
1749330 305
1749340 304
1749350 304
1749360 304
1749370 305
1749380 305
1749390 305
1749400 307
1749410 309
1749420 310
1749430 310
1749440 311
1749450 311
1749460 311
1749470 311
1749480 311
1749490 311
1749500 311
1749510 311
1749520 312
1749530 313
1749540 314
1749550 315
1749560 315
1749570 316
1749580 317
1749590 318
1749600 319
1749610 321
1749620 322
1749630 323
1749640 325
1749650 326
1749660 327
1749670 327
1749680 328
1749690 329
1749700 330
1749710 330
1749720 331
1749730 332
1749740 332
1749750 333
1749760 334
1749770 334
1749780 335
1749790 336
1749800 337
1749810 338
1749820 339
1749830 340
1749840 341
1749850 341
1749860 342
1749870 343
1749880 344
1749890 345
1749900 346
1749910 346
1749920 347
1749930 348
1749940 348
1749950 349
1749960 349
1749970 349
1749980 350
1749990 350
1750000 351
1750010 351
1750020 352
1750030 353
1750040 353
1750050 354
1750060 355
1750070 355
1750080 356
1750090 356
1750100 357
1750110 358
1750120 358
1750130 359
1750140 360
1750150 361
1750160 361
1750170 362
1750180 362
1750190 363
1750200 363
1750210 363
1750220 364
1750230 364
1750240 364
1750250 364
1750260 364
1750270 364
1750280 364
1750290 364
1750300 364
1750310 364
1750320 364
1750330 364
1750340 364
1750350 364
1750360 364
1750370 364
1750380 364
1750390 364
1750400 364
1750410 364
1750420 364
1750430 364
1750440 364
1750450 364
1750460 364
1750470 364
1750480 364
1750490 364
1750500 364
1750510 364
1750520 364
1750530 364
1750540 364
1750550 364
1750560 364
1750570 364
1750580 365
1750590 365
1750600 365
1750610 365
1750620 365
1750630 365
1750640 365
1750650 365
1750660 364
1750670 364
1750680 364
1750690 364
1750700 363
1750710 363
1750720 362
1750730 362
1750740 361
1750750 361
1750760 360
1750770 360
1750780 359
1750790 358
1750800 358
1750810 357
1750820 356
1750830 356
1750840 355
1750850 354
1750860 354
1750870 353
1750880 352
1750890 351
1750900 351
1750910 350
1750920 349
1750930 347
1750940 346
1750950 345
1750960 344
1750970 343
1750980 343
1750990 342
1751000 341
1751010 338
1751020 335
1751030 331
1751040 328
1751050 324
1751060 320
1751070 317
1751080 313
1751090 309
1751100 306
1751110 302
1751120 299
1751130 295
1751140 291
1751150 288
1751160 287
1751170 287
1751180 290
1751190 293
1751200 295
1751210 298
1751220 301
1751230 304
1751240 308
1751250 311
1751260 314
1751270 317
1751280 319
1751290 322
1751300 324
1751310 326
1751320 328
1751330 329
1751340 329
1751350 330
1751360 331
1751370 331
1751380 331
1751390 332
1751400 332
1751410 332
1751420 332
1751430 331
1751440 330
1751450 330
1751460 329
1751470 329
1751480 329
1751490 329
1751500 329
1751510 329
1751520 328
1751530 327
1751540 326
1751550 326
1751560 325
1751570 324
1751580 324
1751590 324
1751600 323
1751610 323
1751620 323
1751630 323
1751640 323
1751650 323
1751660 323
1751670 322
1751680 321
1751690 320
1751700 319
1751710 318
1751720 316
1751730 314
1751740 312
1751750 309
1751760 306
1751770 303
1751780 300
1751790 297
1751800 294
1751810 291
1751820 289
1751830 287
1751840 285
1751850 284
1751860 282
1751870 281
1751880 279
1751890 277
1751900 275
1751910 273
1751920 271
1751930 271
1751940 272
1751950 272
1751960 271
1751970 271
1751980 271
1751990 271
1752000 270
1752010 270
1752020 270
1752030 270
1752040 271
1752050 272
1752060 272
1752070 272
1752080 272
1752090 273
1752100 273
1752110 273
1752120 273
1752130 273
1752140 272
1752150 271
1752160 271
1752170 269
1752180 268
1752190 267
1752200 265
1752210 264
1752220 264
1752230 265
1752240 266
1752250 269
1752260 271
1752270 272
1752280 273
1752290 273
1752300 273
1752310 272
1752320 271
1752330 270
1752340 270
1752350 269
1752360 268
1752370 267
1752380 266
1752390 264
1752400 263
1752410 263
1752420 262
1752430 263
1752440 263
1752450 263
1752460 263
1752470 262
1752480 262
1752490 262
1752500 262
1752510 263
1752520 263
1752530 263
1752540 263
1752550 263
1752560 264
1752570 264
1752580 264
1752590 264
1752600 264
1752610 265
1752620 265
1752630 265
1752640 266
1752650 266
1752660 267
1752670 268
1752680 268
1752690 268
1752700 270
1752710 271
1752720 272
1752730 272
1752740 273
1752750 274
1752760 274
1752770 276
1752780 277
1752790 279
1752800 280
1752810 282
1752820 285
1752830 288
1752840 291
1752850 293
1752860 296
1752870 298
1752880 299
1752890 301
1752900 303
1752910 304
1752920 306
1752930 308
1752940 309
1752950 311
1752960 312
1752970 313
1752980 315
1752990 316
1753000 318
1753010 319
1753020 321
1753030 322
1753040 323
1753050 324
1753060 325
1753070 325
1753080 326
1753090 326
1753100 326
1753110 327
1753120 327
1753130 328
1753140 328
1753150 329
1753160 329
1753170 330
1753180 330
1753190 330
1753200 331
1753210 331
1753220 331
1753230 331
1753240 331
1753250 332
1753260 332
1753270 332
1753280 332
1753290 332
1753300 332
1753310 332
1753320 332
1753330 332
1753340 333
1753350 333
1753360 334
1753370 334
1753380 334
1753390 335
1753400 335
1753410 337
1753420 338
1753430 338
1753440 338
1753450 339
1753460 339
1753470 339
1753480 339
1753490 339
1753500 338
1753510 337
1753520 336
1753530 336
1753540 335
1753550 333
1753560 333
1753570 332
1753580 331
1753590 330
1753600 328
1753610 327
1753620 327
1753630 326
1753640 325
1753650 322
1753660 322
1753670 323
1753680 326
1753690 328
1753700 330
1753710 333
1753720 335
1753730 337
1753740 338
1753750 339
1753760 339
1753770 340
1753780 341
1753790 342
1753800 342
1753810 343
1753820 343
1753830 343
1753840 343
1753850 343
1753860 343
1753870 343
1753880 343
1753890 343
1753900 343
1753910 343
1753920 343
1753930 344
1753940 344
1753950 344
1753960 344
1753970 344
1753980 344
1753990 344
1754000 345
1754010 345
1754020 345
1754030 345
1754040 345
1754050 345
1754060 345
1754070 345
1754080 345
1754090 345
1754100 345
1754110 346
1754120 346
1754130 346
1754140 346
1754150 346
1754160 346
1754170 346
1754180 346
1754190 346
1754200 346
1754210 346
1754220 346
1754230 347
1754240 347
1754250 347
1754260 347
1754270 347
1754280 348
1754290 348
1754300 348
1754310 348
1754320 348
1754330 348
1754340 348
1754350 348
1754360 349
1754370 349
1754380 349
1754390 349
1754400 350
1754410 350
1754420 350
1754430 350
1754440 350
1754450 350
1754460 350
1754470 351
1754480 351
1754490 352
1754500 352
1754510 353
1754520 353
1754530 353
1754540 353
1754550 353
1754560 353
1754570 354
1754580 354
1754590 354
1754600 354
1754610 354
1754620 354
1754630 354
1754640 354
1754650 354
1754660 354
1754670 355
1754680 355
1754690 354
1754700 353
1754710 353
1754720 354
1754730 355
1754740 356
1754750 356
1754760 357
1754770 357
1754780 357
1754790 357
1754800 357
1754810 357
1754820 357
1754830 357
1754840 356
1754850 356
1754860 356
1754870 356
1754880 356
1754890 356
1754900 356
1754910 356
1754920 356
1754930 356
1754940 355
1754950 355
1754960 355
1754970 355
1754980 355
1754990 355
1755000 355
1755010 355
1755020 355
1755030 354
1755040 354
1755050 354
1755060 354
1755070 355
1755080 355
1755090 355
1755100 355
1755110 355
1755120 355
1755130 355
1755140 355
1755150 355
1755160 355
1755170 355
1755180 354
1755190 354
1755200 354
1755210 354
1755220 354
1755230 354
1755240 354
1755250 353
1755260 353
1755270 353
1755280 352
1755290 352
1755300 351
1755310 351
1755320 350
1755330 350
1755340 349
1755350 349
1755360 348
1755370 348
1755380 347
1755390 346
1755400 346
1755410 345
1755420 344
1755430 344
1755440 343
1755450 342
1755550 334
1755560 333
1755570 331
1755580 330
1755590 328
1755600 327
1755650 318
1755660 316
1755670 314
1755680 313
1755690 311
1755700 310
1755710 308
1755720 307
1755730 306
1755740 305
1755750 304
1755760 303
1755770 302
1755780 301
1755790 301
1755800 300
1755810 300
1755820 300
1755830 300
1755840 300
1755850 300
1755860 300
1755870 300
1755880 300
1755890 300
1755900 301
1755910 301
1755920 301
