1755870 318
1755880 320
1755890 319
1755900 318
1755910 317
1755920 317
1755930 318
1755940 322
1755950 326
1755960 329
1755970 332
1755980 335
1755990 338
1756000 341
1756010 343
1756020 345
1756030 346
1756040 348
1756050 349
1756060 350
1756070 351
1756080 352
1756090 352
1756100 352
1756110 352
1756120 352
1756130 352
1756140 352
1756150 352
1756160 352
1756170 352
1756180 352
1756190 352
1756200 351
1756210 350
1756220 349
1756230 349
1756240 350
1756250 350
1756260 351
1756270 351
1756280 350
1756290 349
1756300 349
1756310 349
1756320 350
1756330 350
1756340 351
1756350 351
1756360 350
1756370 350
1756380 350
1756390 350
1756400 349
1756410 349
1756420 349
1756430 349
1756440 349
1756450 349
1756460 350
1756470 350
1756480 352
1756490 354
1756500 356
1756510 358
1756520 360
1756530 361
1756540 362
1756550 363
1756560 364
1756570 365
1756580 366
1756590 366
1756600 367
1756610 367
1756620 367
1756630 368
1756640 368
1756650 369
1756660 370
1756670 370
1756680 371
1756690 371
1756700 372
1756710 372
1756720 372
1756730 372
1756740 373
1756750 373
1756760 373
1756770 374
1756780 374
1756790 374
1756800 374
1756810 375
1756820 375
1756830 375
1756840 375
1756850 376
1756860 376
1756870 376
1756880 376
1756890 376
1756900 377
1756910 377
1756920 377
1756930 377
1756940 377
1756950 377
1756960 378
1756970 378
1756980 378
1756990 378
1757000 378
1757010 378
1757020 379
1757030 379
1757040 379
1757050 379
1757060 379
1757070 379
1757080 379
1757090 379
1757100 379
1757110 378
1757120 378
1757130 378
1757140 378
1757150 378
1757160 378
1757170 378
1757180 378
1757190 378
1757200 378
1757210 378
1757220 378
1757230 377
1757240 377
1757250 377
1757260 377
1757270 377
1757280 377
1757290 377
1757300 377
1757310 377
1757320 377
1757330 377
1757340 376
1757350 376
1757360 375
1757370 375
1757380 375
1757390 374
1757400 373
1757410 373
1757420 372
1757430 372
1757440 371
1757450 371
1757460 370
1757470 368
1757480 367
1757490 364
1757500 361
1757510 359
1757520 358
1757530 358
1757540 357
1757550 358
1757560 358
1757570 358
1757580 358
1757590 357
1757600 357
1757610 355
1757620 353
1757630 351
1757640 350
1757650 348
1757660 347
1757670 345
1757680 344
1757690 342
1757700 341
1757710 340
1757720 339
1757730 338
1757740 337
1757750 336
1757760 336
1757770 336
1757780 335
1757790 334
1757800 334
1757810 335
1757820 336
1757830 336
1757840 336
1757850 337
1757860 338
1757870 339
1757880 342
1757890 344
1757900 346
1757910 348
1757920 350
1757930 352
1757940 354
1757950 356
1757960 358
1757970 360
1757980 361
1757990 363
1758000 364
1758010 365
1758020 365
1758030 365
1758040 366
1758050 366
1758060 366
1758070 366
1758080 367
1758090 367
1758100 367
1758110 367
1758120 366
1758130 366
1758140 366
1758150 366
1758160 366
1758170 366
1758180 366
1758190 366
1758200 366
1758210 366
1758220 366
1758230 366
1758240 366
1758250 366
1758260 366
1758270 366
1758280 366
1758290 366
1758300 366
1758310 366
1758320 366
1758330 366
1758340 366
1758350 366
1758360 366
1758370 366
1758380 366
1758390 366
1758400 366
1758410 365
1758420 365
1758430 365
1758440 365
1758450 364
1758460 364
1758470 364
1758480 364
1758490 364
1758500 364
1758510 363
1758520 363
1758530 363
1758540 362
1758550 362
1758560 361
1758570 361
1758580 361
1758590 361
1758600 361
1758610 362
1758620 362
1758630 362
1758640 362
1758650 362
1758660 361
1758670 361
1758680 361
1758690 361
1758700 361
1758710 361
1758720 361
1758730 361
1758740 361
1758750 361
1758760 361
1758770 360
1758780 360
1758790 360
1758800 360
1758810 360
1758820 360
1758830 360
1758840 359
1758850 359
1758860 359
1758870 359
1758880 358
1758890 358
1758900 358
1758910 358
1758920 358
1758930 358
1758940 357
1758950 356
1758960 356
1758970 355
1758980 355
1758990 355
1759000 354
1759010 354
1759020 354
1759030 355
1759040 355
1759050 355
1759060 354
1759070 354
1759080 355
1759090 355
1759100 356
1759110 357
1759120 357
1759130 357
1759140 357
1759150 358
1759160 358
1759170 358
1759180 358
1759190 358
1759200 358
1759210 358
1759220 358
1759230 358
1759240 358
1759250 358
1759260 358
1759270 358
1759280 358
1759290 358
1759300 358
1759310 358
1759320 357
1759330 357
1759340 357
1759350 357
1759360 358
1759370 358
1759380 358
1759390 358
1759400 358
1759410 358
1759420 358
1759430 358
1759440 358
1759450 358
1759460 358
1759470 358
1759480 358
1759490 358
1759500 358
1759510 358
1759520 359
1759530 359
1759540 359
1759550 359
1759560 359
1759570 359
1759580 359
1759590 359
1759600 359
1759610 359
1759620 359
1759630 359
1759640 359
1759650 359
1759660 359
1759670 360
1759680 360
1759690 360
1759700 360
1759710 360
1759720 359
1759730 359
1759740 359
1759750 359
1759760 359
1759770 359
1759780 359
1759790 359
1759800 359
1759810 359
1759820 358
1759830 358
1759840 358
1759850 359
1759860 359
1759870 358
1759880 358
1759890 358
1759900 358
1759910 358
1759920 358
1759930 359
1759940 359
1759950 359
1759960 359
1759970 359
1759980 359
1759990 359
