1754050 382
1754060 381
1754070 380
1754080 379
1754090 379
1754100 378
1754110 377
1754120 376
1754130 375
1754140 374
1754150 373
1754160 373
1754170 372
1754180 371
1754190 370
1754200 369
1754210 369
1754220 368
1754230 367
1754240 366
1754250 365
1754260 364
1754270 363
1754280 362
1754290 360
1754300 359
1754310 358
1754320 358
1754330 356
1754340 355
1754350 354
1754360 353
1754370 352
1754380 351
1754390 349
1754400 348
1754410 346
1754420 345
1754430 344
1754440 344
1754450 344
1754460 344
1754470 344
1754480 344
1754490 344
1754500 344
1754510 343
1754520 343
1754530 342
1754540 342
1754550 342
1754560 342
1754570 342
1754580 342
1754590 341
1754600 340
1754610 340
1754620 340
1754630 341
1754640 341
1754650 341
1754660 340
1754670 340
1754680 340
1754690 339
1754700 339
1754710 338
1754720 338
1754730 338
1754740 337
1754750 337
1754760 337
1754770 336
1754780 336
1754790 335
1754800 335
1754810 335
1754820 335
1754830 335
1754840 335
1754850 335
1754860 335
1754870 334
1754880 334
1754890 334
1754900 333
1754910 333
1754920 333
1754930 333
1754940 334
1754950 334
1754960 333
1754970 333
1754980 332
1754990 332
1755000 332
1755010 331
1755020 331
1755030 331
1755040 330
1755050 330
1755060 330
1755070 329
1755080 329
1755090 329
1755100 329
1755110 329
1755120 328
1755130 327
1755140 326
1755150 325
1755160 325
1755170 326
1755180 326
1755190 326
1755200 325
1755210 325
1755220 325
1755230 325
1755240 324
1755250 324
1755260 324
1755270 323
1755280 323
1755290 323
1755300 322
1755310 321
1755320 321
1755330 320
1755340 320
1755350 319
1755360 319
1755370 318
1755380 318
1755390 318
1755400 317
1755410 317
1755420 317
1755430 317
1755440 316
1755450 316
1755460 315
1755470 314
1755480 313
1755490 312
1755500 311
1755510 310
1755520 310
1755530 311
1755540 312
1755550 315
1755560 318
1755570 322
1755580 326
1755590 330
1755600 333
1755610 335
1755620 337
1755630 338
1755640 339
1755650 340
1755660 341
1755670 342
1755680 342
1755690 343
1755700 343
1755710 344
1755720 344
1755730 345
1755740 345
1755750 345
1755760 346
1755770 346
1755780 347
1755790 347
1755800 348
1755810 348
1755820 348
1755830 349
1755840 349
1755850 350
1755860 350
1755870 350
1755880 350
1755890 350
1755900 351
1755910 351
1755920 351
1755930 351
1755940 351
1755950 351
1755960 351
1755970 351
1755980 351
1755990 351
1756000 351
1756010 350
1756020 350
1756030 350
1756040 350
1756050 349
1756060 349
1756070 348
1756080 348
1756090 347
1756100 345
1756110 344
1756120 343
1756130 341
1756140 340
1756150 338
1756160 336
1756170 335
1756180 333
1756190 331
1756200 329
1756210 327
1756220 324
1756230 322
1756240 319
1756250 316
1756260 313
1756270 310
1756280 310
1756290 310
1756300 311
1756310 311
1756320 312
1756330 312
1756340 313
1756350 315
1756360 318
1756370 321
1756380 325
1756390 328
1756400 331
1756410 334
1756420 336
1756430 338
1756440 339
1756450 341
1756460 342
1756470 343
1756480 345
1756490 346
1756500 347
1756510 348
1756520 348
1756530 349
1756540 350
1756550 351
1756560 352
1756570 352
1756580 353
1756590 353
1756600 354
1756610 355
1756620 355
1756630 356
1756640 356
1756650 356
1756660 357
1756670 357
1756680 357
1756690 357
1756700 358
1756710 358
1756720 358
1756730 359
1756740 359
1756750 359
1756760 360
1756770 360
1756780 361
1756790 361
1756800 361
1756810 362
1756820 362
1756830 363
1756840 363
1756850 363
1756860 363
1756870 363
1756880 363
1756890 363
1756900 364
1756910 364
1756920 364
1756930 365
1756940 366
1756950 367
1756960 367
1756970 368
1756980 369
1756990 370
1757000 371
1757010 371
1757020 372
1757030 372
1757040 373
1757050 373
1757060 373
1757070 374
1757080 374
1757090 375
1757100 375
1757110 375
1757120 376
1757130 376
1757140 376
1757150 376
1757160 376
1757170 376
1757180 376
1757190 376
1757200 375
1757210 375
1757220 375
1757230 375
1757240 375
1757250 374
1757260 374
1757270 374
1757280 374
1757290 374
1757300 374
1757310 374
1757320 374
1757330 374
1757340 374
1757350 374
1757360 374
1757370 374
1757380 374
1757390 374
1757400 375
1757410 375
1757420 375
1757430 375
1757440 375
1757450 376
1757460 376
1757470 376
1757480 376
1757490 377
1757500 377
1757510 377
1757520 377
1757530 377
1757540 377
1757550 377
1757560 377
1757570 377
1757580 377
1757590 377
1757600 377
1757610 377
1757620 377
1757630 377
1757640 377
1757650 377
1757660 378
1757670 378
1757680 378
1757690 378
1757700 378
1757710 378
1757720 378
1757730 378
1757740 378
1757750 378
1757760 378
1757770 378
1757780 378
1757790 378
1757800 378
1757810 378
1757820 379
1757830 379
1757840 379
1757850 379
1757860 379
1757870 379
1757880 380
1757890 380
1757900 380
1757910 380
1757920 380
1757930 381
1757940 381
1757950 381
1757960 381
1757970 381
1757980 381
1757990 382
1758000 382
1758010 382
1758020 382
1758030 382
1758040 382
1758050 383
1758060 383
1758070 383
1758080 383
1758090 383
1758100 383
1758110 383
1758120 383
1758130 383
1758140 384
1758150 384
1758160 384
1758170 384
1758180 384
1758190 384
1758200 384
1758210 384
1758220 384
1758230 384
1758240 384
1758250 384
1758260 384
1758270 384
1758280 384
1758290 384
1758300 384
1758310 383
1758320 383
1758330 383
1758340 383
1758350 383
1758360 383
1758370 383
1758380 383
1758390 383
1758400 383
1758410 383
1758420 383
1758430 383
1758440 382
1758450 382
1758460 382
1758470 382
1758480 382
1758490 382
1758500 381
1758510 381
1758520 381
1758530 381
1758540 381
1758550 381
1758560 380
1758570 380
1758580 380
1758590 380
1758600 380
1758610 380
1758620 380
1758630 380
1758640 380
1758650 380
1758660 380
1758670 380
1758680 380
1758690 380
1758700 380
1758710 380
1758720 380
1758730 380
1758740 380
1758750 380
1758760 380
1758770 380
1758780 380
1758790 380
1758800 380
1758810 380
1758820 380
1758830 380
1758840 380
1758850 380
1758860 380
1758870 380
1758880 380
1758890 380
1758900 380
1758910 379
1758920 379
1758930 379
1758940 380
1758950 380
1758960 380
1758970 380
1758980 380
1758990 380
1759000 380
1759010 380
1759020 380
1759030 380
1759040 380
1759050 381
1759060 381
1759070 381
1759080 380
1759090 380
1759100 380
1759110 380
1759120 380
1759130 379
1759140 379
1759150 379
1759160 379
1759170 380
1759180 380
1759190 380
1759200 379
1759210 379
1759220 379
1759230 379
1759240 379
1759250 379
1759260 379
1759270 379
1759280 380
1759290 380
1759300 380
1759310 380
1759320 380
1759330 380
1759340 380
1759350 380
1759360 380
1759370 380
1759380 380
1759390 381
1759400 381
1759410 381
1759420 381
1759430 381
1759440 381
1759450 381
1759460 381
1759470 381
1759480 381
1759490 381
1759500 381
1759510 381
1759520 381
1759530 381
1759540 381
1759550 381
1759560 381
1759570 381
1759580 381
1759590 381
1759600 381
1759610 381
1759620 381
1759630 381
1759640 381
1759650 381
1759660 380
1759670 380
1759680 380
1759690 380
1759700 380
1759710 380
1759720 380
1759730 380
1759740 380
1759750 380
1759760 380
1759770 380
1759780 379
1759790 379
1759800 379
1759810 379
1759820 379
1759830 379
1759840 379
1759850 379
1759860 378
1759870 378
1759880 378
1759890 378
1759900 378
1759910 378
1759920 378
1759930 378
1759940 377
1759950 377
1759960 377
1759970 377
1759980 377
1759990 377
1740000 329
1740010 329
1740020 329
1740030 329
1740040 330
1740050 330
1740060 330
1740070 330
1740080 330
1740090 330
1740100 330
1740110 330
1740120 330
1740130 330
1740140 330
1740150 330
1740160 330
1740170 330
1740180 331
1740190 331
1740200 331
1740210 332
1740220 332
1740230 332
1740240 333
1740250 333
1740260 333
1740270 333
1740280 333
1740290 333
1740300 333
1740310 334
1740320 334
1740330 334
1740340 334
1740350 334
1740360 334
1740370 335
1740380 335
1740390 335
1740400 335
1740410 336
1740420 336
1740430 336
1740440 337
1740450 337
1740460 337
1740470 337
1740480 337
1740490 337
1740500 337
1740510 338
1740520 338
1740530 338
1740540 338
1740550 338
1740560 338
1740570 339
1740580 339
1740590 340
1740600 340
1740610 340
1740620 340
1740630 340
1740640 340
1740650 340
1740660 340
1740670 340
1740680 340
1740690 341
1740700 341
1740710 341
1740720 341
1740730 341
1740740 341
1740750 341
1740760 342
1740770 342
1740780 342
1740790 342
1740800 342
1740810 342
1740820 342
1740830 343
1740840 343
1740850 343
1740860 343
1740870 343
1740880 343
1740890 344
1740900 344
1740910 345
1740920 345
1740930 345
1740940 345
1740950 345
1740960 345
1740970 345
1740980 345
1740990 345
1741000 345
1741010 346
1741020 346
1741030 346
1741040 346
1741050 346
1741060 346
1741070 346
1741080 346
1741090 347
1741100 347
1741110 347
1741120 348
1741130 348
1741140 348
1741150 349
1741160 349
1741170 349
1741180 350
1741190 350
1741200 350
1741210 351
1741220 351
1741230 352
1741240 353
1741250 353
1741260 354
1741270 354
1741280 355
1741290 356
1741300 357
1741310 358
1741320 359
1741330 360
1741340 361
1741350 362
1741360 363
1741370 363
1741380 364
1741390 364
1741400 365
1741410 366
1741420 366
1741430 367
1741440 367
1741450 368
1741460 369
1741470 370
1741480 371
1741490 371
1741500 372
1741510 372
1741520 373
1741530 373
1741540 374
1741550 374
1741560 375
1741570 375
1741580 375
1741590 376
1741600 376
1741610 376
1741620 377
1741630 377
1741640 378
1741650 379
1741660 380
1741670 380
1741680 380
1741690 381
1741700 381
1741710 381
1741720 382
1741730 383
1741740 383
1741750 384
1741760 384
1741770 385
1741780 386
1741790 386
1741800 387
1741810 387
1741820 388
1741830 388
1741840 388
1741850 389
1741860 389
1741870 390
1741880 390
1741890 390
1741900 391
1741910 391
1741920 391
1741930 391
1741940 392
1741950 392
1741960 392
1741970 392
1741980 392
1741990 393
1742000 393
1742010 393
1742020 393
1742030 393
1742040 393
1742050 393
1742060 393
1742070 393
1742080 393
1742090 393
1742100 393
1742110 393
1742120 393
1742130 393
1742140 393
1742150 393
1742160 393
1742170 393
1742180 393
1742190 394
1742200 394
1742210 394
1742220 395
1742230 395
1742240 395
1742250 396
1742260 396
1742270 396
1742280 397
1742290 398
1742300 399
1742310 400
1742320 400
1742330 401
1742340 401
1742350 401
1742360 402
1742370 402
1742380 403
1742390 403
1742400 404
1742410 404
1742420 405
1742430 406
1742440 406
1742450 407
1742460 408
1742470 409
1742480 410
1742490 410
1742500 411
1742510 411
1742520 412
1742530 412
1742540 413
1742550 413
1742560 413
1742570 413
1742580 413
1742590 413
1742600 413
1742610 413
1742620 412
1742630 412
1742640 412
1742650 411
1742660 411
1742670 411
1742680 411
1742690 411
1742700 411
1742710 411
1742720 411
1742730 411
1742740 411
1742750 411
1742760 411
1742770 411
1742780 411
1742790 411
1742800 411
1742810 411
1742820 411
1742830 410
1742840 410
1742850 410
1742860 410
1742870 410
1742880 410
1742890 410
1742900 410
1742910 410
1742920 410
1742930 410
1742940 410
1742950 410
1742960 410
1742970 409
1742980 408
1742990 407
1743000 406
1743010 405
1743020 405
1743030 404
1743040 404
1743050 403
1743060 402
1743070 402
1743080 401
1743090 400
1743100 400
1743110 399
1743120 398
1743130 397
1743140 396
1743150 395
1743160 394
1743170 393
1743180 392
1743190 391
1743200 391
1743210 390
1743220 388
1743230 387
1743240 386
1743250 385
1743260 384
1743270 383
1743280 382
1743290 381
1743300 380
1743310 378
1743320 377
1743330 377
1743340 376
1743350 374
1743360 372
1743370 369
1743380 367
1743390 364
1743400 362
1743410 359
1743420 357
1743430 354
1743440 352
1743450 350
1743460 347
1743470 345
1743480 343
1743490 340
1743500 336
1743510 334
1743520 333
1743530 333
1743540 330
1743550 327
1743560 323
1743570 322
1743580 321
1743590 321
1743600 321
1743610 320
1743620 320
1743630 318
1743640 317
1743650 317
1743660 316
1743670 315
1743680 314
1743690 313
1743700 312
1743710 311
1743720 311
1743730 312
1743740 310
1743750 309
1743760 308
1743770 308
1743780 307
1743790 307
1743800 307
1743810 306
1743820 306
1743830 306
1743840 305
1743850 305
1743860 305
1743870 305
1743880 305
1743890 303
1743900 301
1743910 298
1743920 296
1743930 293
1743940 291
1743950 289
1743960 289
1743970 291
1743980 291
1743990 292
1744000 292
1744010 293
1744020 295
1744030 297
1744040 301
1744050 305
1744060 309
1744070 312
1744080 315
1744090 318
1744100 319
1744110 320
1744120 321
1744130 321
1744140 321
1744150 321
1744160 322
1744170 322
1744180 322
1744190 322
1744200 321
1744210 321
1744220 321
1744230 321
1744240 321
1744250 321
1744260 321
1744270 321
1744280 321
1744290 321
1744300 321
1744310 320
1744320 320
1744330 320
1744340 320
1744350 320
1744360 320
1744370 320
1744380 320
1744390 320
1744400 320
1744410 320
1744420 320
1744430 320
1744440 321
1744450 321
1744460 322
1744470 322
1744480 322
1744490 323
1744500 323
1744510 323
1744520 323
1744530 323
1744540 323
1744550 323
1744560 323
1744570 323
1744580 323
1744590 323
1744600 323
1744610 323
1744620 323
1744630 324
1744640 324
1744650 324
1744660 324
1744670 324
1744680 324
1744690 324
1744700 324
1744710 325
1744720 325
1744730 325
1744740 325
1744750 325
1744760 325
1744770 325
1744780 325
1744790 325
1744800 325
1744810 325
1744820 325
1744830 325
1744840 324
1744850 324
1744860 324
1744870 324
1744880 324
1744890 324
1744900 324
1744910 324
1744920 324
1744930 323
1744940 323
1744950 323
1744960 323
1744970 323
1744980 323
1744990 323
1745000 323
1745010 323
1745020 323
1745030 322
1745040 322
1745050 322
1745060 322
1745070 322
1745080 322
1745090 322
1745100 322
1745110 322
1745120 322
1745130 322
1745140 322
1745150 322
1745160 321
1745170 321
1745180 321
1745190 321
1745200 321
1745210 321
1745220 321
1745230 320
1745240 320
1745250 320
1745260 320
1745270 320
1745280 320
1745290 320
1745300 320
1745310 319
1745320 319
1745330 319
1745340 319
1745350 319
1745360 319
1745370 319
1745380 319
1745390 319
1745400 319
1745410 319
1745420 318
1745430 318
1745440 318
1745450 318
1745460 318
1745470 318
1745480 318
1745490 318
1745500 317
1745510 317
1745520 317
1745530 317
1745540 317
1745550 317
1745560 317
1745570 317
1745580 317
1745590 317
1745600 317
1745610 317
1745620 317
1745630 318
1745640 318
1745650 318
1745660 318
1745670 318
1745680 318
1745690 318
1745700 318
1745710 318
1745720 318
1745730 318
1745740 318
1745750 317
1745760 317
1745770 318
1745780 318
1745790 318
1745800 318
1745810 318
1745820 318
1745830 318
1745840 318
1745850 318
1745860 318
1745870 318
1745880 318
1745890 318
1745900 318
1745910 318
1745920 318
1745930 318
1745940 318
1745950 318
1745960 318
1745970 318
1745980 319
1745990 319
1746000 319
1746010 319
1746020 319
1746030 319
1746040 319
1746050 319
1746060 318
1746070 318
1746080 318
1746090 318
1746100 318
1746110 318
1746120 318
1746130 317
1746140 317
1746150 317
1746160 317
1746170 317
1746180 317
1746190 317
1746200 316
1746210 316
1746220 316
1746230 316
1746240 316
1746250 316
1746260 316
1746270 316
1746280 316
1746290 316
1746300 315
1746310 315
1746320 315
1746330 315
1746340 315
1746350 315
1746360 315
1746370 314
1746380 314
1746390 314
1746400 313
1746410 313
1746420 312
1746430 312
1746440 311
1746450 311
1746460 310
1746470 310
1746480 309
1746490 309
1746500 308
1746510 308
1746520 308
1746530 308
1746540 307
1746550 305
1746560 302
1746570 299
1746580 295
1746590 291
1746600 286
1746610 282
1746620 277
1746630 273
1746640 268
1746650 263
1746660 259
1746670 254
1746680 248
1746690 244
1746700 239
1746710 232
1746720 226
1746730 221
1746740 219
1746750 216
1746760 213
1746770 213
1746780 212
1746790 212
1746800 213
1746810 213
1746820 213
1746830 212
1746840 212
1746850 211
1746860 211
1746870 211
1746880 211
1746890 211
1746900 211
1746910 212
1746920 212
1746930 212
1746940 213
1746950 213
1746960 213
1746970 213
1746980 213
1746990 212
1747000 212
1747010 212
1747020 212
1747030 212
1747040 212
1747050 212
1747060 212
1747070 212
1747080 212
1747090 212
1747100 212
1747110 212
1747120 212
1747130 212
1747140 212
1747150 212
1747160 212
1747170 213
1747180 213
1747190 213
1747200 213
1747210 213
1747220 213
1747230 213
1747240 213
1747250 213
1747260 212
1747270 213
1747280 213
1747290 213
1747300 212
1747310 212
1747320 212
1747330 212
1747340 212
1747350 213
1747360 215
1747370 216
1747380 218
1747390 218
1747400 218
1747410 218
1747420 219
1747430 221
1747440 224
1747450 226
1747460 228
1747470 228
1747480 229
1747490 230
1747500 230
1747510 231
1747520 233
1747530 234
1747540 236
1747550 237
1747560 238
1747570 239
1747580 239
1747590 241
1747600 242
1747610 243
1747620 244
1747630 244
1747640 246
1747650 248
1747660 250
1747670 251
1747680 251
1747690 252
1747700 254
1747710 257
1747720 258
1747730 258
1747740 258
1747750 261
1747760 263
1747770 266
1747780 266
1747790 266
1747800 267
1747810 269
1747820 272
1747830 274
1747840 275
1747850 277
1747860 278
1747870 280
1747880 281
1747890 282
1747900 283
1747910 284
1747920 285
1747930 287
1747940 288
1747950 290
1747960 291
1747970 293
1747980 295
1747990 298
1748000 301
1748010 303
1748020 305
1748030 307
1748040 309
1748050 311
1748060 313
1748070 315
1748080 318
1748090 320
1748100 324
1748110 327
1748120 329
1748130 331
1748140 333
1748150 336
1748160 339
1748170 342
1748180 345
1748190 348
1748200 350
1748210 353
1748220 356
1748230 359
1748240 361
1748250 364
1748260 366
1748270 368
1748280 369
1748290 371
1748300 372
1748310 373
1748320 374
1748330 374
1748340 374
1748350 373
1748360 372
1748370 371
1748380 370
1748390 369
1748400 367
1748410 366
1748420 364
1748430 363
1748440 362
1748450 361
1748460 360
1748470 359
1748480 358
1748490 357
1748500 356
1748510 355
1748520 354
1748530 353
1748540 352
1748550 351
1748560 350
1748570 350
1748580 349
1748590 348
1748600 348
1748610 347
1748620 346
1748630 346
1748640 345
1748650 345
1748660 345
1748670 344
1748680 344
1748690 344
1748700 343
1748710 343
1748720 342
1748730 342
1748740 342
1748750 341
1748760 341
1748770 341
1748780 340
1748790 340
1748800 340
1748810 340
1748820 340
1748830 339
1748840 339
1748850 338
1748860 338
1748870 338
1748880 337
1748890 337
1748900 337
1748910 337
1748920 336
1748930 336
1748940 336
1748950 336
1748960 335
1748970 335
1748980 335
1748990 334
1749000 334
1749010 334
1749020 333
1749030 333
1749040 332
1749050 331
1749060 331
1749070 331
1749080 331
1749090 330
1749100 330
1749110 330
1749120 329
1749130 329
1749140 328
1749150 327
1749160 326
1749170 326
1749180 325
1749190 324
1749200 323
1749210 322
1749220 322
1749230 321
1749240 321
1749250 320
1749260 320
1749270 320
1749280 320
1749290 320
1749300 320
1749310 320
1749320 320
1749330 320
1749340 320
1749350 320
1749360 322
1749370 324
1749380 326
1749390 328
1749400 330
1749410 333
1749420 336
1749430 338
1749440 341
1749450 343
1749460 345
1749470 346
1749480 346
1749490 346
1749500 345
1749510 344
1749520 341
1749530 339
1749540 337
1749550 334
1749560 333
1749570 331
1749580 330
1749590 329
1749600 328
1749610 327
1749620 327
1749630 326
1749640 325
1749650 325
1749660 325
1749670 325
1749680 325
1749690 325
1749700 325
1749710 325
1749720 326
1749730 326
1749740 326
1749750 327
1749760 328
1749770 331
1749780 333
1749790 335
1749800 337
1749810 339
1749820 341
1749830 343
1749840 344
1749850 346
1749860 347
1749870 348
1749880 350
1749890 351
1749900 352
1749910 353
1749920 354
1749930 354
1749940 355
1749950 356
1749960 356
1749970 357
1749980 357
1749990 358
1750000 358
1750010 359
1750020 359
1750030 360
1750040 360
1750050 361
1750060 361
1750070 362
1750080 362
1750090 362
1750100 363
1750110 363
1750120 363
1750130 363
1750140 363
1750150 363
1750160 364
1750170 364
1750180 364
1750190 364
1750200 365
1750210 365
1750220 365
1750230 365
1750240 365
1750250 365
1750260 365
1750270 365
1750280 365
1750290 365
1750300 365
1750310 365
1750320 365
1750330 365
1750340 365
1750350 365
1750360 365
1750370 366
1750380 366
1750390 366
1750400 367
1750410 368
1750420 368
1750430 369
1750440 370
1750450 371
1750460 372
1750470 372
1750480 373
1750490 373
1750500 374
1750510 374
1750520 374
1750530 375
1750540 375
1750550 376
1750560 377
1750570 377
1750580 378
1750590 378
1750600 379
1750610 380
1750620 381
1750630 382
1750640 382
1750650 382
1750660 383
1750670 384
1750680 385
1750690 385
1750700 386
1750710 386
1750720 387
1750730 388
1750740 388
1750750 388
1750760 388
1750770 388
1750780 388
1750790 388
1750800 387
1750810 387
1750820 387
1750830 387
1750840 387
1750850 387
1750860 386
1750870 386
1750880 386
1750890 386
1750900 386
1750910 386
1750920 386
1750930 386
1750940 386
1750950 386
1750960 386
1750970 386
1750980 386
1750990 386
1751000 386
1751010 386
1751020 386
1751030 386
1751040 387
1751050 387
1751060 387
1751070 386
1751080 386
1751090 386
1751100 387
1751110 387
1751120 387
1751130 388
1751140 388
1751150 388
1751160 388
1751170 388
1751180 388
1751190 388
1751200 389
1751210 389
1751220 389
1751230 389
1751240 389
1751250 389
1751260 389
1751270 389
1751280 389
1751290 389
1751300 389
1751310 389
1751320 389
1751330 389
1751340 389
1751350 389
1751360 389
1751370 389
1751380 389
1751390 389
1751400 389
1751410 389
1751420 389
1751430 389
1751440 389
1751450 389
1751460 389
1751470 389
1751480 389
1751490 389
1751500 389
1751510 389
1751520 389
1751530 389
1751540 389
1751550 388
1751560 388
1751570 388
1751580 388
1751590 388
1751600 388
1751610 388
1751620 388
1751630 388
1751640 388
1751650 388
1751660 388
1751670 388
1751680 388
1751690 387
1751700 387
1751710 387
1751720 387
1751730 387
1751740 387
1751750 387
1751760 386
1751770 386
1751780 385
1751790 385
1751800 384
1751810 383
1751820 383
1751830 382
1751840 382
1751850 381
1751860 380
1751870 379
1751880 377
1751890 375
1751900 373
1751910 370
1751920 366
1751930 363
1751940 359
1751950 355
1751960 350
1751970 347
1751980 343
1751990 339
1752000 336
1752010 332
1752020 329
1752030 326
1752040 323
1752050 320
1752060 317
1752070 314
1752080 311
1752090 309
1752100 306
1752110 304
1752120 302
1752130 300
1752140 296
1752150 293
1752160 291
1752170 290
1752180 295
1752190 299
1752200 304
1752210 308
1752220 312
1752230 315
1752240 317
1752250 320
1752260 322
1752270 323
1752280 325
1752290 326
1752300 327
1752310 329
1752320 330
1752330 330
1752340 331
1752350 332
1752360 331
1752370 331
1752380 329
1752390 327
1752400 326
1752410 326
1752420 326
1752430 327
1752440 328
1752450 329
1752460 330
1752470 331
1752480 330
1752490 329
1752500 326
1752510 323
1752520 320
1752530 318
1752540 316
1752550 314
1752560 311
1752570 310
1752580 309
1752590 312
1752600 315
1752610 318
1752620 321
1752630 325
1752640 328
1752650 332
1752660 335
1752670 337
1752680 340
1752690 342
1752700 344
1752710 345
1752720 346
1752730 348
1752740 349
1752750 351
1752760 353
1752770 354
1752780 356
1752790 358
1752800 360
1752810 361
1752820 363
1752830 365
1752840 366
1752850 368
1752860 369
1752870 371
1752880 372
1752890 373
1752900 374
1752910 376
1752920 377
1752930 378
1752940 379
1752950 380
1752960 381
1752970 382
1752980 382
1752990 383
1753000 384
1753010 385
1753020 386
1753030 387
1753040 387
1753050 388
1753060 389
1753070 390
1753080 391
1753090 392
1753100 393
1753110 394
1753120 395
1753130 395
1753140 395
1753150 394
1753160 394
1753170 394
1753180 394
1753190 394
1753200 394
1753210 393
1753220 393
1753230 393
1753240 392
1753250 392
1753260 392
1753270 392
1753280 392
1753290 392
1753300 392
1753310 391
1753320 391
1753330 392
1753340 392
1753350 392
1753360 392
1753370 392
1753380 392
1753390 392
1753400 392
1753410 393
1753420 393
1753430 393
1753440 393
1753450 394
1753460 394
1753470 394
1753480 394
1753490 394
1753500 395
1753510 395
1753520 395
1753530 395
1753540 395
1753550 395
1753560 396
1753570 396
1753580 396
1753590 396
1753600 396
1753610 396
1753620 396
1753630 396
1753640 396
1753650 396
1753660 396
1753670 397
1753680 397
1753690 397
1753700 397
1753710 397
1753720 397
1753730 397
1753740 397
1753750 397
1753760 396
1753770 396
1753780 395
1753790 395
1753800 395
1753810 395
1753820 395
1753830 394
1753840 394
