1752850 404
1752860 405
1752870 406
1752880 407
1752890 407
1752900 408
1752910 409
1752920 410
1752930 410
1752940 411
1752950 411
1752960 411
1752970 411
1752980 411
1752990 411
1753000 412
1753010 412
1753020 412
1753030 411
1753040 411
1753050 411
1753060 410
1753070 410
1753080 409
1753090 409
1753100 410
1753110 410
1753120 410
1753130 410
1753140 410
1753150 410
1753160 410
1753170 410
1753180 410
1753190 409
1753200 409
1753210 409
1753220 409
1753230 409
1753240 408
1753250 408
1753260 408
1753270 408
1753280 408
1753290 408
1753300 408
1753310 408
1753320 409
1753330 408
1753340 408
1753350 408
1753360 408
1753370 407
1753380 407
1753390 407
1753400 407
1753410 406
1753420 406
1753430 406
1753440 406
1753450 405
1753460 405
1753470 405
1753480 404
1753490 404
1753500 403
1753510 401
1753520 399
1753530 399
1753540 398
1753550 398
1753560 398
1753570 398
1753580 397
1753590 396
1753600 395
1753610 394
1753620 394
1753630 393
1753640 393
1753650 392
1753660 392
1753670 392
1753680 392
1753690 392
1753700 392
1753710 392
1753720 392
1753730 392
1753740 393
1753750 394
1753760 395
1753770 394
1753780 394
1753790 394
1753800 395
1753810 396
1753820 397
1753830 398
1753840 398
1753850 398
1753860 398
1753870 398
1753880 398
1753890 398
1753900 397
1753910 397
1753920 397
1753930 397
1753940 396
1753950 396
1753960 395
1753970 395
1753980 394
1753990 394
1754000 393
1754010 392
1754020 391
1754030 390
1754040 389
1754050 389
1754060 388
1754070 387
1754080 386
1754090 385
1754100 384
1754110 384
1754120 383
1754130 382
1754140 382
1754150 383
1754160 386
1754170 388
1754180 392
1754190 395
1754200 398
1754210 400
1754220 403
1754230 404
1754240 406
1754250 407
1754260 408
1754270 409
1754280 410
1754290 411
1754300 412
1754310 413
1754320 413
1754330 414
1754340 415
1754350 416
1754360 417
1754370 418
1754380 419
1754390 419
1754400 420
1754410 420
1754420 420
1754430 421
1754440 421
1754450 421
1754460 422
1754470 422
1754480 422
1754490 422
1754500 422
1754510 422
1754520 422
1754530 422
1754540 422
1754550 422
1754560 422
1754570 422
1754580 422
1754590 422
1754600 422
1754610 422
1754620 423
1754630 423
1754640 424
1754650 424
1754660 424
1754670 425
1754680 425
1754690 426
1754700 426
1754710 427
1754720 427
1754730 427
1754740 428
1754750 428
1754760 428
1754770 429
1754780 429
1754790 429
1754800 430
1754810 430
1754820 430
1754830 431
1754840 431
1754850 431
1754860 431
1754870 432
1754880 432
1754890 432
1754900 433
1754910 433
1754920 433
1754930 433
1754940 434
1754950 434
1754960 434
1754970 434
1754980 435
1754990 435
1755000 435
1755010 435
1755020 435
1755030 435
1755040 436
1755050 436
1755060 436
1755070 436
1755080 435
1755090 435
1755100 435
1755110 434
1755120 434
1755130 434
1755140 434
1755150 433
1755160 433
1755170 433
1755180 433
1755190 433
1755200 433
1755210 433
1755220 433
1755230 433
1755240 433
1755250 433
1755260 433
1755270 433
1755280 433
1755290 433
1755300 433
1755310 432
1755320 432
1755330 432
1755340 432
1755350 432
1755360 432
1755370 432
1755380 432
1755390 432
1755400 431
1755410 431
1755420 431
1755430 431
1755440 431
1755450 431
1755460 431
1755470 431
1755480 431
1755490 431
1755500 431
1755510 431
1755520 431
1755530 431
1755540 431
1755550 431
1755560 431
1755570 431
1755580 431
1755590 431
1755600 431
1755610 431
1755620 431
1755630 431
1755640 431
1755650 431
1755660 430
1755670 430
1755680 430
1755690 430
1755700 430
1755710 430
1755720 429
1755730 429
1755740 429
1755750 428
1755760 428
1755770 427
1755780 426
1755790 425
1755800 423
1755810 422
1755820 420
1755830 419
1755840 420
1755850 419
1755860 418
1755870 418
1755880 420
1755890 422
1755900 425
1755910 426
1755920 426
1755930 427
1755940 427
1755950 428
1755960 428
1755970 428
1755980 428
1755990 429
1756000 429
1756010 429
1756020 429
1756030 429
1756040 429
1756050 429
1756060 429
1756070 429
1756080 429
1756090 429
1756100 430
1756110 430
1756120 430
1756130 430
1756140 430
1756150 430
1756160 430
1756170 430
1756180 430
1756190 430
1756200 431
1756210 431
1756220 431
1756230 431
1756240 431
1756250 431
1756260 431
1756270 431
1756280 430
1756290 430
1756300 430
1756310 430
1756320 430
1756330 430
1756340 430
1756350 429
1756360 429
1756370 429
1756380 428
1756390 428
1756400 427
1756410 427
1756420 426
1756430 426
1756440 425
1756450 424
1756460 424
1756470 423
1756480 421
1756490 420
1756500 419
1756510 418
1756520 417
1756530 415
1756540 413
1756550 411
1756560 410
1756570 409
1756580 408
1756590 407
1756600 406
1756610 405
1756620 404
1756630 404
1756640 403
1756650 403
1756660 402
1756670 402
1756680 401
1756690 401
1756700 400
1756710 400
1756720 399
1756730 398
1756740 398
1756750 397
1756760 396
1756770 396
1756780 395
1756790 395
1756800 394
1756810 394
1756820 393
1756830 393
1756840 392
1756850 391
1756860 391
1756870 390
1756880 390
1756890 389
1756900 389
1756910 388
1756920 388
1756930 388
1756940 387
1756950 387
1756960 387
1756970 386
1756980 386
1756990 385
1757000 385
1757010 385
1757020 384
1757030 384
1757040 384
1757050 383
1757060 383
1757070 382
1757080 382
1757090 381
1757100 381
1757110 380
1757120 380
1757130 379
1757140 378
1757150 378
1757160 378
1757170 378
1757180 377
1757190 376
1757200 375
1757210 374
1757220 373
1757230 373
1757240 372
1757250 370
1757260 369
1757270 367
1757280 365
1757290 363
1757300 361
1757310 359
1757320 358
1757330 356
1757340 355
1757350 354
1757360 353
1757370 352
1757380 351
1757390 351
1757400 350
1757410 350
1757420 350
1757430 350
1757440 350
1757450 349
1757460 349
1757470 348
1757480 346
1757490 345
1757500 345
1757510 346
1757520 346
1757530 346
1757540 346
1757550 347
1757560 347
1757570 347
1757580 347
1757590 347
1757600 347
1757610 347
1757620 347
1757630 348
1757640 348
1757650 348
1757660 348
1757670 348
1757680 348
1757690 348
1757700 349
1757710 349
1757720 349
1757730 349
1757740 349
1757750 350
1757760 350
1757770 350
1757780 350
1757790 350
1757800 350
1757810 350
1757820 350
1757830 351
1757840 351
1757850 351
1757860 351
1757870 352
1757880 352
1757890 353
1757900 353
1757910 354
1757920 354
1757930 354
1757940 355
1757950 356
1757960 356
1757970 357
1757980 357
1757990 358
1758000 358
1758010 359
1758020 359
1758030 359
1758040 359
1758050 359
1758060 359
1758070 359
1758080 360
1758090 360
1758100 360
1758110 360
1758120 360
1758130 361
1758140 361
1758150 361
1758160 361
1758170 361
1758180 361
1758190 361
1758200 362
1758210 362
1758220 362
1758230 362
1758240 362
1758250 362
1758260 363
1758270 363
1758280 363
1758290 363
1758300 363
1758310 364
1758320 364
1758330 364
1758340 364
1758350 364
1758360 364
1758370 364
1758380 364
1758390 364
1758400 364
1758410 364
1758420 364
1758430 364
1758440 364
1758450 364
1758460 365
1758470 365
1758480 365
1758490 365
1758500 366
1758510 366
1758520 366
1758530 366
1758540 366
1758550 366
1758560 367
1758570 367
1758580 367
1758590 367
1758600 367
1758610 367
1758620 367
1758630 367
1758640 368
1758650 368
1758660 368
1758670 368
1758680 368
1758690 369
1758700 369
1758710 369
1758720 369
1758730 369
1758740 370
1758750 370
1758760 370
1758770 371
1758780 371
1758790 371
1758800 372
1758810 372
1758820 372
1758830 372
1758840 373
1758850 373
1758860 373
1758870 373
1758880 373
1758890 373
1758900 374
1758910 374
1758920 374
1758930 374
1758940 374
1758950 375
1758960 375
1758970 375
1758980 375
1758990 376
1759000 376
1759010 376
1759020 376
1759030 376
1759040 377
1759050 377
1759060 377
1759070 378
1759080 378
1759090 378
1759100 378
1759110 379
1759120 379
1759130 379
1759140 379
1759150 379
1759160 380
1759170 380
1759180 380
1759190 380
1759200 380
1759210 381
1759220 381
1759230 381
1759240 381
1759250 381
1759260 382
1759270 382
1759280 382
1759290 382
1759300 382
1759310 382
1759320 383
1759330 383
1759340 383
1759350 383
1759360 384
1759370 384
1759380 384
1759390 384
1759400 385
1759410 385
1759420 385
1759430 385
1759440 385
1759450 386
1759460 386
1759470 386
1759480 386
1759490 386
1759500 387
1759510 387
1759520 387
1759530 387
1759540 387
1759550 388
1759560 388
1759570 388
1759580 388
1759590 388
1759600 388
1759610 387
1759620 387
1759630 387
1759640 387
1759650 388
1759660 388
1759670 388
1759680 389
1759690 389
1759700 389
1759710 389
1759720 389
1759730 389
1759740 389
1759750 389
1759760 389
1759770 389
1759780 389
1759790 389
1759800 389
1759810 389
1759820 389
1759830 389
1759840 389
1759850 389
1759860 389
1759870 389
1759880 389
1759890 389
1759900 389
1759910 389
1759920 389
1759930 389
1759940 389
1759950 389
1759960 389
1759970 389
1759980 389
1759990 389
