1740000 433
1740010 433
1740020 433
1740030 433
1740040 433
1740050 433
1740060 433
1740070 433
1740080 432
1740090 432
1740100 432
1740110 432
1740120 432
1740130 432
1740140 432
1740150 432
1740160 432
1740170 432
1740180 432
1740190 432
1740200 432
1740210 432
1740220 432
1740230 432
1740240 433
1740250 433
1740260 433
1740270 433
1740280 433
1740290 433
1740300 433
1740310 433
1740320 433
1740330 432
1740340 432
1740350 432
1740360 431
1740370 431
1740380 431
1740390 430
1740400 430
1740410 429
1740420 429
1740430 428
1740440 428
1740450 428
1740460 427
1740470 427
1740480 427
1740490 426
1740500 426
1740510 426
1740520 425
1740530 425
1740540 424
1740550 424
1740560 423
1740570 423
1740580 423
1740590 422
1740600 422
1740610 422
1740620 421
1740630 421
1740640 421
1740650 420
1740660 420
1740670 419
1740680 419
1740690 418
1740700 418
1740710 417
1740720 416
1740730 416
1740740 415
1740750 415
1740760 414
1740770 414
1740780 413
1740790 413
1740800 413
1740810 412
1740820 412
1740830 411
1740840 411
1740850 410
1740860 410
1740870 409
1740880 409
1740890 408
1740900 408
1740910 407
1740920 407
1740930 406
1740940 405
1740950 405
1740960 404
1740970 404
1740980 403
1740990 402
1741000 402
1741010 401
1741020 401
1741030 400
1741040 400
1741050 399
1741060 398
1741070 398
1741080 397
1741090 396
1741100 395
1741110 395
1741120 394
1741130 394
1741140 393
1741150 392
1741160 392
1741170 391
1741180 390
1741190 389
1741200 388
1741210 387
1741220 384
1741230 383
1741240 382
1741250 382
1741260 381
1741270 380
1741280 378
1741290 377
1741300 377
1741310 377
1741320 375
1741330 373
1741340 372
1741350 370
1741360 370
1741370 370
1741380 370
1741390 370
1741400 370
1741410 370
1741420 370
1741430 371
1741440 371
1741450 372
1741460 373
1741470 374
1741480 376
1741490 378
1741500 379
1741510 381
1741520 382
1741530 383
1741540 384
1741550 385
1741560 386
1741570 386
1741580 386
1741590 387
1741600 387
1741610 387
1741620 388
1741630 389
1741640 389
1741650 389
1741660 390
1741670 390
1741680 390
1741690 389
1741700 389
1741710 389
1741720 389
1741730 389
1741740 389
1741750 389
1741760 389
1741770 389
1741780 388
1741790 388
1741800 388
1741810 388
1741820 387
1741830 387
1741840 387
1741850 386
1741860 386
1741870 386
1741880 387
1741890 387
1741900 387
1741910 387
1741920 387
1741930 387
1741940 387
1741950 387
1741960 387
1741970 387
1741980 388
1741990 388
1742000 388
1742010 388
1742020 388
1742030 387
1742040 386
1742050 387
1742060 387
1742070 387
1742080 388
1742090 389
1742100 391
1742110 392
1742120 393
1742130 394
1742140 395
1742150 396
1742160 396
1742170 397
1742180 398
1742190 399
1742200 400
1742210 401
1742220 402
1742230 403
1742240 403
1742250 404
1742260 405
1742270 406
1742280 407
1742290 407
1742300 408
1742310 408
1742320 408
1742330 408
1742340 408
1742350 409
1742360 409
1742370 409
1742380 410
1742390 410
1742400 411
1742410 411
1742420 411
1742430 411
1742440 411
1742450 411
1742460 411
1742470 411
1742480 411
1742490 411
1742500 412
1742510 412
1742520 412
1742530 412
1742540 412
1742550 412
1742560 412
1742570 412
1742580 412
1742590 412
1742600 412
1742610 413
1742620 413
1742630 413
1742640 413
1742650 413
1742660 413
1742670 413
1742680 413
1742690 412
1742700 412
1742710 412
1742720 412
1742730 412
1742740 412
1742750 412
1742760 412
1742770 412
1742780 412
1742790 412
1742800 412
1742810 412
1742820 412
1742830 412
1742840 412
1742850 412
1742860 412
1742870 412
1742880 412
1742890 412
1742900 412
1742910 411
1742920 411
1742930 411
1742940 411
1742950 411
1742960 411
1742970 411
1742980 411
1742990 411
1743000 411
1743010 411
1743020 411
1743030 411
1743040 411
1743050 411
1743060 411
1743070 411
1743080 411
1743090 411
1743100 411
1743110 411
1743120 411
1743130 411
1743140 411
1743150 411
1743160 411
1743170 411
1743180 412
1743190 412
1743200 412
1743210 412
1743220 412
1743230 412
1743240 412
1743250 412
1743260 412
1743270 412
1743280 412
1743290 412
1743300 412
1743310 412
1743320 412
1743330 413
1743340 413
1743350 413
1743360 413
1743370 413
1743380 413
1743390 414
1743400 414
1743410 414
1743420 414
1743430 414
1743440 415
1743450 415
1743460 415
1743470 415
1743480 415
1743490 414
1743500 414
1743510 414
1743520 415
1743530 415
1743540 415
1743550 415
1743560 415
1743570 415
1743580 415
1743590 415
1743600 415
1743610 415
1743620 414
1743630 414
1743640 414
1743650 414
1743660 414
1743670 414
1743680 414
1743690 414
1743700 414
1743710 414
1743720 414
1743730 414
1743740 414
1743750 413
1743760 413
1743770 413
1743780 413
1743790 413
1743800 413
1743810 412
1743820 412
1743830 412
1743840 412
1743850 412
1743860 412
1743870 412
1743880 412
1743890 412
1743900 412
1743910 412
1743920 412
1743930 412
1743940 412
1743950 412
1743960 411
1743970 411
1743980 411
1743990 411
1744000 411
1744010 411
1744020 411
1744030 411
1744040 411
1744050 411
1744060 411
1744070 411
1744080 411
1744090 411
1744100 411
1744110 411
1744120 411
1744130 411
1744140 411
1744150 410
1744160 410
1744170 409
1744180 409
1744190 409
1744200 408
1744210 408
1744220 408
1744230 408
1744240 407
1744250 407
1744260 406
1744270 406
1744280 406
1744290 406
1744300 406
1744310 406
1744320 405
1744330 405
1744340 405
1744350 405
1744360 405
1744370 405
1744380 405
1744390 405
1744400 404
1744410 404
1744420 404
1744430 404
1744440 404
1744450 404
1744460 404
1744470 403
1744480 403
1744490 402
1744500 401
1744510 401
1744520 401
1744530 400
1744540 400
1744550 400
1744560 399
1744570 399
1744580 398
1744590 397
1744600 397
1744610 396
1744620 395
1744630 394
1744640 393
1744650 393
1744660 392
1744670 390
1744680 389
1744690 386
1744700 383
1744710 380
1744720 378
1744730 376
1744740 374
1744750 372
1744760 369
1744770 367
1744780 365
1744790 363
1744800 360
1744810 358
1744820 356
1744830 353
1744840 348
1744850 345
1744860 342
1744870 340
1744880 338
1744890 336
1744900 335
1744910 335
1744920 336
1744930 336
1744940 336
1744950 336
1744960 336
1744970 337
1744980 337
1744990 337
1745000 338
1745010 338
1745020 339
1745030 339
1745040 340
1745050 341
1745060 341
1745070 341
1745080 342
1745090 342
1745100 342
1745110 341
1745120 341
1745130 341
1745140 341
1745150 340
1745160 340
1745170 339
1745180 337
1745190 335
1745200 333
1745210 330
1745220 328
1745230 324
1745240 322
1745250 322
1745260 324
1745270 327
1745280 328
1745290 329
1745300 330
1745310 332
1745320 333
1745330 334
1745340 335
1745350 336
1745360 336
1745370 336
1745380 336
1745390 336
1745400 335
1745410 334
1745420 334
1745430 333
1745440 331
1745450 330
1745460 329
1745470 327
1745480 324
1745490 321
1745500 317
1745510 312
1745520 306
1745530 299
1745540 292
1745550 287
1745560 283
1745570 278
1745580 271
1745590 262
1745600 251
1745610 234
1745620 225
1745630 219
1745640 217
1745650 216
1745660 216
1745670 216
1745680 216
1745690 216
1745700 216
1745710 217
1745720 218
1745730 219
1745740 219
1745750 219
1745760 219
1745770 219
1745780 219
1745790 219
1745800 220
1745810 220
1745820 222
1745830 223
1745840 224
1745850 224
1745860 225
1745870 227
1745880 229
1745890 230
1745900 230
1745910 231
1745920 232
1745930 233
1745940 234
1745950 234
1745960 235
1745970 235
1745980 235
1745990 236
1746000 236
1746010 236
1746020 236
1746030 236
1746040 237
1746050 237
1746060 237
1746070 237
1746080 237
1746090 237
1746100 237
1746110 238
1746120 238
1746130 238
1746140 238
1746150 238
1746160 238
1746170 238
1746180 238
1746190 238
1746200 238
1746210 238
1746220 238
1746230 238
1746240 239
1746250 239
1746260 239
1746270 239
1746280 239
1746290 239
1746300 240
1746310 240
1746320 241
1746330 241
1746340 241
1746350 241
1746360 241
1746370 242
1746380 242
1746390 242
1746400 243
1746410 243
1746420 243
1746430 243
1746440 244
1746450 245
1746460 246
1746470 246
1746480 246
1746490 247
1746500 247
1746510 248
1746520 249
1746530 249
1746540 249
1746550 250
1746560 250
1746570 251
1746580 251
1746590 252
1746600 252
1746610 252
1746620 253
1746630 253
1746640 254
1746650 254
1746660 254
1746670 255
1746680 255
1746690 255
1746700 255
1746710 256
1746720 256
1746730 256
1746740 256
1746750 257
1746760 257
1746770 257
1746780 257
1746790 257
1746800 258
1746810 258
1746820 258
1746830 258
1746840 258
1746850 258
1746860 258
1746870 258
1746880 258
1746890 258
1746900 258
1746910 258
1746920 258
1746930 258
1746940 258
1746950 258
1746960 257
1746970 257
1746980 257
1746990 257
1747000 257
1747010 254
1747020 252
1747030 252
1747040 254
1747050 255
1747060 255
1747070 255
1747080 254
1747090 253
1747100 252
1747110 252
1747120 252
1747130 253
1747140 253
1747150 252
1747160 252
1747170 252
1747180 252
1747190 251
1747200 251
1747210 252
1747220 255
1747230 258
1747240 261
1747250 265
1747260 269
1747270 272
1747280 274
1747290 277
1747300 279
1747310 281
1747320 283
1747330 284
1747340 286
1747350 287
1747360 289
1747370 291
1747380 293
1747390 295
1747400 295
1747410 296
1747420 298
1747430 300
1747440 301
1747450 302
1747460 302
1747470 304
1747480 305
1747490 305
1747500 306
1747510 307
1747520 307
1747530 308
1747540 309
1747550 309
1747560 310
1747570 311
1747580 312
1747590 313
1747600 314
1747610 314
1747620 315
1747630 315
1747640 315
1747650 313
1747660 311
1747670 309
1747680 306
1747690 303
1747700 301
1747710 300
1747720 299
1747730 298
1747740 296
1747750 294
1747760 294
1747770 295
1747780 298
1747790 300
1747800 302
1747810 303
1747820 303
1747830 302
1747840 299
1747850 299
1747860 301
1747870 306
1747880 310
1747890 313
1747900 317
1747910 321
1747920 325
1747930 329
1747940 332
1747950 336
1747960 340
1747970 344
1747980 347
1747990 351
1748000 354
1748010 356
1748020 357
1748030 359
1748040 359
1748050 359
1748060 359
1748070 359
1748080 359
1748090 359
1748100 359
1748110 360
1748120 360
1748130 360
1748140 362
1748150 363
1748160 366
1748170 368
1748180 370
1748190 373
1748200 376
1748210 379
1748220 382
1748230 384
1748240 385
1748250 387
1748260 388
1748270 389
1748280 390
1748290 391
1748300 393
1748310 394
1748320 396
1748330 397
1748340 399
1748350 399
1748360 400
1748370 400
1748380 400
1748390 400
1748400 400
1748410 400
1748420 400
1748430 400
1748440 400
1748450 400
1748460 399
1748470 399
1748480 399
1748490 399
1748500 399
1748510 398
1748520 398
1748530 398
1748540 398
1748550 398
1748560 398
1748570 398
1748580 398
1748590 399
1748600 399
1748610 399
1748620 399
1748630 399
1748640 398
1748650 398
1748660 398
1748670 398
1748680 397
1748690 397
1748700 397
1748710 396
1748720 396
1748730 396
1748740 395
1748750 395
1748760 394
1748770 394
1748780 394
1748790 394
1748800 393
1748810 393
1748820 393
1748830 393
1748840 392
1748850 392
1748860 392
1748870 392
1748880 392
1748890 391
1748900 391
1748910 391
1748920 391
1748930 391
1748940 391
1748950 391
1748960 390
1748970 390
1748980 390
1748990 390
1749000 390
1749010 390
1749020 390
1749030 390
1749040 390
1749050 390
1749060 390
1749070 389
1749080 389
1749090 389
1749100 389
1749110 389
1749120 389
1749130 389
1749140 389
1749150 389
1749160 389
1749170 389
1749180 389
1749190 389
1749200 389
1749210 389
1749220 389
1749230 389
1749240 389
1749250 390
1749260 390
1749270 390
1749280 390
1749290 390
1749300 390
1749310 390
1749320 391
1749330 391
1749340 391
1749350 391
1749360 391
1749370 391
1749380 392
1749390 392
1749400 392
1749410 392
1749420 392
1749430 393
1749440 393
1749450 393
1749460 393
1749470 394
1749480 394
1749490 395
1749500 395
1749510 395
1749520 395
1749530 396
1749540 396
1749550 396
1749560 396
1749570 397
1749580 397
1749590 397
1749600 398
1749610 398
1749620 399
1749630 399
1749640 399
1749650 400
1749660 400
1749670 401
1749680 401
1749690 402
1749700 402
1749710 403
1749720 403
1749730 404
1749740 404
1749750 405
1749760 405
1749770 406
1749780 406
1749790 406
1749800 407
1749810 407
1749820 407
1749830 407
1749840 408
1749850 409
1749860 409
1749870 410
1749880 410
1749890 411
1749900 411
1749910 412
1749920 412
1749930 413
1749940 414
1749950 414
1749960 414
1749970 414
1749980 415
1749990 416
1750000 417
1750010 418
1750020 419
1750030 419
1750040 420
1750050 421
1750060 422
1750070 423
1750080 424
1750090 426
1750100 427
1750110 429
1750120 431
1750130 432
1750140 433
1750150 434
1750160 435
1750170 436
1750180 437
1750190 438
1750200 438
1750210 439
1750220 440
1750230 441
1750240 442
1750250 443
1750260 444
1750270 445
1750280 445
1750290 446
1750300 447
1750310 447
1750320 447
1750330 447
1750340 447
1750350 447
1750360 447
1750370 448
1750380 448
1750390 448
1750400 448
1750410 448
1750420 448
1750430 448
1750440 448
1750450 447
1750460 447
1750470 446
1750480 446
1750490 446
1750500 445
1750510 445
1750520 445
1750530 445
1750540 444
1750550 444
1750560 443
1750570 443
1750580 442
1750590 442
1750600 442
1750610 441
1750620 441
1750630 441
1750640 440
1750650 440
1750660 440
1750670 440
1750680 440
1750690 440
1750700 439
1750710 439
1750720 439
1750730 439
1750740 439
1750750 439
1750760 439
1750770 439
1750780 439
1750790 440
1750800 440
1750810 440
1750820 440
1750830 440
1750840 440
1750850 440
1750860 440
1750870 441
1750880 441
1750890 442
1750900 442
1750910 442
1750920 442
1750930 442
1750940 442
1750950 442
1750960 442
1750970 442
1750980 442
1750990 442
1751000 442
1751010 443
1751020 443
1751030 443
1751040 443
1751050 443
1751060 443
1751070 443
1751080 443
1751090 442
1751100 442
1751110 442
1751120 442
1751130 442
1751140 441
1751150 441
1751160 441
1751170 441
1751180 441
1751190 440
1751200 440
1751210 440
1751220 439
1751230 439
1751240 439
1751250 438
1751260 438
1751270 437
1751280 437
1751290 437
1751300 437
1751310 436
1751320 436
1751330 436
1751340 435
1751350 435
1751360 435
1751370 434
1751380 434
1751390 434
1751400 433
1751410 433
1751420 433
1751430 432
1751440 432
1751450 432
1751460 431
1751470 431
1751480 430
1751490 430
1751500 430
1751510 429
1751520 429
1751530 428
1751540 428
1751550 428
1751560 427
1751570 427
1751580 426
