1740000 431
1740010 431
1740020 431
1740030 431
1740040 431
1740050 431
1740060 431
1740070 431
1740080 430
1740090 430
1740100 430
1740110 430
1740120 430
1740130 430
1740140 430
1740150 430
1740160 430
1740170 430
1740180 430
1740190 430
1740200 430
1740210 430
1740220 430
1740230 430
1740240 431
1740250 431
1740260 431
1740270 432
1740280 432
1740290 433
1740300 433
1740310 433
1740320 433
1740330 433
1740340 433
1740350 433
1740360 432
1740370 432
1740380 432
1740390 432
1740400 431
1740410 431
1740420 430
1740430 430
1740440 429
1740450 429
1740460 428
1740470 428
1740480 427
1740490 427
1740500 426
1740510 426
1740520 425
1740530 425
1740540 425
1740550 424
1740560 424
1740570 424
1740580 423
1740590 423
1740600 423
1740610 422
1740620 422
1740630 422
1740640 422
1740650 421
1740660 421
1740670 420
1740680 420
1740690 420
1740700 419
1740710 419
1740720 419
1740730 418
1740740 418
1740750 418
1740760 417
1740770 417
1740780 417
1740790 417
1740800 416
1740810 416
1740820 415
1740830 415
1740840 414
1740850 414
1740860 413
1740870 413
1740880 412
1740890 412
1740900 411
1740910 411
1740920 410
1740930 410
1740940 409
1740950 409
1740960 409
1740970 408
1740980 408
1740990 407
1741000 407
1741010 406
1741020 406
1741030 405
1741040 405
1741050 404
1741060 403
1741070 403
1741080 402
1741090 401
1741100 401
1741110 400
1741120 400
1741130 399
1741140 399
1741150 398
1741160 397
1741170 397
1741180 396
1741190 395
1741200 395
1741210 394
1741220 394
1741230 393
1741240 392
1741250 391
1741260 390
1741270 389
1741280 388
1741290 385
1741300 383
1741310 380
1741320 379
1741330 378
1741340 377
1741350 375
1741360 373
1741370 372
1741380 372
1741390 372
1741400 372
1741410 371
1741420 370
1741430 370
1741440 369
1741450 368
1741460 367
1741470 366
1741480 366
1741490 366
1741500 366
1741510 366
1741520 367
1741530 368
1741540 369
1741550 371
1741560 372
1741570 373
1741580 374
1741590 376
1741600 377
1741610 378
1741620 379
1741630 380
1741640 381
1741650 382
1741660 382
1741670 383
1741680 383
1741690 384
1741700 384
1741710 384
1741720 383
1741730 383
1741740 383
1741750 384
1741760 384
1741770 385
1741780 384
1741790 384
1741800 384
1741810 384
1741820 383
1741830 383
1741840 383
1741850 382
1741860 382
1741870 382
1741880 382
1741890 381
1741900 381
1741910 381
1741920 380
1741930 379
1741940 377
1741950 375
1741960 375
1741970 378
1741980 380
1741990 383
1742000 384
1742010 385
1742020 386
1742030 386
1742040 387
1742050 388
1742060 389
1742070 390
1742080 391
1742090 392
1742100 393
1742110 394
1742120 394
1742130 395
1742140 396
1742150 397
1742160 398
1742170 399
1742180 401
1742190 402
1742200 403
1742210 403
1742220 404
1742230 404
1742240 404
1742250 404
1742260 404
1742270 404
1742280 404
1742290 405
1742300 405
1742310 405
1742320 406
1742330 406
1742340 407
1742350 407
1742360 408
1742370 408
1742380 409
1742390 409
1742400 409
1742410 409
1742420 409
1742430 409
1742440 410
1742450 410
1742460 410
1742470 410
1742480 410
1742490 410
1742500 410
1742510 410
1742520 411
1742530 411
1742540 411
1742550 411
1742560 411
1742570 411
1742580 411
1742590 411
1742600 411
1742610 410
1742620 410
1742630 410
1742640 410
1742650 410
1742660 410
1742670 410
1742680 410
1742690 409
1742700 409
1742710 409
1742720 409
1742730 409
1742740 409
1742750 409
1742760 408
1742770 408
1742780 408
1742790 408
1742800 408
1742810 408
1742820 408
1742830 408
1742840 408
1742850 408
1742860 408
1742870 408
1742880 408
1742890 408
1742900 408
1742910 408
1742920 407
1742930 407
1742940 407
1742950 407
1742960 407
1742970 407
1742980 406
1742990 406
1743000 406
1743010 406
1743020 406
1743030 406
1743040 406
1743050 406
1743060 406
1743070 406
1743080 406
1743090 406
1743100 406
1743110 406
1743120 406
1743130 406
1743140 406
1743150 406
1743160 406
1743170 407
1743180 407
1743190 407
1743200 407
1743210 407
1743220 407
1743230 408
1743240 408
1743250 408
1743260 408
1743270 408
1743280 409
1743290 409
1743300 409
1743310 409
1743320 410
1743330 410
1743340 410
1743350 411
1743360 411
1743370 411
1743380 412
1743390 412
1743400 412
1743410 413
1743420 413
1743430 413
1743440 413
1743450 413
1743460 414
1743470 414
1743480 414
1743490 414
1743500 414
1743510 415
1743520 415
1743530 415
1743540 415
1743550 414
1743560 414
1743570 414
1743580 413
1743590 413
1743600 413
1743610 413
1743620 413
1743630 413
1743640 413
1743650 413
1743660 413
1743670 413
1743680 413
1743690 412
1743700 412
1743710 412
1743720 412
1743730 412
1743740 412
1743750 412
1743760 412
1743770 412
1743780 412
1743790 412
1743800 412
1743810 412
1743820 412
1743830 412
1743840 412
1743850 412
1743860 412
1743870 412
1743880 411
1743890 411
1743900 411
1743910 411
1743920 410
1743930 410
1743940 410
1743950 409
1743960 409
1743970 409
1743980 409
1743990 408
1744000 408
1744010 408
1744020 408
1744030 408
1744040 408
1744050 408
1744060 408
1744070 407
1744080 407
1744090 407
1744100 407
1744110 407
1744120 407
1744130 406
1744140 406
1744150 406
1744160 406
1744170 405
1744180 405
1744190 405
1744200 405
1744210 405
1744220 404
1744230 404
1744240 404
1744250 404
1744260 404
1744270 403
1744280 403
1744290 403
1744300 403
1744310 403
1744320 403
1744330 403
1744340 403
1744350 402
1744360 402
1744370 402
1744380 402
1744390 403
1744400 403
1744410 403
1744420 403
1744430 402
1744440 401
1744450 401
1744460 400
1744470 400
1744480 400
1744490 399
1744500 399
1744510 399
1744520 399
1744530 398
1744540 398
1744550 398
1744560 397
1744570 397
1744580 396
1744590 396
1744600 395
1744610 395
1744620 394
1744630 394
1744640 393
1744650 393
1744660 392
1744670 391
1744680 390
1744690 389
1744700 389
1744710 388
1744720 387
1744730 386
1744740 385
1744750 385
1744760 383
1744770 382
1744780 380
1744790 378
1744800 377
1744810 375
1744820 374
1744830 372
1744840 371
1744850 371
1744860 370
1744870 370
1744880 370
1744890 369
1744900 369
1744910 369
1744920 369
1744930 369
1744940 369
1744950 369
1744960 369
1744970 369
1744980 368
1744990 368
1745000 368
1745010 367
1745020 367
1745030 367
1745040 367
1745050 366
1745060 366
1745070 365
1745080 365
1745090 364
1745100 363
1745110 363
1745120 362
1745130 361
1745140 360
1745150 359
1745160 357
1745170 355
1745180 352
1745190 351
1745200 350
1745210 349
1745220 348
1745230 347
1745240 347
1745250 347
1745260 347
1745270 348
1745280 348
1745290 350
1745300 351
1745310 352
1745320 352
1745330 353
1745340 353
1745350 353
1745360 352
1745370 352
1745380 351
1745390 351
1745400 350
1745410 350
1745420 349
1745430 348
1745440 348
1745450 347
1745460 346
1745470 342
1745480 337
1745490 332
1745500 326
1745510 320
1745520 313
1745530 306
1745540 300
1745550 295
1745560 290
1745570 285
1745580 281
1745590 276
1745600 269
1745610 260
1745620 251
1745630 243
1745640 236
1745650 228
1745660 223
1745670 220
1745680 218
1745690 217
1745700 217
1745710 216
1745720 216
1745730 216
1745740 216
1745750 216
1745760 216
1745770 218
1745780 219
1745790 219
1745800 219
1745810 219
1745820 219
1745830 219
1745840 219
1745850 219
1745860 220
1745870 222
1745880 224
1745890 225
1745900 226
1745910 227
1745920 229
1745930 231
1745940 231
1745950 232
1745960 233
1745970 233
1745980 234
1745990 234
1746000 235
1746010 235
1746020 235
1746030 236
1746040 236
1746050 236
1746060 236
1746070 236
1746080 236
1746090 236
1746100 236
1746110 237
1746120 237
1746130 237
1746140 237
1746150 237
1746160 237
1746170 237
1746180 237
1746190 237
1746200 238
1746210 238
1746220 238
1746230 238
1746240 238
1746250 238
1746260 238
1746270 238
1746280 238
1746290 238
1746300 238
1746310 238
1746320 238
1746330 238
1746340 238
1746350 238
1746360 238
1746370 239
1746380 239
1746390 239
1746400 239
1746410 239
1746420 239
1746430 239
1746440 239
1746450 239
1746460 240
1746470 240
1746480 240
1746490 240
1746500 240
1746510 241
1746520 241
1746530 241
1746540 241
1746550 242
1746560 242
1746570 242
1746580 242
1746590 243
1746600 243
1746610 243
1746620 244
1746630 244
1746640 244
1746650 244
1746660 244
1746670 245
1746680 245
1746690 245
1746700 245
1746710 245
1746720 246
1746730 246
1746740 246
1746750 246
1746760 247
1746770 247
1746780 248
1746790 248
1746800 249
1746810 250
1746820 250
1746830 251
1746840 251
1746850 252
1746860 252
1746870 252
1746880 252
1746890 252
1746900 252
1746910 252
1746920 252
1746930 252
1746940 251
1746950 251
1746960 250
1746970 250
1746980 249
1746990 248
1747000 247
1747010 247
1747020 247
1747030 246
1747040 246
1747050 245
1747060 245
1747070 246
1747080 246
1747090 246
1747100 245
1747110 245
1747120 245
1747130 247
1747140 250
1747150 254
1747160 256
1747170 258
1747180 261
1747190 264
1747200 264
1747210 265
1747220 266
1747230 268
1747240 270
1747250 271
1747260 271
1747270 272
1747280 273
1747290 273
1747300 274
1747310 275
1747320 276
1747330 277
1747340 277
1747350 278
1747360 279
1747370 280
1747380 280
1747390 281
1747400 282
1747410 283
1747420 284
1747430 284
1747440 285
1747450 286
1747460 287
1747470 288
1747480 288
1747490 290
1747500 292
1747510 294
1747520 296
1747530 298
1747540 299
1747550 301
1747560 302
1747570 302
1747580 302
1747590 300
1747600 298
1747610 296
1747620 294
1747630 292
1747640 290
1747650 288
1747660 285
1747670 283
1747680 280
1747690 277
1747700 277
1747710 277
1747720 278
1747730 280
1747740 283
1747750 286
1747760 289
1747770 292
1747780 295
1747790 298
1747800 301
1747810 304
1747820 306
1747830 309
1747840 311
1747850 314
1747860 316
1747870 318
1747880 319
1747890 320
1747900 322
1747910 322
1747920 323
1747930 323
1747940 324
1747950 324
1747960 324
1747970 324
1747980 325
1747990 326
1748000 328
1748010 329
1748020 330
1748030 330
1748040 330
1748050 332
1748060 334
1748070 336
1748080 339
1748090 343
1748100 346
1748110 349
1748120 351
1748130 354
1748140 358
1748150 361
1748160 365
1748170 368
1748180 371
1748190 374
1748200 376
1748210 379
1748220 380
1748230 382
1748240 383
1748250 384
1748260 385
1748270 386
1748280 387
1748290 388
1748300 389
1748310 391
1748320 392
1748330 392
1748340 393
1748350 394
1748360 394
1748370 394
1748380 395
1748390 395
1748400 396
1748410 396
1748420 396
1748430 396
1748440 396
1748450 396
1748460 396
1748470 395
1748480 395
1748490 395
1748500 395
1748510 395
1748520 394
1748530 394
1748540 394
1748550 394
1748560 394
1748570 393
1748580 393
1748590 393
1748600 393
1748610 393
1748620 392
1748630 392
1748640 392
1748650 392
1748660 392
1748670 392
1748680 392
1748690 392
1748700 392
1748710 392
1748720 392
1748730 391
1748740 391
1748750 391
1748760 391
1748770 391
1748780 391
1748790 391
1748800 391
1748810 391
1748820 391
1748830 390
1748840 390
1748850 390
1748860 390
1748870 389
1748880 389
1748890 389
1748900 389
1748910 389
1748920 388
1748930 388
1748940 388
1748950 388
1748960 388
1748970 387
1748980 387
1748990 387
1749000 387
1749010 387
1749020 387
1749030 387
1749040 387
1749050 387
1749060 387
1749070 387
1749080 387
1749090 387
1749100 387
1749110 387
1749120 387
1749130 387
1749140 388
1749150 388
1749160 388
1749170 388
1749180 388
1749190 388
1749200 388
1749210 386
1749220 387
1749230 388
1749240 389
1749250 389
1749260 389
1749270 389
1749280 389
1749290 390
1749300 390
1749310 390
1749320 390
1749330 390
1749340 391
1749350 391
1749360 391
1749370 391
1749380 391
1749390 392
1749400 392
1749410 392
1749420 392
1749430 392
1749440 392
1749450 393
1749460 393
1749470 393
1749480 393
1749490 394
1749500 394
1749510 394
1749520 394
1749530 395
1749540 395
1749550 395
1749560 395
1749570 396
1749580 396
1749590 396
1749600 396
1749610 396
1749620 397
1749630 397
1749640 397
1749650 398
1749660 398
1749670 398
1749680 399
1749690 399
1749700 399
1749710 400
1749720 400
1749730 401
1749740 401
1749750 401
1749760 402
1749770 402
1749780 403
1749790 403
1749800 403
1749810 404
1749820 404
1749830 404
1749840 405
1749850 405
1749860 405
1749870 405
1749880 405
1749890 406
1749900 407
1749910 408
1749920 408
1749930 408
1749940 407
1749950 408
1749960 409
1749970 409
1749980 410
1749990 411
1750000 411
1750010 413
1750020 414
1750030 414
1750040 415
1750050 416
1750060 416
1750070 417
1750080 418
1750090 419
1750100 419
1750110 420
1750120 421
1750130 422
1750140 423
1750150 424
1750160 425
1750170 426
1750180 427
1750190 428
1750200 429
1750210 430
1750220 432
1750230 433
1750240 434
1750250 436
1750260 437
1750270 438
1750280 440
1750290 441
1750300 442
1750310 443
1750320 444
1750330 445
1750340 446
1750350 446
1750360 447
1750370 448
1750380 449
1750390 450
1750400 452
1750410 453
1750420 454
1750430 455
1750440 456
1750450 456
1750460 456
1750470 456
1750480 456
1750490 456
1750500 456
1750510 456
1750520 456
1750530 455
1750540 455
1750550 455
1750560 455
1750570 455
1750580 455
1750590 454
1750600 454
1750610 455
1750620 455
1750630 455
1750640 455
1750650 454
1750660 454
1750670 454
1750680 454
1750690 454
1750700 453
1750710 453
1750720 453
1750730 452
1750740 452
1750750 452
1750760 452
1750770 451
1750780 451
1750790 451
1750800 451
1750810 452
1750820 452
1750830 452
1750840 453
1750850 453
1750860 453
1750870 453
1750880 453
1750890 453
1750900 453
1750910 453
1750920 453
1750930 453
1750940 452
1750950 453
1750960 453
1750970 453
1750980 453
1750990 453
1751000 453
1751010 454
1751020 454
1751030 454
1751040 454
1751050 454
1751060 454
1751070 454
1751080 453
1751090 453
1751100 453
1751110 453
1751120 452
1751130 452
1751140 452
1751150 452
1751160 452
1751170 452
1751180 451
1751190 451
1751200 451
1751210 450
1751220 450
1751230 449
1751240 449
1751250 448
1751260 448
1751270 447
1751280 447
1751290 447
1751300 446
1751310 446
1751320 446
1751330 445
1751340 445
1751350 444
1751360 444
1751370 443
1751380 443
1751390 442
1751400 442
1751410 442
1751420 441
1751430 441
1751440 441
1751450 440
1751460 440
1751470 439
1751480 439
1751490 439
1751500 438
1751510 438
1751520 437
1751530 437
1751540 437
1751550 436
1751560 436
1751570 435
1751580 435
1751590 434
1751600 434
1751610 434
1751620 433
1751630 433
1751640 432
1751650 432
1751660 431
1751670 431
1751680 431
1751690 430
1751700 430
1751710 429
1751720 429
1751730 428
1751740 428
1751750 427
1751760 427
1751770 426
1751780 426
1751790 425
1751800 425
1751810 424
1751820 424
