1751660 486
1751670 485
1751680 485
1751690 485
1751700 484
1751710 483
1751720 482
1751730 481
1751740 481
1751750 480
1751760 479
1751770 478
1751780 478
1751790 477
1751800 476
1751810 475
1751820 473
1751830 472
1751840 470
1751850 469
1751860 467
1751870 466
1751880 465
1751890 464
1751900 463
1751910 461
1751920 461
1751930 460
1751940 461
1751950 461
1751960 461
1751970 461
1751980 460
1751990 460
1752000 460
1752010 459
1752020 458
1752030 458
1752040 457
1752050 457
1752060 456
1752070 455
1752080 454
1752090 452
1752100 450
1752110 448
1752120 445
1752130 443
1752140 440
1752150 438
1752160 436
1752170 434
1752180 432
1752190 430
1752200 428
1752210 426
1752220 425
1752230 424
1752240 422
1752250 420
1752260 418
1752270 419
1752280 420
1752290 420
1752300 421
1752310 422
1752320 424
1752330 427
1752340 430
1752350 434
1752360 437
1752370 440
1752380 443
1752390 446
1752400 449
1752410 453
1752420 456
1752430 459
1752440 461
1752450 462
1752460 463
1752470 464
1752480 465
1752490 466
1752500 467
1752510 467
1752520 468
1752530 469
1752540 469
1752550 469
1752560 470
1752570 470
1752580 470
1752590 470
1752600 470
1752610 470
1752620 470
1752630 471
1752640 471
1752650 471
1752660 471
1752670 472
1752680 472
1752690 472
1752700 472
1752710 472
1752720 472
1752730 472
1752740 472
1752750 472
1752760 473
1752770 473
1752780 472
1752790 472
1752800 472
1752810 472
1752820 472
1752830 472
1752840 472
1752850 472
1752860 472
1752870 472
1752880 472
1752890 472
1752900 472
1752910 472
1752920 472
1752930 472
1752940 472
1752950 472
1752960 472
1752970 472
1752980 472
1752990 472
1753000 472
1753010 473
1753020 473
1753030 473
1753040 473
1753050 473
1753060 474
1753070 474
1753080 474
1753090 475
1753100 475
1753110 475
1753120 475
1753130 475
1753140 476
1753150 476
1753160 476
1753170 476
1753180 477
1753190 477
1753200 477
1753210 477
1753220 477
1753230 477
1753240 477
1753250 477
1753260 477
1753270 478
1753280 478
1753290 478
1753300 478
1753310 478
1753320 477
1753330 477
1753340 477
1753350 477
1753360 477
1753370 477
1753380 477
1753390 477
1753400 476
1753410 476
1753420 476
1753430 476
1753440 475
1753450 475
1753460 475
1753470 475
1753480 474
1753490 474
1753500 473
1753510 473
1753520 472
1753530 472
1753540 471
1753550 471
1753560 470
1753570 470
1753580 469
1753590 468
1753600 468
1753610 467
1753620 466
1753630 466
1753640 465
1753650 464
1753660 464
1753670 463
1753680 462
1753690 461
1753700 460
1753710 459
1753720 458
1753730 456
1753740 455
1753750 453
1753760 451
1753770 449
1753780 448
1753790 447
1753800 448
1753810 449
1753820 451
1753830 453
1753840 455
1753850 456
1753860 458
1753870 458
1753880 459
1753890 459
1753900 459
1753910 459
1753920 460
1753930 460
1753940 460
1753950 460
1753960 460
1753970 460
1753980 460
1753990 459
1754000 459
1754010 458
1754020 458
1754030 457
1754040 457
1754050 456
1754060 456
1754070 455
1754080 454
1754090 454
1754100 453
1754110 453
1754120 452
1754130 451
1754140 451
1754150 450
1754160 449
1754170 448
1754180 447
1754190 446
1754200 445
1754210 444
1754220 443
1754230 442
1754240 441
1754250 441
1754260 440
1754270 439
1754280 438
1754290 437
1754300 436
1754310 435
1754320 434
1754330 433
1754340 432
1754350 431
1754360 431
1754370 430
1754380 429
1754390 428
1754400 427
1754410 426
1754420 425
1754430 425
1754440 424
1754450 423
1754460 422
1754470 422
1754480 421
1754490 420
1754500 419
1754510 418
1754520 417
1754530 417
1754540 416
1754550 415
1754560 414
1754570 414
1754580 413
1754590 412
1754600 411
1754610 409
1754620 408
1754630 407
1754640 406
1754650 406
1754660 405
1754670 405
1754680 405
1754690 404
1754700 404
1754710 404
1754720 404
1754730 403
1754740 403
1754750 402
1754760 402
1754770 402
1754780 402
1754790 401
1754800 401
1754810 400
1754820 400
1754830 400
1754840 399
1754850 399
1754860 399
1754870 399
1754880 398
1754890 398
1754900 398
1754910 397
1754920 397
1754930 396
1754940 396
1754950 396
1754960 395
1754970 395
1754980 395
1754990 394
1755000 394
1755010 393
1755020 393
1755030 393
1755040 393
1755050 392
1755060 392
1755070 392
1755080 391
1755090 391
1755100 390
1755110 390
1755120 390
1755130 390
1755140 390
1755150 390
1755160 390
1755170 390
1755180 390
1755190 391
1755200 392
1755210 392
1755220 393
1755230 393
1755240 394
1755250 394
1755260 394
1755270 394
1755280 395
1755290 395
1755300 394
1755310 394
1755320 394
1755330 393
1755340 393
1755350 393
1755360 393
1755370 392
1755380 392
1755390 391
1755400 390
1755410 390
1755420 389
1755430 389
1755440 390
1755450 390
1755460 390
1755470 390
1755480 390
1755490 390
1755500 389
1755510 389
1755520 389
1755530 388
1755540 388
1755550 388
1755560 386
1755570 385
1755580 386
1755590 386
1755600 386
1755610 385
1755620 385
1755630 385
1755640 384
1755650 384
1755660 383
1755670 383
1755680 382
1755690 382
1755700 381
1755710 381
1755720 380
1755730 379
1755740 378
1755750 377
1755760 376
1755770 376
1755780 375
1755790 375
1755800 374
1755810 374
1755820 373
1755830 373
1755840 372
1755850 372
1755860 372
1755870 372
1755880 372
1755890 372
1755900 371
1755910 371
1755920 371
1755930 371
1755940 371
1755950 371
1755960 371
1755970 370
1755980 370
1755990 370
1756000 370
1756010 370
1756020 369
1756030 369
1756040 369
1756050 369
1756060 368
1756070 368
1756080 368
1756090 368
1756100 368
1756110 368
1756120 368
1756130 368
1756140 368
1756150 368
1756160 368
1756170 368
1756180 368
1756190 368
1756200 368
1756210 368
1756220 368
1756230 368
1756240 368
1756250 368
1756260 368
1756270 368
1756280 368
1756290 368
1756300 368
1756310 368
1756320 368
1756330 368
1756340 368
1756350 367
1756360 367
1756370 367
1756380 366
1756390 366
1756400 365
1756410 365
1756420 364
1756430 364
1756440 364
1756450 363
1756460 363
1756470 363
1756480 363
1756490 363
1756500 363
1756510 363
1756520 363
1756530 363
1756540 363
1756550 363
1756560 363
1756570 363
1756580 362
1756590 362
1756600 362
1756610 362
1756620 361
1756630 361
1756640 361
1756650 361
1756660 361
1756670 361
1756680 362
1756690 362
1756700 362
1756710 363
1756720 364
1756730 365
1756740 367
1756750 367
1756760 368
1756770 368
1756780 368
1756790 368
1756800 367
1756810 367
1756820 367
1756830 367
1756840 367
1756850 367
1756860 367
1756870 367
1756880 367
1756890 367
1756900 367
1756910 367
1756920 367
1756930 367
1756940 367
1756950 366
1756960 366
1756970 366
1756980 366
1756990 365
1757000 365
1757010 365
1757020 365
1757030 364
1757040 364
1757050 364
1757060 363
1757070 363
1757080 363
1757090 363
1757100 363
1757110 362
1757120 362
1757130 362
1757140 362
1757150 362
1757160 362
1757170 362
1757180 362
1757190 362
1757200 362
1757210 362
1757220 362
1757230 361
1757240 361
1757250 361
1757260 360
1757270 360
1757280 360
1757290 360
1757300 359
1757310 359
1757320 359
1757330 359
1757340 359
1757350 359
1757360 359
1757370 359
1757380 359
1757390 358
1757400 358
1757410 358
1757420 358
1757430 358
1757440 358
1757450 358
1757460 358
1757470 358
1757480 359
1757490 359
1757500 359
1757510 359
1757520 359
1757530 359
1757540 360
1757550 360
1757560 360
1757570 360
1757580 360
1757590 360
1757600 360
1757610 360
1757620 361
1757630 361
1757640 361
1757650 361
1757660 361
1757670 361
1757680 361
1757690 361
1757700 362
1757710 362
1757720 362
1757730 362
1757740 362
1757750 362
1757760 362
1757770 363
1757780 363
1757790 363
1757800 363
1757810 363
1757820 363
1757830 363
1757840 364
1757850 364
1757860 364
1757870 364
1757880 364
1757890 364
1757900 364
1757910 364
1757920 364
1757930 365
1757940 365
1757950 365
1757960 365
1757970 365
1757980 365
1757990 365
1758000 365
1758010 365
1758020 365
1758030 365
1758040 365
1758050 366
1758060 366
1758070 366
1758080 366
1758090 366
1758100 366
1758110 366
1758120 366
1758130 366
1758140 366
1758150 366
1758160 366
1758170 366
1758180 366
1758190 366
1758200 366
1758210 366
1758220 366
1758230 366
1758240 366
1758250 366
1758260 366
1758270 366
1758280 366
1758290 366
1758300 366
1758310 366
1758320 366
1758330 366
1758340 366
1758350 366
1758360 366
1758370 366
1758380 365
1758390 364
1758400 364
1758410 365
1758420 366
1758430 366
1758440 366
1758450 366
1758460 366
1758470 366
1758480 366
1758490 366
1758500 366
1758510 366
1758520 366
1758530 366
1758540 365
1758550 365
1758560 365
1758570 365
1758580 365
1758590 365
1758600 365
1758610 365
1758620 364
1758630 364
1758640 364
1758650 364
1758660 364
1758670 364
1758680 364
1758690 364
1758700 363
1758710 363
1758720 363
1758730 363
1758740 363
1758750 362
1758760 362
1758770 362
1758780 362
1758790 362
1758800 362
1758810 361
1758820 361
1758830 361
1758840 361
1758850 361
1758860 360
1758870 360
1758880 360
1758890 360
1758900 360
1758910 359
1758920 359
1758930 359
1758940 359
1758950 359
1758960 359
1758970 359
1758980 359
1758990 359
1759000 359
1759010 359
1759020 359
1759030 359
1759040 359
1759050 359
1759060 359
1759070 359
1759080 359
1759090 359
1759100 358
1759110 358
1759120 358
1759130 358
1759140 358
1759150 358
1759160 359
1759170 359
1759180 359
1759190 359
1759200 359
1759210 359
1759220 359
1759230 359
1759240 360
1759250 360
1759260 360
1759270 360
1759280 360
1759290 361
1759300 361
1759310 361
1759320 361
1759330 361
1759340 361
1759350 361
1759360 362
1759370 362
1759380 362
1759390 362
1759400 363
1759410 363
1759420 363
1759430 364
1759440 364
1759450 365
1759460 365
1759470 365
1759480 366
1759490 366
1759500 367
1759510 367
1759520 367
1759530 368
1759540 368
1759550 369
1759560 369
1759570 370
1759580 370
1759590 371
1759600 371
1759610 371
1759620 372
1759630 372
1759640 372
1759650 372
1759660 373
1759670 373
1759680 373
1759690 373
1759700 374
1759710 374
1759720 374
1759730 374
1759740 374
1759750 375
1759760 375
1759770 375
1759780 375
1759790 375
1759800 376
1759810 376
1759820 376
1759830 376
1759840 376
1759850 377
1759860 377
1759870 377
1759880 377
1759890 377
1759900 377
1759910 377
1759920 378
1759930 378
1759940 378
1759950 378
1759960 378
1759970 378
1759980 378
1759990 378
1740000 423
1740010 423
1740020 423
1740030 423
1740040 423
1740050 423
1740060 423
1740070 423
1740080 423
1740090 423
1740100 423
1740110 423
1740120 423
1740130 423
1740140 423
1740150 423
1740160 423
1740170 423
1740180 423
1740190 423
1740200 423
1740210 423
1740220 424
1740230 424
1740240 424
1740250 424
1740260 424
1740270 424
1740280 424
1740290 424
1740300 424
1740310 424
1740320 424
1740330 424
1740340 424
1740350 424
1740360 424
1740370 424
1740380 424
1740390 424
1740400 424
1740410 423
1740420 423
1740430 423
1740440 424
1740450 424
1740460 424
1740470 424
1740480 424
1740490 425
1740500 426
1740510 426
1740520 425
1740530 425
1740540 425
1740550 425
1740560 425
1740570 425
1740580 424
1740590 424
1740600 424
1740610 424
1740620 424
1740630 424
1740640 424
1740650 424
1740660 423
1740670 424
1740680 424
1740690 424
1740700 424
1740710 424
1740720 424
1740730 425
1740740 425
1740750 425
1740760 425
1740770 425
1740780 425
1740790 425
1740800 425
1740810 426
1740820 426
1740830 426
1740840 426
1740850 426
1740860 425
1740870 425
1740880 425
1740890 425
1740900 425
1740910 425
1740920 425
1740930 425
1740940 426
1740950 426
1740960 426
1740970 426
1740980 426
1740990 426
1741000 426
1741010 426
1741020 426
1741030 426
1741040 426
1741050 426
1741060 426
1741070 426
1741080 426
1741090 426
1741100 426
1741110 426
1741120 426
1741130 426
1741140 426
1741150 426
1741160 426
1741170 426
1741180 426
1741190 426
1741200 426
1741210 426
1741220 426
1741230 426
1741240 426
1741250 426
1741260 426
1741270 426
1741280 426
1741290 426
1741300 425
1741310 425
1741320 425
1741330 425
1741340 425
1741350 425
1741360 425
1741370 425
1741380 424
1741390 424
1741400 424
1741410 424
1741420 424
1741430 424
1741440 423
1741450 423
1741460 423
1741470 423
1741480 423
1741490 423
1741500 423
1741510 423
1741520 422
1741530 422
1741540 422
1741550 422
1741560 422
1741570 421
1741580 421
1741590 421
1741600 421
1741610 420
1741620 420
1741630 420
1741640 420
1741650 420
1741660 420
1741670 420
1741680 420
1741690 420
1741700 420
1741710 419
1741720 419
1741730 419
1741740 419
1741750 418
1741760 418
1741770 418
1741780 417
1741790 417
1741800 416
1741810 416
1741820 416
1741830 415
1741840 414
1741850 414
1741860 413
1741870 413
1741880 412
1741890 412
1741900 411
1741910 410
1741920 410
1741930 409
1741940 409
1741950 408
1741960 408
1741970 407
1741980 406
1741990 405
1742000 405
1742010 404
1742020 404
1742030 403
1742040 402
1742050 401
1742060 400
1742070 398
1742080 397
1742090 396
1742100 395
1742110 394
1742120 393
1742130 392
1742140 391
1742150 389
1742160 388
1742170 386
1742180 385
1742190 383
1742200 381
1742210 379
1742220 377
1742230 376
1742240 374
1742250 372
1742260 370
1742270 372
1742280 376
1742290 379
1742300 381
1742310 383
1742320 384
1742330 386
1742340 388
1742350 389
1742360 391
1742370 393
1742380 396
1742390 398
1742400 400
1742410 402
1742420 403
1742430 404
1742440 404
1742450 404
1742460 404
1742470 403
1742480 403
1742490 402
1742500 402
1742510 401
1742520 400
1742530 400
1742540 400
1742550 399
1742560 399
1742570 399
1742580 399
1742590 400
1742600 400
1742610 400
1742620 400
1742630 401
1742640 402
1742650 403
1742660 404
1742670 406
1742680 407
1742690 408
1742700 409
1742710 409
1742720 410
1742730 411
1742740 411
1742750 412
1742760 412
1742770 412
1742780 412
1742790 412
1742800 412
1742810 412
1742820 412
1742830 411
1742840 411
1742850 411
1742860 411
1742870 410
1742880 410
1742890 410
1742900 409
1742910 409
1742920 409
1742930 408
1742940 408
1742950 408
1742960 407
1742970 407
1742980 407
1742990 406
1743000 406
1743010 406
1743020 407
1743030 407
1743040 406
1743050 405
1743060 404
1743070 403
1743080 402
1743090 401
1743100 401
1743110 401
1743120 401
1743130 401
1743140 401
1743150 400
1743160 400
1743170 399
1743180 399
1743190 399
1743200 399
1743210 399
1743220 399
1743230 399
1743240 399
1743250 399
1743260 399
1743270 398
1743280 398
1743290 398
1743300 397
1743310 397
1743320 397
1743330 396
1743340 395
1743350 394
1743360 394
1743370 393
1743380 393
1743390 393
1743400 392
1743410 392
1743420 392
1743430 392
1743440 392
1743450 392
1743460 392
1743470 392
1743480 392
1743490 392
1743500 392
1743510 391
1743520 391
1743530 390
1743540 389
1743550 388
1743560 387
1743570 384
1743580 380
1743590 377
1743600 374
1743610 371
1743620 369
1743630 367
1743640 364
1743650 362
1743660 360
1743670 358
1743680 356
1743690 354
1743700 351
1743710 349
1743720 346
1743730 343
1743740 340
1743750 338
1743760 336
1743770 335
1743780 334
1743790 334
1743800 334
1743810 334
1743820 334
1743830 334
1743840 334
1743850 335
1743860 335
1743870 334
1743880 333
1743890 332
1743900 331
1743910 330
1743920 328
1743930 327
1743940 328
1743950 333
1743960 337
1743970 342
1743980 346
1743990 349
1744000 352
1744010 355
1744020 358
1744030 361
1744040 362
1744050 363
1744060 364
1744070 364
1744080 365
1744090 365
1744100 366
1744110 367
1744120 368
1744130 370
1744140 372
1744150 375
1744160 377
1744170 378
1744180 380
1744190 382
1744200 383
1744210 385
1744220 386
1744230 387
1744240 388
1744250 389
1744260 390
1744270 391
1744280 393
1744290 393
1744300 394
1744310 395
1744320 395
1744330 395
1744340 395
1744350 395
1744360 395
1744370 395
1744380 395
1744390 394
1744400 393
1744410 392
1744420 391
1744430 391
1744440 390
1744450 390
1744460 389
1744470 389
1744480 388
1744490 388
1744500 388
1744510 387
1744520 386
1744530 385
1744540 385
1744550 384
1744560 383
1744570 382
1744580 381
1744590 381
1744600 380
1744610 379
1744620 377
1744630 376
1744640 375
1744650 374
1744660 373
1744670 372
1744680 371
1744690 370
1744700 369
1744710 369
1744720 368
1744730 368
1744740 368
1744750 368
1744760 368
1744770 368
1744780 368
1744790 367
1744800 367
1744810 366
1744820 366
1744830 365
1744840 364
1744850 364
1744860 363
1744870 362
1744880 361
1744890 359
1744900 358
1744910 356
1744920 354
1744930 352
1744940 350
1744950 348
1744960 346
1744970 343
1744980 341
1744990 338
1745000 335
1745010 332
1745020 329
1745030 327
1745040 325
1745050 323
1745060 321
1745070 319
1745080 318
1745090 316
1745100 314
1745110 312
1745120 310
1745130 308
1745140 307
1745150 304
1745160 301
1745170 301
1745180 299
1745190 295
1745200 293
1745210 293
1745220 293
1745230 292
1745240 290
1745250 287
1745260 285
1745270 284
1745280 284
1745290 282
1745300 280
1745310 280
1745320 279
1745330 277
1745340 276
1745350 276
1745360 275
1745370 274
1745380 273
1745390 273
1745400 272
1745410 272
1745420 272
1745430 271
1745440 271
1745450 270
1745460 269
1745470 269
1745480 268
1745490 268
1745500 268
1745510 268
1745520 267
1745530 267
1745540 266
1745550 264
1745560 264
1745570 263
1745580 263
1745590 262
1745600 262
1745610 262
1745620 261
1745630 260
1745640 260
1745650 260
1745660 259
1745670 259
1745680 258
1745690 258
1745700 257
1745710 257
1745720 256
1745730 256
1745740 256
1745750 255
1745760 255
1745770 254
1745780 254
1745790 254
1745800 253
1745810 253
1745820 252
1745830 252
1745840 251
1745850 251
1745860 251
1745870 250
1745880 250
1745890 249
1745900 249
1745910 249
1745920 248
1745930 248
1745940 248
1745950 247
1745960 247
1745970 247
1745980 247
1745990 247
1746000 246
1746010 246
1746020 245
1746030 243
1746040 243
1746050 243
1746060 243
1746070 243
1746080 242
1746090 242
1746100 242
1746110 241
1746120 241
1746130 241
1746140 240
1746150 240
1746160 240
1746170 239
1746180 239
1746190 238
1746200 238
1746210 238
1746220 237
1746230 237
1746240 237
1746250 236
1746260 236
1746270 236
1746280 235
1746290 234
1746300 234
1746310 233
1746320 232
1746330 230
1746340 228
1746350 227
1746360 226
1746370 225
1746380 224
1746390 224
1746400 223
1746410 223
1746420 222
1746430 221
1746440 221
1746450 221
1746460 221
1746470 221
1746480 220
1746490 220
1746500 220
1746510 220
1746520 221
1746530 221
1746540 221
1746550 221
1746560 221
1746570 221
1746580 220
1746590 220
1746600 219
1746610 218
1746620 218
1746630 218
1746640 219
1746650 220
1746660 220
1746670 220
1746680 220
1746690 220
1746700 220
1746710 220
1746720 220
1746730 221
1746740 222
1746750 223
1746760 223
1746770 225
1746780 230
1746790 237
1746800 244
1746810 249
1746820 253
1746830 254
1746840 254
1746850 254
1746860 255
1746870 255
1746880 255
1746890 256
1746900 257
1746910 258
1746920 260
1746930 262
1746940 265
1746950 266
1746960 268
1746970 269
1746980 272
1746990 274
1747000 277
1747010 279
1747020 281
1747030 284
1747040 286
1747050 288
1747060 289
1747070 291
1747080 293
1747090 295
1747100 296
1747110 297
1747120 299
1747130 300
1747140 302
1747150 304
1747160 307
1747170 309
1747180 311
1747190 312
1747200 313
1747210 315
1747220 316
1747230 317
1747240 318
1747250 319
1747260 319
1747270 320
1747280 321
1747290 321
1747300 322
1747310 322
1747320 322
1747330 323
1747340 323
1747350 323
1747360 324
1747370 324
1747380 324
1747390 324
1747400 325
1747410 327
1747420 328
1747430 329
1747440 330
1747450 331
1747460 332
1747470 332
1747480 333
1747490 335
1747500 336
1747510 337
1747520 339
1747530 341
1747540 343
1747550 345
1747560 347
1747570 349
1747580 351
1747590 352
1747600 354
1747610 356
1747620 358
1747630 359
1747640 361
1747650 362
1747660 364
1747670 365
1747680 367
1747690 368
1747700 369
1747710 371
1747720 371
1747730 372
1747740 372
1747750 371
1747760 371
1747770 370
1747780 370
1747790 369
1747800 369
1747810 369
1747820 369
1747830 369
1747840 370
1747850 370
1747860 369
1747870 370
1747880 371
1747890 372
1747900 373
1747910 373
1747920 374
1747930 375
1747940 377
1747950 379
1747960 381
1747970 383
1747980 384
1747990 385
1748000 387
1748010 388
1748020 389
1748030 390
1748040 390
1748050 391
1748060 392
1748070 393
1748080 394
1748090 395
1748100 396
1748110 397
1748120 398
1748130 399
1748140 399
1748150 400
1748160 400
1748170 401
1748180 401
1748190 402
1748200 402
1748210 401
1748220 401
1748230 402
1748240 402
1748250 402
1748260 402
1748270 401
1748280 401
1748290 400
1748300 399
1748310 399
1748320 400
1748330 400
1748340 401
1748350 402
1748360 403
1748370 403
1748380 404
1748390 404
1748400 405
1748410 405
1748420 406
1748430 406
1748440 406
1748450 407
1748460 407
1748470 407
1748480 407
1748490 408
1748500 408
1748510 408
1748520 408
1748530 408
1748540 408
1748550 409
1748560 409
1748570 409
1748580 409
1748590 409
1748600 409
1748610 409
1748620 410
1748630 410
1748640 410
1748650 410
1748660 410
1748670 410
1748680 410
1748690 410
1748700 410
1748710 410
1748720 411
1748730 411
1748740 411
1748750 412
1748760 412
1748770 412
1748780 411
1748790 411
1748800 410
1748810 410
1748820 410
1748830 410
1748840 410
1748850 410
1748860 409
1748870 409
1748880 409
1748890 408
1748900 408
1748910 407
1748920 407
1748930 406
1748940 406
1748950 405
1748960 405
1748970 404
1748980 404
1748990 403
1749000 402
1749010 401
1749020 400
1749030 399
1749040 399
1749050 398
1749060 397
1749070 396
1749080 396
1749090 395
1749100 394
1749110 393
1749120 392
1749130 392
1749140 391
1749150 390
1749160 389
1749170 389
1749180 388
1749190 387
1749200 386
1749210 386
1749220 385
1749230 384
1749240 383
1749250 382
1749260 381
1749270 380
1749280 379
1749290 378
1749300 376
1749310 375
1749320 374
1749330 371
1749340 370
1749350 368
1749360 367
1749370 367
1749380 367
1749390 368
1749400 370
1749410 372
1749420 373
1749430 374
1749440 376
1749450 377
1749460 378
1749470 378
1749480 379
1749490 379
1749500 379
1749510 379
1749520 379
1749530 379
1749540 379
1749550 378
1749560 378
1749570 377
1749580 376
1749590 375
1749600 373
1749610 371
1749620 370
1749630 368
1749640 367
1749650 367
1749660 368
1749670 371
1749680 374
1749690 376
1749700 378
1749710 380
1749720 382
1749730 383
1749740 386
1749750 387
1749760 389
1749770 390
1749780 392
1749790 393
1749800 395
1749810 396
1749820 397
1749830 398
1749840 400
1749850 401
1749860 402
1749870 403
1749880 404
1749890 406
1749900 407
1749910 408
1749920 409
1749930 410
1749940 411
1749950 412
1749960 413
1749970 414
1749980 415
1749990 416
1750000 417
1750010 418
1750020 419
1750030 420
1750040 421
1750050 422
1750060 423
1750070 423
1750080 424
1750090 425
1750100 426
1750110 427
1750120 427
1750130 428
1750140 429
1750150 430
1750160 431
1750170 431
1750180 432
1750190 433
1750200 433
1750210 434
1750220 434
1750230 435
1750240 435
1750250 435
1750260 436
1750270 436
1750280 437
1750290 437
1750300 437
1750310 438
1750320 438
1750330 438
1750340 438
1750350 439
1750360 439
1750370 440
1750380 441
1750390 441
1750400 442
1750410 442
1750420 443
1750430 444
1750440 445
1750450 446
1750460 447
1750470 447
1750480 448
1750490 449
1750500 450
1750510 451
1750520 451
1750530 452
1750540 453
1750550 454
1750560 454
1750570 455
1750580 455
1750590 456
1750600 456
1750610 456
1750620 457
1750630 457
1750640 457
1750650 457
1750660 458
1750670 458
1750680 459
1750690 459
1750700 459
1750710 460
1750720 460
1750730 461
1750740 461
1750750 462
1750760 463
1750770 463
1750780 464
1750790 464
1750800 465
1750810 465
1750820 466
1750830 466
1750840 467
1750850 468
1750860 468
1750870 469
1750880 470
1750890 471
1750900 472
1750910 473
1750920 474
1750930 474
1750940 475
1750950 475
1750960 476
1750970 476
1750980 477
1750990 477
1751000 478
1751010 478
1751020 478
1751030 479
1751040 479
1751050 479
1751060 479
1751070 479
1751080 479
1751090 479
1751100 479
1751110 478
1751120 478
1751130 478
1751140 479
1751150 479
1751160 479
1751170 479
1751180 479
1751190 480
1751200 480
1751210 480
1751220 481
1751230 481
1751240 481
1751250 482
1751260 482
1751270 483
1751280 483
1751290 483
1751300 483
1751310 483
1751320 483
1751330 483
1751340 483
1751350 483
1751360 483
1751370 483
1751380 483
1751390 483
1751400 483
1751410 483
1751420 482
1751430 482
1751440 483
1751450 483
1751460 483
1751470 483
1751480 483
1751490 484
1751500 484
1751510 485
