1751610 495
1751620 496
1751630 497
1751640 498
1751650 498
1751660 499
1751670 499
1751680 500
1751690 500
1751700 500
1751710 500
1751720 500
1751730 500
1751740 500
1751750 501
1751760 501
1751770 501
1751780 500
1751790 500
1751800 500
1751810 499
1751820 499
1751830 498
1751840 498
1751850 497
1751860 497
1751870 497
1751880 496
1751890 496
1751900 495
1751910 494
1751920 493
1751930 493
1751940 492
1751950 491
1751960 491
1751970 490
1751980 490
1751990 489
1752000 489
1752010 488
1752020 487
1752030 487
1752040 486
1752050 485
1752060 484
1752070 483
1752080 483
1752090 482
1752100 481
1752110 480
1752120 480
1752130 479
1752140 479
1752150 478
1752160 477
1752170 476
1752180 475
1752190 474
1752200 472
1752210 471
1752220 469
1752230 467
1752240 465
1752250 464
1752260 462
1752270 461
1752280 460
1752290 459
1752300 459
1752310 459
1752320 459
1752330 459
1752340 459
1752350 459
1752360 459
1752370 458
1752380 457
1752390 455
1752400 453
1752410 452
1752420 450
1752430 449
1752440 448
1752450 450
1752460 452
1752470 454
1752480 457
1752490 460
1752500 464
1752510 468
1752520 471
1752530 474
1752540 475
1752550 476
1752560 477
1752570 478
1752580 478
1752590 479
1752600 480
1752610 480
1752620 481
1752630 481
1752640 481
1752650 481
1752660 482
1752670 482
1752680 482
1752690 483
1752700 483
1752710 484
1752720 484
1752730 485
1752740 485
1752750 486
1752760 486
1752770 486
1752780 487
1752790 487
1752800 487
1752810 488
1752820 488
1752830 488
1752840 488
1752850 488
1752860 488
1752870 488
1752880 489
1752890 489
1752900 490
1752910 490
1752920 491
1752930 491
1752940 491
1752950 492
1752960 492
1752970 492
1752980 493
1752990 493
1753000 494
1753010 494
1753020 495
1753030 496
1753040 496
1753050 497
1753060 498
1753070 499
1753080 500
1753090 500
1753100 501
1753110 502
1753120 503
1753130 504
1753140 505
1753150 506
1753160 507
1753170 507
1753180 508
1753190 509
1753200 510
1753210 510
1753220 511
1753230 511
1753240 511
1753250 511
1753260 512
1753270 512
1753280 512
1753290 512
1753300 512
1753310 512
1753320 512
1753330 512
1753340 512
1753350 512
1753360 511
1753370 511
1753380 511
1753390 511
1753400 511
1753410 511
1753420 510
1753430 510
1753440 510
1753450 509
1753460 509
1753470 509
1753480 508
1753490 508
1753500 507
1753510 507
1753520 506
1753530 506
1753540 505
1753550 505
1753560 504
1753570 504
1753580 503
1753590 503
1753600 502
1753610 501
1753620 501
1753630 500
1753640 500
1753650 499
1753660 499
1753670 498
1753680 498
1753690 497
1753700 497
1753710 496
1753720 495
1753730 495
1753740 494
1753750 494
1753760 493
1753770 492
1753780 492
1753790 491
1753800 490
1753810 490
1753820 489
1753830 488
1753840 488
1753850 487
1753860 486
1753870 486
1753880 485
1753890 484
1753900 483
1753910 483
1753920 482
1753930 481
1753940 480
1753950 480
1753960 479
1753970 478
1753980 477
1753990 477
1754000 476
1754010 475
1754020 474
1754030 473
1754040 472
1754050 471
1754060 470
1754070 469
1754080 468
1754090 467
1754100 466
1754110 465
1754120 464
1754130 462
1754140 461
1754150 460
1754160 459
1754170 458
1754180 457
1754190 456
1754200 455
1754210 454
1754220 453
1754230 452
1754240 452
1754250 452
1754260 451
1754270 451
1754280 450
1754290 450
1754300 449
1754310 448
1754320 448
1754330 447
1754340 446
1754350 444
1754360 443
1754370 442
1754380 440
1754390 439
1754400 438
1754410 437
1754420 436
1754430 434
1754440 433
1754450 432
1754460 431
1754470 430
1754480 430
1754490 429
1754500 428
1754510 427
1754520 427
1754530 425
1754540 424
1754550 423
1754560 422
1754570 420
1754580 419
1754590 418
1754600 416
1754610 415
1754620 415
1754630 414
1754640 414
1754650 413
1754660 413
1754670 412
1754680 412
1754690 411
1754700 411
1754710 410
1754720 409
1754730 409
1754740 408
1754750 408
1754760 407
1754770 407
1754780 407
1754790 407
1754800 407
1754810 407
1754820 407
1754830 408
1754840 408
1754850 409
1754860 410
1754870 410
1754880 411
1754890 411
1754900 411
1754910 411
1754920 411
1754930 411
1754940 410
1754950 409
1754960 409
1754970 409
1754980 408
1754990 408
1755000 406
1755010 405
1755020 404
1755030 406
1755040 407
1755050 407
1755060 407
1755070 407
1755080 407
1755090 407
1755100 406
1755110 406
1755120 406
1755130 406
1755140 406
1755150 406
1755160 406
1755170 406
1755180 406
1755190 405
1755200 405
1755210 405
1755220 405
1755230 405
1755240 404
1755250 404
1755260 403
1755270 402
1755280 401
1755290 400
1755300 399
1755310 399
1755320 398
1755330 397
1755340 396
1755350 395
1755360 394
1755370 393
1755380 394
1755390 395
1755400 396
1755410 396
1755420 396
1755430 396
1755440 397
1755450 397
1755460 398
1755470 398
1755480 398
1755490 398
1755500 398
1755510 398
1755520 399
1755530 399
1755540 400
1755550 400
1755560 400
1755570 400
1755580 400
1755590 401
1755600 401
1755610 401
1755620 401
1755630 401
1755640 400
1755650 400
1755660 400
1755670 400
1755680 400
1755690 400
1755700 400
1755710 400
1755720 400
1755730 400
1755740 400
1755750 401
1755760 401
1755770 401
1755780 400
1755790 400
1755800 400
1755810 400
1755820 400
1755830 400
1755840 399
1755850 399
1755860 399
1755870 399
1755880 399
1755890 398
1755900 398
1755910 398
1755920 398
1755930 398
1755940 397
1755950 397
1755960 397
1755970 397
1755980 396
1755990 396
1756000 396
1756010 396
1756020 395
1756030 395
1756040 395
1756050 395
1756060 395
1756070 394
1756080 394
1756090 394
1756100 394
1756110 393
1756120 393
1756130 393
1756140 393
1756150 392
1756160 392
1756170 392
1756180 391
1756190 391
1756200 391
1756210 391
1756220 390
1756230 390
1756240 389
1756250 389
1756260 388
1756270 388
1756280 388
1756290 387
1756300 386
1756310 386
1756320 385
1756330 385
1756340 384
1756350 384
1756360 383
1756370 383
1756380 382
1756390 382
1756400 381
1756410 381
1756420 380
1756430 380
1756440 380
1756450 379
1756460 379
1756470 379
1756480 378
1756490 378
1756500 377
1756510 376
1756520 376
1756530 375
1756540 376
1756550 376
1756560 376
1756570 376
1756580 376
1756590 376
1756600 376
1756610 376
1756620 376
1756630 376
1756640 376
1756650 375
1756660 375
1756670 376
1756680 376
1756690 376
1756700 376
1756710 376
1756720 376
1756730 376
1756740 376
1756750 376
1756760 376
1756770 376
1756780 376
1756790 376
1756800 377
1756810 377
1756820 377
1756830 377
1756840 377
1756850 377
1756860 377
1756870 378
1756880 378
1756890 378
1756900 378
1756910 378
1756920 378
1756930 378
1756940 378
1756950 378
1756960 378
1756970 378
1756980 378
1756990 378
1757000 379
1757010 379
1757020 379
1757030 379
1757040 379
1757050 379
1757060 379
1757070 379
1757080 379
1757090 379
1757100 379
1757110 379
1757120 379
1757130 379
1757140 379
1757150 379
1757160 379
1757170 379
1757180 379
1757190 379
1757200 379
1757210 379
1757220 379
1757230 379
1757240 379
1757250 378
1757260 378
1757270 378
1757280 378
1757290 378
1757300 378
1757310 377
1757320 377
1757330 377
1757340 377
1757350 376
1757360 376
1757370 376
1757380 376
1757390 375
1757400 375
1757410 375
1757420 375
1757430 375
1757440 374
1757450 374
1757460 374
1757470 373
1757480 373
1757490 373
1757500 373
1757510 372
1757520 372
1757530 372
1757540 372
1757550 371
1757560 371
1757570 371
1757580 371
1757590 371
1757600 370
1757610 370
1757620 370
1757630 370
1757640 370
1757650 370
1757660 369
1757670 369
1757680 369
1757690 369
1757700 369
1757710 369
1757720 369
1757730 369
1757740 368
1757750 368
1757760 368
1757770 368
1757780 368
1757790 368
1757800 368
1757810 367
1757820 367
1757830 367
1757840 367
1757850 367
1757860 367
1757870 367
1757880 367
1757890 367
1757900 366
1757910 366
1757920 366
1757930 366
1757940 366
1757950 366
1757960 366
1757970 366
1757980 365
1757990 365
1758000 365
1758010 365
1758020 365
1758030 365
1758040 365
1758050 365
1758060 365
1758070 365
1758080 365
1758090 364
1758100 364
1758110 364
1758120 364
1758130 364
1758140 364
1758150 364
1758160 364
1758170 364
1758180 364
1758190 364
1758200 364
1758210 364
1758220 364
1758230 364
1758240 363
1758250 363
1758260 363
1758270 363
1758280 363
1758290 363
1758300 363
1758310 363
1758320 363
1758330 363
1758340 363
1758350 363
1758360 363
1758370 363
1758380 363
1758390 363
1758400 363
1758410 363
1758420 363
1758430 363
1758440 363
1758450 363
1758460 363
1758470 363
1758480 363
1758490 364
1758500 364
1758510 364
1758520 364
1758530 364
1758540 364
1758550 364
1758560 364
1758570 364
1758580 364
1758590 364
1758600 364
1758610 364
1758620 364
1758630 364
1758640 364
1758650 364
1758660 364
1758670 363
1758680 363
1758690 363
1758700 363
1758710 363
1758720 363
1758730 363
1758740 363
1758750 363
1758760 363
1758770 363
1758780 363
1758790 363
1758800 363
1758810 363
1758820 363
1758830 363
1758840 363
1758850 363
1758860 363
1758870 363
1758880 363
1758890 363
1758900 363
1758910 363
1758920 363
1758930 363
1758940 363
1758950 363
1758960 363
1758970 363
1758980 363
1758990 363
1759000 363
1759010 363
1759020 363
1759030 363
1759040 363
1759050 363
1759060 362
1759070 362
1759080 362
1759090 362
1759100 362
1759110 362
1759120 362
1759130 362
1759140 362
1759150 362
1759160 362
1759170 362
1759180 362
1759190 362
1759200 362
1759210 362
1759220 362
1759230 362
1759240 362
1759250 362
1759260 362
1759270 362
1759280 362
1759290 362
1759300 362
1759310 362
1759320 362
1759330 362
1759340 363
1759350 363
1759360 363
1759370 363
1759380 363
1759390 363
1759400 363
1759410 363
1759420 363
1759430 363
1759440 363
1759450 363
1759460 364
1759470 364
1759480 364
1759490 364
1759500 364
1759510 364
1759520 364
1759530 364
1759540 364
1759550 365
1759560 365
1759570 365
1759580 365
1759590 365
1759600 366
1759610 366
1759620 366
1759630 366
1759640 365
1759650 365
1759660 365
1759670 365
1759680 365
1759690 365
1759700 365
1759710 365
1759720 365
1759730 365
1759740 365
1759750 365
1759760 365
1759770 366
1759780 366
1759790 366
1759800 366
1759810 366
1759820 366
1759830 366
1759840 366
1759850 366
1759860 366
1759870 365
1759880 365
1759890 365
1759900 364
1759910 364
1759920 363
1759930 362
1759940 362
1759950 361
1759960 361
1759970 360
1759980 359
1759990 359
1740000 421
1740010 421
1740020 421
1740030 421
1740040 421
1740050 422
1740060 422
1740070 422
1740080 422
1740090 423
1740100 423
1740110 424
1740120 424
1740130 425
1740140 425
1740150 426
1740160 426
1740170 426
1740180 427
1740190 427
1740200 427
1740210 427
1740220 428
1740230 428
1740240 428
1740250 428
1740260 428
1740270 428
1740280 429
1740290 429
1740300 429
1740310 429
1740320 429
1740330 429
1740340 429
1740350 429
1740360 429
1740370 428
1740380 428
1740390 428
1740400 428
1740410 428
1740420 428
1740430 428
1740440 428
1740450 428
1740460 428
1740470 429
1740480 429
1740490 430
1740500 430
1740510 430
1740520 430
1740530 429
1740540 429
1740550 429
1740560 429
1740570 428
1740580 427
1740590 427
1740600 426
1740610 425
1740620 425
1740630 424
1740640 423
1740650 422
1740660 421
1740670 421
1740680 420
1740690 419
1740700 418
1740710 417
1740720 416
1740730 415
1740740 415
1740750 414
1740760 414
1740770 413
1740780 413
1740790 412
1740800 411
1740810 410
1740820 409
1740830 407
1740840 405
1740850 403
1740860 401
1740870 399
1740880 397
1740890 396
1740900 394
1740910 392
1740920 389
1740930 387
1740940 385
1740950 383
1740960 381
1740970 380
1740980 380
1740990 381
1741000 381
1741010 382
1741020 382
1741030 383
1741040 384
1741050 385
1741060 386
1741070 387
1741080 388
1741090 389
1741100 390
1741110 392
1741120 393
1741130 394
1741140 395
1741150 396
1741160 397
1741170 398
1741180 399
1741190 398
1741200 397
1741210 395
1741220 392
1741230 389
1741240 385
1741250 382
1741260 378
1741270 374
1741280 371
1741290 367
1741300 364
1741310 361
1741320 358
1741330 355
1741340 352
1741350 350
1741360 347
1741370 345
1741380 343
1741390 341
1741400 338
1741410 336
1741420 333
1741430 330
1741440 327
1741450 326
1741460 328
1741470 330
1741480 331
1741490 331
1741500 332
1741510 333
1741520 335
1741530 337
1741540 339
1741550 340
1741560 342
1741570 344
1741580 346
1741590 349
1741600 351
1741610 353
1741620 355
1741630 357
1741640 360
1741650 362
1741660 363
1741670 365
1741680 365
1741690 365
1741700 366
1741710 366
1741720 366
1741730 367
1741740 367
1741750 366
1741760 365
1741770 364
1741780 363
1741790 362
1741800 361
1741810 360
1741820 360
1741830 359
1741840 358
1741850 357
1741860 356
1741870 356
1741880 355
1741890 354
1741900 353
1741910 352
1741920 351
1741930 349
1741940 348
1741950 346
1741960 345
1741970 343
1741980 341
1741990 340
1742000 338
1742010 336
1742020 334
1742030 332
1742040 330
1742050 328
1742060 326
1742070 324
1742080 323
1742090 321
1742100 319
1742110 317
1742120 314
1742130 311
1742140 307
1742150 303
1742160 300
1742170 298
1742180 299
1742190 300
1742200 300
1742210 300
1742220 299
1742230 299
1742240 299
1742250 299
1742260 299
1742270 299
1742280 299
1742290 298
1742300 298
1742310 297
1742320 296
1742330 295
1742340 294
1742350 292
1742360 291
1742370 290
1742380 289
1742390 288
1742400 287
1742410 286
1742420 284
1742430 283
1742440 281
1742450 280
1742460 278
1742470 277
1742480 275
1742490 273
1742500 271
1742510 270
1742520 268
1742530 267
1742540 266
1742550 266
1742560 265
1742570 265
1742580 265
1742590 266
1742600 265
1742610 265
1742620 265
1742630 265
1742640 264
1742650 264
1742660 265
1742670 266
1742680 267
1742690 267
1742700 267
1742710 268
1742720 268
1742730 268
1742740 268
1742750 268
1742760 267
1742770 267
1742780 267
1742790 266
1742800 266
1742810 265
1742820 265
1742830 264
1742840 264
1742850 264
1742860 265
1742870 265
1742880 266
1742890 267
1742900 269
1742910 271
1742920 273
1742930 274
1742940 275
1742950 276
1742960 277
1742970 278
1742980 279
1742990 279
1743000 279
1743010 279
1743020 280
1743030 280
1743040 281
1743050 281
1743060 281
1743070 281
1743080 281
1743090 280
1743100 278
1743110 276
1743120 275
1743130 275
1743140 276
1743150 278
1743160 279
1743170 280
1743180 281
1743190 281
1743200 281
1743210 280
1743220 279
1743230 279
1743240 278
1743250 277
1743260 276
1743270 275
1743280 274
1743290 272
1743300 270
1743310 267
1743320 264
1743330 262
1743340 260
1743350 259
1743360 258
1743370 257
1743380 257
1743390 257
1743400 256
1743410 256
1743420 256
1743430 256
1743440 255
1743450 255
1743460 255
1743470 255
1743480 255
1743490 255
1743500 255
1743510 256
1743520 256
1743530 256
1743540 256
1743550 256
1743560 256
1743570 256
1743580 255
1743590 255
1743600 255
1743610 255
1743620 255
1743630 255
1743640 254
1743650 254
1743660 254
1743670 254
1743680 254
1743690 253
1743700 253
1743710 253
1743720 253
1743730 253
1743740 252
1743750 252
1743760 252
1743770 252
1743780 251
1743790 251
1743800 251
1743810 251
1743820 251
1743830 251
1743840 251
1743850 251
1743860 250
1743870 250
1743880 250
1743890 250
1743900 250
1743910 250
1743920 250
1743930 250
1743940 250
1743950 250
1743960 250
1743970 250
1743980 250
1743990 250
1744000 250
1744010 250
1744020 252
1744030 256
1744040 260
1744050 264
1744060 267
1744070 269
1744080 267
1744090 265
1744100 263
1744110 260
1744120 258
1744130 256
1744140 255
1744150 255
1744160 255
1744170 255
1744180 255
1744190 255
1744200 255
1744210 255
1744220 256
1744230 256
1744240 255
1744250 255
1744260 254
1744270 253
1744280 252
1744290 252
1744300 251
1744310 250
1744320 249
1744330 249
1744340 248
1744350 247
1744360 246
1744370 245
1744380 245
1744390 244
1744400 244
1744410 243
1744420 243
1744430 243
1744440 243
1744450 243
1744460 242
1744470 242
1744480 242
1744490 242
1744500 242
1744510 242
1744520 242
1744530 242
1744540 242
1744550 242
1744560 242
1744570 241
1744580 241
1744590 241
1744600 241
1744610 241
1744620 241
1744630 241
1744640 241
1744650 242
1744660 242
1744670 243
1744680 245
1744690 246
1744700 248
1744710 249
1744720 250
1744730 251
1744740 251
1744750 251
1744760 251
1744770 252
1744780 252
1744790 252
1744800 252
1744810 252
1744820 252
1744830 251
1744840 251
1744850 251
1744860 250
1744870 248
1744880 246
1744890 247
1744900 249
1744910 251
1744920 252
1744930 252
1744940 252
1744950 252
1744960 252
1744970 252
1744980 252
1744990 252
1745000 253
1745010 253
1745020 252
1745030 252
1745040 252
1745050 251
1745060 251
1745070 251
1745080 250
1745090 250
1745100 249
1745110 248
1745120 248
1745130 247
1745140 247
1745150 247
1745160 247
1745170 246
1745180 247
1745190 247
1745200 247
1745210 247
1745220 247
1745230 247
1745240 247
1745250 247
1745260 246
1745270 245
1745280 245
1745290 244
1745300 245
1745310 245
1745320 245
1745330 245
1745340 246
1745350 246
1745360 246
1745370 246
1745380 246
1745390 246
1745400 246
1745410 247
1745420 247
1745430 248
1745440 247
1745450 247
1745460 247
1745470 247
1745480 247
1745490 247
1745500 248
1745510 248
1745520 248
1745530 248
1745540 249
1745550 249
1745560 249
1745570 249
1745580 248
1745590 248
1745600 248
1745610 248
1745620 249
1745630 250
1745640 250
1745650 251
1745660 251
1745670 251
1745680 251
1745690 252
1745700 253
1745710 254
1745720 255
1745730 255
1745740 256
1745750 257
1745760 258
1745770 258
1745780 259
1745790 259
1745800 259
1745810 259
1745820 259
1745830 259
1745840 259
1745850 259
1745860 260
1745870 260
1745880 260
1745890 260
1745900 260
1745910 260
1745920 260
1745930 261
1745940 261
1745950 261
1745960 261
1745970 261
1745980 261
1745990 261
1746000 261
1746010 261
1746020 260
1746030 257
1746040 257
1746050 259
1746060 262
1746070 262
1746080 262
1746090 262
1746100 263
1746110 263
1746120 263
1746130 263
1746140 263
1746150 262
1746160 262
1746170 262
1746180 262
1746190 262
1746200 262
1746210 262
1746220 261
1746230 261
1746240 261
1746250 261
1746260 261
1746270 261
1746280 260
1746290 260
1746300 260
1746310 259
1746320 259
1746330 259
1746340 259
1746350 258
1746360 258
1746370 258
1746380 258
1746390 258
1746400 257
1746410 256
1746420 255
1746430 255
1746440 254
1746450 254
1746460 254
1746470 253
1746480 251
1746490 248
1746500 246
1746510 246
1746520 245
1746530 242
1746540 237
1746550 229
1746560 222
1746570 219
1746580 219
1746590 219
1746600 220
1746610 220
1746620 220
1746630 221
1746640 221
1746650 221
1746660 221
1746670 221
1746680 220
1746690 220
1746700 221
1746710 221
1746720 221
1746730 221
1746740 221
1746750 222
1746760 222
1746770 222
1746780 222
1746790 221
1746800 221
1746810 221
1746820 221
1746830 221
1746840 221
1746850 221
1746860 221
1746870 222
1746880 224
1746890 228
1746900 229
1746910 232
1746920 236
1746930 239
1746940 242
1746950 244
1746960 245
1746970 247
1746980 251
1746990 252
1747000 254
1747010 255
1747020 257
1747030 259
1747040 259
1747050 261
1747060 264
1747070 265
1747080 266
1747090 267
1747100 270
1747110 272
1747120 274
1747130 276
1747140 277
1747150 278
1747160 279
1747170 281
1747180 283
1747190 284
1747200 286
1747210 288
1747220 289
1747230 291
1747240 292
1747250 294
1747260 295
1747270 297
1747280 298
1747290 300
1747300 302
1747310 303
1747320 305
1747330 306
1747340 307
1747350 308
1747360 308
1747370 309
1747380 309
1747390 310
1747400 310
1747410 310
1747420 311
1747430 311
1747440 312
1747450 312
1747460 313
1747470 313
1747480 313
1747490 314
1747500 314
1747510 315
1747520 315
1747530 316
1747540 316
1747550 316
1747560 317
1747570 317
1747580 318
1747590 318
1747600 319
1747610 319
1747620 320
1747630 320
1747640 321
1747650 322
1747660 322
1747670 323
1747680 323
1747690 323
1747700 324
1747710 325
1747720 325
1747730 326
1747740 327
1747750 327
1747760 328
1747770 329
1747780 330
1747790 331
1747800 331
1747810 332
1747820 333
1747830 333
1747840 334
1747850 334
1747860 335
1747870 335
1747880 336
1747890 336
1747900 337
1747910 337
1747920 337
1747930 338
1747940 338
1747950 339
1747960 340
1747970 341
1747980 342
1747990 343
1748000 344
1748010 345
1748020 346
1748030 346
1748040 347
1748050 348
1748060 349
1748070 350
1748080 351
1748090 351
1748100 352
1748110 353
1748120 353
1748130 354
1748140 355
1748150 356
1748160 356
1748170 357
1748180 357
1748190 357
1748200 357
1748210 358
1748220 359
1748230 359
1748240 359
1748250 359
1748260 359
1748270 356
1748280 355
1748290 357
1748300 359
1748310 360
1748320 360
1748330 361
1748340 361
1748350 362
1748360 363
1748370 364
1748380 365
1748390 366
1748400 367
1748410 368
1748420 370
1748430 371
1748440 372
1748450 374
1748460 375
1748470 377
1748480 379
1748490 380
1748500 382
1748510 384
1748520 386
1748530 388
1748540 390
1748550 392
1748560 393
1748570 394
1748580 394
1748590 395
1748600 395
1748610 396
1748620 396
1748630 397
1748640 397
1748650 398
1748660 398
1748670 399
1748680 399
1748690 399
1748700 399
1748710 399
1748720 399
1748730 400
1748740 400
1748750 400
1748760 400
1748770 400
1748780 401
1748790 401
1748800 401
1748810 401
1748820 401
1748830 401
1748840 401
1748850 401
1748860 401
1748870 401
1748880 401
1748890 401
1748900 401
1748910 401
1748920 401
1748930 401
1748940 400
1748950 400
1748960 400
1748970 400
1748980 399
1748990 398
1749000 398
1749010 397
1749020 396
1749030 395
1749040 394
1749050 393
1749060 392
1749070 391
1749080 389
1749090 388
1749100 387
1749110 386
1749120 387
1749130 387
1749140 387
1749150 387
1749160 387
1749170 387
1749180 387
1749190 387
1749200 386
1749210 385
1749220 383
1749230 380
1749240 377
1749250 375
1749260 372
1749270 370
1749280 368
1749290 366
1749300 366
1749310 365
1749320 364
1749330 362
1749340 360
1749350 358
1749360 355
1749370 353
1749380 350
1749390 347
1749400 343
1749410 340
1749420 337
1749430 334
1749440 332
1749450 331
1749460 331
1749470 332
1749480 334
1749490 336
1749500 339
1749510 341
1749520 343
1749530 345
1749540 347
1749550 348
1749560 349
1749570 350
1749580 350
1749590 351
1749600 352
1749610 353
1749620 354
1749630 354
1749640 355
1749650 357
1749660 358
1749670 359
1749680 360
1749690 361
1749700 362
1749710 364
1749720 365
1749730 367
1749740 368
1749750 369
1749760 371
1749770 372
1749780 373
1749790 375
1749800 376
1749810 377
1749820 379
1749830 380
1749840 381
1749850 382
1749860 383
1749870 384
1749880 385
1749890 386
1749900 386
1749910 387
1749920 387
1749930 387
1749940 387
1749950 387
1749960 387
1749970 386
1749980 385
1749990 383
1750000 380
1750010 378
1750020 376
1750030 375
1750040 374
1750050 374
1750060 374
1750070 376
1750080 378
1750090 381
1750100 384
1750110 387
1750120 390
1750130 391
1750140 391
1750150 391
1750160 391
1750170 391
1750180 391
1750190 390
1750200 390
1750210 390
1750220 390
1750230 390
1750240 390
1750250 391
1750260 391
1750270 391
1750280 391
1750290 391
1750300 392
1750310 393
1750320 393
1750330 394
1750340 395
1750350 396
1750360 397
1750370 398
1750380 399
1750390 399
1750400 399
1750410 400
1750420 400
1750430 400
1750440 401
1750450 401
1750460 401
1750470 401
1750480 402
1750490 402
1750500 402
1750510 402
1750520 402
1750530 402
1750540 402
1750550 402
1750560 402
1750570 403
1750580 403
1750590 403
1750600 403
1750610 403
1750620 403
1750630 403
1750640 403
1750650 402
1750660 402
1750670 402
1750680 402
1750690 403
1750700 404
1750710 406
1750720 409
1750730 411
1750740 414
1750750 417
1750760 420
1750770 422
1750780 425
1750790 427
1750800 429
1750810 431
1750820 433
1750830 435
1750840 437
1750850 439
1750860 440
1750870 442
1750880 443
1750890 444
1750900 445
1750910 446
1750920 447
1750930 448
1750940 448
1750950 449
1750960 449
1750970 450
1750980 450
1750990 450
1751000 450
1751010 451
1751020 451
1751030 451
1751040 451
1751050 451
1751060 451
1751070 451
1751080 451
1751090 451
1751100 451
1751110 451
1751120 451
1751130 450
1751140 450
1751150 450
1751160 451
1751170 451
1751180 451
1751190 452
1751200 453
1751210 453
1751220 454
1751230 455
1751240 455
1751250 456
1751260 457
1751270 457
1751280 458
1751290 459
1751300 460
1751310 461
1751320 461
1751330 462
1751340 463
1751350 464
1751360 464
1751370 465
1751380 466
1751390 467
1751400 467
1751410 468
1751420 469
1751430 470
1751440 471
1751450 472
1751460 474
1751470 476
1751480 477
1751490 479
1751500 480
