1751640 485
1751650 485
1751660 486
1751670 486
1751680 486
1751690 486
1751700 486
1751710 486
1751720 486
1751730 485
1751740 485
1751750 485
1751760 485
1751770 484
1751780 484
1751790 484
1751800 484
1751810 483
1751820 483
1751830 483
1751840 483
1751850 482
1751860 482
1751870 482
1751880 482
1751890 481
1751900 481
1751910 481
1751920 480
1751930 480
1751940 480
1751950 480
1751960 479
1751970 479
1751980 479
1751990 478
1752000 478
1752010 478
1752020 478
1752030 477
1752040 477
1752050 477
1752060 476
1752070 476
1752080 475
1752090 475
1752100 474
1752110 474
1752120 473
1752130 473
1752140 472
1752150 472
1752160 472
1752170 471
1752180 471
1752190 470
1752200 470
1752210 469
1752220 469
1752230 468
1752240 467
1752250 466
1752260 466
1752270 465
1752280 464
1752290 463
1752300 462
1752310 461
1752320 460
1752330 459
1752340 457
1752350 456
1752360 454
1752370 452
1752380 453
1752390 453
1752400 454
1752410 454
1752420 455
1752430 457
1752440 460
1752450 464
1752460 467
1752470 470
1752480 474
1752490 477
1752500 479
1752510 481
1752520 483
1752530 485
1752540 487
1752550 489
1752560 491
1752570 493
1752580 494
1752590 495
1752600 496
1752610 498
1752620 499
1752630 500
1752640 500
1752650 501
1752660 502
1752670 503
1752680 503
1752690 503
1752700 504
1752710 504
1752720 504
1752730 505
1752740 505
1752750 506
1752760 506
1752770 506
1752780 506
1752790 506
1752800 507
1752810 507
1752820 507
1752830 507
1752840 507
1752850 507
1752860 507
1752870 508
1752880 508
1752890 508
1752900 509
1752910 509
1752920 509
1752930 510
1752940 510
1752950 511
1752960 511
1752970 512
1752980 512
1752990 513
1753000 514
1753010 514
1753020 514
1753030 515
1753040 515
1753050 516
1753060 517
1753070 517
1753080 517
1753090 518
1753100 518
1753110 518
1753120 519
1753130 519
1753140 520
1753150 520
1753160 520
1753170 520
1753180 520
1753190 520
1753200 520
1753210 520
1753220 520
1753230 520
1753240 520
1753250 520
1753260 520
1753270 520
1753280 520
1753290 519
1753300 519
1753310 519
1753320 518
1753330 518
1753340 518
1753350 517
1753360 517
1753370 516
1753380 516
1753390 515
1753400 515
1753410 514
1753420 514
1753430 513
1753440 512
1753450 512
1753460 511
1753470 510
1753480 510
1753490 509
1753500 508
1753510 507
1753520 507
1753530 506
1753540 505
1753550 504
1753560 504
1753570 503
1753580 502
1753590 501
1753600 500
1753610 500
1753620 499
1753630 498
1753640 497
1753650 497
1753660 496
1753670 496
1753680 495
1753690 494
1753700 494
1753710 493
1753720 493
1753730 492
1753740 492
1753750 491
1753760 491
1753770 490
1753780 490
1753790 489
1753800 489
1753810 488
1753820 488
1753830 487
1753840 486
1753850 486
1753860 485
1753870 484
1753880 484
1753890 483
1753900 482
1753910 481
1753920 481
1753930 480
1753940 479
1753950 479
1753960 478
1753970 477
1753980 477
1753990 476
1754000 475
1754010 474
1754020 473
1754030 472
1754040 472
1754050 471
1754060 470
1754070 470
1754080 469
1754090 468
1754100 468
1754110 467
1754120 467
1754130 466
1754140 465
1754150 464
1754160 464
1754170 463
1754180 462
1754190 461
1754200 460
1754210 459
1754220 458
1754230 457
1754240 456
1754250 455
1754260 454
1754270 453
1754280 452
1754290 451
1754300 449
1754310 448
1754320 447
1754330 446
1754340 444
1754350 442
1754360 441
1754370 439
1754380 438
1754390 436
1754400 435
1754410 434
1754420 433
1754430 431
1754440 430
1754450 429
1754460 428
1754470 426
1754480 425
1754490 423
1754500 421
1754510 420
1754520 419
1754530 418
1754540 417
1754550 417
1754560 417
1754570 418
1754580 418
1754590 418
1754600 419
1754610 420
1754620 420
1754630 420
1754640 421
1754650 421
1754660 422
1754670 422
1754680 423
1754690 423
1754700 424
1754710 425
1754720 426
1754730 426
1754740 426
1754750 427
1754760 427
1754770 427
1754780 427
1754790 427
1754800 427
1754810 427
1754820 427
1754830 427
1754840 427
1754850 427
1754860 427
1754870 427
1754880 427
1754890 426
1754900 426
1754910 425
1754920 424
1754930 423
1754940 423
1754950 422
1754960 421
1754970 421
1754980 420
1754990 420
1755000 420
1755010 420
1755020 420
1755030 419
1755040 419
1755050 418
1755060 417
1755070 417
1755080 417
1755090 417
1755100 416
1755110 416
1755120 415
1755130 415
1755140 415
1755150 414
1755160 413
1755170 412
1755180 410
1755190 409
1755200 408
1755210 407
1755220 407
1755230 408
1755240 408
1755250 407
1755260 407
1755270 407
1755280 407
1755290 406
1755300 406
1755310 405
1755320 405
1755330 405
1755340 405
1755350 404
1755360 403
1755370 402
1755380 403
1755390 404
1755400 405
1755410 405
1755420 405
1755430 406
1755440 406
1755450 406
1755460 406
1755470 406
1755480 406
1755490 406
1755500 406
1755510 406
1755520 406
1755530 406
1755540 406
1755550 406
1755560 406
1755570 406
1755580 406
1755590 407
1755600 407
1755610 407
1755620 407
1755630 407
1755640 407
1755650 407
1755660 406
1755670 406
1755680 406
1755690 406
1755700 406
1755710 406
1755720 406
1755730 405
1755740 405
1755750 405
1755760 405
1755770 405
1755780 404
1755790 404
1755800 404
1755810 404
1755820 404
1755830 404
1755840 403
1755850 403
1755860 403
1755870 403
1755880 402
1755890 402
1755900 402
1755910 401
1755920 401
1755930 400
1755940 400
1755950 400
1755960 399
1755970 399
1755980 399
1755990 398
1756000 398
1756010 398
1756020 397
1756030 397
1756040 396
1756050 396
1756060 395
1756070 395
1756080 394
1756090 394
1756100 393
1756110 393
1756120 392
1756130 391
1756140 391
1756150 390
1756160 390
1756170 389
1756180 388
1756190 388
1756200 387
1756210 387
1756220 386
1756230 386
1756240 385
1756250 385
1756260 385
1756270 385
1756280 384
1756290 384
1756300 384
1756310 384
1756320 383
1756330 383
1756340 383
1756350 383
1756360 382
1756370 381
1756380 380
1756390 379
1756400 378
1756410 377
1756420 378
1756430 378
1756440 379
1756450 379
1756460 379
1756470 379
1756480 379
1756490 379
1756500 379
1756510 379
1756520 379
1756530 379
1756540 379
1756550 379
1756560 379
1756570 379
1756580 379
1756590 379
1756600 379
1756610 379
1756620 379
1756630 379
1756640 380
1756650 380
1756660 380
1756670 380
1756680 380
1756690 380
1756700 380
1756710 380
1756720 380
1756730 380
1756740 380
1756750 380
1756760 380
1756770 380
1756780 380
1756790 380
1756800 381
1756810 381
1756820 381
1756830 381
1756840 381
1756850 381
1756860 381
1756870 381
1756880 381
1756890 381
1756900 382
1756910 382
1756920 381
1756930 381
1756940 381
1756950 381
1756960 381
1756970 381
1756980 381
1756990 381
1757000 381
1757010 381
1757020 381
1757030 381
1757040 381
1757050 381
1757060 381
1757070 381
1757080 381
1757090 381
1757100 381
1757110 381
1757120 380
1757130 380
1757140 380
1757150 380
1757160 380
1757170 380
1757180 380
1757190 379
1757200 379
1757210 379
1757220 379
1757230 378
1757240 378
1757250 378
1757260 377
1757270 377
1757280 377
1757290 376
1757300 376
1757310 376
1757320 376
1757330 375
1757340 375
1757350 375
1757360 375
1757370 375
1757380 374
1757390 374
1757400 374
1757410 373
1757420 373
1757430 373
1757440 373
1757450 372
1757460 372
1757470 372
1757480 372
1757490 372
1757500 371
1757510 371
1757520 371
1757530 371
1757540 371
1757550 371
1757560 370
1757570 370
1757580 370
1757590 370
1757600 370
1757610 370
1757620 369
1757630 369
1757640 369
1757650 369
1757660 369
1757670 369
1757680 368
1757690 368
1757700 368
1757710 368
1757720 368
1757730 368
1757740 368
1757750 368
1757760 367
1757770 367
1757780 367
1757790 367
1757800 367
1757810 367
1757820 367
1757830 367
1757840 367
1757850 367
1757860 367
1757870 366
1757880 366
1757890 366
1757900 366
1757910 366
1757920 366
1757930 366
1757940 366
1757950 366
1757960 366
1757970 366
1757980 366
1757990 365
1758000 365
1758010 365
1758020 365
1758030 365
1758040 365
1758050 365
1758060 365
1758070 365
1758080 365
1758090 365
1758100 365
1758110 365
1758120 365
1758130 365
1758140 365
1758150 365
1758160 365
1758170 365
1758180 365
1758190 365
1758200 364
1758210 364
1758220 364
1758230 365
1758240 365
1758250 365
1758260 365
1758270 365
1758280 365
1758290 365
1758300 365
1758310 365
1758320 365
1758330 365
1758340 365
1758350 365
1758360 365
1758370 365
1758380 365
1758390 365
1758400 366
1758410 366
1758420 366
1758430 365
1758440 366
1758450 366
1758460 366
1758470 365
1758480 365
1758490 365
1758500 365
1758510 365
1758520 364
1758530 364
1758540 364
1758550 364
1758560 364
1758570 364
1758580 364
1758590 364
1758600 364
1758610 364
1758620 364
1758630 365
1758640 365
1758650 365
1758660 365
1758670 365
1758680 365
1758690 365
1758700 365
1758710 365
1758720 365
1758730 365
1758740 365
1758750 365
1758760 365
1758770 365
1758780 365
1758790 365
1758800 365
1758810 365
1758820 365
1758830 365
1758840 365
1758850 365
1758860 365
1758870 364
1758880 364
1758890 364
1758900 364
1758910 364
1758920 364
1758930 364
1758940 364
1758950 363
1758960 363
1758970 363
1758980 363
1758990 363
1759000 363
1759010 363
1759020 363
1759030 363
1759040 363
1759050 363
1759060 363
1759070 363
1759080 362
1759090 362
1759100 362
1759110 362
1759120 362
1759130 362
1759140 362
1759150 362
1759160 362
1759170 362
1759180 362
1759190 362
1759200 362
1759210 362
1759220 362
1759230 362
1759240 362
1759250 363
1759260 363
1759270 363
1759280 363
1759290 363
1759300 364
1759310 364
1759320 364
1759330 364
1759340 364
1759350 364
1759360 364
1759370 364
1759380 364
1759390 364
1759400 364
1759410 364
1759420 364
1759430 364
1759440 364
1759450 364
1759460 364
1759470 364
1759480 364
1759490 364
1759500 364
1759510 364
1759520 364
1759530 364
1759540 364
1759550 365
1759560 365
1759570 365
1759580 365
1759590 365
1759600 365
1759610 365
1759620 365
1759630 365
1759640 365
1759650 365
1759660 365
1759670 365
1759680 365
1759690 365
1759700 365
1759710 365
1759720 365
1759730 365
1759740 365
1759750 365
1759760 365
1759770 365
1759780 365
1759790 365
1759800 365
1759810 365
1759820 365
1759830 365
1759840 364
1759850 363
1759860 362
1759870 361
1759880 361
1759890 360
1759900 359
1759910 358
1759920 358
1759930 357
1759940 356
1759950 355
1759960 355
1759970 354
1759980 354
1759990 354
1740000 425
1740010 426
1740020 427
1740030 428
1740040 428
1740050 428
1740060 429
1740070 430
1740080 430
1740090 431
1740100 430
1740110 430
1740120 430
1740130 429
1740140 429
1740150 428
1740160 427
1740170 427
1740180 426
1740190 426
1740200 425
1740210 425
1740220 425
1740230 426
1740240 426
1740250 426
1740260 425
1740270 425
1740280 425
1740290 425
1740300 425
1740310 425
1740320 425
1740330 425
1740340 425
1740350 425
1740360 425
1740370 425
1740380 425
1740390 426
1740400 426
1740410 426
1740420 426
1740430 427
1740440 427
1740450 427
1740460 426
1740470 426
1740480 426
1740490 426
1740500 426
1740510 426
1740520 426
1740530 425
1740540 425
1740550 425
1740560 425
1740570 425
1740580 425
1740590 425
1740600 425
1740610 426
1740620 426
1740630 425
1740640 425
1740650 425
1740660 426
1740670 426
1740680 426
1740690 425
1740700 425
1740710 425
1740720 425
1740730 424
1740740 424
1740750 423
1740760 422
1740770 421
1740780 420
1740790 418
1740800 417
1740810 416
1740820 415
1740830 414
1740840 413
1740850 411
1740860 410
1740870 408
1740880 406
1740890 403
1740900 400
1740910 397
1740920 393
1740930 389
1740940 386
1740950 383
1740960 380
1740970 377
1740980 374
1740990 372
1741000 370
1741010 368
1741020 366
1741030 363
1741040 361
1741050 364
1741060 365
1741070 366
1741080 368
1741090 369
1741100 371
1741110 373
1741120 375
1741130 376
1741140 378
1741150 379
1741160 381
1741170 382
1741180 384
1741190 385
1741200 386
1741210 387
1741220 388
1741230 389
1741240 389
1741250 389
1741260 387
1741270 385
1741280 383
1741290 381
1741300 378
1741310 375
1741320 372
1741330 369
1741340 366
1741350 363
1741360 360
1741370 357
1741380 354
1741390 351
1741400 348
1741410 345
1741420 342
1741430 339
1741440 336
1741450 332
1741460 329
1741470 326
1741480 323
1741490 319
1741500 316
1741510 315
1741520 317
1741530 318
1741540 319
1741550 320
1741560 321
1741570 323
1741580 324
1741590 326
1741600 328
1741610 330
1741620 331
1741630 333
1741640 335
1741650 337
1741660 338
1741670 339
1741680 340
1741690 341
1741700 341
1741710 341
1741720 341
1741730 340
1741740 340
1741750 340
1741760 339
1741770 339
1741780 339
1741790 339
1741800 338
1741810 338
1741820 337
1741830 337
1741840 336
1741850 336
1741860 335
1741870 334
1741880 333
1741890 332
1741900 330
1741910 329
1741920 328
1741930 327
1741940 325
1741950 324
1741960 323
1741970 321
1741980 320
1741990 318
1742000 317
1742010 315
1742020 313
1742030 312
1742040 310
1742050 308
1742060 307
1742070 305
1742080 304
1742090 302
1742100 301
1742110 299
1742120 298
1742130 297
1742140 295
1742150 294
1742160 292
1742170 290
1742180 289
1742190 287
1742200 285
1742210 284
1742220 282
1742230 281
1742240 279
1742250 277
1742260 274
1742270 274
1742280 273
1742290 272
1742300 272
1742310 271
1742320 269
1742330 268
1742340 268
1742350 267
1742360 268
1742370 268
1742380 268
1742390 268
1742400 268
1742410 268
1742420 268
1742430 268
1742440 269
1742450 270
1742460 271
1742470 273
1742480 274
1742490 275
1742500 276
1742510 277
1742520 277
1742530 278
1742540 278
1742550 278
1742560 279
1742570 279
1742580 279
1742590 279
1742600 278
1742610 278
1742620 277
1742630 276
1742640 275
1742650 273
1742660 272
1742670 272
1742680 271
1742690 271
1742700 271
1742710 270
1742720 270
1742730 269
1742740 267
1742750 265
1742760 264
1742770 264
1742780 263
1742790 263
1742800 263
1742810 262
1742820 262
1742830 262
1742840 262
1742850 262
1742860 262
1742870 262
1742880 262
1742890 262
1742900 262
1742910 262
1742920 262
1742930 262
1742940 262
1742950 262
1742960 262
1742970 261
1742980 261
1742990 261
1743000 261
1743010 261
1743020 261
1743030 261
1743040 261
1743050 261
1743060 261
1743070 261
1743080 262
1743090 263
1743100 263
1743110 263
1743120 263
1743130 263
1743140 262
1743150 262
1743160 261
1743170 261
1743180 261
1743190 261
1743200 260
1743210 259
1743220 259
1743230 259
1743240 258
1743250 258
1743260 258
1743270 257
1743280 257
1743290 257
1743300 258
1743310 258
1743320 259
1743330 260
1743340 261
1743350 262
1743360 263
1743370 264
1743380 265
1743390 265
1743400 266
1743410 267
1743420 267
1743430 268
1743440 268
1743450 269
1743460 269
1743470 269
1743480 268
1743490 268
1743500 266
1743510 263
1743520 261
1743530 260
1743540 261
1743550 263
1743560 265
1743570 267
1743580 269
1743590 271
1743600 272
1743610 273
1743620 274
1743630 275
1743640 275
1743650 276
1743660 276
1743670 277
1743680 278
1743690 278
1743700 279
1743710 279
1743720 279
1743730 279
1743740 279
1743750 279
1743760 278
1743770 277
1743780 277
1743790 276
1743800 276
1743810 275
1743820 275
1743830 274
1743840 273
1743850 273
1743860 272
1743870 272
1743880 271
1743890 270
1743900 269
1743910 267
1743920 264
1743930 261
1743940 257
1743950 254
1743960 252
1743970 250
1743980 250
1743990 249
1744000 249
1744010 249
1744020 249
1744030 249
1744040 248
1744050 248
1744060 248
1744070 250
1744080 252
1744090 253
1744100 253
1744110 252
1744120 251
1744130 250
1744140 250
1744150 249
1744160 249
1744170 249
1744180 249
1744190 249
1744200 249
1744210 249
1744220 249
1744230 248
1744240 248
1744250 248
1744260 247
1744270 247
1744280 247
1744290 246
1744300 246
1744310 245
1744320 245
1744330 245
1744340 245
1744350 244
1744360 244
1744370 244
1744380 243
1744390 243
1744400 243
1744410 245
1744420 247
1744430 249
1744440 251
1744450 252
1744460 254
1744470 256
1744480 258
1744490 260
1744500 262
1744510 263
1744520 265
1744530 266
1744540 268
1744550 270
1744560 271
1744570 273
1744580 274
1744590 275
1744600 275
1744610 275
1744620 275
1744630 274
1744640 274
1744650 272
1744660 271
1744670 269
1744680 268
1744690 270
1744700 271
1744710 272
1744720 272
1744730 272
1744740 272
1744750 272
1744760 272
1744770 272
1744780 272
1744790 272
1744800 271
1744810 271
1744820 270
1744830 269
1744840 267
1744850 265
1744860 264
1744870 266
1744880 267
1744890 268
1744900 268
1744910 268
1744920 268
1744930 269
1744940 269
1744950 270
1744960 270
1744970 270
1744980 270
1744990 270
1745000 270
1745010 270
1745020 270
1745030 271
1745040 271
1745050 271
1745060 272
1745070 272
1745080 272
1745090 272
1745100 272
1745110 272
1745120 271
1745130 271
1745140 271
1745150 271
1745160 270
1745170 270
1745180 270
1745190 270
1745200 270
1745210 270
1745220 270
1745230 270
1745240 269
1745250 269
1745260 268
1745270 268
1745280 268
1745290 268
1745300 268
1745310 268
1745320 268
1745330 268
1745340 268
1745350 268
1745360 268
1745370 268
1745380 268
1745390 268
1745400 268
1745410 267
1745420 267
1745430 268
1745440 268
1745450 268
1745460 269
1745470 269
1745480 269
1745490 270
1745500 270
1745510 270
1745520 270
1745530 270
1745540 270
1745550 271
1745560 271
1745570 271
1745580 271
1745590 271
1745600 271
1745610 271
1745620 271
1745630 271
1745640 271
1745650 271
1745660 272
1745670 272
1745680 272
1745690 272
1745700 272
1745710 272
1745720 272
1745730 273
1745740 273
1745750 273
1745760 274
1745770 274
1745780 275
1745790 275
1745800 275
1745810 275
1745820 274
1745830 274
1745840 274
1745850 274
1745860 274
1745870 273
1745880 273
1745890 273
1745900 272
1745910 272
1745920 272
1745930 273
1745940 273
1745950 273
1745960 273
1745970 273
1745980 274
1745990 274
1746000 274
1746010 273
1746020 273
1746030 273
1746040 272
1746050 272
1746060 272
1746070 272
1746080 271
1746090 271
1746100 270
1746110 270
1746120 270
1746130 270
1746140 270
1746150 269
1746160 269
1746170 269
1746180 268
1746190 268
1746200 268
1746210 267
1746220 267
1746230 267
1746240 267
1746250 266
1746260 266
1746270 266
1746280 265
1746290 265
1746300 264
1746310 264
1746320 264
1746330 263
1746340 263
1746350 263
1746360 262
1746370 262
1746380 261
1746390 259
1746400 258
1746410 258
1746420 258
1746430 257
1746440 256
1746450 252
1746460 249
1746470 246
1746480 245
1746490 243
1746500 241
1746510 237
1746520 234
1746530 231
1746540 226
1746550 222
1746560 219
1746570 219
1746580 219
1746590 220
1746600 220
1746610 221
1746620 221
1746630 221
1746640 221
1746650 221
1746660 221
1746670 221
1746680 221
1746690 221
1746700 221
1746710 221
1746720 221
1746730 221
1746740 221
1746750 221
1746760 221
1746770 221
1746780 221
1746790 222
1746800 223
1746810 222
1746820 221
1746830 221
1746840 222
1746850 223
1746860 224
1746870 225
1746880 226
1746890 228
1746900 229
1746910 230
1746920 231
1746930 233
1746940 236
1746950 240
1746960 242
1746970 243
1746980 244
1746990 245
1747000 246
1747010 247
1747020 248
1747030 249
1747040 250
1747050 251
1747060 253
1747070 255
1747080 256
1747090 257
1747100 258
1747110 259
1747120 261
1747130 262
1747140 262
1747150 264
1747160 266
1747170 267
1747180 267
1747190 269
1747200 270
1747210 271
1747220 272
1747230 273
1747240 275
1747250 276
1747260 276
1747270 277
1747280 279
1747290 280
1747300 280
1747310 281
1747320 282
1747330 283
1747340 284
1747350 286
1747360 288
1747370 289
1747380 291
1747390 292
1747400 293
1747410 294
1747420 295
1747430 295
1747440 296
1747450 296
1747460 297
1747470 297
1747480 298
1747490 298
1747500 298
1747510 298
1747520 299
1747530 299
1747540 300
1747550 300
1747560 301
1747570 303
1747580 304
1747590 304
1747600 305
1747610 307
1747620 308
1747630 309
1747640 310
1747650 311
1747660 312
1747670 313
1747680 314
1747690 315
1747700 315
1747710 316
1747720 317
1747730 318
1747740 319
1747750 320
1747760 320
1747770 321
1747780 322
1747790 322
1747800 322
1747810 323
1747820 324
1747830 324
1747840 325
1747850 325
1747860 326
1747870 327
1747880 328
1747890 329
1747900 329
1747910 330
1747920 330
1747930 331
1747940 332
1747950 332
1747960 333
1747970 333
1747980 334
1747990 335
1748000 335
1748010 336
1748020 337
1748030 337
1748040 338
1748050 338
1748060 339
1748070 339
1748080 339
1748090 340
1748100 340
1748110 340
1748120 341
1748130 341
1748140 342
1748150 343
1748160 343
1748170 343
1748180 343
1748190 342
1748200 342
1748210 341
1748220 341
1748230 339
1748240 338
1748250 339
1748260 342
1748270 344
1748280 346
1748290 348
1748300 350
1748310 352
1748320 354
1748330 355
1748340 356
1748350 358
1748360 358
1748370 359
1748380 359
1748390 358
1748400 358
1748410 358
1748420 358
1748430 358
1748440 359
1748450 359
1748460 360
1748470 360
1748480 361
1748490 361
1748500 362
1748510 363
1748520 363
1748530 364
1748540 365
1748550 366
1748560 368
1748570 369
1748580 370
1748590 372
1748600 373
1748610 375
1748620 376
1748630 378
1748640 381
1748650 383
1748660 385
1748670 388
1748680 390
1748690 392
1748700 393
1748710 394
1748720 395
1748730 396
1748740 396
1748750 397
1748760 398
1748770 399
1748780 400
1748790 400
1748800 401
1748810 401
1748820 402
1748830 402
1748840 402
1748850 402
1748860 403
1748870 403
1748880 404
1748890 404
1748900 405
1748910 405
1748920 406
1748930 406
1748940 406
1748950 406
1748960 406
1748970 406
1748980 406
1748990 407
1749000 406
1749010 406
1749020 406
1749030 406
1749040 406
1749050 407
1749060 407
1749070 407
1749080 407
1749090 407
1749100 407
1749110 407
1749120 406
1749130 406
1749140 406
1749150 406
1749160 405
1749170 405
1749180 404
1749190 402
1749200 401
1749210 400
1749220 399
1749230 397
1749240 394
1749250 390
1749260 386
1749270 380
1749280 375
1749290 370
1749300 367
1749310 365
1749320 363
1749330 361
1749340 359
1749350 356
1749360 352
1749370 348
1749380 344
1749390 341
1749400 338
1749410 335
1749420 332
1749430 330
1749440 329
1749450 327
1749460 326
1749470 326
1749480 327
1749490 328
1749500 330
1749510 333
1749520 336
1749530 338
1749540 339
1749550 341
1749560 343
1749570 345
1749580 347
1749590 348
1749600 349
1749610 350
1749620 351
1749630 351
1749640 351
1749650 350
1749660 349
1749670 347
1749680 346
1749690 346
1749700 345
1749710 344
1749720 343
1749730 342
1749740 341
1749750 341
1749760 341
1749770 343
1749780 345
1749790 347
1749800 349
1749810 351
1749820 352
1749830 354
1749840 356
1749850 357
1749860 358
1749870 359
1749880 360
1749890 360
1749900 361
1749910 361
1749920 361
1749930 361
1749940 361
1749950 361
1749960 360
1749970 360
1749980 359
1749990 358
1750000 356
1750010 356
1750020 356
1750030 356
1750040 356
1750050 356
1750060 356
1750070 357
1750080 358
1750090 359
1750100 360
1750110 360
1750120 361
1750130 362
1750140 362
1750150 363
1750160 364
1750170 364
1750180 365
1750190 366
1750200 367
1750210 367
1750220 368
1750230 368
1750240 368
1750250 369
1750260 369
1750270 369
1750280 370
1750290 371
1750300 371
1750310 372
1750320 372
1750330 373
1750340 374
1750350 374
1750360 375
1750370 375
1750380 376
1750390 376
1750400 377
1750410 377
1750420 378
1750430 378
1750440 379
1750450 379
1750460 379
1750470 380
1750480 380
1750490 380
1750500 381
1750510 382
1750520 382
1750530 383
1750540 383
1750550 383
1750560 384
1750570 384
1750580 384
1750590 385
1750600 386
1750610 386
1750620 387
1750630 389
1750640 391
1750650 393
1750660 396
1750670 398
1750680 399
1750690 401
1750700 401
1750710 402
1750720 404
1750730 405
1750740 408
1750750 409
1750760 410
1750770 411
1750780 413
1750790 414
1750800 415
1750810 416
1750820 417
1750830 418
1750840 419
1750850 420
1750860 421
1750870 421
1750880 422
1750890 423
1750900 423
1750910 424
1750920 424
1750930 425
1750940 425
1750950 425
1750960 426
1750970 426
1750980 426
1750990 426
1751000 427
1751010 427
1751020 428
1751030 428
1751040 428
1751050 428
1751060 429
1751070 431
1751080 433
1751090 435
1751100 436
1751110 438
1751120 440
1751130 442
1751140 444
1751150 446
1751160 448
1751170 450
1751180 451
1751190 452
1751200 454
1751210 455
1751220 456
1751230 458
1751240 459
1751250 460
1751260 461
1751270 462
1751280 464
1751290 465
1751300 466
1751310 468
1751320 469
1751330 470
1751340 471
1751350 473
1751360 474
1751370 476
1751380 477
1751390 478
1751400 478
1751410 478
1751420 479
1751430 479
1751440 479
1751450 479
1751460 480
1751470 480
1751480 480
1751490 480
1751500 480
1751510 480
1751520 480
1751530 481
1751540 481
1751550 481
1751560 482
