1740000 346
1740010 348
1740020 351
1740030 354
1740040 357
1740050 359
1740060 362
1740070 364
1740080 367
1740090 369
1740100 371
1740110 373
1740120 375
1740130 376
1740140 378
1740150 379
1740160 381
1740170 382
1740180 383
1740190 384
1740200 386
1740210 387
1740220 389
1740230 391
1740240 392
1740250 394
1740260 396
1740270 398
1740280 400
1740290 402
1740300 404
1740310 406
1740320 408
1740330 409
1740340 411
1740350 412
1740360 412
1740370 413
1740380 414
1740390 415
1740400 416
1740410 416
1740420 417
1740430 418
1740440 419
1740450 420
1740460 422
1740470 423
1740480 425
1740490 426
1740500 428
1740510 430
1740520 431
1740530 432
1740540 432
1740550 432
1740560 431
1740570 431
1740580 431
1740590 430
1740600 430
1740610 429
1740620 428
1740630 427
1740640 427
1740650 426
1740660 425
1740670 424
1740680 423
1740690 423
1740700 422
1740710 421
1740720 420
1740730 419
1740740 418
1740750 417
1740760 416
1740770 415
1740780 413
1740790 412
1740800 410
1740810 409
1740820 407
1740830 406
1740840 403
1740850 401
1740860 399
1740870 396
1740880 394
1740890 392
1740900 390
1740910 388
1740920 386
1740930 384
1740940 382
1740950 380
1740960 379
1740970 378
1740980 376
1740990 376
1741000 375
1741010 374
1741020 374
1741030 373
1741040 373
1741050 373
1741060 372
1741070 371
1741080 370
1741090 369
1741100 368
1741110 366
1741120 365
1741130 363
1741140 362
1741150 360
1741160 358
1741170 357
1741180 355
1741190 353
1741200 351
1741210 349
1741220 347
1741230 345
1741240 343
1741250 341
1741260 339
1741270 337
1741280 335
1741290 333
1741300 330
1741310 328
1741320 326
1741330 324
1741340 322
1741350 320
1741360 317
1741370 315
1741380 313
1741390 311
1741400 310
1741410 308
1741420 306
1741430 304
1741440 302
1741450 301
1741460 299
1741470 298
1741480 296
1741490 294
1741500 292
1741510 290
1741520 287
1741530 284
1741540 281
1741550 280
1741560 280
1741570 279
1741580 280
1741590 280
1741600 280
1741610 281
1741620 284
1741630 288
1741640 293
1741650 297
1741660 302
1741670 307
1741680 311
1741690 316
1741700 321
1741710 325
1741720 329
1741730 332
1741740 335
1741750 338
1741760 341
1741770 343
1741780 346
1741790 348
1741800 351
1741810 353
1741820 355
1741830 357
1741840 358
1741850 359
1741860 360
1741870 360
1741880 359
1741890 357
1741900 356
1741910 354
1741920 353
1741930 352
1741940 351
1741950 349
1741960 348
1741970 347
1741980 346
1741990 346
1742000 346
1742010 347
1742020 348
1742030 348
1742040 348
1742050 348
1742060 348
1742070 348
1742080 348
1742090 348
1742100 349
1742110 349
1742120 350
1742130 351
1742140 352
1742150 353
1742160 354
1742170 356
1742180 358
1742190 359
1742200 361
1742210 362
1742220 362
1742230 361
1742240 360
1742250 360
1742260 359
1742270 358
1742280 357
1742290 356
1742300 355
1742310 354
1742320 353
1742330 352
1742340 351
1742350 350
1742360 350
1742370 349
1742380 348
1742390 348
1742400 347
1742410 346
1742420 346
1742430 345
1742440 344
1742450 343
1742460 343
1742470 342
1742480 342
1742490 341
1742500 340
1742510 340
1742520 339
1742530 339
1742540 338
1742550 338
1742560 337
1742570 337
1742580 336
1742590 336
1742600 335
1742610 335
1742620 334
1742630 334
1742640 333
1742650 333
1742660 333
1742670 333
1742680 333
1742690 333
1742700 332
1742710 332
1742720 332
1742730 332
1742740 332
1742750 331
1742760 331
1742770 331
1742780 331
1742790 330
1742800 330
1742810 330
1742820 330
1742830 330
1742840 330
1742850 330
1742860 330
1742870 329
1742880 329
1742890 329
1742900 329
1742910 329
1742920 329
1742930 329
1742940 329
1742950 329
1742960 329
1742970 328
1742980 328
1742990 329
1743000 329
1743010 329
1743020 329
1743030 328
1743040 328
1743050 328
1743060 327
1743070 327
1743080 327
1743090 326
1743100 326
1743110 325
1743120 323
1743130 321
1743140 319
1743150 318
1743160 317
1743170 315
1743180 312
1743190 314
1743200 318
1743210 321
1743220 323
1743230 325
1743240 326
1743250 327
1743260 329
1743270 330
1743280 331
1743290 333
1743300 333
1743310 335
1743320 336
1743330 337
1743340 338
1743350 340
1743360 341
1743370 343
1743380 344
1743390 346
1743400 347
1743410 350
1743420 353
1743430 355
1743440 357
1743450 358
1743460 359
1743470 359
1743480 360
1743490 361
1743500 361
1743510 361
1743520 362
1743530 364
1743540 365
1743550 366
1743560 367
1743570 369
1743580 371
1743590 373
1743600 376
1743610 378
1743620 380
1743630 382
1743640 384
1743650 385
1743660 387
1743670 388
1743680 388
1743690 388
1743700 387
1743710 386
1743720 385
1743730 385
1743740 386
1743750 386
1743760 386
1743770 386
1743780 387
1743790 387
1743800 386
1743810 385
1743820 384
1743830 382
1743840 381
1743850 378
1743860 375
1743870 372
1743880 368
1743890 364
1743900 360
1743910 356
1743920 352
1743930 348
1743940 346
1743950 343
1743960 341
1743970 339
1743980 338
1743990 337
1744000 337
1744010 338
1744020 337
1744030 337
1744040 336
1744050 335
1744060 336
1744070 337
1744080 339
1744090 341
1744100 343
1744110 345
1744120 347
1744130 349
1744140 350
1744150 350
1744160 351
1744170 351
1744180 352
1744190 351
1744200 349
1744210 347
1744220 344
1744230 342
1744240 341
1744250 340
1744260 341
1744270 342
1744280 344
1744290 346
1744300 348
1744310 349
1744320 351
1744330 352
1744340 352
1744350 353
1744360 355
1744370 356
1744380 358
1744390 361
1744400 362
1744410 363
1744420 364
1744430 366
1744440 367
1744450 366
1744460 367
1744470 367
1744480 368
1744490 368
1744500 368
1744510 368
1744520 367
1744530 366
1744540 366
1744550 365
1744560 365
1744570 364
1744580 364
1744590 363
1744600 363
1744610 362
1744620 362
1744630 361
1744640 361
1744650 360
1744660 360
1744670 360
1744680 359
1744690 358
1744700 358
1744710 357
1744720 356
1744730 355
1744740 354
1744750 353
1744760 351
1744770 349
1744780 345
1744790 340
1744800 336
1744810 332
1744820 329
1744830 326
1744840 323
1744850 321
1744860 318
1744870 317
1744880 316
1744890 315
1744900 315
1744910 315
1744920 316
1744930 316
1744940 316
1744950 316
1744960 315
1744970 314
1744980 313
1744990 310
1745000 307
1745010 303
1745020 298
1745030 293
1745040 289
1745050 286
1745060 283
1745070 281
1745080 279
1745090 277
1745100 275
1745110 274
1745120 272
1745130 270
1745140 268
1745150 266
1745160 264
1745170 263
1745180 262
1745190 261
1745200 260
1745210 259
1745220 258
1745230 257
1745240 255
1745250 254
1745260 253
1745270 253
1745280 252
1745290 251
1745300 251
1745310 250
1745320 250
1745330 249
1745340 248
1745350 248
1745360 247
1745370 247
1745380 246
1745390 246
1745400 245
1745410 246
1745420 248
1745430 250
1745440 251
1745450 252
1745460 252
1745470 252
1745480 252
1745490 253
1745500 254
1745510 256
1745520 259
1745530 262
1745540 265
1745550 268
1745560 271
1745570 274
1745580 277
1745590 279
1745600 280
1745610 280
1745620 280
1745630 280
1745640 279
1745650 279
1745660 279
1745670 279
1745680 279
1745690 279
1745700 278
1745710 277
1745720 275
1745730 273
1745740 272
1745750 270
1745760 268
1745770 268
1745780 267
1745790 268
1745800 267
1745810 266
1745820 266
1745830 265
1745840 264
1745850 263
1745860 262
1745870 261
1745880 260
1745890 260
1745900 259
1745910 258
1745920 258
1745930 257
1745940 256
1745950 256
1745960 255
1745970 255
1745980 254
1745990 253
1746000 253
1746010 252
1746020 252
1746030 251
1746040 251
1746050 251
1746060 250
1746070 250
1746080 249
1746090 249
1746100 249
1746110 248
1746120 248
1746130 248
1746140 247
1746150 247
1746160 246
1746170 245
1746180 245
1746190 245
1746200 245
1746210 244
1746220 244
1746230 244
1746240 244
1746250 243
1746260 243
1746270 243
1746280 242
1746290 242
1746300 241
1746310 241
1746320 240
1746330 240
1746340 239
1746350 239
1746360 238
1746370 238
1746380 238
1746390 237
1746400 237
1746410 237
1746420 237
1746430 236
1746440 236
1746450 236
1746460 236
1746470 236
1746480 236
1746490 236
1746500 236
1746510 235
1746520 234
1746530 234
1746540 233
1746550 233
1746560 233
1746570 233
1746580 233
1746590 233
1746600 232
1746610 232
1746620 232
1746630 232
1746640 231
1746650 231
1746660 231
1746670 231
1746680 230
1746690 230
1746700 229
1746710 229
1746720 229
1746730 228
1746740 228
1746750 227
1746760 227
1746770 227
1746780 226
1746790 226
1746800 226
1746810 225
1746820 224
1746830 222
1746840 221
1746850 221
1746860 221
1746870 221
1746880 221
1746890 221
1746900 221
1746910 221
1746920 221
1746930 221
1746940 220
1746950 220
1746960 220
1746970 220
1746980 220
1746990 221
1747000 221
1747010 222
1747020 223
1747030 224
1747040 224
1747050 225
1747060 225
1747070 224
1747080 224
1747090 226
1747100 231
1747110 236
1747120 240
1747130 244
1747140 246
1747150 246
1747160 246
1747170 247
1747180 247
1747190 248
1747200 248
1747210 249
1747220 250
1747230 250
1747240 251
1747250 251
1747260 252
1747270 252
1747280 253
1747290 253
1747300 254
1747310 255
1747320 255
1747330 256
1747340 256
1747350 257
1747360 257
1747370 258
1747380 258
1747390 259
1747400 259
1747410 260
1747420 260
1747430 261
1747440 262
1747450 263
1747460 264
1747470 264
1747480 265
1747490 266
1747500 267
1747510 268
1747520 268
1747530 269
1747540 270
1747550 271
1747560 271
1747570 272
1747580 272
1747590 273
1747600 273
1747610 274
1747620 274
1747630 275
1747640 275
1747650 275
1747660 276
1747670 276
1747680 275
1747690 275
1747700 274
1747710 273
1747720 272
1747730 272
1747740 273
1747750 273
1747760 272
1747770 272
1747780 271
1747790 269
1747800 268
1747810 267
1747820 267
1747830 267
1747840 268
1747850 268
1747860 269
1747870 269
1747880 270
1747890 271
1747900 272
1747910 273
1747920 275
1747930 276
1747940 278
1747950 279
1747960 280
1747970 281
1747980 282
1747990 283
1748000 284
1748010 285
1748020 286
1748030 286
1748040 287
1748050 288
1748060 289
1748070 290
1748080 290
1748090 291
1748100 291
1748110 290
1748120 289
1748130 289
1748140 290
1748150 290
1748160 292
1748170 293
1748180 294
1748190 295
1748200 296
1748210 297
1748220 299
1748230 300
1748240 301
1748250 302
1748260 302
1748270 303
1748280 304
1748290 306
1748300 307
1748310 309
1748320 310
1748330 312
1748340 313
1748350 315
1748360 317
1748370 319
1748380 321
1748390 322
1748400 324
1748410 325
1748420 327
1748430 329
1748440 330
1748450 331
1748460 333
1748470 334
1748480 335
1748490 337
1748500 338
1748510 339
1748520 341
1748530 342
1748540 343
1748550 344
1748560 345
1748570 346
1748580 347
1748590 348
1748600 349
1748610 350
1748620 351
1748630 352
1748640 353
1748650 354
1748660 354
1748670 355
1748680 356
1748690 357
1748700 358
1748710 359
1748720 360
1748730 360
1748740 361
1748750 361
1748760 361
1748770 362
1748780 363
1748790 363
1748800 364
1748810 363
1748820 360
1748830 357
1748840 354
1748850 352
1748860 349
1748870 347
1748880 345
1748890 343
1748900 342
1748910 340
1748920 338
1748930 337
1748940 334
1748950 332
1748960 329
1748970 325
1748980 322
1748990 318
1749000 313
1749010 309
1749020 306
1749030 302
1749040 298
1749050 295
1749060 297
1749070 300
1749080 304
1749090 308
1749100 312
1749110 317
1749120 322
1749130 326
1749140 330
1749150 335
1749160 339
1749170 343
1749180 346
1749190 349
1749200 351
1749210 353
1749220 354
1749230 354
1749240 354
1749250 355
1749260 355
1749270 356
1749280 357
1749290 358
1749300 358
1749310 359
1749320 360
1749330 360
1749340 361
1749350 362
1749360 362
1749370 363
1749380 363
1749390 363
1749400 364
1749410 364
1749420 364
1749430 364
1749440 362
1749450 361
1749460 361
1749470 359
1749480 358
1749490 357
1749500 355
1749510 353
1749520 349
1749530 346
1749540 344
1749550 343
1749560 342
1749570 341
1749580 340
1749590 339
1749600 338
1749610 338
1749620 337
1749630 336
1749640 337
1749650 337
1749660 337
1749670 337
1749680 336
1749690 335
1749700 334
1749710 333
1749720 332
1749730 332
1749740 332
1749750 332
1749760 334
1749770 336
1749780 340
1749790 343
1749800 346
1749810 349
1749820 352
1749830 355
1749840 358
1749850 360
1749860 363
1749870 365
1749880 367
1749890 368
1749900 370
1749910 371
1749920 372
1749930 373
1749940 374
1749950 374
1749960 375
1749970 376
1749980 377
1749990 377
1750000 378
1750010 379
1750020 379
1750030 380
1750040 380
1750050 380
1750060 380
1750070 380
1750080 379
1750090 379
1750100 379
1750110 380
1750120 380
1750130 381
1750140 382
1750150 383
1750160 385
1750170 386
1750180 387
1750190 389
1750200 390
1750210 391
1750220 392
1750230 393
1750240 394
1750250 395
1750260 396
1750270 396
1750280 397
1750290 397
1750300 398
1750310 399
1750320 399
1750330 400
1750340 401
1750350 402
1750360 403
1750370 404
1750380 405
1750390 405
1750400 406
1750410 407
1750420 408
1750430 408
1750440 409
1750450 410
1750460 411
1750470 412
1750480 412
1750490 413
1750500 414
1750510 414
1750520 415
1750530 416
1750540 416
1750550 417
1750560 418
1750570 419
1750580 420
1750590 421
1750600 422
1750610 424
1750620 425
1750630 426
1750640 427
1750650 428
1750660 430
1750670 431
1750680 432
1750690 432
1750700 433
1750710 434
1750720 434
1750730 434
1750740 434
1750750 435
1750760 435
1750770 435
1750780 436
1750790 437
1750800 437
1750810 438
1750820 438
1750830 439
1750840 439
1750850 440
1750860 440
1750870 441
1750880 441
1750890 442
1750900 443
1750910 443
1750920 444
1750930 444
1750940 445
1750950 445
1750960 446
1750970 446
1750980 447
1750990 448
1751000 449
1751010 450
1751020 451
1751030 452
1751040 453
1751050 454
1751060 455
1751070 456
1751080 457
1751090 458
1751100 459
1751110 459
1751120 459
1751130 460
1751140 460
1751150 461
1751160 461
1751170 462
1751180 462
1751190 463
1751200 463
1751210 464
1751220 464
1751230 465
1751240 465
1751250 466
1751260 466
1751270 467
1751280 468
1751290 468
1751300 469
1751310 470
1751320 470
1751330 471
1751340 472
1751350 473
1751360 473
1751370 474
1751380 474
1751390 475
1751400 475
1751410 476
1751420 476
1751430 476
1751440 477
1751450 477
1751460 477
1751470 478
1751480 478
1751490 479
1751500 479
1751510 480
1751520 480
1751530 481
1751540 482
1751550 482
1751560 483
1751570 483
1751580 484
1751590 485
1751600 485
1751610 486
1751620 487
1751630 488
1751640 489
1751650 490
1751660 491
1751670 492
1751680 493
1751690 493
1751700 494
1751710 495
1751720 495
1751730 496
1751740 497
1751750 497
1751760 498
1751770 499
1751780 499
1751790 500
1751800 500
1751810 500
1751820 501
1751830 501
1751840 501
1751850 501
1751860 501
1751870 501
1751880 501
1751890 501
1751900 501
1751910 502
1751920 502
1751930 502
1751940 502
1751950 503
1751960 503
1751970 503
1751980 503
1751990 503
1752000 503
1752010 503
1752020 503
1752030 503
1752040 503
1752050 503
1752060 502
1752070 502
1752080 502
1752090 502
1752100 501
1752110 501
1752120 500
1752130 500
1753990 466
1754000 466
1754010 467
1754020 467
1754030 467
1754040 468
1754050 468
1754060 469
1754070 470
1754080 471
1754090 472
1754100 473
1754110 473
1754120 474
1754130 474
1754140 474
1754150 474
1754160 472
1754170 471
1754180 471
1754190 473
1754200 476
1754210 478
1754220 480
1754230 482
1754240 485
1754250 487
1754260 489
1754270 491
1754280 492
1754290 493
1754300 493
1754310 494
1754320 495
1754330 495
1754340 496
1754350 496
1754360 497
1754370 497
1754380 497
1754390 497
1754400 496
1754410 496
1754420 496
1754430 496
1754440 496
1754450 496
1754460 495
1754470 495
1754480 495
1754490 494
1754500 494
1754510 494
1754520 493
1754530 493
1754540 492
1754550 492
1754560 491
1754570 490
1754580 489
1754590 488
1754600 487
1754610 487
1754620 486
1754630 486
1754640 486
1754650 486
1754660 486
