1740000 370
1740010 369
1740020 368
1740030 366
1740040 365
1740050 364
1740060 362
1740070 359
1740080 356
1740090 354
1740100 351
1740110 348
1740120 345
1740130 342
1740140 339
1740150 337
1740160 334
1740170 331
1740180 328
1740190 326
1740200 323
1740210 321
1740220 318
1740230 316
1740240 314
1740250 312
1740260 312
1740270 312
1740280 312
1740290 313
1740300 313
1740310 314
1740320 316
1740330 318
1740340 321
1740350 323
1740360 326
1740370 328
1740380 330
1740390 331
1740400 332
1740410 333
1740420 334
1740430 335
1740440 336
1740450 337
1740460 338
1740470 339
1740480 340
1740490 341
1740500 342
1740510 343
1740520 344
1740530 345
1740540 346
1740550 347
1740560 349
1740570 350
1740580 351
1740590 352
1740600 354
1740610 355
1740620 356
1740630 358
1740640 359
1740650 361
1740660 362
1740670 364
1740680 365
1740690 366
1740700 367
1740710 368
1740720 369
1740730 369
1740740 370
1740750 370
1740760 368
1740770 365
1740780 361
1740790 358
1740800 355
1740810 353
1740820 350
1740830 347
1740840 345
1740850 342
1740860 340
1740870 337
1740880 335
1740890 332
1740900 330
1740910 328
1740920 326
1740930 323
1740940 321
1740950 318
1740960 315
1740970 313
1740980 310
1740990 307
1741000 305
1741010 303
1741020 301
1741030 298
1741040 296
1741050 293
1741060 290
1741070 288
1741080 287
1741090 287
1741100 288
1741110 288
1741120 288
1741130 288
1741140 287
1741150 287
1741160 287
1741170 287
1741180 287
1741190 288
1741200 289
1741210 291
1741220 292
1741230 294
1741240 296
1741250 298
1741260 300
1741270 301
1741280 303
1741290 304
1741300 306
1741310 307
1741320 308
1741330 309
1741340 310
1741350 311
1741360 312
1741370 312
1741380 313
1741390 313
1741400 313
1741410 313
1741420 314
1741430 314
1741440 314
1741450 314
1741460 314
1741470 314
1741480 314
1741490 312
1741500 311
1741510 309
1741520 307
1741530 308
1741540 310
1741550 314
1741560 317
1741570 321
1741580 324
1741590 327
1741600 330
1741610 332
1741620 334
1741630 336
1741640 338
1741650 340
1741660 342
1741670 344
1741680 347
1741690 349
1741700 352
1741710 354
1741720 357
1741730 360
1741740 363
1741750 365
1741760 367
1741770 369
1741780 371
1741790 371
1741800 372
1741810 373
1741820 374
1741830 375
1741840 376
1741850 377
1741860 377
1741870 377
1741880 376
1741890 376
1741900 375
1741910 374
1741920 373
1741930 372
1741940 371
1741950 370
1741960 369
1741970 368
1741980 367
1741990 366
1742000 365
1742010 364
1742020 363
1742030 363
1742040 363
1742050 363
1742060 363
1742070 363
1742080 362
1742090 362
1742100 362
1742110 362
1742120 362
1742130 362
1742140 362
1742150 362
1742160 362
1742170 362
1742180 362
1742190 362
1742200 363
1742210 364
1742220 364
1742230 365
1742240 366
1742250 367
1742260 368
1742270 369
1742280 370
1742290 371
1742300 372
1742310 373
1742320 374
1742330 375
1742340 375
1742350 376
1742360 376
1742370 377
1742380 377
1742390 377
1742400 378
1742410 378
1742420 378
1742430 379
1742440 379
1742450 379
1742460 380
1742470 380
1742480 381
1742490 381
1742500 382
1742510 382
1742520 382
1742530 382
1742540 382
1742550 382
1742560 381
1742570 381
1742580 381
1742590 381
1742600 380
1742610 380
1742620 380
1742630 379
1742640 379
1742650 378
1742660 378
1742670 377
1742680 377
1742690 376
1742700 376
1742710 375
1742720 374
1742730 374
1742740 373
1742750 372
1742760 371
1742770 369
1742780 367
1742790 364
1742800 363
1742810 362
1742820 361
1742830 362
1742840 362
1742850 361
1742860 361
1742870 361
1742880 362
1742890 362
1742900 362
1742910 362
1742920 362
1742930 362
1742940 362
1742950 362
1742960 362
1742970 362
1742980 362
1742990 361
1743000 361
1743010 360
1743020 360
1743030 360
1743040 360
1743050 360
1743060 360
1743070 360
1743080 360
1743090 359
1743100 359
1743110 360
1743120 362
1743130 364
1743140 365
1743150 367
1743160 368
1743170 369
1743180 370
1743190 371
1743200 371
1743210 372
1743220 373
1743230 374
1743240 375
1743250 376
1743260 377
1743270 378
1743280 379
1743290 379
1743300 379
1743310 379
1743320 379
1743330 379
1743340 379
1743350 379
1743360 380
1743370 380
1743380 380
1743390 381
1743400 381
1743410 382
1743420 382
1743430 382
1743440 383
1743450 383
1743460 383
1743470 383
1743480 383
1743490 384
1743500 384
1743510 384
1743520 383
1743530 383
1743540 383
1743550 383
1743560 383
1743570 383
1743580 382
1743590 382
1743600 382
1743610 381
1743620 381
1743630 381
1743640 380
1743650 380
1743660 380
1743670 380
1743680 380
1743690 380
1743700 380
1743710 380
1743720 380
1743730 380
1743740 380
1743750 380
1743760 380
1743770 380
1743780 381
1743790 381
1743800 382
1743810 382
1743820 382
1743830 382
1743840 382
1743850 382
1743860 381
1743870 381
1743880 381
1743890 381
1743900 381
1743910 381
1743920 381
1743930 381
1743940 381
1743950 381
1743960 381
1743970 381
1743980 381
1743990 381
1744000 380
1744010 379
1744020 378
1744030 377
1744040 376
1744050 376
1744060 375
1744070 374
1744080 374
1744090 373
1744100 372
1744110 372
1744120 371
1744130 370
1744140 370
1744150 369
1744160 368
1744170 367
1744180 366
1744190 365
1744200 364
1744210 362
1744220 359
1744230 356
1744240 354
1744250 352
1744260 351
1744270 349
1744280 347
1744290 345
1744300 343
1744310 341
1744320 339
1744330 337
1744340 334
1744350 332
1744360 329
1744370 326
1744380 324
1744390 321
1744400 318
1744410 315
1744420 312
1744430 309
1744440 306
1744450 303
1744460 300
1744470 297
1744480 294
1744490 295
1744500 297
1744510 300
1744520 302
1744530 305
1744540 307
1744550 309
1744560 309
1744570 309
1744580 307
1744590 304
1744600 302
1744610 299
1744620 296
1744630 292
1744640 288
1744650 284
1744660 280
1744670 276
1744680 271
1744690 267
1744700 262
1744710 256
1744720 251
1744730 245
1744740 240
1744750 235
1744760 230
1744770 227
1744780 225
1744790 224
1744800 224
1744810 224
1744820 224
1744830 224
1744840 224
1744850 224
1744860 224
1744870 225
1744880 224
1744890 224
1744900 224
1744910 224
1744920 224
1744930 223
1744940 223
1744950 222
1744960 222
1744970 222
1744980 222
1744990 222
1745000 223
1745010 223
1745020 223
1745030 223
1745040 223
1745050 223
1745060 223
1745070 223
1745080 223
1745090 223
1745100 224
1745110 224
1745120 225
1745130 226
1745140 227
1745150 229
1745160 231
1745170 233
1745180 235
1745190 237
1745200 239
1745210 240
1745220 240
1745230 241
1745240 241
1745250 241
1745260 242
1745270 242
1745280 242
1745290 242
1745300 242
1745310 242
1745320 242
1745330 242
1745340 242
1745350 242
1745360 242
1745370 242
1745380 242
1745390 242
1745400 242
1745410 242
1745420 242
1745430 242
1745440 242
1745450 242
1745460 242
1745470 242
1745480 242
1745490 241
1745500 241
1745510 241
1745520 241
1745530 240
1745540 240
1745550 240
1745560 239
1745570 239
1745580 239
1745590 238
1745600 238
1745610 238
1745620 238
1745630 238
1745640 237
1745650 237
1745660 237
1745670 237
1745680 236
1745690 236
1745700 236
1745710 236
1745720 235
1745730 235
1745740 235
1745750 235
1745760 234
1745770 234
1745780 233
1745790 233
1745800 233
1745810 232
1745820 232
1745830 232
1745840 231
1745850 231
1745860 230
1745870 230
1745880 229
1745890 229
1745900 228
1745910 228
1745920 228
1745930 229
1745940 229
1745950 229
1745960 229
1745970 229
1745980 229
1745990 228
1746000 228
1746010 228
1746020 228
1746030 227
1746040 227
1746050 227
1746060 227
1746070 227
1746080 226
1746090 226
1746100 226
1746110 226
1746120 226
1746130 225
1746140 225
1746150 225
1746160 225
1746170 225
1746180 225
1746190 225
1746200 225
1746210 224
1746220 224
1746230 224
1746240 224
1746250 224
1746260 223
1746270 223
1746280 223
1746290 223
1746300 223
1746310 223
1746320 223
1746330 223
1746340 223
1746350 222
1746360 222
1746370 222
1746380 222
1746390 222
1746400 222
1746410 222
1746420 222
1746430 222
1746440 222
1746450 222
1746460 222
1746470 222
1746480 222
1746490 222
1746500 223
1746510 223
1746520 223
1746530 223
1746540 223
1746550 223
1746560 223
1746570 223
1746580 223
1746590 223
1746600 222
1746610 222
1746620 222
1746630 222
1746640 222
1746650 222
1746660 222
1746670 222
1746680 222
1746690 222
1746700 222
1746710 222
1746720 222
1746730 222
1746740 223
1746750 223
1746760 223
1746770 223
1746780 224
1746790 224
1746800 225
1746810 225
1746820 226
1746830 228
1746840 230
1746850 232
1746860 236
1746870 239
1746880 244
1746890 248
1746900 251
1746910 253
1746920 255
1746930 257
1746940 260
1746950 264
1746960 268
1746970 271
1746980 272
1746990 272
1747000 272
1747010 273
1747020 274
1747030 275
1747040 276
1747050 276
1747060 276
1747070 277
1747080 278
1747090 278
1747100 278
1747110 279
1747120 280
1747130 281
1747140 281
1747150 281
1747160 282
1747170 282
1747180 283
1747190 283
1747200 283
1747210 283
1747220 282
1747230 282
1747240 282
1747250 282
1747260 282
1747270 281
1747280 281
1747290 280
1747300 279
1747310 278
1747320 276
1747330 274
1747340 273
1747350 271
1747360 271
1747370 270
1747380 271
1747390 274
1747400 275
1747410 275
1747420 275
1747430 275
1747440 275
1747450 274
1747460 271
1747470 268
1747480 264
1747490 261
1747500 259
1747510 257
1747520 259
1747530 263
1747540 267
1747550 271
1747560 273
1747570 275
1747580 275
1747590 275
1747600 275
1747610 275
1747620 275
1747630 274
1747640 272
1747650 270
1747660 267
1747670 264
1747680 261
1747690 258
1747700 254
1747710 251
1747720 255
1747730 259
1747740 262
1747750 266
1747760 268
1747770 269
1747780 267
1747790 265
1747800 262
1747810 260
1747820 257
1747830 255
1747840 253
1747850 252
1747860 251
1747870 249
1747880 248
1747890 248
1747900 248
1747910 248
1747920 248
1747930 248
1747940 248
1747950 247
1747960 247
1747970 247
1747980 247
1747990 247
1748000 249
1748010 251
1748020 252
1748030 254
1748040 255
1748050 256
1748060 257
1748070 259
1748080 260
1748090 262
1748100 264
1748110 266
1748120 267
1748130 268
1748140 269
1748150 270
1748160 270
1748170 271
1748180 271
1748190 272
1748200 273
1748210 274
1748220 275
1748230 275
1748240 276
1748250 277
1748260 277
1748270 278
1748280 278
1748290 279
1748300 279
1748310 279
1748320 280
1748330 280
1748340 280
1748350 280
1748360 280
1748370 280
1748380 281
1748390 281
1748400 281
1748410 281
1748420 281
1748430 281
1748440 281
1748450 281
1748460 281
1748470 281
1748480 282
1748490 282
1748500 283
1748510 284
1748520 284
1748530 284
1748540 283
1748550 283
1748560 283
1748570 283
1748580 284
1748590 285
1748600 285
1748610 285
1748620 285
1748630 285
1748640 284
1748650 283
1748660 281
1748670 279
1748680 277
1748690 274
1748700 272
1748710 271
1748720 269
1748730 271
1748740 272
1748750 275
1748760 279
1748770 282
1748780 287
1748790 291
1748800 295
1748810 299
1748820 303
1748830 306
1748840 310
1748850 313
1748860 317
1748870 321
1748880 325
1748890 328
1748900 332
1748910 336
1748920 339
1748930 342
1748940 345
1748950 348
1748960 351
1748970 353
1748980 356
1748990 358
1749000 361
1749010 363
1749020 366
1749030 367
1749040 369
1749050 370
1749060 371
1749070 372
1749080 373
1749090 374
1749100 375
1749110 376
1749120 377
1749130 378
1749140 379
1749150 380
1749160 381
1749170 383
1749180 385
1749190 386
1749200 387
1749210 388
1749220 389
1749230 390
1749240 391
1749250 392
1749260 393
1749270 394
1749280 394
1749290 395
1749300 396
1749310 397
1749320 398
1749330 399
1749340 400
1749350 400
1749360 401
1749370 402
1749380 403
1749390 404
1749400 405
1749410 406
1749420 407
1749430 407
1749440 408
1749450 409
1749460 409
1749470 410
1749480 411
1749490 412
1749500 413
1749510 414
1749520 415
1749530 415
1749540 416
1749550 416
1749560 416
1749570 417
1749580 417
1749590 417
1749600 418
1749610 418
1749620 419
1749630 419
1749640 420
1749650 420
1749660 421
1749670 421
1749680 421
1749690 421
1749700 421
1749710 419
1749720 417
1749730 415
1749740 413
1749750 411
1749760 410
1749770 408
1749780 406
1749790 404
1749800 400
1749810 397
1749820 392
1749830 387
1749840 383
1749850 378
1749860 373
1749870 369
1749880 365
1749890 361
1749900 358
1749910 356
1749920 354
1749930 352
1749940 350
1749950 350
1749960 350
1749970 352
1749980 354
1749990 357
1750000 359
1750010 361
1750020 363
1750030 365
1750040 368
1750050 370
1750060 372
1750070 374
1750080 376
1750090 378
1750100 381
1750110 383
1750120 384
1750130 386
1750140 388
1750150 390
1750160 393
1750170 395
1750180 397
1750190 399
1750200 402
1750210 404
1750220 406
1750230 408
1750240 410
1750250 412
1750260 415
1750270 417
1750280 420
1750290 424
1750300 427
1750310 431
1750320 435
1750330 436
1750340 438
1750350 439
1750360 440
1750370 441
1750380 442
1750390 442
1750400 443
1750410 444
1750420 444
1750430 445
1750440 445
1750450 446
1750460 447
1750470 447
1750480 447
1750490 446
1750500 446
1750510 446
1750520 446
1750530 446
1750540 446
1750550 446
1750560 446
1750570 446
1750580 446
1750590 447
1750600 447
1750610 448
1750620 448
1750630 448
1750640 448
1750650 448
1750660 448
1750670 448
1750680 448
1750690 449
1750700 449
1750710 449
1750720 449
1750730 449
1750740 449
1750750 449
1750760 450
1750770 450
1750780 450
1750790 450
1750800 450
1750810 451
1750820 451
1750830 451
1750840 451
1750850 451
1750860 451
1750870 451
1750880 451
1750890 452
1750900 452
1750910 452
1750920 452
1750930 452
1750940 452
1750950 452
1750960 452
1750970 452
1750980 452
1750990 452
1751000 452
1751010 453
1751020 453
1751030 453
1751040 453
1751050 453
1751060 453
1751070 453
1751080 453
1751090 454
1751100 454
1751110 454
1751120 454
1751130 454
1751140 454
1751150 454
1751160 455
1751170 455
1751180 455
1751190 456
1751200 456
1751210 457
1751220 457
1751230 458
1751240 459
1751250 459
1751260 460
1751270 460
1751280 461
1751290 461
1751300 462
1751310 463
1751320 463
1751330 464
1751340 465
1751350 466
1751360 466
1751370 467
1751380 468
1751390 468
1751400 469
1751410 469
1751420 470
1751430 470
1751440 471
1751450 471
1751460 472
1751470 472
1751480 473
1751490 473
1751500 474
1751510 474
1751520 474
1751530 475
1751540 475
1751550 475
1751560 475
1751570 476
1751580 476
1751590 476
1751600 477
1751610 477
1751620 477
1751630 478
1751640 478
1751650 479
1751660 479
1751670 479
1751680 480
1751690 480
1751700 480
1751710 481
1751720 481
1751730 482
1751740 482
1751750 483
1751760 483
1751770 484
1751780 485
1751790 486
1751800 486
1751810 487
1751820 487
1751830 487
1751840 488
1751850 488
1751860 489
1751870 489
1751880 490
1751890 490
1751900 491
1751910 492
1751920 493
1751930 494
1751940 494
1751950 495
1751960 496
1751970 496
1751980 497
1751990 498
1752000 498
1752010 498
1752020 499
1752030 499
1752040 500
1752050 500
1752060 500
1752070 500
1752080 501
1752090 501
1752100 501
1752110 501
1752120 502
1752130 502
1752140 502
1752150 502
1752160 502
1752170 502
1752180 502
1752190 502
1752200 503
1752210 503
1752220 503
1752230 503
1752240 503
1752250 503
1752260 503
1752270 503
1752280 503
1752290 503
1752300 503
1752310 503
1752320 503
1752330 502
1752340 502
1752350 502
1752360 502
1752370 502
1752380 502
1752390 502
1752400 502
1752410 502
1752420 502
1752430 502
1752440 502
1752450 502
1752460 502
1752470 502
1752480 502
1752490 503
1752500 503
1752510 503
1752520 504
1752530 504
1752540 504
1752550 505
1752560 505
1752570 506
1752580 507
1752590 507
1752600 508
1752610 508
1752620 509
1752630 510
1752640 510
1752650 511
1752660 512
1752670 512
1752680 513
1752690 514
1752700 515
1752710 516
1752720 517
1752730 517
1752740 518
1752750 520
1752760 521
1752770 522
1752780 522
1752790 523
1752800 524
1752810 524
1752820 525
1752830 526
1752840 527
1752850 527
1752860 528
1752870 529
1752880 529
1752890 530
1752900 530
1752910 530
1752920 531
1752930 531
1752940 532
1752950 532
1752960 533
1752970 533
1752980 533
1752990 534
1753000 534
1753010 534
1753020 535
1753030 535
1753040 535
1753050 536
1753060 536
1753070 536
1753080 536
1753090 537
1753100 537
1753110 537
1753120 537
1753130 537
1753140 537
1753150 537
1753160 537
1753170 537
1753180 537
1753190 537
1753200 537
1753210 537
1753220 537
1753230 537
1753240 537
1753250 536
1753260 536
1753270 536
1753280 536
1753290 536
1753300 536
1753310 536
1753320 535
1753330 535
1753340 535
1753350 535
1753360 535
1753370 535
1753380 534
1753390 534
1753400 534
1753410 534
1753420 534
1753430 534
1753440 533
1753450 533
1753460 533
1753470 533
1753480 533
1753490 533
1753500 533
1753510 532
1753520 532
1753530 532
1753540 532
1753550 532
1753560 532
1753570 532
1753580 531
1753590 531
1753600 531
1753610 531
1753620 531
1753630 531
1753640 531
1753650 531
1753660 531
1753670 530
1753680 530
1753690 530
1753700 530
1753710 530
1753720 530
1753730 530
1753740 530
1753750 530
1753760 530
1753770 530
1753780 530
1753790 530
1753800 530
1753810 530
1753820 530
1753830 530
1753840 530
1753850 529
1753860 529
1753870 529
1753880 529
1753890 529
1753900 529
1753910 529
1753920 528
1753930 528
1753940 528
1753950 528
1753960 527
1753970 527
1753980 527
1753990 527
1754000 526
1754010 526
1754020 526
1754030 526
1754040 525
1754050 525
1754060 525
1754070 525
1754080 524
1754090 524
1754100 523
1754110 523
1754120 523
1754130 522
1754140 522
1754150 522
1754160 522
1754170 521
1754180 521
1754190 521
1754200 520
1754210 520
1754220 520
1754230 519
1754240 519
1754250 518
