1754400 508
1754410 507
1754420 507
1754430 506
1754440 506
1754450 505
1754460 504
1754470 503
1754480 502
1754490 502
1754500 501
1754510 500
1754520 499
1754530 499
1754540 498
1754550 497
1754560 496
1754570 495
1754580 494
1754590 494
1754600 493
1754610 492
1754620 491
1754630 490
1754640 490
1754650 489
1754660 488
1754670 487
1754680 486
1754690 486
1754700 485
1754710 484
1754720 483
1754730 482
1754740 481
1754750 481
1754760 480
1754770 479
1754780 478
1754790 477
1754800 477
1754810 476
1754820 475
1754830 474
1754840 473
1754850 472
1754860 471
1754870 470
1754880 469
1754890 468
1754900 467
1754910 466
1754920 465
1754930 464
1754940 463
1754950 462
1754960 461
1754970 460
1754980 459
1754990 458
1755000 456
1755010 455
1755020 454
1755030 453
1755040 452
1755050 451
1755060 450
1755070 448
1755080 447
1755090 446
1755100 445
1755110 444
1755120 443
1755130 441
1755140 440
1755150 439
1755160 438
1755170 437
1755180 436
1755190 436
1755200 436
1755210 438
1755220 439
1755230 440
1755240 440
1755250 441
1755260 442
1755270 444
1755280 445
1755290 446
1755300 448
1755310 449
1755320 449
1755330 449
1755340 449
1755350 449
1755360 448
1755370 448
1755380 448
1755390 448
1755400 447
1755410 447
1755420 447
1755430 446
1755440 446
1755450 446
1755460 445
1755470 445
1755480 444
1755490 444
1755500 444
1755510 443
1755520 443
1755530 442
1755540 442
1755550 442
1755560 441
1755570 441
1755580 440
1755590 440
1755600 439
1755610 439
1755620 438
1755630 438
1755640 438
1755650 437
1755660 437
1755670 436
1755680 436
1755690 435
1755700 435
1755710 435
1755720 435
1755730 434
1755740 434
1755750 434
1755760 433
1755770 433
1755780 432
1755790 432
1755800 431
1755810 431
1755820 430
1755830 430
1755840 429
1755850 428
1755860 427
1755870 426
1755880 425
1755890 423
1755900 423
1755910 423
1755920 423
1755930 423
1755940 422
1755950 422
1755960 421
1755970 421
1755980 421
1755990 420
1756000 420
1756010 419
1756020 419
1756030 418
1756040 418
1756050 417
1756060 417
1756070 416
1756080 416
1756090 416
1756100 416
1756110 415
1756120 415
1756130 415
1756140 415
1756150 414
1756160 414
1756170 413
1756180 413
1756190 412
1756200 412
1756210 411
1756220 411
1756230 410
1756240 410
1756250 409
1756260 409
1756270 409
1756280 408
1756290 407
1756300 407
1756310 406
1756320 406
1756330 405
1756340 405
1756350 404
1756360 403
1756370 401
1756380 400
1756390 399
1756400 399
1756410 398
1756420 397
1756430 396
1756440 395
1756450 394
1756460 393
1756470 392
1756480 392
1756490 391
1756500 390
1756510 389
1756520 389
1756530 389
1756540 389
1756550 389
1756560 388
1756570 388
1756580 387
1756590 386
1756600 385
1756610 385
1756620 384
1756630 383
1756640 383
1756650 382
1756660 382
1756670 381
1756680 381
1756690 381
1756700 381
1756710 381
1756720 380
1756730 380
1756740 380
1756750 380
1756760 379
1756770 379
1756780 379
1756790 379
1756800 379
1756810 380
1756820 380
1756830 381
1756840 381
1756850 382
1756860 383
1756870 384
1756880 384
1756890 384
1756900 384
1756910 385
1756920 385
1756930 385
1756940 386
1756950 386
1756960 386
1756970 386
1756980 386
1756990 386
1757000 387
1757010 387
1757020 388
1757030 388
1757040 388
1757050 388
1757060 389
1757070 389
1757080 389
1757090 390
1757100 390
1757110 390
1757120 390
1757130 390
1757140 390
1757150 390
1757160 390
1757170 389
1757180 389
1757190 389
1757200 389
1757210 388
1757220 388
1757230 388
1757240 388
1757250 388
1757260 388
1757270 389
1757280 389
1757290 389
1757300 389
1757310 389
1757320 389
1757330 389
1757340 389
1757350 389
1757360 389
1757370 389
1757380 389
1757390 389
1757400 389
1757410 389
1757420 389
1757430 389
1757440 389
1757450 389
1757460 389
1757470 389
1757480 389
1757490 389
1757500 389
1757510 389
1757520 389
1757530 389
1757540 389
1757550 389
1757560 389
1757570 389
1757580 389
1757590 389
1757600 389
1757610 389
1757620 389
1757630 389
1757640 389
1757650 388
1757660 388
1757670 388
1757680 388
1757690 387
1757700 387
1757710 387
1757720 387
1757730 386
1757740 386
1757750 386
1757760 386
1757770 385
1757780 385
1757790 385
1757800 385
1757810 384
1757820 384
1757830 384
1757840 384
1757850 383
1757860 383
1757870 383
1757880 382
1757890 382
1757900 382
1757910 381
1757920 381
1757930 381
1757940 381
1757950 380
1757960 380
1757970 380
1757980 380
1757990 379
1758000 379
1758010 379
1758020 379
1758030 378
1758040 378
1758050 378
1758060 378
1758070 378
1758080 377
1758090 377
1758100 377
1758110 377
1758120 377
1758130 376
1758140 376
1758150 376
1758160 376
1758170 375
1758180 375
1758190 375
1758200 375
1758210 375
1758220 374
1758230 374
1758240 374
1758250 374
1758260 373
1758270 373
1758280 373
1758290 373
1758300 372
1758310 372
1758320 372
1758330 372
1758340 371
1758350 371
1758360 371
1758370 371
1758380 371
1758390 370
1758400 370
1758410 370
1758420 369
1758430 369
1758440 369
1758450 368
1758460 368
1758470 368
1758480 367
1758490 367
1758500 367
1758510 367
1758520 366
1758530 366
1758540 366
1758550 366
1758560 366
1758570 366
1758580 365
1758590 365
1758600 365
1758610 364
1758620 364
1758630 364
1758640 363
1758650 363
1758660 363
1758670 363
1758680 362
1758690 362
1758700 361
1758710 361
1758720 360
1758730 359
1758740 359
1758750 358
1758760 357
1758770 356
1758780 355
1758790 355
1758800 354
1758810 353
1758820 352
1758830 351
1758840 350
1758850 349
1758860 348
1758870 347
1758880 346
1758890 345
1758900 344
1758910 343
1758920 342
1758930 341
1758940 340
1758950 339
1758960 338
1758970 337
1758980 337
1758990 337
1759000 337
1759010 336
1759020 336
1759030 335
1759040 335
1759050 334
1759060 334
1759070 333
1759080 333
1759090 332
1759100 332
1759110 331
1759120 331
1759130 330
1759140 330
1759150 329
1759160 329
1759170 329
1759180 328
1759190 328
1759200 328
1759210 328
1759220 328
1759230 327
1759240 327
1759250 327
1759260 326
1759270 326
1759280 326
1759290 325
1759300 325
1759310 325
1759320 324
1759330 324
1759340 324
1759350 324
1759360 324
1759370 323
1759380 323
1759390 323
1759400 322
1759410 322
1759420 322
1759430 321
1759440 321
1759450 321
1759460 320
1759470 320
1759480 320
1759490 320
1759500 319
1759510 319
1759520 319
1759530 319
1759540 319
1759550 319
1759560 319
1759570 319
1759580 319
1759590 319
1759600 320
1759610 320
1759620 320
1759630 320
1759640 320
1759650 320
1759660 319
1759670 319
1759680 319
1759690 319
1759700 319
1759710 319
1759720 318
1759730 318
1759740 318
1759750 318
1759760 318
1759770 318
1759780 318
1759790 318
1759800 318
1759810 318
1759820 318
1759830 318
1759840 318
1759850 318
1759860 318
1759870 318
1759880 319
1759890 319
1759900 319
1759910 319
1759920 319
1759930 319
1759940 319
1759950 319
1759960 319
1759970 319
1759980 319
1759990 319
1740000 337
1740010 336
1740020 335
1740030 334
1740040 332
1740050 331
1740060 330
1740070 329
1740080 328
1740090 327
1740100 326
1740110 325
1740120 324
1740130 322
1740140 321
1740150 320
1740160 318
1740170 317
1740180 314
1740190 312
1740200 310
1740210 308
1740220 306
1740230 304
1740240 303
1740250 302
1740260 301
1740270 301
1740280 301
1740290 301
1740300 302
1740310 302
1740320 302
1740330 303
1740340 303
1740350 303
1740360 303
1740370 302
1740380 302
1740390 302
1740400 301
1740410 301
1740420 301
1740430 300
1740440 300
1740450 301
1740460 301
1740470 303
1740480 305
1740490 307
1740500 309
1740510 310
1740520 311
1740530 312
1740540 313
1740550 314
1740560 315
1740570 316
1740580 317
1740590 318
1740600 319
1740610 321
1740620 322
1740630 323
1740640 324
1740650 325
1740660 326
1740670 327
1740680 328
1740690 329
1740700 330
1740710 330
1740720 331
1740730 332
1740740 333
1740750 333
1740760 334
1740770 334
1740780 335
1740790 335
1740800 335
1740810 334
1740820 333
1740830 331
1740840 329
1740850 327
1740860 325
1740870 323
1740880 321
1740890 319
1740900 316
1740910 314
1740920 311
1740930 308
1740940 305
1740950 302
1740960 299
1740970 296
1740980 293
1740990 291
1741000 290
1741010 289
1741020 289
1741030 289
1741040 289
1741050 289
1741060 289
1741070 289
1741080 289
1741090 289
1741100 289
1741110 289
1741120 290
1741130 291
1741140 293
1741150 295
1741160 297
1741170 300
1741180 302
1741190 305
1741200 308
1741210 311
1741220 314
1741230 317
1741240 320
1741250 322
1741260 325
1741270 328
1741280 331
1741290 334
1741300 337
1741310 339
1741320 340
1741330 341
1741340 342
1741350 343
1741360 344
1741370 345
1741380 345
1741390 345
1741400 346
1741410 346
1741420 346
1741430 346
1741440 345
1741450 346
1741460 345
1741470 344
1741480 345
1741490 344
1741500 343
1741510 341
1741520 340
1741530 338
1741540 337
1741550 335
1741560 334
1741570 332
1741580 331
1741590 332
1741600 331
1741610 331
1741620 330
1741630 329
1741640 329
1741650 329
1741660 329
1741670 331
1741680 334
1741690 337
1741700 339
1741710 342
1741720 343
1741730 343
1741740 343
1741750 342
1741760 341
1741770 341
1741780 342
1741790 343
1741800 345
1741810 347
1741820 348
1741830 349
1741840 351
1741850 353
1741860 354
1741870 355
1741880 356
1741890 357
1741900 357
1741910 358
1741920 358
1741930 358
1741940 358
1741950 358
1741960 358
1741970 358
1741980 358
1741990 359
1742000 359
1742010 360
1742020 360
1742030 361
1742040 361
1742050 361
1742060 362
1742070 362
1742080 362
1742090 363
1742100 363
1742110 364
1742120 364
1742130 364
1742140 365
1742150 365
1742160 365
1742170 365
1742180 366
1742190 366
1742200 366
1742210 367
1742220 367
1742230 368
1742240 369
1742250 369
1742260 369
1742270 370
1742280 371
1742290 371
1742300 372
1742310 373
1742320 373
1742330 374
1742340 374
1742350 375
1742360 376
1742370 376
1742380 377
1742390 378
1742400 379
1742410 379
1742420 379
1742430 380
1742440 380
1742450 380
1742460 380
1742470 380
1742480 380
1742490 380
1742500 380
1742510 380
1742520 380
1742530 380
1742540 380
1742550 380
1742560 381
1742570 381
1742580 381
1742590 381
1742600 381
1742610 381
1742620 381
1742630 381
1742640 381
1742650 381
1742660 380
1742670 380
1742680 380
1742690 379
1742700 379
1742710 379
1742720 379
1742730 378
1742740 378
1742750 378
1742760 377
1742770 377
1742780 377
1742790 377
1742800 376
1742810 376
1742820 376
1742830 376
1742840 375
1742850 375
1742860 375
1742870 375
1742880 375
1742890 375
1742900 375
1742910 375
1742920 375
1742930 375
1742940 375
1742950 375
1742960 375
1742970 375
1742980 376
1742990 376
1743000 376
1743010 376
1743020 376
1743030 376
1743040 377
1743050 377
1743060 377
1743070 376
1743080 376
1743090 376
1743100 376
1743110 376
1743120 376
1743130 376
1743140 376
1743150 376
1743160 377
1743170 377
1743180 377
1743190 377
1743200 377
1743210 377
1743220 377
1743230 378
1743240 378
1743250 378
1743260 378
1743270 378
1743280 378
1743290 378
1743300 379
1743310 379
1743320 379
1743330 379
1743340 379
1743350 379
1743360 379
1743370 379
1743380 379
1743390 379
1743400 379
1743410 379
1743420 379
1743430 379
1743440 379
1743450 379
1743460 379
1743470 379
1743480 379
1743490 379
1743500 379
1743510 379
1743520 379
1743530 378
1743540 378
1743550 378
1743560 378
1743570 378
1743580 378
1743590 378
1743600 378
1743610 378
1743620 377
1743630 377
1743640 377
1743650 377
1743660 377
1743670 377
1743680 377
1743690 376
1743700 376
1743710 376
1743720 376
1743730 376
1743740 376
1743750 376
1743760 376
1743770 376
1743780 376
1743790 375
1743800 375
1743810 375
1743820 376
1743830 375
1743840 375
1743850 375
1743860 375
1743870 375
1743880 375
1743890 374
1743900 374
1743910 374
1743920 374
1743930 374
1743940 374
1743950 374
1743960 375
1743970 375
1743980 376
1743990 376
1744000 376
1744010 376
1744020 376
1744030 376
1744040 376
1744050 376
1744060 375
1744070 375
1744080 374
1744090 373
1744100 373
1744110 372
1744120 371
1744130 370
1744140 370
1744150 369
1744160 368
1744170 368
1744180 367
1744190 367
1744200 366
1744210 365
1744220 364
1744230 363
1744240 362
1744250 361
1744260 360
1744270 359
1744280 358
1744290 357
1744300 354
1744310 350
1744320 346
1744330 341
1744340 337
1744350 333
1744360 329
1744370 326
1744380 323
1744390 318
1744400 314
1744410 310
1744420 306
1744430 303
1744440 299
1744450 295
1744460 290
1744470 285
1744480 281
1744490 277
1744500 272
1744510 268
1744520 265
1744530 263
1744540 266
1744550 267
1744560 268
1744570 269
1744580 269
1744590 269
1744600 267
1744610 264
1744620 260
1744630 254
1744640 247
1744650 241
1744660 235
1744670 230
1744680 228
1744690 226
1744700 225
1744710 225
1744720 225
1744730 225
1744740 225
1744750 224
1744760 224
1744770 224
1744780 224
1744790 224
1744800 223
1744810 222
1744820 222
1744830 222
1744840 223
1744850 223
1744860 224
1744870 224
1744880 224
1744890 224
1744900 224
1744910 224
1744920 224
1744930 224
1744940 224
1744950 225
1744960 225
1744970 225
1744980 224
1744990 225
1745000 227
1745010 230
1745020 233
1745030 235
1745040 236
1745050 238
1745060 239
1745070 239
1745080 240
1745090 240
1745100 241
1745110 241
1745120 241
1745130 241
1745140 241
1745150 241
1745160 241
1745170 241
1745180 241
1745190 241
1745200 241
1745210 241
1745220 241
1745230 241
1745240 241
1745250 241
1745260 242
1745270 242
1745280 242
1745290 243
1745300 243
1745310 243
1745320 243
1745330 243
1745340 243
1745350 243
1745360 244
1745370 244
1745380 244
1745390 244
1745400 245
1745410 245
1745420 245
1745430 245
1745440 245
1745450 245
1745460 245
1745470 245
1745480 245
1745490 246
1745500 246
1745510 247
1745520 247
1745530 247
1745540 247
1745550 247
1745560 247
1745570 248
1745580 247
1745590 247
1745600 248
1745610 248
1745620 248
1745630 248
1745640 248
1745650 248
1745660 248
1745670 248
1745680 248
1745690 248
1745700 248
1745710 248
1745720 248
1745730 248
1745740 249
1745750 249
1745760 248
1745770 248
1745780 248
1745790 248
1745800 248
1745810 248
1745820 248
1745830 248
1745840 248
1745850 248
1745860 248
1745870 249
1745880 249
1745890 249
1745900 249
1745910 248
1745920 248
1745930 248
1745940 248
1745950 248
1745960 248
1745970 248
1745980 248
1745990 248
1746000 248
1746010 248
1746020 246
1746030 244
1746040 241
1746050 241
1746060 243
1746070 247
1746080 248
1746090 248
1746100 248
1746110 248
1746120 247
1746130 246
1746140 245
1746150 244
1746160 244
1746170 243
1746180 243
1746190 242
1746200 242
1746210 242
1746220 242
1746230 242
1746240 241
1746250 241
1746260 240
1746270 240
1746280 240
1746290 240
1746300 240
1746310 240
1746320 241
1746330 241
1746340 240
1746350 240
1746360 239
1746370 239
1746380 240
1746390 239
1746400 239
1746410 237
1746420 235
1746430 233
1746440 232
1746450 233
1746460 235
1746470 238
1746480 241
1746490 244
1746500 246
1746510 248
1746520 249
1746530 250
1746540 250
1746550 250
1746560 250
1746570 251
1746580 252
1746590 252
1746600 252
1746610 252
1746620 252
1746630 251
1746640 252
1746650 252
1746660 253
1746670 254
1746680 255
1746690 256
1746700 257
1746710 259
1746720 261
1746730 262
1746740 262
1746750 263
1746760 263
1746770 263
1746780 264
1746790 265
1746800 266
1746810 266
1746820 266
1746830 264
1746840 263
1746850 261
1746860 259
1746870 258
1746880 262
1746890 265
1746900 268
1746910 270
1746920 273
1746930 275
1746940 278
1746950 279
1746960 281
1746970 282
1746980 282
1746990 283
1747000 283
1747010 283
1747020 284
1747030 285
1747040 285
1747050 286
1747060 286
1747070 287
1747080 287
1747090 287
1747100 288
1747110 289
1747120 289
1747130 290
1747140 290
1747150 290
1747160 290
1747170 290
1747180 290
1747190 289
1747200 289
1747210 289
1747220 289
1747230 288
1747240 287
1747250 286
1747260 285
1747270 285
1747280 285
1747290 286
1747300 286
1747310 286
1747320 286
1747330 285
1747340 285
1747350 285
1747360 284
1747370 284
1747380 284
1747390 284
1747400 284
1747410 283
1747420 282
1747430 281
1747440 281
1747450 279
1747460 276
1747470 274
1747480 274
1747490 276
1747500 278
1747510 280
1747520 282
1747530 283
1747540 284
1747550 285
1747560 285
1747570 285
1747580 285
1747590 286
1747600 286
1747610 286
1747620 286
1747630 286
1747640 285
1747650 285
1747660 284
1747670 283
1747680 280
1747690 278
1747700 276
1747710 274
1747720 272
1747730 270
1747740 267
1747750 268
1747760 272
1747770 275
1747780 278
1747790 281
1747800 283
1747810 284
1747820 285
1747830 285
1747840 285
1747850 286
1747860 287
1747870 287
1747880 287
1747890 287
1747900 286
1747910 286
1747920 286
1747930 285
1747940 284
1747950 283
1747960 281
1747970 280
1747980 279
1747990 279
1748000 278
1748010 277
1748020 276
1748030 274
1748040 273
1748050 272
1748060 272
1748070 271
1748080 270
1748090 270
1748100 269
1748110 267
1748120 266
1748130 265
1748140 264
1748150 263
1748160 263
1748170 263
1748180 263
1748190 263
1748200 262
1748210 262
1748220 261
1748230 261
1748240 261
1748250 261
1748260 261
1748270 261
1748280 260
1748290 260
1748300 261
1748310 262
1748320 263
1748330 263
1748340 262
1748350 262
1748360 262
1748370 263
1748380 263
1748390 264
1748400 264
1748410 264
1748420 264
1748430 264
1748440 264
1748450 264
1748460 264
1748470 264
1748480 264
1748490 264
1748500 264
1748510 263
1748520 262
1748530 262
1748540 265
1748550 267
1748560 268
1748570 270
1748580 271
1748590 272
1748600 273
1748610 274
1748620 274
1748630 273
1748640 273
1748650 274
1748660 275
1748670 276
1748680 277
1748690 277
1748700 278
1748710 280
1748720 283
1748730 284
1748740 285
1748750 287
1748760 288
1748770 289
1748780 290
1748790 291
1748800 292
1748810 293
1748820 295
1748830 297
1748840 299
1748850 302
1748860 304
1748870 306
1748880 309
1748890 311
1748900 313
1748910 315
1748920 317
1748930 320
1748940 323
1748950 326
1748960 329
1748970 331
1748980 334
1748990 336
1749000 339
1749010 341
1749020 343
1749030 346
1749040 348
1749050 350
1749060 352
1749070 354
1749080 357
1749090 359
1749100 362
1749110 365
1749120 369
1749130 372
1749140 374
1749150 376
1749160 378
1749170 380
1749180 382
1749190 383
1749200 385
1749210 386
1749220 387
1749230 388
1749240 390
1749250 391
1749260 392
1749270 393
1749280 394
1749290 394
1749300 395
1749310 396
1749320 397
1749330 398
1749340 399
1749350 400
1749360 401
1749370 402
1749380 403
1749390 404
1749400 405
1749410 406
1749420 407
1749430 408
1749440 408
1749450 409
1749460 410
1749470 410
1749480 411
1749490 411
1749500 412
1749510 412
1749520 413
1749530 413
1749540 413
1749550 414
1749560 414
1749570 415
1749580 415
1749590 415
1749600 415
1749610 414
1749620 414
1749630 414
1749640 414
1749650 414
1749660 414
1749670 413
1749680 413
1749690 412
1749700 409
1749710 406
1749720 402
1749730 399
1749740 396
1749750 393
1749760 391
1749770 388
1749780 386
1749790 384
1749800 382
1749810 380
1749820 378
1749830 376
1749840 375
1749850 373
1749860 372
1749870 370
1749880 369
1749890 368
1749900 367
1749910 365
1749920 364
1749930 363
1749940 362
1749950 361
1749960 360
1749970 357
1749980 355
1749990 354
1750000 354
1750010 355
1750020 358
1750030 359
1750040 361
1750050 363
1750060 367
1750070 371
1750080 375
1750090 378
1750100 381
1750110 384
1750120 387
1750130 390
1750140 392
1750150 395
1750160 398
1750170 400
1750180 403
1750190 405
1750200 407
1750210 409
1750220 412
1750230 414
1750240 416
1750250 418
1750260 420
1750270 422
1750280 424
1750290 426
1750300 428
1750310 429
1750320 431
1750330 432
1750340 433
1750350 434
1750360 435
1750370 436
1750380 437
1750390 438
1750400 439
1750410 440
1750420 441
1750430 441
1750440 442
1750450 443
1750460 443
1750470 444
1750480 444
1750490 445
1750500 445
1750510 445
1750520 446
1750530 446
1750540 446
1750550 446
1750560 446
1750570 446
1750580 446
1750590 446
1750600 446
1750610 446
1750620 446
1750630 445
1750640 445
1750650 445
1750660 445
1750670 445
1750680 445
1750690 445
1750700 445
1750710 445
1750720 444
1750730 444
1750740 444
1750750 444
1750760 444
1750770 444
1750780 444
1750790 444
1750800 444
1750810 444
1750820 444
1750830 444
1750840 444
1750850 444
1750860 444
1750870 444
1750880 444
1750890 445
1750900 445
1750910 445
1750920 445
1750930 446
1750940 446
1750950 446
1750960 446
1750970 446
1750980 446
1750990 446
1751000 446
1751010 446
1751020 447
1751030 447
1751040 447
1751050 447
1751060 447
1751070 447
1751080 447
1751090 448
1751100 448
1751110 449
1751120 449
1751130 450
1751140 450
1751150 451
1751160 451
1751170 451
1751180 452
1751190 452
1751200 453
1751210 453
1751220 453
1751230 454
1751240 454
1751250 454
1751260 455
1751270 455
1751280 456
1751290 456
1751300 457
1751310 457
1751320 458
1751330 458
1751340 458
1751350 459
1751360 459
1751370 460
1751380 461
1751390 461
1751400 462
1751410 462
1751420 462
1751430 463
1751440 463
1751450 463
1751460 463
1751470 463
1751480 463
1751490 464
1751500 464
1751510 464
1751520 464
1751530 464
1751540 464
1751550 463
1751560 463
1751570 463
1751580 463
1751590 463
1751600 463
1751610 463
1751620 463
1751630 464
1751640 464
1751650 464
1751660 465
1751670 465
1751680 465
1751690 466
1751700 466
1751710 467
1751720 467
1751730 468
1751740 468
1751750 469
1751760 470
1751770 471
1751780 472
1751790 473
1751800 474
1751810 475
1751820 475
1751830 476
1751840 478
1751850 479
1751860 480
1751870 481
1751880 482
1751890 483
1751900 484
1751910 485
1751920 486
1751930 487
1751940 488
1751950 489
1751960 489
1751970 490
1751980 490
1751990 491
1752000 491
1752010 492
1752020 493
1752030 493
1752040 494
1752050 494
1752060 495
1752070 495
1752080 496
1752090 496
1752100 497
1752110 497
1752120 498
1752130 498
1752140 499
1752150 499
1752160 500
1752170 500
1752180 501
1752190 501
1752200 501
1752210 502
1752220 502
1752230 502
1752240 503
1752250 503
1752260 503
1752270 503
1752280 503
1752290 503
1752300 503
1752310 503
1752320 503
1752330 503
1752340 503
1752350 503
1752360 503
1752370 503
1752380 503
1752390 504
1752400 504
1752410 504
1752420 504
1752430 504
1752440 505
1752450 505
1752460 505
1752470 505
1752480 506
1752490 506
1752500 506
1752510 507
1752520 507
1752530 508
1752540 508
1752550 509
1752560 509
1752570 510
1752580 510
1752590 510
1752600 511
1752610 512
1752620 512
1752630 513
1752640 513
1752650 514
1752660 514
1752670 515
1752680 515
1752690 516
1752700 517
1752710 517
1752720 517
1752730 518
1752740 519
1752750 519
1752760 520
1752770 520
1752780 521
1752790 522
1752800 522
1752810 523
1752820 524
1752830 525
1752840 526
1752850 526
1752860 527
1752870 527
1752880 528
1752890 528
1752900 529
1752910 529
1752920 530
1752930 530
1752940 531
1752950 531
1752960 531
1752970 532
1752980 532
1752990 532
1753000 533
1753010 533
1753020 533
1753030 534
1753040 534
1753050 534
1753060 534
1753070 534
1753080 534
1753090 534
1753100 535
1753110 535
1753120 535
1753130 535
1753140 535
1753150 535
1753160 535
1753170 535
1753180 535
1753190 536
1753200 536
1753210 536
1753220 536
1753230 536
1753240 536
1753250 536
1753260 536
1753270 536
1753280 536
1753290 536
1753300 536
1753310 536
1753320 536
1753330 535
1753340 535
1753350 535
1753360 535
1753370 535
1753380 535
1753390 536
1753400 536
1753410 535
1753420 535
1753430 535
1753440 534
1753450 534
1753460 534
1753470 534
1753480 534
1753490 534
1753500 534
1753510 534
1753520 534
1753530 533
1753540 533
1753550 533
1753560 533
1753570 533
1753580 533
1753590 533
1753600 533
1753610 532
1753620 532
1753630 532
1753640 532
1753650 532
1753660 532
1753670 532
1753680 532
1753690 532
1753700 532
1753710 532
1753720 532
1753730 532
1753740 532
1753750 532
1753760 532
1753770 531
1753780 531
1753790 531
1753800 531
1753810 531
1753820 531
1753830 531
1753840 530
1753850 530
1753860 530
1753870 530
1753880 530
1753890 529
1753900 529
1753910 529
1753920 529
1753930 529
1753940 528
1753950 528
1753960 528
1753970 528
1753980 527
1753990 527
1754000 527
1754010 526
1754020 526
1754030 526
1754040 525
1754050 525
1754060 525
1754070 525
1754080 524
1754090 524
1754100 524
1754110 524
1754120 523
1754130 523
1754140 522
1754150 522
1754160 521
