1740000 387
1740010 389
1740020 392
1740030 394
1740040 396
1740050 398
1740060 400
1740070 401
1740080 401
1740090 401
1740100 401
1740110 401
1740120 401
1740130 401
1740140 401
1740150 401
1740160 401
1740170 401
1740180 401
1740190 401
1740200 401
1740210 402
1740220 402
1740230 402
1740240 402
1740250 402
1740260 402
1740270 401
1740280 400
1740290 399
1740300 398
1740310 398
1740320 397
1740330 397
1740340 397
1740350 397
1740360 397
1740370 397
1740380 397
1740390 396
1740400 396
1740410 396
1740420 395
1740430 394
1740440 394
1740450 394
1740460 393
1740470 393
1740480 393
1740490 392
1740500 392
1740510 392
1740520 391
1740530 391
1740540 391
1740550 390
1740560 390
1740570 389
1740580 389
1740590 389
1740600 389
1740610 389
1740620 388
1740630 388
1740640 388
1740650 388
1740660 388
1740670 388
1740680 388
1740690 387
1740700 387
1740710 387
1740720 387
1740730 387
1740740 387
1740750 387
1740760 387
1740770 388
1740780 388
1740790 388
1740800 388
1740810 388
1740820 387
1740830 387
1740840 386
1740850 386
1740860 386
1740870 386
1740880 386
1740890 386
1740900 386
1740910 385
1740920 385
1740930 385
1740940 385
1740950 385
1740960 385
1740970 385
1740980 384
1740990 384
1741000 385
1741010 385
1741020 385
1741030 385
1741040 386
1741050 386
1741060 386
1741070 386
1741080 386
1741090 386
1741100 385
1741110 385
1741120 384
1741130 384
1741140 384
1741150 384
1741160 384
1741170 385
1741180 385
1741190 385
1741200 385
1741210 385
1741220 385
1741230 385
1741240 385
1741250 385
1741260 385
1741270 386
1741280 386
1741290 386
1741300 386
1741310 386
1741320 386
1741330 386
1741340 386
1741350 385
1741360 385
1741370 385
1741380 385
1741390 385
1741400 385
1741410 385
1741420 385
1741430 385
1741440 384
1741450 384
1741460 383
1741470 382
1741480 381
1741490 381
1741500 380
1741510 380
1741520 379
1741530 379
1741540 378
1741550 378
1741560 378
1741570 377
1741580 377
1741590 376
1741600 376
1741610 376
1741620 375
1741630 375
1741640 375
1741650 375
1741660 374
1741670 374
1741680 373
1741690 373
1741700 373
1741710 372
1741720 372
1741730 372
1741740 371
1741750 371
1741760 371
1741770 370
1741780 370
1741790 370
1741800 370
1741810 369
1741820 369
1741830 368
1741840 368
1741850 368
1741860 367
1741870 367
1741880 367
1741890 367
1741900 366
1741910 366
1741920 365
1741930 365
1741940 365
1741950 364
1741960 364
1741970 363
1741980 363
1741990 362
1742000 362
1742010 361
1742020 361
1742030 361
1742040 360
1742050 360
1742060 360
1742070 359
1742080 359
1742090 358
1742100 358
1742110 357
1742120 357
1742130 356
1742140 356
1742150 355
1742160 354
1742170 354
1742180 354
1742190 354
1742200 353
1742210 353
1742220 353
1742230 353
1742240 352
1742250 352
1742260 352
1742270 351
1742280 351
1742290 351
1742300 351
1742310 351
1742320 350
1742330 350
1742340 350
1742350 350
1742360 350
1742370 350
1742380 349
1742390 349
1742400 349
1742410 349
1742420 349
1742430 349
1742440 349
1742450 349
1742460 349
1742470 349
1742480 349
1742490 349
1742500 349
1742510 349
1742520 349
1742530 349
1742540 350
1742550 350
1742560 350
1742570 349
1742580 349
1742590 349
1742600 349
1742610 349
1742620 349
1742630 349
1742640 348
1742650 348
1742660 348
1742670 347
1742680 347
1742690 347
1742700 347
1742710 346
1742720 346
1742730 346
1742740 347
1742750 346
1742760 346
1742770 345
1742780 344
1742790 343
1742800 342
1742810 341
1742820 340
1742830 339
1742840 338
1742850 336
1742860 335
1742870 333
1742880 332
1742890 330
1742900 329
1742910 327
1742920 326
1742930 325
1742940 323
1742950 322
1742960 321
1742970 320
1742980 318
1742990 317
1743000 314
1743010 309
1743020 305
1743030 302
1743040 301
1743050 303
1743060 306
1743070 309
1743080 314
1743090 317
1743100 319
1743110 321
1743120 323
1743130 326
1743140 327
1743150 329
1743160 330
1743170 331
1743180 332
1743190 333
1743200 333
1743210 333
1743220 334
1743230 334
1743240 334
1743250 335
1743260 335
1743270 336
1743280 336
1743290 337
1743300 337
1743310 337
1743320 337
1743330 336
1743340 336
1743350 336
1743360 336
1743370 337
1743380 337
1743390 337
1743400 337
1743410 337
1743420 337
1743430 338
1743440 338
1743450 338
1743460 339
1743470 339
1743480 339
1743490 340
1743500 340
1743510 340
1743520 340
1743530 340
1743540 340
1743550 341
1743560 341
1743570 341
1743580 341
1743590 341
1743600 341
1743610 342
1743620 342
1743630 342
1743640 342
1743650 343
1743660 343
1743670 343
1743680 344
1743690 344
1743700 344
1743710 345
1743720 345
1743730 346
1743740 346
1743750 347
1743760 347
1743770 348
1743780 348
1743790 348
1743800 348
1743810 348
1743820 348
1743830 348
1743840 348
1743850 348
1743860 348
1743870 348
1743880 348
1743890 347
1743900 347
1743910 347
1743920 347
1743930 346
1743940 346
1743950 346
1743960 345
1743970 345
1743980 345
1743990 344
1744000 344
1744010 344
1744020 343
1744030 343
1744040 343
1744050 342
1744060 342
1744070 341
1744080 341
1744090 340
1744100 340
1744110 339
1744120 339
1744130 338
1744140 338
1744150 337
1744160 337
1744170 337
1744180 338
1744190 339
1744200 338
1744210 337
1744220 336
1744230 335
1744240 333
1744250 332
1744260 332
1744270 332
1744280 331
1744290 330
1744300 328
1744310 326
1744320 324
1744330 321
1744340 319
1744350 317
1744360 314
1744370 312
1744380 309
1744390 307
1744400 304
1744410 302
1744420 299
1744430 297
1744440 294
1744450 292
1744460 289
1744470 287
1744480 285
1744490 283
1744500 281
1744510 279
1744520 277
1744530 274
1744540 271
1744550 268
1744560 265
1744570 263
1744580 261
1744590 259
1744600 257
1744610 256
1744620 254
1744630 252
1744640 251
1744650 251
1744660 250
1744670 250
1744680 249
1744690 248
1744700 247
1744710 246
1744720 246
1744730 245
1744740 245
1744750 244
1744760 244
1744770 244
1744780 244
1744790 244
1744800 244
1744810 244
1744820 244
1744830 244
1744840 244
1744850 244
1744860 245
1744870 245
1744880 245
1744890 245
1744900 245
1744910 245
1744920 246
1744930 246
1744940 247
1744950 247
1744960 246
1744970 246
1744980 246
1744990 245
1745000 245
1745010 244
1745020 243
1745030 242
1745040 242
1745050 242
1745060 242
1745070 242
1745080 243
1745090 242
1745100 242
1745110 241
1745120 240
1745130 239
1745140 238
1745150 238
1745160 238
1745170 239
1745180 239
1745190 239
1745200 239
1745210 238
1745220 238
1745230 238
1745240 238
1745250 237
1745260 237
1745270 237
1745280 237
1745290 238
1745300 240
1745310 241
1745320 241
1745330 241
1745340 240
1745350 239
1745360 239
1745370 237
1745380 235
1745390 234
1745400 231
1745410 228
1745420 228
1745430 227
1745440 226
1745450 226
1745460 225
1745470 225
1745480 225
1745490 225
1745500 225
1745510 225
1745520 225
1745530 226
1745540 226
1745550 226
1745560 226
1745570 226
1745580 227
1745590 227
1745600 227
1745610 227
1745620 227
1745630 227
1745640 227
1745650 227
1745660 228
1745670 228
1745680 228
1745690 229
1745700 230
1745710 230
1745720 231
1745730 232
1745740 232
1745750 232
1745760 232
1745770 230
1745780 229
1745790 228
1745800 228
1745810 228
1745820 228
1745830 228
1745840 228
1745850 228
1745860 228
1745870 228
1745880 228
1745890 228
1745900 228
1745910 228
1745920 228
1745930 228
1745940 228
1745950 228
1745960 228
1745970 228
1745980 228
1745990 228
1746000 228
1746010 228
1746020 228
1746030 229
1746040 228
1746050 228
1746060 228
1746070 227
1746080 227
1746090 226
1746100 226
1746110 226
1746120 226
1746130 226
1746140 226
1746150 226
1746160 227
1746170 227
1746180 228
1746190 230
1746200 231
1746210 232
1746220 235
1746230 239
1746240 242
1746250 246
1746260 250
1746270 253
1746280 257
1746290 260
1746300 263
1746310 265
1746320 267
1746330 268
1746340 269
1746350 270
1746360 272
1746370 275
1746380 278
1746390 282
1746400 286
1746410 289
1746420 292
1746430 294
1746440 296
1746450 297
1746460 297
1746470 298
1746480 299
1746490 299
1746500 300
1746510 301
1746520 301
1746530 301
1746540 302
1746550 302
1746560 302
1746570 303
1746580 303
1746590 303
1746600 304
1746610 304
1746620 305
1746630 306
1746640 307
1746650 308
1746660 309
1746670 310
1746680 310
1746690 311
1746700 311
1746710 312
1746720 312
1746730 313
1746740 313
1746750 313
1746760 314
1746770 314
1746780 314
1746790 314
1746800 315
1746810 315
1746820 315
1746830 315
1746840 315
1746850 315
1746860 315
1746870 315
1746880 315
1746890 316
1746900 316
1746910 316
1746920 316
1746930 316
1746940 316
1746950 316
1746960 316
1746970 317
1746980 317
1746990 317
1747000 317
1747010 317
1747020 317
1747030 317
1747040 317
1747050 317
1747060 317
1747070 317
1747080 317
1747090 317
1747100 317
1747110 317
1747120 317
1747130 317
1747140 317
1747150 317
1747160 317
1747170 316
1747180 316
1747190 316
1747200 316
1747210 316
1747220 316
1747230 316
1747240 316
1747250 315
1747260 315
1747270 315
1747280 315
1747290 315
1747300 315
1747310 315
1747320 314
1747330 314
1747340 314
1747350 314
1747360 314
1747370 314
1747380 313
1747390 313
1747400 313
1747410 313
1747420 313
1747430 313
1747440 313
1747450 313
1747460 312
1747470 312
1747480 312
1747490 312
1747500 312
1747510 312
1747520 312
1747530 311
1747540 311
1747550 311
1747560 311
1747570 311
1747580 311
1747590 311
1747600 310
1747610 310
1747620 310
1747630 310
1747640 310
1747650 310
1747660 310
1747670 310
1747680 309
1747690 309
1747700 309
1747710 309
1747720 308
1747730 308
1747740 308
1747750 308
1747760 308
1747770 308
1747780 308
1747790 307
1747800 307
1747810 306
1747820 306
1747830 305
1747840 305
1747850 305
1747860 306
1747870 307
1747880 307
1747890 307
1747900 307
1747910 307
1747920 307
1747930 307
1747940 307
1747950 307
1747960 308
1747970 308
1747980 308
1747990 308
1748000 308
1748010 307
1748020 307
1748030 308
1748040 308
1748050 308
1748060 308
1748070 308
1748080 308
1748090 308
1748100 308
1748110 308
1748120 308
1748130 309
1748140 310
1748150 311
1748160 311
1748170 311
1748180 311
1748190 311
1748200 312
1748210 312
1748220 312
1748230 313
1748240 313
1748250 314
1748260 314
1748270 314
1748280 315
1748290 316
1748300 317
1748310 317
1748320 318
1748330 318
1748340 318
1748350 318
1748360 319
1748370 319
1748380 320
1748390 320
1748400 320
1748410 320
1748420 321
1748430 321
1748440 321
1748450 322
1748460 322
1748470 322
1748480 323
1748490 323
1748500 323
1748510 323
1748520 324
1748530 324
1748540 324
1748550 324
1748560 325
1748570 325
1748580 325
1748590 325
1748600 325
1748610 325
1748620 326
1748630 326
1748640 326
1748650 326
1748660 326
1748670 326
1748680 327
1748690 327
1748700 327
1748710 328
1748720 328
1748730 328
1748740 329
1748750 329
1748760 329
1748770 330
1748780 331
1748790 331
1748800 331
1748810 332
1748820 332
1748830 333
1748840 334
1748850 334
1748860 334
1748870 334
1748880 335
1748890 335
1748900 335
1748910 335
1748920 335
1748930 335
1748940 335
1748950 336
1748960 336
1748970 336
1748980 337
1748990 338
1749000 338
1749010 338
1749020 338
1749030 339
1749040 339
1749050 339
1749060 340
1749070 340
1749080 341
1749090 341
1749100 342
1749110 342
1749120 343
1749130 343
1749140 344
1749150 345
1749160 345
1749170 346
1749180 346
1749190 347
1749200 348
1749210 350
1749220 351
1749230 352
1749240 353
1749250 354
1749260 354
1749270 355
1749280 355
1749290 356
1749300 356
1749310 357
1749320 357
1749330 357
1749340 357
1749350 357
1749360 358
1749370 359
1749380 361
1749390 362
1749400 363
1749410 364
1749420 365
1749430 367
1749440 368
1749450 369
1749460 370
1749470 371
1749480 372
1749490 373
1749500 374
1749510 374
1749520 375
1749530 376
1749540 377
1749550 377
1749560 378
1749570 379
1749580 380
1749590 380
1749600 381
1749610 382
1749620 383
1749630 384
1749640 385
1749650 386
1749660 387
1749670 388
1749680 389
1749690 390
1749700 390
1749710 391
1749720 392
1749730 393
1749740 394
1749750 395
1749760 396
1749770 397
1749780 398
1749790 398
1749800 399
1749810 400
1749820 401
1749830 401
1749840 401
1749850 402
1749860 402
1749870 403
1749880 403
1749890 403
1749900 403
1749910 404
1749920 404
1749930 404
1749940 404
1749950 404
1749960 405
1749970 405
1749980 405
1749990 405
1750000 406
1750010 406
1750020 406
1750030 406
1750040 406
1750050 406
1750060 406
1750070 406
1750080 406
1750090 406
1750100 406
1750110 406
1750120 406
1750130 406
1750140 406
1750150 406
1750160 406
1750170 406
1750180 405
1750190 404
1750200 403
1750210 401
1750220 400
1750230 398
1750240 396
1750250 396
1750260 396
1750270 396
1750280 398
1750290 398
1750300 399
1750310 400
1750320 401
1750330 402
1750340 403
1750350 403
1750360 403
1750370 404
1750380 404
1750390 404
1750400 404
1750410 404
1750420 405
1750430 405
1750440 405
1750450 405
1750460 406
1750470 406
1750480 406
1750490 406
1750500 406
1750510 406
1750520 406
1750530 407
1750540 407
1750550 407
1750560 407
1750570 407
1750580 407
1750590 407
1750600 406
1750610 406
1750620 406
1750630 406
1750640 405
1750650 405
1750660 405
1750670 405
1750680 405
1750690 404
1750700 404
1750710 404
1750720 404
1750730 404
1750740 404
1750750 404
1750760 404
1750770 404
1750780 404
1750790 403
1750800 402
1750810 403
1750820 405
1750830 407
1750840 408
1750850 409
1750860 410
1750870 411
1750880 412
1750890 412
1750900 413
1750910 414
1750920 415
1750930 415
1750940 416
1750950 416
1750960 417
1750970 417
1750980 418
1750990 418
1751000 419
1751010 419
1751020 420
1751030 420
1751040 420
1751050 421
1751060 421
1751070 421
1751080 422
1751090 422
1751100 422
1751110 422
1751120 422
1751130 423
1751140 423
1751150 423
1751160 424
1751170 424
1751180 424
1751190 424
1751200 425
1751210 425
1751220 426
1751230 426
1751240 426
1751250 427
1751260 427
1751270 428
1751280 428
1751290 428
1751300 429
1751310 429
1751320 429
1751330 429
1751340 429
1751350 430
1751360 430
1751370 430
1751380 430
1751390 430
1751400 430
1751410 430
1751420 430
1751430 431
1751440 431
1751450 431
1751460 431
1751470 432
1751480 432
1751490 433
1751500 433
1751510 434
1751520 434
1751530 435
1751540 435
1751550 436
1751560 437
1751570 437
1751580 438
1751590 438
1751600 439
1751610 439
1751620 440
1751630 441
1751640 442
1751650 443
1751660 443
1751670 444
1751680 445
1751690 445
1751700 446
1751710 447
1751720 447
1751730 447
1751740 448
1751750 448
1751760 449
1751770 449
1751780 450
1751790 450
1751800 451
1751810 451
1751820 451
1751830 452
1751840 453
1751850 453
1751860 454
1751870 454
1751880 455
1751890 455
1751900 456
1751910 456
1751920 457
1751930 457
1751940 458
1751950 458
1751960 459
1751970 459
1751980 460
1751990 460
1752000 461
1752010 461
1752020 462
1752030 462
1752040 463
1752050 463
1752060 464
1752070 464
1752080 465
1752090 465
1752100 466
1752110 466
1752120 466
1752130 467
1752140 467
1752150 468
1752160 468
1752170 468
1752180 469
1752190 469
1752200 470
1752210 470
1752220 471
1752230 471
1752240 472
1752250 472
1752260 472
1752270 473
1752280 473
1752290 474
1752300 474
1752310 475
1752320 475
1752330 476
1752340 476
1752350 477
1752360 477
1752370 478
1752380 478
1752390 479
1752400 479
1752410 480
1752420 480
1752430 480
1752440 481
1752450 481
1752460 481
1752470 482
1752480 482
1752490 483
1752500 483
1752510 483
1752520 484
1752530 484
1752540 484
1752550 484
1752560 484
1752570 484
1752580 485
1752590 485
1752600 485
1752610 485
1752620 485
1752630 486
1752640 486
1752650 486
1752660 486
1752670 486
1752680 486
1752690 486
1752700 486
1752710 487
1752720 486
1752730 486
1752740 486
1752750 487
1752760 487
1752770 487
1752780 487
1752790 487
1752800 488
1752810 488
1752820 488
1752830 488
1752840 488
1752850 488
1752860 489
1752870 489
1752880 489
1752890 490
1752900 490
1752910 490
1752920 490
1752930 490
1752940 490
1752950 490
1752960 490
1752970 490
1752980 491
1752990 491
1753000 491
1753010 491
1753020 491
1753030 491
1753040 491
1753050 490
1753060 490
1753070 490
1753080 490
1753090 490
1753100 490
1753110 490
1753120 490
1753130 490
1753140 490
1753150 490
1753160 489
