1753170 489
1753180 489
1753190 490
1753200 491
1753210 491
1753220 492
1753230 492
1753240 493
1753250 493
1753260 494
1753270 494
1753280 494
1753290 494
1753300 495
1753310 495
1753320 495
1753330 495
1753340 495
1753350 496
1753360 496
1753370 496
1753380 496
1753390 496
1753400 496
1753410 497
1753420 497
1753430 497
1753440 497
1753450 497
1753460 497
1753470 497
1753480 497
1753490 497
1753500 497
1753510 497
1753520 497
1753530 498
1753540 498
1753550 497
1753560 497
1753570 497
1753580 497
1753590 497
1753600 497
1753610 497
1753620 496
1753630 496
1753640 496
1753650 496
1753660 496
1753670 495
1753680 495
1753690 495
1753700 495
1753710 494
1753720 494
1753730 494
1753740 494
1753750 493
1753760 493
1753770 493
1753780 492
1753790 492
1753800 492
1753810 491
1753820 491
1753830 491
1753840 490
1753850 490
1753860 490
1753870 489
1753880 489
1753890 488
1753900 488
1753910 487
1753920 487
1753930 486
1753940 486
1753950 485
1753960 484
1753970 484
1753980 483
1753990 483
1754000 482
1754010 482
1754020 481
1754030 481
1754040 480
1754050 479
1754060 479
1754070 478
1754080 477
1754090 476
1754100 475
1754110 475
1754120 474
1754130 473
1754140 472
1754150 472
1754160 471
1754170 470
1754180 469
1754190 468
1754200 467
1754210 466
1754220 465
1754230 464
1754240 464
1754250 463
1754260 462
1754270 461
1754280 460
1754290 459
1754300 458
1754310 457
1754320 456
1754330 455
1754340 454
1754350 453
1754360 451
1754370 451
1754380 450
1754390 450
1754400 448
1754410 448
1754420 447
1754430 445
1754440 444
1754450 443
1754460 443
1754470 442
1754480 441
1754490 441
1754500 440
1754510 440
1754520 439
1754530 439
1754540 438
1754550 437
1754560 437
1754570 436
1754580 436
1754590 435
1754600 435
1754610 434
1754620 434
1754630 434
1754640 433
1754650 433
1754660 432
1754670 432
1754680 432
1754690 431
1754700 431
1754710 430
1754720 430
1754730 430
1754740 429
1754750 429
1754760 428
1754770 428
1754780 427
1754790 427
1754800 427
1754810 426
1754820 426
1754830 425
1754840 425
1754850 424
1754860 424
1754870 423
1754880 423
1754890 422
1754900 422
1754910 422
1754920 421
1754930 421
1754940 420
1754950 420
1754960 419
1754970 419
1754980 418
1754990 418
1755000 417
1755010 417
1755020 417
1755030 416
1755040 416
1755050 416
1755060 416
1755070 415
1755080 415
1755090 415
1755100 414
1755110 414
1755120 413
1755130 413
1755140 412
1755150 412
1755160 411
1755170 410
1755180 411
1755190 411
1755200 412
1755210 412
1755220 413
1755230 414
1755240 415
1755250 416
1755260 417
1755270 418
1755280 419
1755290 420
1755300 420
1755310 421
1755320 422
1755330 423
1755340 424
1755350 425
1755360 426
1755370 426
1755380 427
1755390 428
1755400 429
1755410 430
1755420 431
1755430 432
1755440 433
1755450 433
1755460 434
1755470 436
1755480 436
1755490 437
1755500 438
1755510 438
1755520 439
1755530 439
1755540 439
1755550 440
1755560 440
1755570 441
1755580 441
1755590 442
1755600 442
1755610 443
1755620 443
1755630 443
1755640 444
1755650 444
1755660 444
1755670 444
1755680 444
1755690 444
1755700 444
1755710 444
1755720 444
1755730 444
1755740 444
1755750 444
1755760 443
1755770 443
1755780 443
1755790 443
1755800 443
1755810 442
1755820 442
1755830 441
1755840 441
1755850 440
1755860 440
1755870 440
1755880 440
1755890 440
1755900 439
1755910 439
1755920 439
1755930 439
1755940 439
1755950 439
1755960 438
1755970 438
1755980 438
1755990 438
1756000 437
1756010 437
1756020 437
1756030 437
1756040 437
1756050 436
1756060 436
1756070 436
1756080 436
1756090 436
1756100 436
1756110 435
1756120 435
1756130 435
1756140 435
1756150 434
1756160 434
1756170 434
1756180 434
1756190 434
1756200 433
1756210 433
1756220 433
1756230 433
1756240 433
1756250 433
1756260 432
1756270 432
1756280 432
1756290 432
1756300 432
1756310 432
1756320 432
1756330 432
1756340 432
1756350 431
1756360 431
1756370 431
1756380 431
1756390 431
1756400 431
1756410 431
1756420 431
1756430 431
1756440 431
1756450 431
1756460 431
1756470 431
1756480 431
1756490 430
1756500 430
1756510 430
1756520 430
1756530 430
1756540 430
1756550 430
1756560 430
1756570 430
1756580 430
1756590 430
1756600 430
1756610 430
1756620 430
1756630 430
1756640 430
1756650 429
1756660 429
1756670 429
1756680 429
1756690 429
1756700 429
1756710 428
1756720 428
1756730 428
1756740 427
1756750 427
1756760 427
1756770 427
1756780 426
1756790 426
1756800 426
1756810 426
1756820 425
1756830 425
1756840 425
1756850 424
1756860 424
1756870 424
1756880 424
1756890 423
1756900 423
1756910 422
1756920 422
1756930 422
1756940 421
1756950 420
1756960 420
1756970 419
1756980 419
1756990 418
1757000 418
1757010 417
1757020 417
1757030 416
1757040 415
1757050 415
1757060 415
1757070 414
1757080 414
1757090 413
1757100 412
1757110 412
1757120 411
1757130 411
1757140 410
1757150 410
1757160 409
1757170 409
1757180 409
1757190 408
1757200 408
1757210 408
1757220 407
1757230 407
1757240 407
1757250 406
1757260 406
1757270 405
1757280 405
1757290 405
1757300 404
1757310 404
1757320 404
1757330 403
1757340 403
1757350 403
1757360 403
1757370 402
1757380 402
1757390 402
1757400 401
1757410 401
1757420 401
1757430 400
1757440 400
1757450 400
1757460 399
1757470 399
1757480 398
1757490 398
1757500 398
1757510 397
1757520 397
1757530 397
1757540 396
1757550 396
1757560 396
1757570 395
1757580 395
1757590 394
1757600 394
1757610 393
1757620 392
1757630 392
1757640 392
1757650 391
1757660 391
1757670 390
1757680 390
1757690 390
1757700 390
1757710 390
1757720 389
1757730 389
1757740 389
1757750 389
1757760 388
1757770 388
1757780 387
1757790 387
1757800 386
1757810 386
1757820 386
1757830 385
1757840 385
1757850 384
1757860 384
1757870 383
1757880 383
1757890 383
1757900 382
1757910 382
1757920 382
1757930 382
1757940 381
1757950 381
1757960 381
1757970 381
1757980 380
1757990 380
1758000 380
1758010 380
1758020 380
1758030 380
1758040 379
1758050 379
1758060 379
1758070 378
1758080 378
1758090 378
1758100 378
1758110 378
1758120 378
1758130 378
1758140 377
1758150 377
1758160 376
1758170 375
1758180 375
1758190 375
1758200 375
1758210 375
1758220 375
1758230 374
1758240 374
1758250 374
1758260 374
1758270 373
1758280 373
1758290 373
1758300 373
1758310 373
1758320 373
1758330 372
1758340 371
1758350 370
1758360 370
1758370 369
1758380 369
1758390 370
1758400 372
1758410 373
1758420 373
1758430 373
1758440 372
1758450 372
1758460 371
1758470 372
1758480 374
1758490 378
1758500 378
1758510 379
1758520 379
1758530 379
1758540 379
1758550 380
1758560 380
1758570 380
1758580 380
1758590 381
1758600 381
1758610 381
1758620 382
1758630 382
1758640 382
1758650 382
1758660 383
1758670 383
1758680 383
1758690 383
1758700 383
1758710 382
1758720 382
1758730 382
1758740 382
1758750 382
1758760 381
1758770 381
1758780 381
1758790 381
1758800 381
1758810 380
1758820 380
1758830 380
1758840 380
1758850 380
1758860 380
1758870 379
1758880 379
1758890 379
1758900 379
1758910 379
1758920 379
1758930 378
1758940 378
1758950 378
1758960 378
1758970 378
1758980 378
1758990 378
1759000 377
1759010 377
1759020 377
1759030 377
1759040 377
1759050 377
1759060 376
1759070 376
1759080 376
1759090 376
1759100 376
1759110 376
1759120 375
1759130 375
1759140 375
1759150 375
1759160 375
1759170 374
1759180 374
1759190 374
1759200 374
1759210 374
1759220 374
1759230 374
1759240 374
1759250 374
1759260 374
1759270 374
1759280 374
1759290 374
1759300 374
1759310 373
1759320 373
1759330 373
1759340 373
1759350 373
1759360 372
1759370 372
1759380 372
1759390 372
1759400 371
1759410 371
1759420 371
1759430 371
1759440 371
1759450 371
1759460 370
1759470 370
1759480 370
1759490 370
1759500 370
1759510 369
1759520 369
1759530 369
1759540 369
1759550 369
1759560 368
1759570 368
1759580 368
1759590 368
1759600 368
1759610 367
1759620 367
1759630 367
1759640 367
1759650 367
1759660 367
1759670 366
1759680 366
1759690 366
1759700 366
1759710 365
1759720 365
1759730 365
1759740 364
1759750 364
1759760 364
1759770 364
1759780 363
1759790 363
1759800 363
1759810 363
1759820 363
1759830 363
1759840 362
1759850 362
1759860 362
1759870 362
1759880 362
1759890 362
1759900 362
1759910 361
1759920 361
1759930 361
1759940 361
1759950 361
1759960 361
1759970 360
1759980 360
1759990 360
