1740000 406
1740010 406
1740020 407
1740030 408
1740040 408
1740050 409
1740060 409
1740070 409
1740080 410
1740090 410
1740100 410
1740110 410
1740120 410
1740130 410
1740140 410
1740150 409
1740160 409
1740170 409
1740180 408
1740190 408
1740200 408
1740210 407
1740220 407
1740230 407
1740240 407
1740250 407
1740260 407
1740270 407
1740280 407
1740290 407
1740300 407
1740310 407
1740320 407
1740330 407
1740340 406
1740350 406
1740360 406
1740370 405
1740380 405
1740390 405
1740400 404
1740410 404
1740420 403
1740430 403
1740440 403
1740450 403
1740460 402
1740470 402
1740480 402
1740490 402
1740500 402
1740510 402
1740520 402
1740530 402
1740540 401
1740550 401
1740560 401
1740570 401
1740580 400
1740590 400
1740600 399
1740610 399
1740620 398
1740630 398
1740640 398
1740650 397
1740660 397
1740670 396
1740680 396
1740690 396
1740700 396
1740710 396
1740720 395
1740730 395
1740740 394
1740750 394
1740760 393
1740770 393
1740780 393
1740790 392
1740800 392
1740810 392
1740820 391
1740830 391
1740840 391
1740850 391
1740860 391
1740870 390
1740880 390
1740890 390
1740900 389
1740910 389
1740920 388
1740930 388
1740940 388
1740950 387
1740960 386
1740970 386
1740980 385
1740990 385
1741000 385
1741010 385
1741020 385
1741030 385
1741040 384
1741050 383
1741060 383
1741070 382
1741080 382
1741090 381
1741100 381
1741110 381
1741120 380
1741130 380
1741140 380
1741150 379
1741160 379
1741170 379
1741180 378
1741190 378
1741200 378
1741210 377
1741220 377
1741230 377
1741240 377
1741250 377
1741260 377
1741270 377
1741280 377
1741290 376
1741300 376
1741310 376
1741320 375
1741330 375
1741340 375
1741350 374
1741360 374
1741370 374
1741380 373
1741390 373
1741400 373
1741410 373
1741420 372
1741430 372
1741440 371
1741450 371
1741460 371
1741470 370
1741480 370
1741490 369
1741500 369
1741510 368
1741520 368
1741530 367
1741540 367
1741550 366
1741560 365
1741570 364
1741580 363
1741590 362
1741600 361
1741610 359
1741620 358
1741630 356
1741640 354
1741650 352
1741660 350
1741670 348
1741680 347
1741690 345
1741700 343
1741710 340
1741720 337
1741730 333
1741740 333
1741750 332
1741760 333
1741770 333
1741780 334
1741790 336
1741800 337
1741810 337
1741820 338
1741830 339
1741840 340
1741850 343
1741860 346
1741870 348
1741880 351
1741890 353
1741900 354
1741910 356
1741920 357
1741930 358
1741940 359
1741950 360
1741960 361
1741970 361
1741980 362
1741990 362
1742000 362
1742010 363
1742020 363
1742030 363
1742040 364
1742050 364
1742060 364
1742070 364
1742080 365
1742090 365
1742100 365
1742110 365
1742120 365
1742130 365
1742140 365
1742150 366
1742160 366
1742170 366
1742180 366
1742190 366
1742200 366
1742210 367
1742220 367
1742230 367
1742240 367
1742250 367
1742260 367
1742270 366
1742280 366
1742290 366
1742300 366
1742310 366
1742320 366
1742330 366
1742340 366
1742350 366
1742360 365
1742370 365
1742380 365
1742390 365
1742400 365
1742410 365
1742420 364
1742430 364
1742440 364
1742450 363
1742460 363
1742470 363
1742480 362
1742490 362
1742500 362
1742510 361
1742520 361
1742530 360
1742540 360
1742550 360
1742560 359
1742570 359
1742580 358
1742590 358
1742600 358
1742610 357
1742620 357
1742630 357
1742640 356
1742650 356
1742660 356
1742670 356
1742680 356
1742690 355
1742700 355
1742710 355
1742720 355
1742730 355
1742740 355
1742750 354
1742760 354
1742770 354
1742780 354
1742790 353
1742800 353
1742810 353
1742820 353
1742830 353
1742840 352
1742850 352
1742860 352
1742870 352
1742880 352
1742890 352
1742900 352
1742910 352
1742920 351
1742930 351
1742940 351
1742950 350
1742960 350
1742970 350
1742980 350
1742990 350
1743000 349
1743010 349
1743020 349
1743030 349
1743040 348
1743050 348
1743060 347
1743070 347
1743080 347
1743090 347
1743100 346
1743110 346
1743120 346
1743130 345
1743140 345
1743150 345
1743160 345
1743170 345
1743180 344
1743190 344
1743200 344
1743210 344
1743220 344
1743230 344
1743240 343
1743250 343
1743260 343
1743270 343
1743280 343
1743290 343
1743300 342
1743310 342
1743320 342
1743330 342
1743340 341
1743350 341
1743360 340
1743370 340
1743380 340
1743390 340
1743400 340
1743410 340
1743420 340
1743430 340
1743440 340
1743450 340
1743460 340
1743470 340
1743480 340
1743490 340
1743500 339
1743510 338
1743520 337
1743530 336
1743540 334
1743550 333
1743560 331
1743570 328
1743580 325
1743590 322
1743600 318
1743610 314
1743620 310
1743630 306
1743640 303
1743650 299
1743660 296
1743670 293
1743680 291
1743690 289
1743700 288
1743710 287
1743720 286
1743730 285
1743740 285
1743750 284
1743760 283
1743770 281
1743780 280
1743790 279
1743800 278
1743810 277
1743820 276
1743830 275
1743840 274
1743850 273
1743860 273
1743870 272
1743880 271
1743890 271
1743900 270
1743910 270
1743920 269
1743930 269
1743940 268
1743950 268
1743960 267
1743970 267
1743980 266
1743990 266
1744000 265
1744010 265
1744020 265
1744030 264
1744040 264
1744050 263
1744060 263
1744070 263
1744080 262
1744090 262
1744100 261
1744110 260
1744120 259
1744130 258
1744140 257
1744150 258
1744160 259
1744170 260
1744180 260
1744190 259
1744200 259
1744210 259
1744220 258
1744230 258
1744240 258
1744250 257
1744260 257
1744270 257
1744280 256
1744290 256
1744300 256
1744310 255
1744320 255
1744330 255
1744340 254
1744350 254
1744360 254
1744370 253
1744380 253
1744390 252
1744400 252
1744410 252
1744420 251
1744430 251
1744440 251
1744450 250
1744460 250
1744470 250
1744480 250
1744490 250
1744500 248
1744510 245
1744520 241
1744530 238
1744540 235
1744550 233
1744560 232
1744570 232
1744580 232
1744590 233
1744600 233
1744610 234
1744620 234
1744630 233
1744640 234
1744650 234
1744660 234
1744670 234
1744680 234
1744690 234
1744700 234
1744710 235
1744720 236
1744730 236
1744740 236
1744750 236
1744760 236
1744770 237
1744780 239
1744790 243
1744800 248
1744810 252
1744820 255
1744830 257
1744840 259
1744850 259
1744860 260
1744870 260
1744880 260
1744890 260
1744900 259
1744910 259
1744920 259
1744930 259
1744940 259
1744950 258
1744960 258
1744970 258
1744980 258
1744990 258
1745000 258
1745010 257
1745020 257
1745030 257
1745040 257
1745050 256
1745060 256
1745070 256
1745080 256
1745090 255
1745100 255
1745110 255
1745120 255
1745130 255
1745140 255
1745150 255
1745160 255
1745170 254
1745180 254
1745190 254
1745200 254
1745210 254
1745220 254
1745230 254
1745240 253
1745250 253
1745260 253
1745270 252
1745280 252
1745290 252
1745300 252
1745310 252
1745320 252
1745330 252
1745340 252
1745350 252
1745360 252
1745370 251
1745380 251
1745390 251
1745400 251
1745410 251
1745420 251
1745430 251
1745440 251
1745450 251
1745460 250
1745470 250
1745480 250
1745490 250
1745500 250
1745510 250
1745520 249
1745530 249
1745540 249
1745550 249
1745560 249
1745570 249
1745580 248
1745590 248
1745600 248
1745610 248
1745620 248
1745630 248
1745640 247
1745650 247
1745660 247
1745670 247
1745680 247
1745690 247
1745700 247
1745710 247
1745720 246
1745730 246
1745740 246
1745750 246
1745760 246
1745770 245
1745780 245
1745790 244
1745800 244
1745810 244
1745820 244
1745830 244
1745840 244
1745850 244
1745860 244
1745870 244
1745880 243
1745890 243
1745900 243
1745910 242
1745920 242
1745930 242
1745940 241
1745950 241
1745960 240
1745970 239
1745980 237
1745990 236
1746000 235
1746010 235
1746020 235
1746030 235
1746040 235
1746050 236
1746060 237
1746070 238
1746080 239
1746090 240
1746100 243
1746110 245
1746120 248
1746130 251
1746140 254
1746150 257
1746160 260
1746170 263
1746180 264
1746190 264
1746200 264
1746210 264
1746220 265
1746230 266
1746240 268
1746250 268
1746260 268
1746270 268
1746280 269
1746290 269
1746300 270
1746310 270
1746320 270
1746330 271
1746340 271
1746350 271
1746360 271
1746370 272
1746380 272
1746390 273
1746400 273
1746410 274
1746420 274
1746430 275
1746440 275
1746450 276
1746460 276
1746470 277
1746480 278
1746490 279
1746500 280
1746510 280
1746520 281
1746530 282
1746540 283
1746550 284
1746560 285
1746570 286
1746580 286
1746590 287
1746600 288
1746610 289
1746620 290
1746630 291
1746640 292
1746650 292
1746660 293
1746670 293
1746680 294
1746690 294
1746700 295
1746710 295
1746720 296
1746730 296
1746740 297
1746750 298
1746760 298
1746770 299
1746780 299
1746790 300
1746800 300
1746810 301
1746820 301
1746830 302
1746840 302
1746850 302
1746860 303
1746870 303
1746880 303
1746890 303
1746900 303
1746910 303
1746920 303
1746930 303
1746940 303
1746950 303
1746960 303
1746970 303
1746980 303
1746990 303
1747000 303
1747010 303
1747020 303
1747030 303
1747040 303
1747050 302
1747060 302
1747070 302
1747080 302
1747090 302
1747100 302
1747110 303
1747120 303
1747130 303
1747140 303
1747150 303
1747160 303
1747170 304
1747180 304
1747190 304
1747200 304
1747210 305
1747220 305
1747230 305
1747240 305
1747250 305
1747260 305
1747270 306
1747280 306
1747290 306
1747300 306
1747310 306
1747320 306
1747330 306
1747340 307
1747350 307
1747360 307
1747370 307
1747380 308
1747390 308
1747400 308
1747410 308
1747420 309
1747430 309
1747440 309
1747450 309
1747460 309
1747470 310
1747480 310
1747490 310
1747500 311
1747510 311
1747520 311
1747530 312
1747540 312
1747550 312
1747560 312
1747570 313
1747580 313
1747590 314
1747600 314
1747610 314
1747620 315
1747630 315
1747640 315
1747650 315
1747660 315
1747670 315
1747680 316
1747690 316
1747700 317
1747710 317
1747720 318
1747730 318
1747740 318
1747750 318
1747760 318
1747770 318
1747780 318
1747790 319
1747800 319
1747810 319
1747820 319
1747830 319
1747840 319
1747850 319
1747860 319
1747870 319
1747880 319
1747890 319
1747900 319
1747910 318
1747920 318
1747930 318
1747940 318
1747950 318
1747960 318
1747970 318
1747980 317
1747990 317
1748000 317
1748010 317
1748020 316
1748030 316
1748040 316
1748050 316
1748060 315
1748070 314
1748080 314
1748090 313
1748100 312
1748110 311
1748120 310
1748130 308
1748140 306
1748150 303
1748160 300
1748170 300
1748180 300
1748190 300
1748200 299
1748210 297
1748220 295
1748230 296
1748240 297
1748250 297
1748260 293
1748270 293
1748280 295
1748290 298
1748300 299
1748310 299
1748320 299
1748330 299
1748340 299
1748350 299
1748360 299
1748370 298
1748380 297
1748390 297
1748400 296
1748410 294
1748420 293
1748430 291
1748440 290
1748450 290
1748460 291
1748470 293
1748480 294
1748490 294
1748500 294
1748510 294
1748520 294
1748530 293
1748540 293
1748550 291
1748560 291
1748570 291
1748580 293
1748590 293
1748600 293
1748610 293
1748620 293
1748630 294
1748640 294
1748650 294
1748660 294
1748670 294
1748680 294
1748690 294
1748700 295
1748710 295
1748720 295
1748730 295
1748740 295
1748750 295
1748760 295
1748770 295
1748780 295
1748790 295
1748800 295
1748810 295
1748820 296
1748830 296
1748840 296
1748850 295
1748860 295
1748870 295
1748880 295
1748890 295
1748900 295
1748910 295
1748920 295
1748930 295
1748940 295
1748950 295
1748960 296
1748970 296
1748980 296
1748990 297
1749000 297
1749010 297
1749020 298
1749030 298
1749040 298
1749050 298
1749060 298
1749070 299
1749080 299
1749090 299
1749100 300
1749110 300
1749120 300
1749130 300
1749140 300
1749150 300
1749160 300
1749170 300
1749180 300
1749190 301
1749200 301
1749210 301
1749220 302
1749230 302
1749240 303
1749250 303
1749260 303
1749270 303
1749280 304
1749290 304
1749300 304
1749310 304
1749320 304
1749330 304
1749340 304
1749350 304
1749360 305
1749370 305
1749380 306
1749390 306
1749400 307
1749410 307
1749420 307
1749430 308
1749440 308
1749450 308
1749460 309
1749470 309
1749480 310
1749490 310
1749500 311
1749510 311
1749520 312
1749530 313
1749540 314
1749550 315
1749560 316
1749570 318
1749580 319
1749590 320
1749600 322
1749610 324
1749620 326
1749630 329
1749640 331
1749650 333
1749660 335
1749670 337
1749680 340
1749690 342
1749700 344
1749710 346
1749720 348
1749730 350
1749740 352
1749750 353
1749760 354
1749770 355
1749780 356
1749790 357
1749800 357
1749810 358
1749820 359
1749830 360
1749840 361
1749850 362
1749860 362
1749870 363
1749880 364
1749890 365
1749900 365
1749910 366
1749920 367
1749930 368
1749940 369
1749950 370
1749960 371
1749970 372
1749980 373
1749990 374
1750000 375
1750010 375
1750020 375
1750030 374
1750040 371
1750050 369
1750060 366
1750070 363
1750080 360
1750090 358
1750100 355
1750110 353
1750120 352
1750130 350
1750140 349
1750150 349
1750160 351
1750170 354
1750180 356
1750190 358
1750200 360
1750210 362
1750220 364
1750230 366
1750240 368
1750250 370
1750260 373
1750270 375
1750280 379
1750290 382
1750300 385
1750310 387
1750320 389
1750330 390
1750340 391
1750350 392
1750360 393
1750370 394
1750380 394
1750390 395
1750400 395
1750410 396
1750420 396
1750430 397
1750440 397
1750450 397
1750460 397
1750470 398
1750480 398
1750490 398
1750500 399
1750510 399
1750520 399
1750530 400
1750540 400
1750550 400
1750560 401
1750570 401
1750580 402
1750590 402
1750600 402
1750610 403
1750620 403
1750630 404
1750640 404
1750650 405
1750660 405
1750670 406
1750680 406
1750690 407
1750700 407
1750710 408
1750720 408
1750730 409
1750740 409
1750750 410
1750760 410
1750770 411
1750780 411
1750790 412
1750800 412
1750810 413
1750820 413
1750830 414
1750840 414
1750850 415
1750860 415
1750870 415
1750880 416
1750890 416
1750900 417
1750910 417
1750920 417
1750930 418
1750940 418
1750950 419
1750960 419
1750970 419
1750980 420
1750990 420
1751000 420
1751010 420
1751020 420
1751030 420
1751040 420
1751050 420
1751060 420
1751070 420
1751080 420
1751090 420
1751100 420
1751110 420
1751120 420
1751130 420
1751140 420
1751150 420
1751160 420
1751170 420
1751180 419
1751190 419
1751200 419
1751210 419
1751220 419
1751230 419
1751240 419
1751250 419
1751260 419
1751270 419
1751280 419
1751290 419
1751300 418
1751310 418
1751320 419
1751330 419
1751340 419
1751350 419
1751360 419
1751370 420
1751380 420
1751390 420
1751400 420
1751410 420
1751420 420
1751430 421
1751440 421
1751450 422
1751460 422
1751470 422
1751480 423
1751490 423
1751500 423
1751510 424
1751520 424
1751530 424
1751540 425
1751550 425
1751560 425
1751570 425
1751580 426
1751590 426
1751600 427
1751610 427
1751620 428
1751630 428
1751640 428
1751650 428
1751660 429
1751670 429
1751680 429
1751690 430
1751700 430
1751710 431
1751720 431
1751730 431
1751740 432
1751750 433
1751760 434
1751770 435
1751780 436
1751790 437
1751800 437
1751810 438
1751820 438
1751830 438
1751840 438
1751850 439
1751860 440
1751870 441
1751880 444
1751890 445
1751900 446
1751910 445
1751920 445
1751930 445
1751940 445
1751950 445
1751960 445
1751970 445
1751980 445
1751990 445
1752000 445
1752010 445
1752020 445
1752030 445
1752040 445
1752050 444
1752060 444
1752070 444
1752080 444
1752090 443
1752100 443
1752110 443
1752120 443
1752130 442
1752140 441
1752150 440
1752160 438
1752170 436
1752180 435
1752190 435
1752200 438
1752210 440
1752220 443
1752230 445
1752240 447
1752250 448
1752260 449
1752270 449
1752280 450
1752290 450
1752300 451
1752310 451
1752320 452
1752330 452
1752340 453
1752350 453
1752360 453
1752370 453
1752380 454
1752390 454
1752400 455
1752410 455
1752420 456
1752430 456
1752440 456
1752450 457
1752460 457
1752470 457
1752480 458
1752490 458
1752500 458
1752510 459
1752520 459
1752530 460
1752540 460
1752550 461
1752560 461
1752570 462
1752580 462
1752590 463
1752600 463
1752610 463
1752620 464
1752630 464
1752640 465
1752650 465
1752660 466
1752670 467
1752680 467
1752690 468
1752700 468
1752710 468
1752720 469
1752730 469
1752740 469
1752750 470
1752760 470
1752770 470
1752780 470
1752790 471
1752800 471
1752810 471
1752820 471
1752830 471
1752840 471
1752850 471
