1753100 442
1753110 441
1753120 441
1753130 440
1753140 440
1753150 440
1753160 439
1753170 439
1753180 439
1753190 438
1753200 438
1753210 438
1753220 438
1753230 438
1753240 438
1753250 438
1753260 438
1753270 438
1753280 438
1753290 438
1753300 438
1753310 438
1753320 438
1753330 437
1753340 437
1753350 437
1753360 437
1753370 437
1753380 437
1753390 436
1753400 436
1753410 436
1753420 436
1753430 436
1753440 436
1753450 436
1753460 435
1753470 435
1753480 435
1753490 435
1753500 435
1753510 435
1753520 435
1753530 435
1753540 435
1753550 435
1753560 434
1753570 434
1753580 434
1753590 434
1753600 434
1753610 434
1753620 434
1753630 434
1753640 434
1753650 434
1753660 434
1753670 434
1753680 434
1753690 434
1753700 434
1753710 434
1753720 434
1753730 434
1753740 434
1753750 434
1753760 434
1753770 434
1753780 434
1753790 434
1753800 434
1753810 434
1753820 434
1753830 434
1753840 434
1753850 434
1753860 434
1753870 434
1753880 434
1753890 434
1753900 434
1753910 434
1753920 434
1753930 434
1753940 434
1753950 434
1753960 434
1753970 434
1753980 434
1753990 434
1754000 434
1754010 434
1754020 434
1754030 434
1754040 434
1754050 434
1754060 434
1754070 435
1754080 435
1754090 434
1754100 434
1754110 434
1754120 434
1754130 434
1754140 434
1754150 435
1754160 435
1754170 435
1754180 435
1754190 435
1754200 435
1754210 435
1754220 435
1754230 436
1754240 436
1754250 436
1754260 436
1754270 436
1754280 437
1754290 437
1754300 437
1754310 437
1754320 438
1754330 438
1754340 438
1754350 438
1754360 439
1754370 439
1754380 439
1754390 439
1754400 440
1754410 440
1754420 440
1754430 441
1754440 441
1754450 442
1754460 442
1754470 443
1754480 444
1754490 444
1754500 445
1754510 445
1754520 446
1754530 447
1754540 447
1754550 448
1754560 449
1754570 449
1754580 450
1754590 451
1754600 451
1754610 452
1754620 452
1754630 453
1754640 453
1754650 454
1754660 454
1754670 455
1754680 455
1754690 455
1754700 456
1754710 456
1754720 457
1754730 457
1754740 458
1754750 458
1754760 458
1754770 459
1754780 459
1754790 460
1754800 460
1754810 461
1754820 461
1754830 462
1754840 462
1754850 462
1754860 462
1754870 463
1754880 463
1754890 463
1754900 464
1754910 464
1754920 464
1754930 465
1754940 465
1754950 466
1754960 466
1754970 466
1754980 467
1754990 467
1755000 467
1755010 467
1755020 467
1755030 467
1755040 468
1755050 468
1755060 468
1755070 468
1755080 468
1755090 468
1755100 469
1755110 469
1755120 469
1755130 470
1755140 470
1755150 470
1755160 470
1755170 471
1755180 471
1755190 471
1755200 471
1755210 471
1755220 472
1755230 472
1755240 472
1755250 472
1755260 472
1755270 472
1755280 473
1755290 473
1755300 473
1755310 473
1755320 473
1755330 473
1755340 473
1755350 473
1755360 473
1755370 473
1755380 473
1755390 473
1755400 473
1755410 473
1755420 473
1755430 473
1755440 473
1755450 473
1755460 473
1755470 473
1755480 473
1755490 473
1755500 473
1755510 473
1755520 473
1755530 472
1755540 472
1755550 472
1755560 472
1755570 472
1755580 471
1755590 471
1755600 471
1755610 471
1755620 471
1755630 470
1755640 470
1755650 470
1755660 470
1755670 470
1755680 469
1755690 469
1755700 469
1755710 469
1755720 469
1755730 468
1755740 468
1755750 468
1755760 468
1755770 467
1755780 467
1755790 467
1755800 466
1755810 466
1755820 466
1755830 465
1755840 465
1755850 465
1755860 464
1755870 464
1755880 464
1755890 463
1755900 463
1755910 463
1755920 462
1755930 462
1755940 462
1755950 461
1755960 461
1755970 461
1755980 460
1755990 460
1756000 460
1756010 459
1756020 459
1756030 459
1756040 458
1756050 458
1756060 458
1756070 457
1756080 457
1756090 457
1756100 456
1756110 456
1756120 456
1756130 455
1756140 455
1756150 454
1756160 454
1756170 454
1756180 453
1756190 453
1756200 452
1756210 452
1756220 452
1756230 451
1756240 451
1756250 451
1756260 450
1756270 450
1756280 450
1756290 449
1756300 449
1756310 449
1756320 448
1756330 448
1756340 448
1756350 447
1756360 447
1756370 447
1756380 446
1756390 446
1756400 445
1756410 445
1756420 445
1756430 444
1756440 444
1756450 444
1756460 443
1756470 443
1756480 442
1756490 442
1756500 442
1756510 441
1756520 441
1756530 441
1756540 440
1756550 440
1756560 440
1756570 439
1756580 439
1756590 438
1756600 438
1756610 438
1756620 437
1756630 437
1756640 437
1756650 436
1756660 436
1756670 436
1756680 435
1756690 435
1756700 435
1756710 434
1756720 434
1756730 433
1756740 433
1756750 433
1756760 432
1756770 432
1756780 431
1756790 431
1756800 430
1756810 430
1756820 429
1756830 429
1756840 429
1756850 429
1756860 429
1756870 430
1756880 430
1756890 430
1756900 431
1756910 431
1756920 431
1756930 431
1756940 431
1756950 431
1756960 431
1756970 431
1756980 431
1756990 431
1757000 431
1757010 431
1757020 432
1757030 432
1757040 432
1757050 432
1757060 432
1757070 432
1757080 432
1757090 432
1757100 432
1757110 432
1757120 432
1757130 432
1757140 432
1757150 432
1757160 432
1757170 432
1757180 432
1757190 432
1757200 432
1757210 431
1757220 431
1757230 431
1757240 431
1757250 431
1757260 430
1757270 430
1757280 430
1757290 429
1757300 428
1757310 428
1757320 427
1757330 426
1757340 426
1757350 425
1757360 425
1757370 424
1757380 424
1757390 423
1757400 423
1757410 422
1757420 422
1757430 421
1757440 421
1757450 421
1757460 420
1757470 420
1757480 419
1757490 419
1757500 419
1757510 418
1757520 418
1757530 417
1757540 417
1757550 416
1757560 416
1757570 415
1757580 414
1757590 413
1757600 412
1757610 411
1757620 411
1757630 410
1757640 409
1757650 409
1757660 408
1757670 408
1757680 408
1757690 407
1757700 407
1757710 407
1757720 407
1757730 407
1757740 407
1757750 407
1757760 406
1757770 406
1757780 405
1757790 407
1757800 409
1757810 410
1757820 413
1757830 416
1757840 418
1757850 421
1757860 422
1757870 423
1757880 424
1757890 424
1757900 425
1757910 425
1757920 426
1757930 426
1757940 426
1757950 427
1757960 427
1757970 427
1757980 428
1757990 428
1758000 428
1758010 428
1758020 428
1758030 428
1758040 428
1758050 428
1758060 428
1758070 429
1758080 429
1758090 429
1758100 429
1758110 429
1758120 429
1758130 429
1758140 429
1758150 429
1758160 429
1758170 430
1758180 430
1758190 430
1758200 430
1758210 431
1758220 431
1758230 431
1758240 431
1758250 431
1758260 432
1758270 432
1758280 432
1758290 432
1758300 432
1758310 432
1758320 433
1758330 433
1758340 433
1758350 433
1758360 432
1758370 432
1758380 432
1758390 433
1758400 433
1758410 433
1758420 433
1758430 433
1758440 433
1758450 433
1758460 433
1758470 433
1758480 432
1758490 432
1758500 432
1758510 432
1758520 432
1758530 432
1758540 432
1758550 432
1758560 432
1758570 432
1758580 432
1758590 432
1758600 432
1758610 432
1758620 432
1758630 432
1758640 432
1758650 432
1758660 432
1758670 431
1758680 431
1758690 431
1758700 431
1758710 430
1758720 430
1758730 430
1758740 430
1758750 429
1758760 429
1758770 429
1758780 429
1758790 429
1758800 428
1758810 428
1758820 428
1758830 427
1758840 427
1758850 426
1758860 426
1758870 426
1758880 425
1758890 425
1758900 425
1758910 424
1758920 424
1758930 423
1758940 422
1758950 422
1758960 421
1758970 421
1758980 420
1758990 420
1759000 419
1759010 419
1759020 419
1759030 418
1759040 418
1759050 417
1759060 417
1759070 417
1759080 416
1759090 416
1759100 415
1759110 415
1759120 414
1759130 414
1759140 413
1759150 413
1759160 412
1759170 411
1759180 411
1759190 410
1759200 410
1759210 409
1759220 408
1759230 408
1759240 407
1759250 407
1759260 406
1759270 406
1759280 405
1759290 405
1759300 404
1759310 404
1759320 404
1759330 403
1759340 403
1759350 402
1759360 402
1759370 402
1759380 402
1759390 401
1759400 401
1759410 401
1759420 400
1759430 400
1759440 400
1759450 399
1759460 399
1759470 399
1759480 398
1759490 398
1759500 397
1759510 395
1759520 394
1759530 392
1759540 389
1759550 387
1759560 384
1759570 382
1759580 380
1759590 378
1759600 377
1759610 377
1759620 379
1759630 380
1759640 382
1759650 383
1759660 385
1759670 386
1759680 387
1759690 387
1759700 387
1759710 387
1759720 387
1759730 387
1759740 387
1759750 387
1759760 387
1759770 387
1759780 386
1759790 386
1759800 386
1759810 385
1759820 385
1759830 384
1759840 383
1759850 381
1759860 379
1759870 377
1759880 376
1759890 375
1759900 374
1759910 373
1759920 372
1759930 371
1759940 371
1759950 370
1759960 369
1759970 368
1759980 367
1759990 365
1740000 438
1740010 438
1740020 438
1740030 436
1740040 435
1740050 434
1740060 433
1740070 433
1740080 432
1740090 432
1740100 432
1740110 432
1740120 431
1740130 431
1740140 430
1740150 430
1740160 430
1740170 430
1740180 430
1740190 430
1740200 430
1740210 430
1740220 430
1740230 430
1740240 429
1740250 429
1740260 429
1740270 429
1740280 428
1740290 427
1740300 427
1740310 426
1740320 426
1740330 426
1740340 425
1740350 425
1740360 425
1740370 424
1740380 424
1740390 424
1740400 424
1740410 423
1740420 423
1740430 423
1740440 423
1740450 422
1740460 422
1740470 422
1740480 421
1740490 421
1740500 421
1740510 421
1740520 421
1740530 420
1740540 420
1740550 420
1740560 419
1740570 419
1740580 418
1740590 417
1740600 417
1740610 416
1740620 416
1740630 415
1740640 415
1740650 414
1740660 413
1740670 413
1740680 412
1740690 412
1740700 411
1740710 411
1740720 411
1740730 410
1740740 410
1740750 410
1740760 409
1740770 409
1740780 409
1740790 408
1740800 408
1740810 408
1740820 408
1740830 408
1740840 407
1740850 407
1740860 407
1740870 407
1740880 407
1740890 406
1740900 406
1740910 406
1740920 405
1740930 404
1740940 403
1740950 402
1740960 402
1740970 401
1740980 401
1740990 400
1741000 400
1741010 399
1741020 399
1741030 398
1741040 398
1741050 397
1741060 397
1741070 397
1741080 396
1741090 396
1741100 395
1741110 395
1741120 395
1741130 394
1741140 393
1741150 393
1741160 392
1741170 392
1741180 391
1741190 391
1741200 390
1741210 390
1741220 390
1741230 389
1741240 389
1741250 388
1741260 388
1741270 387
1741280 387
1741290 386
1741300 386
1741310 385
1741320 385
1741330 384
1741340 384
1741350 383
1741360 383
1741370 382
1741380 382
1741390 382
1741400 381
1741410 380
1741420 379
1741430 378
1741440 376
1741450 375
1741460 374
1741470 372
1741480 371
1741490 373
1741500 376
1741510 378
1741520 379
1741530 380
1741540 380
1741550 381
1741560 382
1741570 382
1741580 383
1741590 383
1741600 384
1741610 384
1741620 384
1741630 385
1741640 385
1741650 385
1741660 385
1741670 384
1741680 384
1741690 384
1741700 383
1741710 383
1741720 383
1741730 383
1741740 383
1741750 383
1741760 382
1741770 382
1741780 381
1741790 381
1741800 381
1741810 380
1741820 380
1741830 380
1741840 379
1741850 379
1741860 378
1741870 378
1741880 378
1741890 377
1741900 377
1741910 377
1741920 376
1741930 376
1741940 376
1741950 376
1741960 376
1741970 375
1741980 375
1741990 375
1742000 375
1742010 375
1742020 374
1742030 374
1742040 373
1742050 373
1742060 372
1742070 372
1742080 371
1742090 371
1742100 370
1742110 370
1742120 370
1742130 369
1742140 369
1742150 368
1742160 368
1742170 367
1742180 367
1742190 367
1742200 366
1742210 366
1742220 366
1742230 365
1742240 365
1742250 365
1742260 364
1742270 364
1742280 363
1742290 363
1742300 362
1742310 362
1742320 361
1742330 361
1742340 360
1742350 360
1742360 359
1742370 359
1742380 358
1742390 358
1742400 358
1742410 358
1742420 357
1742430 357
1742440 357
1742450 357
1742460 357
1742470 357
1742480 357
1742490 356
1742500 356
1742510 355
1742520 355
1742530 355
1742540 354
1742550 354
1742560 354
1742570 353
1742580 353
1742590 353
1742600 352
1742610 352
1742620 352
1742630 352
1742640 351
1742650 351
1742660 351
1742670 351
1742680 351
1742690 351
1742700 351
1742710 351
1742720 351
1742730 351
1742740 351
1742750 351
1742760 351
1742770 351
1742780 351
1742790 351
1742800 351
1742810 351
1742820 351
1742830 351
1742840 351
1742850 351
1742860 351
1742870 351
1742880 350
1742890 349
1742900 349
1742910 348
1742920 348
1742930 347
1742940 347
1742950 346
1742960 346
1742970 345
1742980 345
1742990 344
1743000 344
1743010 344
1743020 343
1743030 343
1743040 342
1743050 342
1743060 341
1743070 341
1743080 341
1743090 340
1743100 340
1743110 339
1743120 339
1743130 338
1743140 337
1743150 336
1743160 335
1743170 334
1743180 332
1743190 330
1743200 329
1743210 327
1743220 325
1743230 324
1743240 322
1743250 320
1743260 318
1743270 317
1743280 315
1743290 313
1743300 312
1743310 310
1743320 308
1743330 306
1743340 304
1743350 301
1743360 299
1743370 297
1743380 296
1743390 298
1743400 300
1743410 301
1743420 303
1743430 304
1743440 305
1743450 307
1743460 309
1743470 310
1743480 312
1743490 314
1743500 315
1743510 315
1743520 316
1743530 316
1743540 316
1743550 316
1743560 316
1743570 316
1743580 316
1743590 316
1743600 316
1743610 316
1743620 316
1743630 316
1743640 316
1743650 315
1743660 315
1743670 314
1743680 314
1743690 314
1743700 313
1743710 312
1743720 311
1743730 310
1743740 309
1743750 308
1743760 307
1743770 306
1743780 305
1743790 304
1743800 303
1743810 302
1743820 301
1743830 300
1743840 299
1743850 298
1743860 297
1743870 296
1743880 295
1743890 294
1743900 293
1743910 293
1743920 292
1743930 291
1743940 290
1743950 289
1743960 288
1743970 287
1743980 286
1743990 285
1744000 284
1744010 283
1744020 282
1744030 281
1744040 280
1744050 279
1744060 278
1744070 276
1744080 275
1744090 274
1744100 273
1744110 272
1744120 272
1744130 271
1744140 270
1744150 270
1744160 269
1744170 268
1744180 268
1744190 267
1744200 266
1744210 264
1744220 262
1744230 261
1744240 260
1744250 259
1744260 257
1744270 256
1744280 255
1744290 255
1744300 254
1744310 253
1744320 253
1744330 252
1744340 252
1744350 251
1744360 250
1744370 249
1744380 248
1744390 247
1744400 246
1744410 245
1744420 245
1744430 244
1744440 243
1744450 243
1744460 242
1744470 242
1744480 241
1744490 240
1744500 239
1744510 239
1744520 238
1744530 238
1744540 238
1744550 237
1744560 237
1744570 237
1744580 236
1744590 235
1744600 233
1744610 232
1744620 232
1744630 233
1744640 233
1744650 233
1744660 234
1744670 234
1744680 234
1744690 234
1744700 235
1744710 235
1744720 235
1744730 236
1744740 237
1744750 238
1744760 240
1744770 244
1744780 248
1744790 253
1744800 256
1744810 259
1744820 261
1744830 262
1744840 263
1744850 264
1744860 265
1744870 266
1744880 267
1744890 267
1744900 268
1744910 269
1744920 270
1744930 271
1744940 271
1744950 272
1744960 273
1744970 273
1744980 274
1744990 275
1745000 276
1745010 277
1745020 278
1745030 279
1745040 279
1745050 280
1745060 280
1745070 281
1745080 281
1745090 282
1745100 282
1745110 282
1745120 283
1745130 283
1745140 283
1745150 283
1745160 284
1745170 284
1745180 284
1745190 284
1745200 283
1745210 283
1745220 283
1745230 283
1745240 282
1745250 282
1745260 281
1745270 281
1745280 280
1745290 280
1745300 279
1745310 279
1745320 278
1745330 278
1745340 278
1745350 278
1745360 278
1745370 278
1745380 278
1745390 278
1745400 278
1745410 278
1745420 279
1745430 279
1745440 279
1745450 280
1745460 280
1745470 280
1745480 281
1745490 281
1745500 282
1745510 282
1745520 283
1745530 283
1745540 284
1745550 284
1745560 285
1745570 285
1745580 285
1745590 285
1745600 286
1745610 286
1745620 286
1745630 286
1745640 286
1745650 286
1745660 286
1745670 286
1745680 286
1745690 286
1745700 286
1745710 287
1745720 287
1745730 287
1745740 287
1745750 287
1745760 288
1745770 288
1745780 289
1745790 289
1745800 290
1745810 290
1745820 290
1745830 290
1745840 290
1745850 291
1745860 291
1745870 291
1745880 291
1745890 291
1745900 291
1745910 291
1745920 291
1745930 291
1745940 291
1745950 291
1745960 291
1745970 291
1745980 291
1745990 291
1746000 291
1746010 291
1746020 291
1746030 291
1746040 291
1746050 291
1746060 291
1746070 291
1746080 291
1746090 291
1746100 291
1746110 291
1746120 291
1746130 291
1746140 291
1746150 291
1746160 291
1746170 291
1746180 290
1746190 290
1746200 290
1746210 290
1746220 289
1746230 289
1746240 289
1746250 289
1746260 289
1746270 289
1746280 289
1746290 289
1746300 289
1746310 289
1746320 289
1746330 289
1746340 289
1746350 289
1746360 289
1746370 289
1746380 289
1746390 289
1746400 288
1746410 288
1746420 288
1746430 288
1746440 288
1746450 288
1746460 289
1746470 290
1746480 291
1746490 292
1746500 292
1746510 293
1746520 293
1746530 294
1746540 294
1746550 295
1746560 295
1746570 295
1746580 296
1746590 296
1746600 297
1746610 298
1746620 298
1746630 298
1746640 299
1746650 299
1746660 300
1746670 300
1746680 300
1746690 300
1746700 301
1746710 301
1746720 302
1746730 302
1746740 302
1746750 303
1746760 303
1746770 303
1746780 304
1746790 305
1746800 305
1746810 306
1746820 306
1746830 306
1746840 307
1746850 307
1746860 307
1746870 307
1746880 308
1746890 309
1746900 309
1746910 310
1746920 310
1746930 311
1746940 311
1746950 311
1746960 312
1746970 312
1746980 313
1746990 313
1747000 314
1747010 314
1747020 315
1747030 315
1747040 316
1747050 316
1747060 317
1747070 317
1747080 318
1747090 318
1747100 319
1747110 320
1747120 320
1747130 321
1747140 321
1747150 322
1747160 323
1747170 324
1747180 324
1747190 325
1747200 326
1747210 326
1747220 327
1747230 327
1747240 327
1747250 328
1747260 328
1747270 328
1747280 329
1747290 329
1747300 329
1747310 329
1747320 329
1747330 329
1747340 329
1747350 329
1747360 329
1747370 330
1747380 330
1747390 330
1747400 330
1747410 330
1747420 330
1747430 330
1747440 330
1747450 331
1747460 331
1747470 331
1747480 331
1747490 331
1747500 331
1747510 332
1747520 332
1747530 332
1747540 332
1747550 332
1747560 332
1747570 332
1747580 332
1747590 332
1747600 332
1747610 332
1747620 332
1747630 332
1747640 332
1747650 332
1747660 332
1747670 333
1747680 333
1747690 333
1747700 332
1747710 332
1747720 332
1747730 332
1747740 332
1747750 332
1747760 332
1747770 332
1747780 332
1747790 332
1747800 332
1747810 332
1747820 332
1747830 332
1747840 332
1747850 332
1747860 332
1747870 332
1747880 332
1747890 332
1747900 332
1747910 332
1747920 332
1747930 332
1747940 332
1747950 332
1747960 332
1747970 332
1747980 332
1747990 332
1748000 332
1748010 332
1748020 332
1748030 332
1748040 332
1748050 332
1748060 332
1748070 332
1748080 332
1748090 332
1748100 332
1748110 332
1748120 332
1748130 332
1748140 332
1748150 332
1748160 332
1748170 332
1748180 333
1748190 333
1748200 333
1748210 333
1748220 333
1748230 333
1748240 333
1748250 333
1748260 333
1748270 333
1748280 333
1748290 333
1748300 333
1748310 333
1748320 333
1748330 334
1748340 334
1748350 334
1748360 333
1748370 334
1748380 334
1748390 334
1748400 334
1748410 334
1748420 334
1748430 334
1748440 334
1748450 334
1748460 334
1748470 334
1748480 334
1748490 334
1748500 334
1748510 334
1748520 334
1748530 334
1748540 334
1748550 334
1748560 334
1748570 334
1748580 334
1748590 334
1748600 334
1748610 334
1748620 334
1748630 334
1748640 334
1748650 334
1748660 334
1748670 334
1748680 334
1748690 334
1748700 334
1748710 334
1748720 334
1748730 334
1748740 334
1748750 334
1748760 334
1748770 334
1748780 334
1748790 334
1748800 334
1748810 334
1748820 334
1748830 334
1748840 334
1748850 334
1748860 334
1748870 334
1748880 334
1748890 334
1748900 334
1748910 334
1748920 333
1748930 333
1748940 333
1748950 333
1748960 333
1748970 333
1748980 333
1748990 333
1749000 333
1749010 333
1749020 333
1749030 333
1749040 333
1749050 333
1749060 333
1749070 333
1749080 333
1749090 333
1749100 333
1749110 333
1749120 334
1749130 334
1749140 334
1749150 333
1749160 334
1749170 334
1749180 334
1749190 334
1749200 334
1749210 334
1749220 334
1749230 334
1749240 334
1749250 334
1749260 334
1749270 334
1749280 334
1749290 334
1749300 335
1749310 335
1749320 335
1749330 335
1749340 335
1749350 335
1749360 335
1749370 335
1749380 335
1749390 335
1749400 335
1749410 335
1749420 336
1749430 336
1749440 336
1749450 336
1749460 336
1749470 336
1749480 337
1749490 337
1749500 337
1749510 337
1749520 337
1749530 337
1749540 338
1749550 338
1749560 338
1749570 338
1749580 339
1749590 339
1749600 339
1749610 339
1749620 340
1749630 340
1749640 340
1749650 341
1749660 341
1749670 341
1749680 341
1749690 342
1749700 342
1749710 342
1749720 343
1749730 343
1749740 343
1749750 344
1749760 344
1749770 345
1749780 345
1749790 345
1749800 345
1749810 346
1749820 346
1749830 346
1749840 347
1749850 347
1749860 347
1749870 347
1749880 348
1749890 348
1749900 348
1749910 349
1749920 349
1749930 350
1749940 350
1749950 351
1749960 351
1749970 352
1749980 352
1749990 352
1750000 353
1750010 353
1750020 354
1750030 354
1750040 355
1750050 355
1750060 356
1750070 357
1750080 357
1750090 358
1750100 358
1750110 359
1750120 360
1750130 360
1750140 361
1750150 361
1750160 362
1750170 362
1750180 363
1750190 363
1750200 363
1750210 364
1750220 364
1750230 365
1750240 365
1750250 366
1750260 366
1750270 367
1750280 367
1750290 368
1750300 369
1750310 370
1750320 370
1750330 371
1750340 371
1750350 371
1750360 371
1750370 371
1750380 371
1750390 372
1750400 373
1750410 375
1750420 377
1750430 378
1750440 379
1750450 379
1750460 380
1750470 380
1750480 381
1750490 381
1750500 382
1750510 382
1750520 383
1750530 383
1750540 384
1750550 384
1750560 385
1750570 385
1750580 386
1750590 386
1750600 386
1750610 387
1750620 388
1750630 388
1750640 389
1750650 389
1750660 390
1750670 391
1750680 391
1750690 392
1750700 393
1750710 393
1750720 394
1750730 395
1750740 395
1750750 396
1750760 396
1750770 397
1750780 397
1750790 398
1750800 399
1750810 399
1750820 400
1750830 400
1750840 401
1750850 401
1750860 402
1750870 402
1750880 402
1750890 403
1750900 403
1750910 404
1750920 404
1750930 405
1750940 405
1750950 406
1750960 406
1750970 407
1750980 407
1750990 408
1751000 408
1751010 409
1751020 409
1751030 410
1751040 410
1751050 411
1751060 411
1751070 412
1751080 412
1751090 413
1751100 413
1751110 414
1751120 414
1751130 415
1751140 416
1751150 416
1751160 416
1751170 417
1751180 417
1751190 417
1751200 418
1751210 418
1751220 418
1751230 418
1751240 419
1751250 419
1751260 419
1751270 419
1751280 419
1751290 420
1751300 420
1751310 420
1751320 420
1751330 420
1751340 420
1751350 420
1751360 420
1751370 420
1751380 420
1751390 421
1751400 421
1751410 421
1751420 421
1751430 421
1751440 421
1751450 421
1751460 421
1751470 422
1751480 422
1751490 422
1751500 422
1751510 422
1751520 422
1751530 422
1751540 423
1751550 423
1751560 423
1751570 423
1751580 423
1751590 423
1751600 424
1751610 424
1751620 424
1751630 424
1751640 424
1751650 424
1751660 424
1751670 424
1751680 425
1751690 425
1751700 425
1751710 425
1751720 425
1751730 425
1751740 425
1751750 425
1751760 425
1751770 426
1751780 426
1751790 426
1751800 426
1751810 426
1751820 427
1751830 427
1751840 427
1751850 427
1751860 427
1751870 428
1751880 428
1751890 428
1751900 429
1751910 429
1751920 429
1751930 430
1751940 430
1751950 431
1751960 431
1751970 431
1751980 432
1751990 433
1752000 433
1752010 434
1752020 434
1752030 434
1752040 434
1752050 434
1752060 434
1752070 434
1752080 435
1752090 435
1752100 435
1752110 435
1752120 435
1752130 435
1752140 435
1752150 435
1752160 436
1752170 436
1752180 436
1752190 436
1752200 436
1752210 436
1752220 436
1752230 437
1752240 437
1752250 437
1752260 437
1752270 437
1752280 438
1752290 438
1752300 438
1752310 439
1752320 439
1752330 439
1752340 440
1752350 440
1752360 440
1752370 440
1752380 441
1752390 441
1752400 441
1752410 441
1752420 441
1752430 441
1752440 441
1752450 441
1752460 441
1752470 441
1752480 441
1752490 441
1752500 441
1752510 441
1752520 442
1752530 442
1752540 442
1752550 442
1752560 442
1752570 442
1752580 443
1752590 443
1752600 443
1752610 443
1752620 443
1752630 443
1752640 444
1752650 444
1752660 444
1752670 444
1752680 444
1752690 445
1752700 445
1752710 445
1752720 445
1752730 446
1752740 446
1752750 446
1752760 447
1752770 447
1752780 447
1752790 447
1752800 447
1752810 447
1752820 447
1752830 447
1752840 447
1752850 447
1752860 447
1752870 447
1752880 447
1752890 446
1752900 446
1752910 446
1752920 446
1752930 446
1752940 446
1752950 445
1752960 445
1752970 445
1752980 445
1752990 444
1753000 444
1753010 444
