1753090 446
1753100 446
1753110 445
1753120 445
1753130 444
1753140 444
1753150 443
1753160 443
1753170 442
1753180 442
1753190 441
1753200 441
1753210 441
1753220 441
1753230 441
1753240 441
1753250 440
1753260 440
1753270 440
1753280 440
1753290 440
1753300 440
1753310 439
1753320 439
1753330 439
1753340 439
1753350 439
1753360 439
1753370 439
1753380 438
1753390 438
1753400 438
1753410 438
1753420 438
1753430 438
1753440 438
1753450 437
1753460 437
1753470 437
1753480 437
1753490 437
1753500 437
1753510 437
1753520 437
1753530 436
1753540 436
1753550 436
1753560 436
1753570 436
1753580 436
1753590 436
1753600 436
1753610 435
1753620 435
1753630 435
1753640 435
1753650 435
1753660 435
1753670 435
1753680 435
1753690 435
1753700 435
1753710 435
1753720 435
1753730 435
1753740 435
1753750 435
1753760 435
1753770 435
1753780 435
1753790 435
1753800 435
1753810 435
1753820 435
1753830 435
1753840 434
1753850 434
1753860 434
1753870 434
1753880 434
1753890 434
1753900 434
1753910 434
1753920 434
1753930 434
1753940 434
1753950 434
1753960 434
1753970 434
1753980 434
1753990 434
1754000 434
1754010 434
1754020 434
1754030 434
1754040 435
1754050 435
1754060 435
1754070 435
1754080 435
1754090 435
1754100 435
1754110 434
1754120 434
1754130 434
1754140 434
1754150 433
1754160 433
1754170 434
1754180 435
1754190 435
1754200 435
1754210 435
1754220 435
1754230 435
1754240 435
1754250 436
1754260 436
1754270 436
1754280 436
1754290 436
1754300 436
1754310 437
1754320 437
1754330 437
1754340 437
1754350 437
1754360 438
1754370 438
1754380 438
1754390 438
1754400 439
1754410 439
1754420 439
1754430 439
1754440 440
1754450 440
1754460 440
1754470 441
1754480 441
1754490 442
1754500 442
1754510 443
1754520 444
1754530 444
1754540 444
1754550 445
1754560 445
1754570 446
1754580 446
1754590 447
1754600 447
1754610 448
1754620 448
1754630 449
1754640 449
1754650 450
1754660 450
1754670 451
1754680 451
1754690 452
1754700 452
1754710 453
1754720 453
1754730 454
1754740 454
1754750 455
1754760 455
1754770 456
1754780 456
1754790 457
1754800 457
1754810 457
1754820 458
1754830 458
1754840 459
1754850 459
1754860 459
1754870 459
1754880 460
1754890 460
1754900 460
1754910 461
1754920 461
1754930 461
1754940 462
1754950 462
1754960 462
1754970 462
1754980 463
1754990 463
1755000 464
1755010 464
1755020 465
1755030 466
1755040 466
1755050 466
1755060 466
1755070 466
1755080 466
1755090 467
1755100 467
1755110 467
1755120 468
1755130 468
1755140 468
1755150 469
1755160 469
1755170 469
1755180 469
1755190 470
1755200 470
1755210 470
1755220 470
1755230 471
1755240 471
1755250 471
1755260 471
1755270 471
1755280 472
1755290 472
1755300 472
1755310 472
1755320 472
1755330 472
1755340 472
1755350 473
1755360 473
1755370 473
1755380 473
1755390 473
1755400 473
1755410 473
1755420 473
1755430 473
1755440 473
1755450 473
1755460 473
1755470 473
1755480 473
1755490 473
1755500 473
1755510 472
1755520 472
1755530 472
1755540 472
1755550 472
1755560 472
1755570 472
1755580 471
1755590 471
1755600 471
1755610 471
1755620 471
1755630 471
1755640 470
1755650 470
1755660 470
1755670 470
1755680 470
1755690 470
1755700 469
1755710 469
1755720 469
1755730 469
1755740 469
1755750 468
1755760 468
1755770 468
1755780 468
1755790 467
1755800 467
1755810 467
1755820 466
1755830 466
1755840 465
1755850 465
1755860 465
1755870 464
1755880 464
1755890 464
1755900 463
1755910 463
1755920 462
1755930 462
1755940 462
1755950 461
1755960 461
1755970 461
1755980 460
1755990 460
1756000 460
1756010 459
1756020 459
1756030 459
1756040 459
1756050 458
1756060 458
1756070 458
1756080 457
1756090 457
1756100 457
1756110 456
1756120 456
1756130 456
1756140 455
1756150 455
1756160 455
1756170 454
1756180 454
1756190 454
1756200 453
1756210 453
1756220 452
1756230 452
1756240 452
1756250 452
1756260 451
1756270 451
1756280 451
1756290 450
1756300 450
1756310 450
1756320 449
1756330 449
1756340 449
1756350 448
1756360 448
1756370 448
1756380 447
1756390 447
1756400 446
1756410 446
1756420 446
1756430 445
1756440 445
1756450 444
1756460 444
1756470 443
1756480 443
1756490 443
1756500 442
1756510 442
1756520 441
1756530 441
1756540 441
1756550 440
1756560 440
1756570 440
1756580 439
1756590 439
1756600 439
1756610 438
1756620 438
1756630 437
1756640 437
1756650 437
1756660 436
1756670 436
1756680 436
1756690 435
1756700 435
1756710 434
1756720 434
1756730 434
1756740 434
1756750 433
1756760 433
1756770 433
1756780 433
1756790 432
1756800 432
1756810 431
1756820 431
1756830 430
1756840 429
1756850 429
1756860 428
1756870 427
1756880 427
1756890 427
1756900 427
1756910 427
1756920 427
1756930 427
1756940 427
1756950 427
1756960 427
1756970 427
1756980 427
1756990 428
1757000 428
1757010 428
1757020 429
1757030 429
1757040 429
1757050 430
1757060 430
1757070 430
1757080 430
1757090 431
1757100 431
1757110 431
1757120 432
1757130 432
1757140 432
1757150 432
1757160 432
1757170 433
1757180 433
1757190 433
1757200 433
1757210 432
1757220 432
1757230 432
1757240 432
1757250 432
1757260 432
1757270 431
1757280 431
1757290 430
1757300 430
1757310 429
1757320 428
1757330 427
1757340 427
1757350 426
1757360 425
1757370 425
1757380 424
1757390 424
1757400 423
1757410 422
1757420 422
1757430 421
1757440 421
1757450 420
1757460 419
1757470 419
1757480 418
1757490 418
1757500 417
1757510 417
1757520 417
1757530 416
1757540 416
1757550 416
1757560 415
1757570 415
1757580 414
1757590 414
1757600 413
1757610 412
1757620 411
1757630 410
1757640 410
1757650 409
1757660 408
1757670 408
1757680 407
1757690 407
1757700 406
1757710 406
1757720 406
1757730 406
1757740 406
1757750 405
1757760 405
1757770 405
1757780 407
1757790 411
1757800 415
1757810 418
1757820 422
1757830 424
1757840 425
1757850 426
1757860 426
1757870 426
1757880 427
1757890 427
1757900 427
1757910 427
1757920 427
1757930 427
1757940 427
1757950 427
1757960 428
1757970 428
1757980 428
1757990 428
1758000 428
1758010 428
1758020 428
1758030 428
1758040 428
1758050 428
1758060 428
1758070 428
1758080 428
1758090 428
1758100 428
1758110 428
1758120 428
1758130 428
1758140 428
1758150 428
1758160 428
1758170 429
1758180 429
1758190 429
1758200 429
1758210 430
1758220 430
1758230 430
1758240 430
1758250 430
1758260 430
1758270 431
1758280 431
1758290 431
1758300 431
1758310 431
1758320 431
1758330 431
1758340 431
1758350 431
1758360 431
1758370 431
1758380 431
1758390 431
1758400 431
1758410 431
1758420 431
1758430 431
1758440 431
1758450 431
1758460 431
1758470 431
1758480 431
1758490 431
1758500 431
1758510 431
1758520 431
1758530 431
1758540 430
1758550 430
1758560 430
1758570 430
1758580 430
1758590 430
1758600 430
1758610 430
1758620 430
1758630 430
1758640 429
1758650 429
1758660 429
1758670 429
1758680 429
1758690 429
1758700 429
1758710 429
1758720 429
1758730 428
1758740 428
1758750 428
1758760 428
1758770 427
1758780 427
1758790 427
1758800 426
1758810 426
1758820 425
1758830 425
1758840 425
1758850 424
1758860 424
1758870 424
1758880 423
1758890 423
1758900 423
1758910 422
1758920 422
1758930 421
1758940 421
1758950 420
1758960 420
1758970 419
1758980 419
1758990 418
1759000 418
1759010 417
1759020 417
1759030 417
1759040 416
1759050 416
1759060 415
1759070 415
1759080 414
1759090 414
1759100 414
1759110 413
1759120 413
1759130 412
1759140 412
1759150 411
1759160 411
1759170 410
1759180 410
1759190 409
1759200 409
1759210 408
1759220 407
1759230 407
1759240 406
1759250 406
1759260 405
1759270 405
1759280 404
1759290 404
1759300 403
1759310 403
1759320 402
1759330 402
1759340 401
1759350 401
1759360 400
1759370 400
1759380 400
1759390 400
1759400 399
1759410 399
1759420 399
1759430 398
1759440 398
1759450 398
1759460 398
1759470 397
1759480 397
1759490 396
1759500 396
1759510 396
1759520 395
1759530 395
1759540 394
1759550 393
1759560 392
1759570 390
1759580 387
1759590 385
1759600 382
1759610 380
1759620 378
1759630 377
1759640 375
1759650 373
1759660 373
1759670 374
1759680 376
1759690 378
1759700 380
1759710 381
1759720 382
1759730 382
1759740 382
1759750 382
1759760 382
1759770 381
1759780 381
1759790 381
1759800 380
1759810 380
1759820 379
1759830 378
1759840 377
1759850 375
1759860 373
1759870 372
1759880 370
1759890 370
1759900 369
1759910 369
1759920 368
1759930 368
1759940 367
1759950 366
1759960 366
1759970 365
1759980 364
1759990 364
