1752880 436
1752890 436
1752900 436
1752910 436
1752920 436
1752930 436
1752940 437
1752950 438
1752960 438
1752970 439
1752980 440
1752990 441
1753000 441
1753010 442
1753020 442
1753030 443
1753040 443
1753050 443
1753060 443
1753070 443
1753080 443
1753090 443
1753100 443
1753110 443
1753120 444
1753130 444
1753140 444
1753150 444
1753160 444
1753170 444
1753180 444
1753190 444
1753200 444
1753210 444
1753220 444
1753230 444
1753240 444
1753250 444
1753260 444
1753270 444
1753280 444
1753290 444
1753300 444
1753310 444
1753320 444
1753330 444
1753340 444
1753350 444
1753360 444
1753370 444
1753380 444
1753390 444
1753400 444
1753410 443
1753420 443
1753430 443
1753440 443
1753450 443
1753460 443
1753470 443
1753480 443
1753490 443
1753500 443
1753510 443
1753520 443
1753530 443
1753540 443
1753550 443
1753560 443
1753570 443
1753580 443
1753590 443
1753600 443
1753610 443
1753620 443
1753630 443
1753640 443
1753650 443
1753660 443
1753670 443
1753680 443
1753690 443
1753700 443
1753710 443
1753720 443
1753730 442
1753740 442
1753750 442
1753760 442
1753770 442
1753780 442
1753790 442
1753800 442
1753810 442
1753820 442
1753830 441
1753840 441
1753850 441
1753860 441
1753870 441
1753880 441
1753890 440
1753900 440
1753910 440
1753920 440
1753930 440
1753940 440
1753950 440
1753960 440
1753970 440
1753980 440
1753990 440
1754000 440
1754010 440
1754020 440
1754030 440
1754040 440
1754050 440
1754060 440
1754070 440
1754080 440
1754090 440
1754100 440
1754110 440
1754120 440
1754130 440
1754140 440
1754150 440
1754160 440
1754170 440
1754180 440
1754190 440
1754200 440
1754210 440
1754220 440
1754230 440
1754240 440
1754250 440
1754260 440
1754270 440
1754280 440
1754290 440
1754300 440
1754310 440
1754320 440
1754330 440
1754340 440
1754350 441
1754360 441
1754370 441
1754380 440
1754390 440
1754400 440
1754410 440
1754420 440
1754430 440
1754440 440
1754450 440
1754460 440
1754470 441
1754480 441
1754490 441
1754500 440
1754510 440
1754520 440
1754530 440
1754540 439
1754550 439
1754560 439
1754570 439
1754580 440
1754590 440
1754600 440
1754610 440
1754620 440
1754630 440
1754640 440
1754650 440
1754660 440
1754670 440
1754680 441
1754690 441
1754700 441
1754710 441
1754720 441
1754730 441
1754740 441
1754750 441
1754760 441
1754770 442
1754780 442
1754790 442
1754800 442
1754810 442
1754820 442
1754830 442
1754840 442
1754850 442
1754860 442
1754870 443
1754880 443
1754890 443
1754900 443
1754910 443
1754920 443
1754930 443
1754940 443
1754950 443
1754960 444
1754970 444
1754980 444
1754990 444
1755000 444
1755010 445
1755020 445
1755030 445
1755040 445
1755050 445
1755060 445
1755070 445
1755080 445
1755090 445
1755100 445
1755110 445
1755120 445
1755130 445
1755140 445
1755150 445
1755160 445
1755170 445
1755180 445
1755190 445
1755200 445
1755210 445
1755220 445
1755230 445
1755240 445
1755250 445
1755260 445
1755270 445
1755280 445
1755290 445
1755300 445
1755310 445
1755320 445
1755330 445
1755340 445
1755350 445
1755360 446
1755370 445
1755380 445
1755390 445
1755400 445
1755410 445
1755420 445
1755430 445
1755440 444
1755450 444
1755460 444
1755470 444
1755480 444
1755490 444
1755500 444
1755510 444
1755520 444
1755530 444
1755540 444
1755550 444
1755560 444
1755570 444
1755580 444
1755590 444
1755600 444
1755610 444
1755620 444
1755630 444
1755640 444
1755650 444
1755660 444
1755670 444
1755680 444
1755690 444
1755700 445
1755710 445
1755720 445
1755730 446
1755740 446
1755750 446
1755760 446
1755770 446
1755780 447
1755790 447
1755800 447
1755810 448
1755820 448
1755830 448
1755840 449
1755850 449
1755860 450
1755870 450
1755880 451
1755890 451
1755900 451
1755910 452
1755920 452
1755930 452
1755940 453
1755950 453
1755960 454
1755970 454
1755980 455
1755990 455
1756000 456
1756010 456
1756020 456
1756030 457
1756040 457
1756050 457
1756060 457
1756070 458
1756080 458
1756090 458
1756100 458
1756110 459
1756120 459
1756130 459
1756140 460
1756150 460
1756160 460
1756170 460
1756180 461
1756190 461
1756200 461
1756210 461
1756220 461
1756230 461
1756240 461
1756250 461
1756260 461
1756270 461
1756280 461
1756290 461
1756300 460
1756310 460
1756320 460
1756330 459
1756340 459
1756350 459
1756360 458
1756370 458
1756380 458
1756390 457
1756400 457
1756410 457
1756420 456
1756430 456
1756440 455
1756450 455
1756460 455
1756470 454
1756480 454
1756490 454
1756500 453
1756510 453
1756520 452
1756530 452
1756540 451
1756550 451
1756560 450
1756570 450
1756580 450
1756590 449
1756600 449
1756610 448
1756620 448
1756630 447
1756640 447
1756650 446
1756660 446
1756670 446
1756680 445
1756690 445
1756700 444
1756710 444
1756720 444
1756730 443
1756740 443
1756750 442
1756760 442
1756770 442
1756780 441
1756790 441
1756800 441
1756810 440
1756820 440
1756830 439
1756840 439
1756850 439
1756860 438
1756870 438
1756880 437
1756890 437
1756900 437
1756910 436
1756920 436
1756930 436
1756940 435
1756950 435
1756960 434
1756970 434
1756980 434
1756990 434
1757000 433
1757010 433
1757020 433
1757030 432
1757040 432
1757050 431
1757060 431
1757070 430
1757080 430
1757090 430
1757100 429
1757110 429
1757120 429
1757130 429
1757140 429
1757150 428
1757160 428
1757170 428
1757180 427
1757190 427
1757200 427
1757210 427
1757220 427
1757230 426
1757240 426
1757250 426
1757260 426
1757270 426
1757280 425
1757290 425
1757300 425
1757310 424
1757320 424
1757330 424
1757340 423
1757350 423
1757360 423
1757370 422
1757380 422
1757390 422
1757400 422
1757410 421
1757420 421
1757430 421
1757440 421
1757450 421
1757460 421
1757470 420
1757480 421
1757490 421
1757500 421
1757510 421
1757520 421
1757530 421
1757540 422
1757550 422
1757560 423
1757570 423
1757580 423
1757590 423
1757600 424
1757610 424
1757620 424
1757630 425
1757640 425
1757650 425
1757660 426
1757670 426
1757680 427
1757690 427
1757700 428
1757710 428
1757720 429
1757730 429
1757740 429
1757750 429
1757760 430
1757770 430
1757780 430
1757790 431
1757800 431
1757810 430
1757820 430
1757830 430
1757840 430
1757850 430
1757860 430
1757870 430
1757880 430
1757890 430
1757900 430
1757910 430
1757920 430
1757930 430
1757940 430
1757950 430
1757960 430
1757970 430
1757980 430
1757990 430
1758000 430
1758010 429
1758020 429
1758030 428
1758040 428
1758050 427
1758060 427
1758070 427
1758080 427
1758090 427
1758100 427
1758110 428
1758120 430
1758130 430
1758140 431
1758150 432
1758160 432
1758170 433
1758180 433
1758190 433
1758200 433
1758210 433
1758220 434
1758230 434
1758240 434
1758250 434
1758260 434
1758270 434
1758280 434
1758290 434
1758300 434
1758310 435
1758320 435
1758330 435
1758340 435
1758350 436
1758360 436
1758370 436
1758380 436
1758390 436
1758400 436
1758410 436
1758420 436
1758430 437
1758440 437
1758450 437
1758460 437
1758470 437
1758480 437
1758490 437
1758500 437
1758510 437
1758520 438
1758530 438
1758540 438
1758550 437
1758560 437
1758570 437
1758580 436
1758590 436
1758600 436
1758610 436
1758620 436
1758630 435
1758640 435
1758650 435
1758660 435
1758670 435
1758680 435
1758690 435
1758700 435
1758710 434
1758720 434
1758730 434
1758740 434
1758750 433
1758760 433
1758770 433
1758780 432
1758790 432
1758800 431
1758810 431
1758820 430
1758830 430
1758840 429
1758850 429
1758860 429
1758870 428
1758880 428
1758890 427
1758900 427
1758910 426
1758920 425
1758930 425
1758940 424
1758950 424
1758960 423
1758970 423
1758980 422
1758990 422
1759000 421
1759010 421
1759020 420
1759030 420
1759040 419
1759050 419
1759060 418
1759070 417
1759080 417
1759090 416
1759100 415
1759110 415
1759120 414
1759130 413
1759140 412
1759150 411
1759160 409
1759170 408
1759180 407
1759190 405
1759200 405
1759210 404
1759220 403
1759230 402
1759240 401
1759250 401
1759260 400
1759270 400
1759280 400
1759290 400
1759300 400
1759310 400
1759320 401
1759330 400
1759340 400
1759350 398
1759360 397
1759370 396
1759380 396
1759390 395
1759400 394
1759410 393
1759420 393
1759430 392
1759440 392
1759450 391
1759460 391
1759470 391
1759480 391
1759490 392
1759500 392
1759510 393
1759520 394
1759530 395
1759540 395
1759550 396
1759560 397
1759570 398
1759580 399
1759590 400
1759600 401
1759610 402
1759620 403
1759630 404
1759640 405
1759650 406
1759660 407
1759670 408
1759680 409
1759690 409
1759700 410
1759710 411
1759720 412
1759730 413
1759740 414
1759750 415
1759760 415
1759770 416
1759780 416
1759790 416
1759800 416
1759810 416
1759820 416
1759830 416
1759840 416
1759850 416
1759860 416
1759870 415
1759880 415
1759890 414
1759900 414
1759910 413
1759920 412
1759930 410
1759940 407
1759950 405
1759960 402
1759970 399
1759980 396
1759990 393
1740000 446
1740010 445
1740020 445
1740030 445
1740040 444
1740050 444
1740060 444
1740070 444
1740080 443
1740090 443
1740100 443
1740110 442
1740120 442
1740130 442
1740140 442
1740150 442
1740160 442
1740170 442
1740180 442
1740190 442
1740200 442
1740210 441
1740220 441
1740230 441
1740240 441
1740250 441
1740260 441
1740270 440
1740280 440
1740290 440
1740300 440
1740310 440
1740320 440
1740330 439
1740340 439
1740350 439
1740360 438
1740370 438
1740380 438
1740390 437
1740400 437
1740410 437
1740420 437
1740430 437
1740440 437
1740450 437
1740460 437
1740470 437
1740480 437
1740490 437
1740500 436
1740510 435
1740520 435
1740530 434
1740540 433
1740550 432
1740560 432
1740570 431
1740580 430
1740590 430
1740600 429
1740610 428
1740620 428
1740630 427
1740640 427
1740650 426
1740660 426
1740670 425
1740680 425
1740690 424
1740700 424
1740710 423
1740720 423
1740730 422
1740740 422
1740750 422
1740760 421
1740770 421
1740780 420
1740790 420
1740800 420
1740810 419
1740820 419
1740830 418
1740840 418
1740850 417
1740860 417
1740870 417
1740880 416
1740890 415
1740900 414
1740910 414
1740920 413
1740930 412
1740940 413
1740950 413
1740960 413
1740970 413
1740980 413
1740990 413
1741000 413
1741010 413
1741020 414
1741030 414
1741040 414
1741050 414
1741060 414
1741070 414
1741080 414
1741090 414
1741100 414
1741110 414
1741120 414
1741130 414
1741140 414
1741150 413
1741160 412
1741170 412
1741180 411
1741190 411
1741200 410
1741210 410
1741220 409
1741230 409
1741240 408
1741250 408
1741260 407
1741270 407
1741280 407
1741290 406
1741300 406
1741310 405
1741320 405
1741330 405
1741340 404
1741350 404
1741360 404
1741370 403
1741380 403
1741390 403
1741400 402
1741410 402
1741420 402
1741430 401
1741440 401
1741450 401
1741460 400
1741470 400
1741480 400
1741490 399
1741500 399
1741510 399
1741520 399
1741530 399
1741540 398
1741550 398
1741560 398
1741570 397
1741580 397
1741590 397
1741600 396
1741610 396
1741620 395
1741630 395
1741640 394
1741650 394
1741660 393
1741670 393
1741680 392
1741690 392
1741700 391
1741710 391
1741720 390
1741730 390
1741740 389
1741750 389
1741760 388
1741770 388
1741780 387
1741790 387
1741800 386
1741810 386
1741820 385
1741830 385
1741840 385
1741850 384
1741860 384
1741870 383
1741880 383
1741890 382
1741900 381
1741910 381
1741920 380
1741930 379
1741940 378
1741950 377
1741960 377
1741970 376
1741980 375
1741990 374
1742000 373
1742010 372
1742020 371
1742030 370
1742040 368
1742050 366
1742060 364
1742070 362
1742080 360
1742090 357
1742100 355
1742110 353
1742120 351
1742130 350
1742140 348
1742150 347
1742160 345
1742170 343
1742180 341
1742190 339
1742200 337
1742210 334
1742220 333
1742230 331
1742240 330
1742250 329
1742260 328
1742270 327
1742280 327
1742290 327
1742300 328
1742310 329
1742320 330
1742330 331
1742340 332
1742350 334
1742360 335
1742370 337
1742380 338
1742390 339
1742400 341
1742410 342
1742420 343
1742430 345
1742440 346
1742450 347
1742460 349
1742470 350
1742480 351
1742490 352
1742500 353
1742510 354
1742520 355
1742530 355
1742540 356
1742550 356
1742560 357
1742570 357
1742580 358
1742590 358
1742600 359
1742610 359
1742620 360
1742630 360
1742640 360
1742650 360
1742660 360
1742670 360
1742680 360
1742690 360
1742700 360
1742710 360
1742720 359
1742730 359
1742740 359
1742750 359
1742760 359
1742770 359
1742780 359
1742790 359
1742800 359
1742810 358
1742820 358
1742830 358
1742840 358
1742850 357
1742860 357
1742870 357
1742880 357
1742890 356
1742900 355
1742910 354
1742920 354
1742930 353
1742940 352
1742950 351
1742960 350
1742970 349
1742980 348
1742990 346
1743000 345
1743010 343
1743020 342
1743030 341
1743040 340
1743050 339
1743060 338
1743070 337
1743080 337
1743090 336
1743100 335
1743110 333
1743120 331
1743130 330
1743140 330
1743150 329
1743160 329
1743170 328
1743180 328
1743190 327
1743200 326
1743210 325
1743220 325
1743230 324
1743240 324
1743250 323
1743260 323
1743270 323
1743280 322
1743290 322
1743300 322
1743310 321
1743320 320
1743330 319
1743340 318
1743350 317
1743360 316
1743370 316
1743380 315
1743390 313
1743400 312
1743410 311
1743420 310
1743430 309
1743440 307
1743450 306
1743460 304
1743470 303
1743480 301
1743490 300
1743500 299
1743510 298
1743520 297
1743530 296
1743540 295
1743550 294
1743560 293
1743570 292
1743580 291
1743590 290
1743600 289
1743610 288
1743620 288
1743630 287
1743640 286
1743650 285
1743660 284
1743670 283
1743680 282
1743690 281
1743700 280
1743710 279
1743720 278
1743730 277
1743740 277
1743750 276
1743760 275
1743770 275
1743780 274
1743790 273
1743800 273
1743810 272
1743820 271
1743830 271
1743840 270
1743850 270
1743860 269
1743870 268
1743880 267
1743890 267
1743900 266
1743910 266
1743920 265
1743930 265
1743940 264
1743950 263
1743960 263
1743970 262
1743980 261
1743990 261
1744000 260
1744010 259
1744020 259
1744030 258
1744040 257
1744050 257
1744060 256
1744070 256
1744080 256
1744090 255
1744100 254
1744110 254
1744120 253
1744130 252
1744140 252
1744150 251
1744160 251
1744170 250
1744180 250
1744190 249
1744200 249
1744210 248
1744220 248
1744230 247
1744240 247
1744250 246
1744260 246
1744270 245
1744280 245
1744290 244
1744300 243
1744310 241
1744320 239
1744330 238
1744340 237
1744350 237
1744360 236
1744370 236
1744380 236
1744390 236
1744400 236
1744410 236
1744420 236
1744430 236
1744440 236
1744450 236
1744460 236
1744470 236
1744480 236
1744490 236
1744500 236
1744510 236
1744520 236
1744530 235
1744540 235
1744550 234
1744560 234
1744570 233
1744580 233
1744590 233
1744600 234
1744610 236
1744620 237
1744630 240
1744640 245
1744650 249
1744660 254
1744670 259
1744680 264
1744690 268
1744700 272
1744710 275
1744720 278
1744730 280
1744740 282
1744750 284
1744760 286
1744770 288
1744780 290
1744790 291
1744800 291
1744810 291
1744820 291
1744830 291
1744840 291
1744850 290
1744860 290
1744870 290
1744880 290
1744890 289
1744900 289
1744910 289
1744920 289
1744930 289
1744940 289
1744950 289
1744960 289
1744970 289
1744980 289
1744990 290
1745000 290
1745010 290
1745020 291
1745030 291
1745040 291
1745050 292
1745060 292
1745070 292
1745080 293
1745090 293
1745100 293
1745110 293
1745120 293
1745130 293
1745140 293
1745150 293
1745160 294
1745170 294
1745180 294
1745190 294
1745200 294
1745210 295
1745220 295
1745230 295
1745240 295
1745250 296
1745260 296
1745270 296
1745280 296
1745290 296
1745300 296
1745310 297
1745320 297
1745330 297
1745340 297
1745350 297
1745360 297
1745370 298
1745380 298
1745390 298
1745400 299
1745410 299
1745420 299
1745430 299
1745440 299
1745450 299
1745460 299
1745470 299
1745480 299
1745490 299
1745500 299
1745510 300
1745520 300
1745530 300
1745540 300
1745550 300
1745560 300
1745570 300
1745580 301
1745590 301
1745600 301
1745610 301
1745620 301
1745630 301
1745640 301
1745650 302
1745660 302
1745670 302
1745680 302
1745690 302
1745700 303
1745710 303
1745720 303
1745730 303
1745740 303
1745750 303
1745760 304
1745770 304
1745780 304
1745790 305
1745800 305
1745810 305
1745820 305
1745830 305
1745840 305
1745850 305
1745860 305
1745870 305
1745880 305
1745890 305
1745900 305
1745910 305
1745920 305
1745930 305
1745940 305
1745950 305
1745960 305
1745970 305
1745980 305
1745990 305
1746000 305
1746010 305
1746020 305
1746030 305
1746040 305
1746050 305
1746060 305
1746070 305
1746080 305
1746090 305
1746100 305
1746110 305
1746120 305
1746130 305
1746140 305
1746150 305
1746160 305
1746170 305
1746180 306
1746190 306
1746200 306
1746210 306
1746220 306
1746230 306
1746240 306
1746250 306
1746260 306
1746270 306
1746280 306
1746290 306
1746300 306
1746310 306
1746320 307
1746330 307
1746340 307
1746350 307
1746360 307
1746370 307
1746380 307
1746390 307
1746400 307
1746410 307
1746420 308
1746430 308
1746440 308
1746450 308
1746460 308
1746470 308
1746480 308
1746490 308
1746500 309
1746510 309
1746520 309
1746530 309
1746540 309
1746550 309
1746560 310
1746570 310
1746580 310
1746590 310
1746600 310
1746610 310
1746620 311
1746630 311
1746640 311
1746650 311
1746660 311
1746670 311
1746680 311
1746690 311
1746700 311
1746710 312
1746720 312
1746730 312
1746740 312
1746750 312
1746760 312
1746770 312
1746780 313
1746790 313
1746800 313
1746810 313
1746820 313
1746830 313
1746840 314
1746850 314
1746860 314
1746870 314
1746880 314
1746890 314
1746900 314
1746910 315
1746920 315
1746930 315
1746940 315
1746950 315
1746960 316
1746970 316
1746980 316
1746990 316
1747000 316
1747010 317
1747020 317
1747030 317
1747040 317
1747050 318
1747060 318
1747070 318
1747080 318
1747090 318
1747100 319
1747110 319
1747120 319
1747130 319
1747140 320
1747150 320
1747160 320
1747170 320
1747180 321
1747190 321
1747200 321
1747210 322
1747220 322
1747230 322
1747240 322
1747250 322
1747260 323
1747270 323
1747280 323
1747290 323
1747300 324
1747310 324
1747320 324
1747330 324
1747340 325
1747350 325
1747360 325
1747370 325
1747380 325
1747390 326
1747400 326
1747410 326
1747420 327
1747430 327
1747440 327
1747450 327
1747460 328
1747470 328
1747480 328
1747490 328
1747500 328
1747510 328
1747520 328
1747530 328
1747540 329
1747550 329
1747560 329
1747570 329
1747580 329
1747590 330
1747600 330
1747610 330
1747620 330
1747630 330
1747640 331
1747650 331
1747660 331
1747670 331
1747680 331
1747690 331
1747700 332
1747710 332
1747720 332
1747730 332
1747740 332
1747750 332
1747760 332
1747770 332
1747780 333
1747790 333
1747800 333
1747810 333
1747820 334
1747830 334
1747840 334
1747850 334
1747860 334
1747870 334
1747880 334
1747890 334
1747900 334
1747910 334
1747920 334
1747930 335
1747940 335
1747950 335
1747960 335
1747970 335
1747980 335
1747990 335
1748000 335
1748010 335
1748020 335
1748030 335
1748040 335
1748050 335
1748060 336
1748070 336
1748080 336
1748090 336
1748100 336
1748110 336
1748120 336
1748130 336
1748140 336
1748150 336
1748160 336
1748170 335
1748180 335
1748190 335
1748200 335
1748210 335
1748220 335
1748230 335
1748240 335
1748250 335
1748260 335
1748270 335
1748280 335
1748290 335
1748300 335
1748310 335
1748320 335
1748330 335
1748340 335
1748350 334
1748360 334
1748370 334
1748380 334
1748390 334
1748400 334
1748410 334
1748420 334
1748430 333
1748440 333
1748450 333
1748460 333
1748470 333
1748480 333
1748490 332
1748500 332
1748510 332
1748520 332
1748530 332
1748540 331
1748550 331
1748560 331
1748570 331
1748580 331
1748590 331
1748600 330
1748610 330
1748620 330
1748630 330
1748640 330
1748650 330
1748660 329
1748670 329
1748680 329
1748690 329
1748700 329
1748710 328
1748720 328
1748730 328
1748740 328
1748750 327
1748760 327
1748770 327
1748780 326
1748790 326
1748800 326
1748810 326
1748820 325
1748830 325
1748840 325
1748850 325
1748860 325
1748870 325
1748880 325
1748890 324
1748900 324
1748910 324
1748920 324
1748930 323
1748940 323
1748950 322
1748960 322
1748970 322
1748980 321
1748990 321
1749000 321
1749010 321
1749020 321
1749030 320
1749040 320
1749050 320
1749060 320
1749070 320
1749080 319
1749090 319
1749100 319
1749110 318
1749120 318
1749130 317
1749140 317
1749150 317
1749160 316
1749170 316
1749180 316
1749190 316
1749200 316
1749210 316
1749220 316
1749230 316
1749240 315
1749250 315
1749260 314
1749270 315
1749280 315
1749290 315
1749300 315
1749310 315
1749320 316
1749330 316
1749340 316
1749350 315
1749360 315
1749370 315
1749380 315
1749390 315
1749400 315
1749410 315
1749420 315
1749430 315
1749440 315
1749450 315
1749460 315
1749470 315
1749480 313
1749490 311
1749500 311
1749510 312
1749520 313
1749530 314
1749540 312
1749550 311
1749560 311
1749570 311
1749580 311
1749590 311
1749600 313
1749610 314
1749620 314
1749630 314
1749640 315
1749650 315
1749660 316
1749670 317
1749680 317
1749690 318
1749700 319
1749710 320
1749720 321
1749730 323
1749740 323
1749750 324
1749760 323
1749770 322
1749780 321
1749790 320
1749800 321
1749810 322
1749820 324
1749830 326
1749840 328
1749850 330
1749860 331
1749870 332
1749880 333
1749890 333
1749900 334
1749910 335
1749920 336
1749930 336
1749940 337
1749950 338
1749960 338
1749970 338
1749980 339
1749990 339
1750000 340
1750010 340
1750020 340
1750030 340
1750040 341
1750050 341
1750060 341
1750070 341
1750080 341
1750090 341
1750100 341
1750110 341
1750120 342
1750130 342
1750140 342
1750150 342
1750160 342
1750170 343
1750180 343
1750190 343
1750200 343
1750210 343
1750220 343
1750230 343
1750240 342
1750250 340
1750260 339
1750270 338
1750280 339
1750290 340
1750300 340
1750310 340
1750320 339
1750330 338
1750340 336
1750350 336
1750360 338
1750370 339
1750380 339
1750390 337
1750400 337
1750410 338
1750420 340
1750430 341
1750440 341
1750450 341
1750460 341
1750470 342
1750480 342
1750490 342
1750500 342
1750510 342
1750520 342
1750530 343
1750540 346
1750550 347
1750560 347
1750570 348
1750580 350
1750590 352
1750600 353
1750610 354
1750620 356
1750630 357
1750640 359
1750650 361
1750660 362
1750670 364
1750680 366
1750690 367
1750700 368
1750710 370
1750720 370
1750730 371
1750740 372
1750750 373
1750760 375
1750770 375
1750780 376
1750790 377
1750800 378
1750810 379
1750820 380
1750830 381
1750840 382
1750850 382
1750860 383
1750870 383
1750880 384
1750890 384
1750900 384
1750910 384
1750920 384
1750930 385
1750940 385
1750950 385
1750960 386
1750970 386
1750980 386
1750990 386
1751000 386
1751010 386
1751020 387
1751030 387
1751040 387
1751050 387
1751060 387
1751070 387
1751080 387
1751090 387
1751100 387
1751110 387
1751120 387
1751130 387
1751140 387
1751150 388
1751160 388
1751170 387
1751180 387
1751190 386
1751200 386
1751210 386
1751220 386
1751230 386
1751240 386
1751250 386
1751260 386
1751270 386
1751280 386
1751290 386
1751300 386
1751310 386
1751320 386
1751330 386
1751340 386
1751350 386
1751360 386
1751370 386
1751380 386
1751390 386
1751400 386
1751410 387
1751420 388
1751430 388
1751440 389
1751450 389
1751460 389
1751470 390
1751480 390
1751490 390
1751500 390
1751510 390
1751520 391
1751530 391
1751540 391
1751550 391
1751560 392
1751570 392
1751580 392
1751590 393
1751600 393
1751610 393
1751620 393
1751630 394
1751640 394
1751650 394
1751660 395
1751670 395
1751680 395
1751690 396
1751700 396
1751710 396
1751720 397
1751730 397
1751740 397
1751750 398
1751760 398
1751770 398
1751780 399
1751790 399
1751800 400
1751810 400
1751820 401
1751830 401
1751840 401
1751850 401
1751860 402
1751870 402
1751880 403
1751890 404
1751900 404
1751910 404
1751920 405
1751930 405
1751940 406
1751950 406
1751960 407
1751970 407
1751980 407
1751990 408
1752000 409
1752010 409
1752020 409
1752030 410
1752040 410
1752050 410
1752060 410
1752070 411
1752080 411
1752090 412
1752100 412
1752110 413
1752120 413
1752130 414
1752140 414
1752150 415
1752160 415
1752170 415
1752180 416
1752190 416
1752200 417
1752210 417
1752220 418
1752230 418
1752240 419
1752250 419
1752260 419
1752270 420
1752280 420
1752290 420
1752300 421
1752310 421
1752320 421
1752330 422
1752340 422
1752350 422
1752360 423
1752370 423
1752380 424
1752390 424
1752400 424
1752410 425
1752420 425
1752430 425
1752440 425
1752450 424
1752460 424
1752470 424
1752480 423
1752490 423
1752500 423
1752510 422
1752520 422
1752530 421
1752540 420
1752550 419
1752560 417
1752570 415
1752580 414
1752590 412
1752600 410
1752610 408
1752620 407
1752630 405
