1740000 405
1740010 405
1740020 405
1740030 405
1740040 405
1740050 405
1740060 406
1740070 406
1740080 406
1740090 406
1740100 407
1740110 407
1740120 407
1740130 408
1740140 408
1740150 409
1740160 409
1740170 410
1740180 411
1740190 411
1740200 412
1740210 413
1740220 414
1740230 415
1740240 416
1740250 418
1740260 419
1740270 420
1740280 422
1740290 423
1740300 424
1740310 425
1740320 426
1740330 426
1740340 427
1740350 428
1740360 429
1740370 430
1740380 432
1740390 432
1740400 432
1740410 431
1740420 431
1740430 430
1740440 430
1740450 431
1740460 431
1740470 431
1740480 431
1740490 430
1740500 430
1740510 429
1740520 429
1740530 428
1740540 428
1740550 427
1740560 427
1740570 426
1740580 426
1740590 425
1740600 424
1740610 424
1740620 423
1740630 423
1740640 422
1740650 421
1740660 421
1740670 420
1740680 420
1740690 419
1740700 418
1740710 417
1740720 416
1740730 415
1740740 415
1740750 413
1740760 412
1740770 411
1740780 410
1740790 410
1740800 409
1740810 408
1740820 407
1740830 406
1740840 405
1740850 405
1740860 404
1740870 403
1740880 402
1740890 401
1740900 401
1740910 400
1740920 399
1740930 399
1740940 398
1740950 398
1740960 398
1740970 397
1740980 397
1740990 397
1741000 396
1741010 395
1741020 393
1741030 392
1741040 390
1741050 387
1741060 385
1741070 384
1741080 383
1741090 382
1741100 381
1741110 381
1741120 381
1741130 381
1741140 380
1741150 380
1741160 380
1741170 379
1741180 378
1741190 378
1741200 377
1741210 377
1741220 376
1741230 376
1741240 375
1741250 375
1741260 375
1741270 374
1741280 374
1741290 374
1741300 374
1741310 374
1741320 374
1741330 373
1741340 373
1741350 373
1741360 373
1741370 372
1741380 372
1741390 372
1741400 372
1741410 372
1741420 372
1741430 373
1741440 373
1741450 374
1741460 375
1741470 377
1741480 378
1741490 380
1741500 381
1741510 382
1741520 382
1741530 382
1741540 383
1741550 383
1741560 383
1741570 383
1741580 383
1741590 383
1741600 383
1741610 383
1741620 382
1741630 381
1741640 380
1741650 379
1741660 378
1741670 377
1741680 376
1741690 375
1741700 374
1741710 373
1741720 373
1741730 372
1741740 372
1741750 372
1741760 371
1741770 371
1741780 370
1741790 368
1741800 366
1741810 365
1741820 363
1741830 361
1741840 359
1741850 357
1741860 355
1741870 352
1741880 350
1741890 347
1741900 344
1741910 341
1741920 338
1741930 336
1741940 334
1741950 332
1741960 330
1741970 328
1741980 325
1741990 324
1742000 322
1742010 320
1742020 318
1742030 317
1742040 316
1742050 315
1742060 314
1742070 312
1742080 311
1742090 310
1742100 309
1742110 308
1742120 306
1742130 305
1742140 304
1742150 303
1742160 301
1742170 300
1742180 298
1742190 297
1742200 296
1742210 294
1742220 293
1742230 292
1742240 291
1742250 289
1742260 288
1742270 286
1742280 283
1742290 281
1742300 278
1742310 276
1742320 273
1742330 270
1742340 268
1742350 266
1742360 265
1742370 262
1742380 261
1742390 260
1742400 260
1742410 259
1742420 258
1742430 257
1742440 258
1742450 259
1742460 260
1742470 262
1742480 264
1742490 266
1742500 268
1742510 270
1742520 272
1742530 274
1742540 275
1742550 275
1742560 276
1742570 277
1742580 278
1742590 278
1742600 279
1742610 279
1742620 279
1742630 280
1742640 280
1742650 281
1742660 281
1742670 281
1742680 280
1742690 279
1742700 277
1742710 274
1742720 272
1742730 270
1742740 268
1742750 267
1742760 266
1742770 265
1742780 264
1742790 262
1742800 261
1742810 261
1742820 259
1742830 257
1742840 253
1742850 251
1742860 250
1742870 249
1742880 249
1742890 248
1742900 248
1742910 248
1742920 248
1742930 248
1742940 248
1742950 248
1742960 248
1742970 248
1742980 248
1742990 248
1743000 248
1743010 248
1743020 247
1743030 247
1743040 247
1743050 248
1743060 248
1743070 247
1743080 247
1743090 246
1743100 246
1743110 246
1743120 246
1743130 246
1743140 246
1743150 246
1743160 246
1743170 247
1743180 247
1743190 248
1743200 248
1743210 248
1743220 248
1743230 248
1743240 248
1743250 248
1743260 248
1743270 248
1743280 248
1743290 248
1743300 249
1743310 249
1743320 249
1743330 249
1743340 249
1743350 249
1743360 249
1743370 250
1743380 250
1743390 250
1743400 251
1743410 251
1743420 252
1743430 253
1743440 253
1743450 253
1743460 254
1743470 255
1743480 255
1743490 256
1743500 256
1743510 257
1743520 257
1743530 257
1743540 258
1743550 259
1743560 260
1743570 262
1743580 264
1743590 264
1743600 264
1743610 263
1743620 264
1743630 264
1743640 265
1743650 266
1743660 267
1743670 268
1743680 269
1743690 270
1743700 271
1743710 272
1743720 273
1743730 274
1743740 276
1743750 276
1743760 277
1743770 278
1743780 279
1743790 280
1743800 280
1743810 279
1743820 277
1743830 279
1743840 283
1743850 285
1743860 286
1743870 287
1743880 288
1743890 290
1743900 291
1743910 293
1743920 293
1743930 294
1743940 296
1743950 297
1743960 298
1743970 299
1743980 300
1743990 301
1744000 302
1744010 303
1744020 304
1744030 305
1744040 306
1744050 307
1744060 309
1744070 310
1744080 311
1744090 312
1744100 313
1744110 315
1744120 316
1744130 317
1744140 318
1744150 319
1744160 320
1744170 321
1744180 322
1744190 323
1744200 324
1744210 326
1744220 327
1744230 328
1744240 329
1744250 330
1744260 331
1744270 331
1744280 332
1744290 332
1744300 331
1744310 331
1744320 331
1744330 331
1744340 330
1744350 330
1744360 329
1744370 328
1744380 327
1744390 326
1744400 325
1744410 324
1744420 323
1744430 322
1744440 320
1744450 319
1744460 318
1744470 317
1744480 317
1744490 316
1744500 315
1744510 315
1744520 314
1744530 313
1744540 313
1744550 312
1744560 311
1744570 310
1744580 309
1744590 308
1744600 308
1744610 307
1744620 307
1744630 306
1744640 306
1744650 305
1744660 305
1744670 304
1744680 303
1744690 303
1744700 303
1744710 302
1744720 302
1744730 302
1744740 302
1744750 301
1744760 301
1744770 301
1744780 301
1744790 301
1744800 301
1744810 301
1744820 302
1744830 302
1744840 301
1744850 299
1744860 300
1744870 301
1744880 302
1744890 302
1744900 302
1744910 302
1744920 302
1744930 302
1744940 302
1744950 302
1744960 302
1744970 301
1744980 301
1744990 301
1745000 301
1745010 301
1745020 301
1745030 301
1745040 301
1745050 300
1745060 300
1745070 300
1745080 300
1745090 300
1745100 300
1745110 299
1745120 299
1745130 298
1745140 298
1745150 298
1745160 298
1745170 298
1745180 297
1745190 297
1745200 297
1745210 297
1745220 296
1745230 296
1745240 296
1745250 296
1745260 296
1745270 295
1745280 295
1745290 295
1745300 295
1745310 295
1745320 294
1745330 294
1745340 294
1745350 294
1745360 294
1745370 294
1745380 294
1745390 294
1745400 293
1745410 293
1745420 293
1745430 293
1745440 293
1745450 292
1745460 292
1745470 292
1745480 292
1745490 292
1745500 292
1745510 291
1745520 291
1745530 291
1745540 291
1745550 291
1745560 291
1745570 291
1745580 291
1745590 291
1745600 291
1745610 291
1745620 290
1745630 290
1745640 290
1745650 290
1745660 290
1745670 290
1745680 290
1745690 290
1745700 290
1745710 290
1745720 289
1745730 289
1745740 289
1745750 289
1745760 289
1745770 289
1745780 289
1745790 289
1745800 289
1745810 289
1745820 289
1745830 288
1745840 288
1745850 288
1745860 288
1745870 288
1745880 288
1745890 287
1745900 287
1745910 286
1745920 286
1745930 286
1745940 286
1745950 286
1745960 286
1745970 286
1745980 286
1745990 286
1746000 286
1746010 286
1746020 286
1746030 286
1746040 286
1746050 285
1746060 285
1746070 285
1746080 285
1746090 285
1746100 285
1746110 284
1746120 284
1746130 284
1746140 284
1746150 284
1746160 283
1746170 283
1746180 283
1746190 283
1746200 282
1746210 282
1746220 282
1746230 282
1746240 281
1746250 281
1746260 281
1746270 281
1746280 280
1746290 280
1746300 280
1746310 279
1746320 279
1746330 278
1746340 278
1746350 278
1746360 277
1746370 277
1746380 277
1746390 277
1746400 276
1746410 276
1746420 276
1746430 275
1746440 275
1746450 275
1746460 275
1746470 274
1746480 274
1746490 274
1746500 274
1746510 274
1746520 273
1746530 273
1746540 273
1746550 273
1746560 273
1746570 272
1746580 272
1746590 272
1746600 271
1746610 271
1746620 271
1746630 271
1746640 271
1746650 271
1746660 270
1746670 270
1746680 270
1746690 270
1746700 270
1746710 270
1746720 270
1746730 270
1746740 270
1746750 270
1746760 270
1746770 270
1746780 270
1746790 270
1746800 270
1746810 270
1746820 270
1746830 270
1746840 270
1746850 270
1746860 270
1746870 270
1746880 270
1746890 270
1746900 270
1746910 270
1746920 270
1746930 270
1746940 270
1746950 269
1746960 270
1746970 270
1746980 270
1746990 270
1747000 270
1747010 270
1747020 270
1747030 270
1747040 270
1747050 270
1747060 270
1747070 270
1747080 270
1747090 270
1747100 270
1747110 270
1747120 270
1747130 270
1747140 270
1747150 270
1747160 270
1747170 270
1747180 270
1747190 270
1747200 270
1747210 270
1747220 271
1747230 271
1747240 271
1747250 271
1747260 271
1747270 271
1747280 271
1747290 271
1747300 271
1747310 271
1747320 271
1747330 271
1747340 271
1747350 271
1747360 271
1747370 271
1747380 271
1747390 271
1747400 271
1747410 271
1747420 271
1747430 271
1747440 271
1747450 271
1747460 271
1747470 271
1747480 271
1747490 271
1747500 271
1747510 271
1747520 271
1747530 271
1747540 272
1747550 272
1747560 272
1747570 272
1747580 272
1747590 272
1747600 272
1747610 272
1747620 272
1747630 272
1747640 272
1747650 272
1747660 272
1747670 272
1747680 273
1747690 273
1747700 273
1747710 273
1747720 273
1747730 273
1747740 273
1747750 273
1747760 273
1747770 273
1747780 273
1747790 273
1747800 273
1747810 273
1747820 273
1747830 273
1747840 273
1747850 273
1747860 273
1747870 273
1747880 273
1747890 273
1747900 273
1747910 273
1747920 273
1747930 274
1747940 274
1747950 273
1747960 273
1747970 274
1747980 274
1747990 275
1748000 275
1748010 274
1748020 274
1748030 274
1748040 274
1748050 274
1748060 274
1748070 274
1748080 274
1748090 274
1748100 274
1748110 275
1748120 275
1748130 275
1748140 275
1748150 275
1748160 275
1748170 275
1748180 275
1748190 275
1748200 275
1748210 275
1748220 275
1748230 275
1748240 276
1748250 276
1748260 276
1748270 276
1748280 276
1748290 276
1748300 276
1748310 276
1748320 276
1748330 277
1748340 277
1748350 277
1748360 277
1748370 277
1748380 277
1748390 277
1748400 277
1748410 277
1748420 277
1748430 278
1748440 278
1748450 278
1748460 278
1748470 278
1748480 278
1748490 278
1748500 278
1748510 278
1748520 278
1748530 278
1748540 278
1748550 278
1748560 278
1748570 278
1748580 278
1748590 279
1748600 279
1748610 279
1748620 279
1748630 279
1748640 279
1748650 279
1748660 279
1748670 279
1748680 279
1748690 279
1748700 279
1748710 280
1748720 280
1748730 280
1748740 280
1748750 280
1748760 280
1748770 281
1748780 281
1748790 281
1748800 281
1748810 281
1748820 281
1748830 281
1748840 282
1748850 282
1748860 282
1748870 282
1748880 282
1748890 283
1748900 283
1748910 283
1748920 283
1748930 284
1748940 284
1748950 284
1748960 284
1748970 285
1748980 285
1748990 285
1749000 286
1749010 286
1749020 286
1749030 287
1749040 287
1749050 287
1749060 288
1749070 288
1749080 288
1749090 289
1749100 289
1749110 289
1749120 289
1749130 290
1749140 290
1749150 291
1749160 291
1749170 291
1749180 292
1749190 292
1749200 292
1749210 293
1749220 293
1749230 293
1749240 294
1749250 294
1749260 294
1749270 295
1749280 295
1749290 296
1749300 296
1749310 297
1749320 298
1749330 299
1749340 299
1749350 299
1749360 300
1749370 301
1749380 302
1749390 302
1749400 303
1749410 304
1749420 305
1749430 305
1749440 306
1749450 306
1749460 306
1749470 307
1749480 307
1749490 307
1749500 308
1749510 308
1749520 309
1749530 311
1749540 312
1749550 312
1749560 313
1749570 313
1749580 314
1749590 315
1749600 315
1749610 315
1749620 316
1749630 316
1749640 317
1749650 317
1749660 318
1749670 318
1749680 318
1749690 319
1749700 319
1749710 319
1749720 320
1749730 320
1749740 320
1749750 320
1749760 320
1749770 321
1749780 321
1749790 321
1749800 321
1749810 322
1749820 322
1749830 322
1749840 322
1749850 322
1749860 323
1749870 323
1749880 323
1749890 324
1749900 324
1749910 324
1749920 325
1749930 325
1749940 326
1749950 327
1749960 327
1749970 328
1749980 329
1749990 330
1750000 331
1750010 332
1750020 333
1750030 334
1750040 335
1750050 336
1750060 337
1750070 339
1750080 340
1750090 342
1750100 344
1750110 346
1750120 348
1750130 350
1750140 351
1750150 353
1750160 354
1750170 356
1750180 357
1750190 359
1750200 360
1750210 361
1750220 363
1750230 364
1750240 365
1750250 366
1750260 367
1750270 368
1750280 369
1750290 370
1750300 372
1750310 373
1750320 374
1750330 374
1750340 375
1750350 376
1750360 376
1750370 377
1750380 378
1750390 379
1750400 380
1750410 381
1750420 382
1750430 382
1750440 383
1750450 384
1750460 384
1750470 385
1750480 386
1750490 387
1750500 387
1750510 388
1750520 389
1750530 390
1750540 391
1750550 392
1750560 393
1750570 394
1750580 395
1750590 396
1750600 398
1750610 399
1750620 399
1750630 400
1750640 401
1750650 401
1750660 402
1750670 403
1750680 403
1750690 404
1750700 405
1750710 406
1750720 406
1750730 407
1750740 407
1750750 408
1750760 409
1750770 410
1750780 411
1750790 412
1750800 412
1750810 413
1750820 413
1750830 414
1750840 414
1750850 415
1750860 415
1750870 416
1750880 416
1750890 416
1750900 417
1750910 417
1750920 417
1750930 417
1750940 418
1750950 418
1750960 418
1750970 419
1750980 419
1750990 420
1751000 420
1751010 421
1751020 421
1751030 422
1751040 422
1751050 422
1751060 422
1751070 423
1751080 423
1751090 423
1751100 423
1751110 424
1751120 424
1751130 424
1751140 424
1751150 424
1751160 425
1751170 425
1751180 425
1751190 426
1751200 426
1751210 426
1751220 426
1751230 426
1751240 427
1751250 427
1751260 427
1751270 427
1751280 427
1751290 428
1751300 428
1751310 428
1751320 428
1751330 429
1751340 429
1751350 429
1751360 429
1751370 430
1751380 430
1751390 430
1751400 431
1751410 431
1751420 431
1751430 431
1751440 431
1751450 431
1751460 432
1751470 432
1751480 432
1751490 432
1751500 432
1751510 433
1751520 433
1751530 433
1751540 433
1751550 433
1751560 433
1751570 433
1751580 433
1751590 433
1751600 433
1751610 433
1751620 433
1751630 434
1751640 434
1751650 434
1751660 434
1751670 434
1751680 434
1751690 434
1751700 434
1751710 434
1751720 434
1751730 433
1751740 433
1751750 433
1751760 433
1751770 433
1751780 433
1751790 433
1751800 433
1751810 433
1751820 433
1751830 433
1751840 433
1751850 433
1751860 433
1751870 432
1751880 432
1751890 432
1751900 432
1751910 432
1751920 432
1751930 432
1751940 432
1751950 432
1751960 432
1751970 432
1751980 431
1751990 431
1752000 431
1752010 431
1752020 431
1752030 431
1752040 431
1752050 430
1752060 430
1752070 430
1752080 430
1752090 430
1752100 430
1752110 430
1752120 429
1752130 429
1752140 429
1752150 429
1752160 429
1752170 429
1752180 429
1752190 428
1752200 428
1752210 428
1752220 428
1752230 428
1752240 428
1752250 428
1752260 427
1752270 427
1752280 427
1752290 427
1752300 427
1752310 427
1752320 427
1752330 427
1752340 427
1752350 426
1752360 426
1752370 426
1752380 426
1752390 426
1752400 426
1752410 426
1752420 426
1752430 426
1752440 426
1752450 426
1752460 426
1752470 425
1752480 425
1752490 425
1752500 425
1752510 425
1752520 425
1752530 425
1752540 424
1752550 424
1752560 424
1752570 424
1752580 424
1752590 424
1752600 424
1752610 423
1752620 423
1752630 423
1752640 423
1752650 423
1752660 423
1752670 423
1752680 422
1752690 422
1752700 422
1752710 422
1752720 422
1752730 421
1752740 421
1752750 421
1752760 421
1752770 421
1752780 420
1752790 420
1752800 420
1752810 420
1752820 420
1752830 420
1752840 419
1752850 419
1752860 419
1752870 419
1752880 419
1752890 418
1752900 418
1752910 418
1752920 418
1752930 418
1752940 418
1752950 418
1752960 418
1752970 417
1752980 417
1752990 417
1753000 417
1753010 417
1753020 417
1753030 417
1753040 416
1753050 416
1753060 416
1753070 416
1753080 416
1753090 416
1753100 415
1753110 415
1753120 415
1753130 415
1753140 415
1753150 415
1753160 414
1753170 414
1753180 414
1753190 414
1753200 414
1753210 414
1753220 414
1753230 414
1753240 413
1753250 413
1753260 413
1753270 413
1753280 413
1753290 413
1753300 413
1753310 413
1753320 413
1753330 413
1753340 413
1753350 412
1753360 412
1753370 412
1753380 412
1753390 412
1753400 412
1753410 412
1753420 412
1753430 412
1753440 412
1753450 412
1753460 412
1753470 412
1753480 412
1753490 412
1753500 412
1753510 412
1753520 412
1753530 412
1753540 412
1753550 412
1753560 412
1753570 412
1753580 412
1753590 412
1753600 412
1753610 412
1753620 412
1753630 412
1753640 412
1753650 412
1753660 412
1753670 412
1753680 412
1753690 412
1753700 412
1753710 412
1753720 412
1753730 412
1753740 413
1753750 413
1753760 413
1753770 413
1753780 413
1753790 413
1753800 413
1753810 413
1753820 413
1753830 413
1753840 413
1753850 413
1753860 413
1753870 413
1753880 414
1753890 414
1753900 414
1753910 414
1753920 414
1753930 414
1753940 414
1753950 414
1753960 414
1753970 414
1753980 414
1753990 415
1754000 415
1754010 415
1754020 415
1754030 415
1754040 415
1754050 415
1754060 416
1754070 416
1754080 416
1754090 416
1754100 416
1754110 417
1754120 417
1754130 417
1754140 417
1754150 417
1754160 417
1754170 417
1754180 417
1754190 417
1754200 417
1754210 418
1754220 418
1754230 418
1754240 418
1754250 418
1754260 418
1754270 418
1754280 418
1754290 419
1754300 419
1754310 419
1754320 419
1754330 419
1754340 420
1754350 420
1754360 420
1754370 421
1754380 421
1754390 421
1754400 421
1754410 422
1754420 422
1754430 422
1754440 422
1754450 422
1754460 422
1754470 423
1754480 423
1754490 423
1754500 423
1754510 424
1754520 424
1754530 424
1754540 424
1754550 424
1754560 425
1754570 425
1754580 425
1754590 425
1754600 426
1754610 426
1754620 426
1754630 426
1754640 426
1754650 426
1754660 426
1754670 426
1754680 426
1754690 426
1754700 426
1754710 426
1754720 426
1754730 426
1754740 426
1754750 427
1754760 427
1754770 426
1754780 426
1754790 426
1754800 426
1754810 426
1754820 426
1754830 426
1754840 426
1754850 426
1754860 426
1754870 426
1754880 426
1754890 426
1754900 426
1754910 426
1754920 426
1754930 426
1754940 426
1754950 426
1754960 426
1754970 426
1754980 427
1754990 427
1755000 427
1755010 427
1755020 427
1755030 427
1755040 427
1755050 427
1755060 427
1755070 427
1755080 427
1755090 427
1755100 427
1755110 428
1755120 428
1755130 428
1755140 428
1755150 428
1755160 428
1755170 428
1755180 428
1755190 428
1755200 428
1755210 428
1755220 428
1755230 428
1755240 428
1755250 428
1755260 428
1755270 428
1755280 428
1755290 428
1755300 427
1755310 427
1755320 427
1755330 427
1755340 427
1755350 427
1755360 427
1755370 427
1755380 427
1755390 427
1755400 427
1755410 426
1755420 426
1755430 426
1755440 426
1755450 426
1755460 426
1755470 426
1755480 426
1755490 426
1755500 426
1755510 425
1755520 425
1755530 425
1755540 425
1755550 425
1755560 425
1755570 425
1755580 424
1755590 424
1755600 424
1755610 424
1755620 424
1755630 424
1755640 424
1755650 424
1755660 424
1755670 424
1755680 423
1755690 423
1755700 423
1755710 423
1755720 423
1755730 423
1755740 423
1755750 423
1755760 423
1755770 423
1755780 423
1755790 423
1755800 423
1755810 423
1755820 423
1755830 423
1755840 423
1755850 423
1755860 423
1755870 423
1755880 423
1755890 423
1755900 422
1755910 422
1755920 422
1755930 422
1755940 422
1755950 421
1755960 421
1755970 421
1755980 421
1755990 420
1756000 420
1756010 420
1756020 420
1756030 420
1756040 419
1756050 419
1756060 419
1756070 419
1756080 419
1756090 418
1756100 418
1756110 418
1756120 418
1756130 418
1756140 418
1756150 418
1756160 417
1756170 417
1756180 417
1756190 417
1756200 417
1756210 417
1756220 417
1756230 417
1756240 417
1756250 416
1756260 416
1756270 416
1756280 416
1756290 416
1756300 416
1756310 416
1756320 416
1756330 416
1756340 416
1756350 416
1756360 416
1756370 415
1756380 415
1756390 415
1756400 415
1756410 415
1756420 415
1756430 415
1756440 415
1756450 414
1756460 414
1756470 414
1756480 414
1756490 414
1756500 414
1756510 414
1756520 414
1756530 413
1756540 413
1756550 413
1756560 413
1756570 413
1756580 413
1756590 413
1756600 413
1756610 412
1756620 412
1756630 412
1756640 412
1756650 412
1756660 412
1756670 412
1756680 412
1756690 412
1756700 412
1756710 412
1756720 412
1756730 412
1756740 412
1756750 412
1756760 412
1756770 412
1756780 412
1756790 412
1756800 412
1756810 412
1756820 411
1756830 411
1756840 411
1756850 411
1756860 411
1756870 411
1756880 410
1756890 410
1756900 410
1756910 410
1756920 410
1756930 409
1756940 409
1756950 409
1756960 409
1756970 409
1756980 408
1756990 408
1757000 408
1757010 408
1757020 407
1757030 407
1757040 407
1757050 406
1757060 406
1757070 405
1757080 404
1757090 403
1757100 403
1757110 403
1757120 404
1757130 404
1757140 404
1757150 404
1757160 403
1757170 403
1757180 403
1757190 403
1757200 403
1757210 402
1757220 402
1757230 402
1757240 402
1757250 401
1757260 401
1757270 401
1757280 401
1757290 401
1757300 401
1757310 400
1757320 400
1757330 400
1757340 400
1757350 400
1757360 400
1757370 400
1757380 400
1757390 400
1757400 400
1757410 399
1757420 399
1757430 399
1757440 399
1757450 398
1757460 398
1757470 398
1757480 398
1757490 398
1757500 398
1757510 398
1757520 398
1757530 398
1757540 398
1757550 398
1757560 397
1757570 397
1757580 397
1757590 397
1757600 397
1757610 397
1757620 397
1757630 397
1757640 397
1757650 397
1757660 396
1757670 396
1757680 396
1757690 396
1757700 396
1757710 396
1757720 396
1757730 396
1757740 396
1757750 396
1757760 396
1757770 396
1757780 396
1757790 396
1757800 396
1757810 395
1757820 395
1757830 395
1757840 395
1757850 395
1757860 395
1757870 395
1757880 395
1757890 395
1757900 395
1757910 395
1757920 395
1757930 395
1757940 395
1757950 395
1757960 395
1757970 395
1757980 395
1757990 395
1758000 395
1758010 395
1758020 395
1758030 395
1758040 395
1758050 395
1758060 396
1758070 396
1758080 395
1758090 395
1758100 395
1758110 395
1758120 395
1758130 395
1758140 395
1758150 394
1758160 394
1758170 394
1758180 394
1758190 393
1758200 393
1758210 393
1758220 393
1758230 392
1758240 392
1758250 392
1758260 392
1758270 392
1758280 391
1758290 391
1758300 391
1758310 391
1758320 391
1758330 390
1758340 390
1758350 390
1758360 390
1758370 390
1758380 389
1758390 389
1758400 389
1758410 389
1758420 389
1758430 389
1758440 389
1758450 388
1758460 388
1758470 388
1758480 388
1758490 388
1758500 388
1758510 388
1758520 388
1758530 388
1758540 388
1758550 388
1758560 388
1758570 388
1758580 387
1758590 387
1758600 387
1758610 387
1758620 387
1758630 387
1758640 387
1758650 387
1758660 386
1758670 386
1758680 386
1758690 386
1758700 386
1758710 386
1758720 386
1758730 386
1758740 385
1758750 385
1758760 385
1758770 385
1758780 384
1758790 384
1758800 384
1758810 384
1758820 384
1758830 384
1758840 384
1758850 384
1758860 384
1758870 384
1758880 384
1758890 384
1758900 385
1758910 385
1758920 386
1758930 386
1758940 387
1758950 387
1758960 388
1758970 388
1758980 388
1758990 389
1759000 389
1759010 389
1759020 390
1759030 390
1759040 390
1759050 391
1759060 391
1759070 392
1759080 392
1759090 392
1759100 393
1759110 393
1759120 393
1759130 393
1759140 393
1759150 393
1759160 394
1759170 394
1759180 394
1759190 394
1759200 394
1759210 394
1759220 394
1759230 394
1759240 394
1759250 394
1759260 394
1759270 394
1759280 394
1759290 394
1759300 394
1759310 394
1759320 394
1759330 394
1759340 394
1759350 394
1759360 394
1759370 394
1759380 394
1759390 394
1759400 394
1759410 394
1759420 394
1759430 394
1759440 394
1759450 394
1759460 394
1759470 394
1759480 394
1759490 393
1759500 393
1759510 393
1759520 393
1759530 393
1759540 393
1759550 393
1759560 393
1759570 393
1759580 393
1759590 394
1759600 394
1759610 394
1759620 394
1759630 394
1759640 394
1759650 394
1759660 394
1759670 394
1759680 394
1759690 394
1759700 394
1759710 394
1759720 394
1759730 394
1759740 393
1759750 393
1759760 393
1759770 393
1759780 393
1759790 393
1759800 393
1759810 393
1759820 392
1759830 392
1759840 392
1759850 392
1759860 392
1759870 391
1759880 391
1759890 391
1759900 391
1759910 391
1759920 391
1759930 391
1759940 391
1759950 391
1759960 391
1759970 392
1759980 393
1759990 393
