1740000 371
1740010 371
1740020 370
1740030 370
1740040 370
1740050 370
1740060 370
1740070 370
1740080 370
1740090 370
1740100 370
1740110 370
1740120 370
1740130 370
1740140 369
1740150 369
1740160 368
1740170 367
1740180 366
1740190 366
1740200 365
1740210 364
1740220 363
1740230 361
1740240 360
1740250 358
1740260 357
1740270 355
1740280 354
1740290 353
1740300 351
1740310 350
1740320 348
1740330 347
1740340 346
1740350 344
1740360 343
1740370 342
1740380 340
1740390 339
1740400 337
1740410 336
1740420 334
1740430 333
1740440 332
1740450 330
1740460 329
1740470 327
1740480 325
1740490 324
1740500 322
1740510 321
1740520 320
1740530 319
1740540 318
1740550 317
1740560 316
1740570 315
1740580 314
1740590 313
1740600 312
1740610 311
1740620 310
1740630 310
1740640 309
1740650 308
1740660 307
1740670 307
1740680 306
1740690 305
1740700 304
1740710 303
1740720 302
1740730 302
1740740 301
1740750 301
1740760 300
1740770 299
1740780 298
1740790 298
1740800 297
1740810 297
1740820 296
1740830 296
1740840 296
1740850 296
1740860 296
1740870 296
1740880 296
1740890 296
1740900 296
1740910 295
1740920 295
1740930 294
1740940 293
1740950 292
1740960 291
1740970 290
1740980 288
1740990 287
1741000 285
1741010 284
1741020 282
1741030 281
1741040 279
1741050 277
1741060 274
1741070 272
1741080 271
1741090 271
1741100 271
1741110 272
1741120 273
1741130 274
1741140 275
1741150 275
1741160 276
1741170 277
1741180 277
1741190 277
1741200 277
1741210 276
1741220 275
1741230 273
1741240 271
1741250 269
1741260 268
1741270 267
1741280 265
1741290 263
1741300 262
1741310 262
1741320 262
1741330 262
1741340 262
1741350 262
1741360 262
1741370 262
1741380 262
1741390 261
1741400 261
1741410 260
1741420 259
1741430 259
1741440 258
1741450 258
1741460 257
1741470 257
1741480 256
1741490 255
1741500 255
1741510 255
1741520 255
1741530 257
1741540 259
1741550 259
1741560 260
1741570 262
1741580 267
1741590 277
1741600 287
1741610 295
1741620 299
1741630 302
1741640 305
1741650 309
1741660 312
1741670 316
1741680 319
1741690 323
1741700 326
1741710 328
1741720 331
1741730 333
1741740 335
1741750 336
1741760 338
1741770 339
1741780 341
1741790 343
1741800 344
1741810 346
1741820 348
1741830 350
1741840 351
1741850 353
1741860 354
1741870 356
1741880 357
1741890 358
1741900 359
1741910 360
1741920 360
1741930 360
1741940 360
1741950 360
1741960 360
1741970 360
1741980 360
1741990 359
1742000 359
1742010 359
1742020 358
1742030 358
1742040 357
1742050 357
1742060 356
1742070 356
1742080 355
1742090 354
1742100 354
1742110 353
1742120 352
1742130 352
1742140 351
1742150 350
1742160 350
1742170 349
1742180 348
1742190 348
1742200 347
1742210 347
1742220 346
1742230 346
1742240 345
1742250 345
1742260 345
1742270 344
1742280 344
1742290 344
1742300 344
1742310 344
1742320 344
1742330 344
1742340 344
1742350 344
1742360 344
1742370 344
1742380 344
1742390 344
1742400 344
1742410 344
1742420 345
1742430 345
1742440 345
1742450 345
1742460 345
1742470 346
1742480 346
1742490 346
1742500 346
1742510 347
1742520 347
1742530 347
1742540 348
1742550 348
1742560 348
1742570 348
1742580 349
1742590 349
1742600 349
1742610 349
1742620 349
1742630 349
1742640 349
1742650 349
1742660 349
1742670 349
1742680 349
1742690 349
1742700 349
1742710 350
1742720 350
1742730 350
1742740 349
1742750 349
1742760 349
1742770 349
1742780 349
1742790 349
1742800 349
1742810 349
1742820 349
1742830 349
1742840 349
1742850 349
1742860 349
1742870 349
1742880 349
1742890 349
1742900 348
1742910 348
1742920 348
1742930 348
1742940 348
1742950 348
1742960 348
1742970 347
1742980 347
1742990 347
1743000 347
1743010 347
1743020 347
1743030 347
1743040 347
1743050 347
1743060 347
1743070 347
1743080 347
1743090 347
1743100 346
1743110 346
1743120 346
1743130 346
1743140 346
1743150 346
1743160 345
1743170 345
1743180 345
1743190 345
1743200 345
1743210 345
1743220 344
1743230 344
1743240 344
1743250 344
1743260 344
1743270 343
1743280 343
1743290 343
1743300 343
1743310 343
1743320 342
1743330 342
1743340 342
1743350 342
1743360 341
1743370 341
1743380 341
1743390 340
1743400 340
1743410 340
1743420 339
1743430 339
1743440 339
1743450 339
1743460 339
1743470 339
1743480 338
1743490 338
1743500 338
1743510 338
1743520 337
1743530 337
1743540 337
1743550 337
1743560 336
1743570 336
1743580 336
1743590 336
1743600 335
1743610 335
1743620 335
1743630 335
1743640 334
1743650 334
1743660 334
1743670 333
1743680 333
1743690 333
1743700 333
1743710 333
1743720 332
1743730 332
1743740 332
1743750 332
1743760 332
1743770 331
1743780 331
1743790 331
1743800 331
1743810 331
1743820 331
1743830 330
1743840 330
1743850 330
1743860 330
1743870 330
1743880 329
1743890 329
1743900 329
1743910 329
1743920 329
1743930 328
1743940 327
1743950 326
1743960 326
1743970 326
1743980 326
1743990 326
1744000 327
1744010 327
1744020 326
1744030 326
1744040 326
1744050 326
1744060 326
1744070 326
1744080 326
1744090 326
1744100 326
1744110 326
1744120 326
1744130 326
1744140 326
1744150 326
1744160 326
1744170 326
1744180 326
1744190 326
1744200 326
1744210 326
1744220 326
1744230 326
1744240 326
1744250 327
1744260 327
1744270 327
1744280 327
1744290 327
1744300 327
1744310 327
1744320 328
1744330 328
1744340 328
1744350 328
1744360 328
1744370 328
1744380 328
1744390 328
1744400 328
1744410 329
1744420 329
1744430 329
1744440 329
1744450 329
1744460 329
1744470 329
1744480 329
1744490 329
1744500 329
1744510 329
1744520 329
1744530 329
1744540 329
1744550 329
1744560 329
1744570 329
1744580 329
1744590 329
1744600 329
1744610 329
1744620 329
1744630 329
1744640 329
1744650 329
1744660 329
1744670 329
1744680 329
1744690 329
1744700 329
1744710 329
1744720 329
1744730 329
1744740 329
1744750 329
1744760 328
1744770 328
1744780 328
1744790 328
1744800 328
1744810 328
1744820 327
1744830 327
1744840 327
1744850 327
1744860 327
1744870 326
1744880 326
1744890 326
1744900 326
1744910 326
1744920 325
1744930 325
1744940 325
1744950 325
1744960 325
1744970 324
1744980 324
1744990 324
1745000 324
1745010 323
1745020 323
1745030 323
1745040 323
1745050 323
1745060 322
1745070 322
1745080 322
1745090 322
1745100 322
1745110 321
1745120 321
1745130 321
1745140 321
1745150 320
1745160 320
1745170 320
1745180 320
1745190 320
1745200 319
1745210 319
1745220 319
1745230 319
1745240 318
1745250 318
1745260 318
1745270 318
1745280 317
1745290 317
1745300 317
1745310 317
1745320 316
1745330 316
1745340 316
1745350 316
1745360 316
1745370 316
1745380 316
1745390 315
1745400 315
1745410 315
1745420 314
1745430 314
1745440 314
1745450 313
1745460 313
1745470 313
1745480 313
1745490 312
1745500 312
1745510 312
1745520 312
1745530 312
1745540 311
1745550 311
1745560 311
1745570 311
1745580 310
1745590 310
1745600 310
1745610 309
1745620 309
1745630 309
1745640 308
1745650 308
1745660 308
1745670 307
1745680 307
1745690 306
1745700 306
1745710 305
1745720 305
1745730 305
1745740 305
1745750 305
1745760 305
1745770 305
1745780 305
1745790 306
1745800 306
1745810 305
1745820 305
1745830 305
1745840 305
1745850 305
1745860 305
1745870 304
1745880 304
1745890 304
1745900 304
1745910 304
1745920 304
1745930 304
1745940 304
1745950 304
1745960 303
1745970 303
1745980 303
1745990 303
1746000 303
1746010 303
1746020 303
1746030 303
1746040 303
1746050 303
1746060 302
1746070 302
1746080 302
1746090 302
1746100 302
1746110 301
1746120 300
1746130 299
1746140 298
1746150 297
1746160 297
1746170 296
1746180 295
1746190 294
1746200 294
1746210 293
1746220 293
1746230 293
1746240 292
1746250 292
1746260 293
1746270 294
1746280 296
1746290 300
1746300 301
1746310 301
1746320 301
1746330 301
1746340 301
1746350 301
1746360 301
1746370 301
1746380 301
1746390 300
1746400 300
1746410 299
1746420 299
1746430 298
1746440 298
1746450 297
1746460 296
1746470 295
1746480 295
1746490 294
1746500 292
1746510 291
1746520 291
1746530 291
1746540 290
1746550 289
1746560 289
1746570 289
1746580 290
1746590 291
1746600 291
1746610 291
1746620 291
1746630 290
1746640 290
1746650 289
1746660 288
1746670 288
1746680 288
1746690 288
1746700 288
1746710 288
1746720 288
1746730 288
1746740 288
1746750 288
1746760 288
1746770 288
1746780 289
1746790 289
1746800 289
1746810 289
1746820 289
1746830 290
1746840 290
1746850 290
1746860 291
1746870 291
1746880 291
1746890 292
1746900 292
1746910 292
1746920 292
1746930 292
1746940 293
1746950 293
1746960 293
1746970 293
1746980 293
1746990 293
1747000 293
1747010 293
1747020 294
1747030 293
1747040 293
1747050 293
1747060 293
1747070 294
1747080 294
1747090 294
1747100 294
1747110 294
1747120 294
1747130 294
1747140 295
1747150 295
1747160 295
1747170 295
1747180 295
1747190 295
1747200 295
1747210 295
1747220 295
1747230 295
1747240 295
1747250 295
1747260 295
1747270 295
1747280 295
1747290 295
1747300 295
1747310 295
1747320 295
1747330 295
1747340 295
1747350 295
1747360 295
1747370 295
1747380 295
1747390 295
1747400 295
1747410 295
1747420 295
1747430 295
1747440 295
1747450 295
1747460 295
1747470 294
1747480 294
1747490 294
1747500 294
1747510 294
1747520 294
1747530 294
1747540 294
1747550 294
1747560 294
1747570 294
1747580 294
1747590 294
1747600 294
1747610 294
1747620 294
1747630 294
1747640 294
1747650 294
1747660 294
1747670 293
1747680 293
1747690 293
1747700 293
1747710 293
1747720 293
1747730 293
1747740 293
1747750 293
1747760 293
1747770 293
1747780 293
1747790 293
1747800 293
1747810 293
1747820 292
1747830 292
1747840 292
1747850 292
1747860 292
1747870 292
1747880 292
1747890 292
1747900 292
1747910 292
1747920 292
1747930 292
1747940 293
1747950 292
1747960 292
1747970 292
1747980 292
1747990 292
1748000 292
1748010 292
1748020 292
1748030 292
1748040 292
1748050 292
1748060 292
1748070 292
1748080 292
1748090 292
1748100 292
1748110 292
1748120 292
1748130 292
1748140 292
1748150 292
1748160 292
1748170 292
1748180 292
1748190 292
1748200 292
1748210 292
1748220 292
1748230 292
1748240 292
1748250 292
1748260 292
1748270 292
1748280 292
1748290 292
1748300 292
1748310 292
1748320 292
1748330 293
1748340 293
1748350 293
1748360 293
1748370 293
1748380 293
1748390 293
1748400 293
1748410 293
1748420 293
1748430 293
1748440 293
1748450 293
1748460 293
1748470 293
1748480 294
1748490 294
1748500 294
1748510 294
1748520 294
1748530 294
1748540 294
1748550 294
1748560 294
1748570 294
1748580 294
1748590 294
1748600 294
1748610 294
1748620 294
1748630 294
1748640 295
1748650 295
1748660 295
1748670 295
1748680 295
1748690 295
1748700 295
1748710 295
1748720 295
1748730 295
1748740 295
1748750 296
1748760 296
1748770 296
1748780 296
1748790 296
1748800 296
1748810 297
1748820 297
1748830 297
1748840 297
1748850 297
1748860 297
1748870 297
1748880 298
1748890 298
1748900 298
1748910 298
1748920 298
1748930 298
1748940 298
1748950 299
1748960 299
1748970 299
1748980 299
1748990 299
1749000 299
1749010 300
1749020 300
1749030 300
1749040 300
1749050 301
1749060 301
1749070 301
1749080 301
1749090 302
1749100 302
1749110 302
1749120 302
1749130 302
1749140 302
1749150 303
1749160 303
1749170 303
1749180 303
1749190 304
1749200 304
1749210 304
1749220 304
1749230 305
1749240 305
1749250 306
1749260 306
1749270 306
1749280 306
1749290 306
1749300 306
1749310 307
1749320 307
1749330 307
1749340 307
1749350 308
1749360 308
1749370 308
1749380 309
1749390 309
1749400 309
1749410 310
1749420 310
1749430 311
1749440 311
1749450 312
1749460 312
1749470 312
1749480 312
1749490 312
1749500 312
1749510 312
1749520 312
1749530 312
1749540 312
1749550 313
1749560 313
1749570 313
1749580 313
1749590 314
1749600 314
1749610 314
1749620 315
1749630 315
1749640 315
1749650 316
1749660 316
1749670 316
1749680 316
1749690 317
1749700 317
1749710 317
1749720 317
1749730 317
1749740 317
1749750 318
1749760 318
1749770 318
1749780 318
1749790 319
1749800 319
1749810 319
1749820 320
1749830 320
1749840 321
1749850 321
1749860 322
1749870 322
1749880 323
1749890 323
1749900 323
1749910 324
1749920 324
1749930 325
1749940 325
1749950 326
1749960 326
1749970 328
1749980 329
1749990 329
1750000 330
1750010 330
1750020 331
1750030 332
1750040 332
1750050 333
1750060 334
1750070 335
1750080 336
1750090 337
1750100 339
1750110 340
1750120 341
1750130 342
1750140 344
1750150 345
1750160 347
1750170 348
1750180 349
1750190 350
1750200 351
1750210 352
1750220 353
1750230 355
1750240 356
1750250 357
1750260 358
1750270 358
1750280 359
1750290 360
1750300 360
1750310 361
1750320 362
1750330 363
1750340 364
1750350 364
1750360 365
1750370 366
1750380 367
1750390 368
1750400 369
1750410 370
1750420 371
1750430 372
1750440 374
1750450 375
1750460 377
1750470 378
1750480 380
1750490 381
1750500 382
1750510 383
1750520 384
1750530 384
1750540 385
1750550 385
1750560 385
1750570 386
1750580 386
1750590 386
1750600 387
1750610 386
1750620 386
1750630 387
1750640 387
1750650 387
1750660 387
1750670 387
1750680 387
1750690 387
1750700 387
1750710 387
1750720 386
1750730 385
1750740 384
1750750 383
1750760 383
1750770 384
1750780 387
1750790 389
1750800 391
1750810 392
1750820 393
1750830 394
1750840 394
1750850 395
1750860 396
1750870 397
1750880 397
1750890 398
1750900 398
1750910 399
1750920 399
1750930 400
1750940 400
1750950 401
1750960 401
1750970 402
1750980 403
1750990 404
1751000 404
1751010 405
1751020 406
1751030 407
1751040 407
1751050 408
1751060 409
1751070 410
1751080 410
1751090 411
1751100 412
1751110 412
1751120 413
1751130 414
1751140 415
1751150 415
1751160 415
1751170 416
1751180 416
1751190 416
1751200 417
1751210 417
1751220 417
1751230 416
1751240 416
1751250 416
1751260 416
1751270 416
1751280 416
1751290 416
1751300 416
1751310 416
1751320 416
1751330 416
1751340 416
1751350 416
1751360 416
1751370 416
1751380 416
1751390 416
1751400 416
1751410 416
1751420 416
1751430 416
1751440 415
1751450 415
1751460 415
1751470 415
1751480 415
1751490 415
1751500 415
1751510 415
1751520 415
1751530 415
1751540 415
1751550 414
1751560 414
1751570 414
1751580 413
1751590 413
1751600 413
1751610 413
1751620 413
1751630 413
1751640 412
1751650 412
1751660 412
1751670 411
1751680 411
1751690 411
1751700 411
1751710 411
1751720 411
1751730 410
1751740 410
1751750 410
1751760 409
1751770 409
1751780 409
1751790 408
1751800 408
1751810 408
1751820 408
1751830 408
1751840 408
1751850 408
1751860 408
1751870 407
1751880 407
1751890 407
1751900 407
1751910 407
1751920 407
1751930 407
1751940 407
1751950 407
1751960 407
1751970 407
1751980 407
1751990 407
1752000 407
1752010 407
1752020 407
1752030 407
1752040 406
1752050 406
1752060 406
1752070 407
1752080 407
1752090 406
1752100 406
1752110 406
1752120 406
1752130 406
1752140 406
1752150 406
1752160 406
1752170 406
1752180 406
1752190 406
1752200 406
1752210 406
1752220 406
1752230 406
1752240 406
1752250 406
1752260 406
1752270 406
1752280 406
1752290 406
1752300 406
1752310 406
1752320 405
1752330 405
1752340 405
1752350 405
1752360 405
1752370 405
1752380 405
1752390 405
1752400 405
1752410 405
1752420 405
1752430 405
1752440 405
1752450 405
1752460 406
1752470 406
1752480 406
1752490 406
1752500 406
1752510 406
1752520 406
1752530 406
1752540 406
1752550 406
1752560 406
1752570 406
1752580 406
1752590 406
1752600 406
1752610 405
1752620 404
1752630 404
1752640 404
1752650 404
1752660 404
1752670 404
1752680 404
1752690 404
1752700 404
1752710 404
1752720 405
1752730 405
1752740 405
1752750 406
1752760 406
1752770 406
1752780 407
1752790 407
1752800 407
1752810 407
1752820 408
1752830 408
1752840 408
1752850 409
1752860 409
1752870 409
1752880 409
1752890 409
1752900 409
1752910 409
1752920 409
1752930 409
1752940 409
1752950 409
1752960 409
1752970 409
1752980 408
1752990 408
1753000 408
1753010 408
1753020 408
1753030 408
1753040 409
1753050 409
1753060 409
1753070 409
1753080 409
1753090 409
1753100 409
1753110 410
1753120 410
1753130 410
1753140 411
1753150 411
1753160 411
1753170 412
1753180 412
1753190 412
1753200 413
1753210 413
1753220 413
1753230 414
1753240 414
1753250 414
1753260 415
1753270 415
1753280 415
1753290 415
1753300 415
1753310 415
1753320 416
1753330 416
1753340 416
1753350 416
1753360 417
1753370 417
1753380 417
1753390 418
1753400 418
1753410 418
1753420 418
1753430 419
1753440 419
1753450 419
1753460 419
1753470 420
1753480 420
1753490 421
1753500 421
1753510 421
1753520 421
1753530 422
1753540 422
1753550 422
1753560 423
1753570 423
1753580 423
1753590 424
1753600 424
1753610 425
1753620 425
1753630 425
1753640 425
1753650 425
1753660 426
1753670 426
1753680 426
1753690 426
1753700 426
1753710 426
1753720 426
1753730 426
1753740 426
1753750 426
1753760 426
1753770 427
1753780 427
1753790 427
1753800 427
1753810 427
1753820 427
1753830 427
1753840 428
1753850 428
1753860 428
1753870 429
1753880 429
1753890 430
1753900 430
1753910 431
1753920 431
1753930 432
1753940 432
1753950 432
1753960 433
1753970 433
1753980 433
1753990 433
1754000 434
1754010 434
1754020 434
1754030 434
1754040 435
1754050 435
1754060 435
1754070 435
1754080 435
1754090 436
1754100 436
1754110 435
1754120 435
1754130 435
1754140 435
1754150 434
1754160 434
1754170 434
1754180 433
1754190 433
1754200 433
1754210 432
1754220 432
1754230 432
1754240 431
1754250 431
1754260 430
1754270 430
1754280 430
1754290 429
1754300 429
1754310 428
1754320 428
1754330 428
1754340 427
1754350 427
1754360 426
1754370 426
1754380 425
1754390 425
1754400 425
1754410 424
1754420 424
1754430 423
1754440 423
1754450 422
1754460 422
1754470 421
1754480 421
1754490 420
1754500 420
1754510 419
1754520 419
1754530 418
1754540 417
1754550 417
1754560 416
1754570 416
1754580 415
1754590 415
1754600 414
1754610 414
1754620 414
1754630 414
1754640 414
1754650 414
1754660 413
1754670 413
1754680 413
1754690 412
1754700 412
1754710 411
1754720 411
1754730 410
1754740 410
1754750 410
1754760 409
1754770 409
1754780 409
1754790 408
1754800 408
1754810 408
1754820 407
1754830 407
1754840 407
1754850 406
1754860 406
1754870 406
1754880 405
1754890 405
1754900 405
1754910 404
1754920 404
1754930 404
1754940 403
1754950 403
1754960 403
1754970 402
1754980 402
1754990 402
1755000 402
1755010 401
1755020 401
1755030 401
1755040 401
1755050 401
1755060 401
1755070 401
1755080 401
1755090 401
1755100 401
1755110 401
1755120 401
1755130 401
1755140 401
1755150 401
1755160 401
1755170 401
1755180 401
1755190 401
1755200 401
1755210 400
1755220 400
1755230 400
1755240 400
1755250 400
1755260 400
1755270 400
1755280 400
1755290 400
1755300 400
1755310 400
1755320 400
1755330 399
1755340 399
1755350 398
1755360 398
1755370 398
1755380 397
1755390 397
1755400 396
1755410 396
1755420 395
1755430 395
1755440 395
1755450 394
1755460 394
1755470 393
1755480 393
1755490 392
1755500 392
1755510 392
1755520 391
1755530 391
1755540 391
1755550 390
1755560 390
1755570 390
1755580 389
1755590 389
1755600 389
1755610 388
1755620 388
1755630 388
1755640 387
1755650 387
1755660 387
1755670 386
1755680 386
1755690 386
1755700 385
1755710 385
1755720 385
1755730 385
1755740 384
1755750 384
1755760 384
1755770 384
1755780 383
1755790 383
1755800 383
1755810 383
1755820 382
1755830 382
1755840 382
1755850 382
1755860 382
1755870 381
1755880 381
1755890 381
1755900 381
1755910 381
1755920 381
1755930 381
1755940 381
1755950 381
1755960 380
1755970 380
1755980 380
1755990 380
1756000 380
1756010 380
1756020 380
1756030 380
1756040 380
1756050 380
1756060 380
1756070 380
1756080 380
1756090 380
1756100 379
1756110 379
1756120 379
1756130 379
1756140 379
1756150 379
1756160 379
1756170 379
1756180 379
1756190 379
1756200 379
1756210 379
1756220 379
1756230 378
1756240 378
1756250 376
1756260 377
1756270 377
1756280 378
1756290 378
1756300 377
1756310 377
1756320 376
1756330 375
1756340 375
1756350 374
1756360 374
1756370 374
1756380 374
1756390 374
1756400 374
1756410 374
1756420 374
1756430 373
1756440 373
1756450 373
1756460 373
1756470 373
1756480 373
1756490 373
1756500 373
1756510 373
1756520 373
1756530 373
1756540 373
1756550 373
1756560 373
1756570 373
1756580 373
1756590 373
1756600 373
1756610 373
1756620 373
1756630 373
1756640 372
1756650 372
1756660 372
1756670 372
1756680 372
1756690 372
1756700 372
1756710 372
1756720 372
1756730 372
1756740 372
1756750 372
1756760 372
1756770 372
1756780 372
1756790 372
1756800 372
1756810 372
1756820 372
1756830 372
1756840 372
1756850 372
1756860 372
1756870 372
1756880 372
1756890 372
1756900 372
1756910 372
1756920 371
1756930 371
1756940 371
1756950 371
1756960 371
1756970 371
1756980 371
1756990 371
1757000 371
1757010 371
1757020 371
1757030 371
1757040 371
1757050 371
1757060 371
1757070 371
1757080 371
1757090 371
1757100 371
1757110 371
1757120 371
1757130 371
1757140 371
1757150 371
1757160 371
1757170 371
1757180 371
1757190 370
1757200 370
1757210 371
1757220 371
1757230 371
1757240 371
1757250 371
1757260 371
1757270 371
1757280 371
1757290 371
1757300 371
1757310 371
1757320 372
1757330 373
1757340 374
1757350 375
1757360 376
1757370 376
1757380 377
1757390 378
1757400 378
1757410 379
1757420 379
1757430 379
1757440 380
1757450 380
1757460 380
1757470 380
1757480 380
1757490 380
1757500 379
1757510 379
1757520 378
1757530 378
1757540 378
1757550 379
1757560 379
1757570 379
1757580 380
1757590 382
1757600 383
1757610 385
1757620 386
1757630 387
1757640 387
1757650 388
1757660 389
1757670 390
1757680 390
1757690 391
1757700 392
1757710 392
1757720 393
1757730 394
1757740 394
1757750 395
1757760 395
1757770 396
1757780 396
1757790 397
1757800 397
1757810 398
1757820 398
1757830 399
1757840 399
1757850 400
1757860 400
1757870 401
1757880 401
1757890 401
1757900 402
1757910 402
1757920 402
1757930 402
1757940 403
1757950 403
1757960 403
1757970 404
1757980 404
1757990 404
1758000 404
1758010 405
1758020 405
1758030 405
1758040 405
1758050 405
1758060 405
1758070 405
1758080 406
1758090 406
1758100 406
1758110 406
1758120 406
1758130 407
1758140 407
1758150 407
1758160 407
1758170 407
1758180 407
1758190 407
1758200 407
1758210 407
1758220 407
1758230 407
1758240 407
1758250 407
1758260 407
1758270 407
1758280 407
1758290 407
1758300 407
1758310 407
1758320 407
1758330 407
1758340 407
1758350 407
1758360 407
1758370 407
1758380 407
1758390 407
1758400 407
1758410 407
1758420 408
1758430 408
1758440 408
1758450 408
1758460 408
1758470 408
1758480 408
1758490 408
1758500 408
1758510 408
1758520 408
1758530 408
1758540 408
1758550 408
1758560 408
1758570 407
1758580 407
1758590 407
1758600 407
1758610 407
1758620 406
1758630 406
1758640 406
1758650 406
1758660 406
1758670 406
1758680 405
1758690 405
1758700 405
1758710 404
1758720 404
1758730 404
1758740 403
1758750 403
1758760 403
1758770 403
1758780 402
1758790 402
1758800 401
1758810 401
1758820 400
1758830 400
1758840 399
1758850 399
1758860 398
1758870 398
1758880 397
1758890 397
1758900 397
1758910 396
1758920 396
1758930 395
1758940 395
1758950 395
1758960 395
1758970 395
1758980 394
1758990 394
1759000 394
1759010 394
1759020 394
1759030 394
1759040 394
1759050 394
1759060 394
1759070 394
1759080 393
1759090 393
1759100 393
1759110 393
1759120 393
1759130 393
1759140 393
1759150 393
1759160 392
1759170 392
1759180 392
1759190 392
1759200 392
1759210 392
1759220 392
1759230 391
1759240 391
1759250 391
1759260 391
1759270 391
1759280 391
1759290 391
1759300 391
1759310 391
1759320 391
1759330 390
1759340 390
1759350 390
1759360 390
1759370 390
1759380 390
1759390 390
1759400 390
1759410 390
1759420 390
1759430 390
1759440 389
1759450 389
1759460 389
1759470 389
1759480 389
1759490 389
1759500 389
1759510 389
1759520 389
1759530 389
1759540 389
1759550 389
1759560 389
1759570 389
1759580 389
1759590 389
1759600 389
1759610 389
1759620 389
1759630 390
1759640 390
1759650 390
1759660 390
1759670 390
1759680 390
1759690 390
1759700 391
1759710 391
1759720 391
1759730 391
1759740 392
1759750 392
1759760 392
1759770 392
1759780 393
1759790 393
1759800 393
1759810 393
1759820 393
1759830 393
1759840 393
1759850 393
1759860 393
1759870 393
1759880 393
1759890 393
1759900 393
1759910 393
1759920 393
1759930 393
1759940 392
1759950 392
1759960 392
1759970 392
1759980 392
1759990 392
