1740000 329
1740010 330
1740020 331
1740030 331
1740040 331
1740050 331
1740060 331
1740070 331
1740080 331
1740090 331
1740100 332
1740110 332
1740120 332
1740130 333
1740140 333
1740150 333
1740160 333
1740170 333
1740180 333
1740190 332
1740200 332
1740210 332
1740220 332
1740230 332
1740240 332
1740250 331
1740260 331
1740270 331
1740280 330
1740290 330
1740300 329
1740310 328
1740320 328
1740330 327
1740340 326
1740350 326
1740360 325
1740370 324
1740380 324
1740390 324
1740400 323
1740410 323
1740420 323
1740430 323
1740440 322
1740450 322
1740460 322
1740470 321
1740480 321
1740490 321
1740500 320
1740510 320
1740520 319
1740530 318
1740540 317
1740550 317
1740560 316
1740570 315
1740580 314
1740590 313
1740600 311
1740610 309
1740620 307
1740630 305
1740640 303
1740650 301
1740660 298
1740670 296
1740680 295
1740690 298
1740700 301
1740710 304
1740720 307
1740730 311
1740740 314
1740750 316
1740760 318
1740770 320
1740780 321
1740790 322
1740800 323
1740810 323
1740820 323
1740830 323
1740840 323
1740850 323
1740860 323
1740870 323
1740880 323
1740890 323
1740900 323
1740910 323
1740920 323
1740930 322
1740940 322
1740950 323
1740960 323
1740970 324
1740980 324
1740990 325
1741000 326
1741010 327
1741020 327
1741030 328
1741040 328
1741050 329
1741060 330
1741070 330
1741080 331
1741090 331
1741100 331
1741110 332
1741120 332
1741130 332
1741140 332
1741150 331
1741160 328
1741170 323
1741180 319
1741190 315
1741200 312
1741210 309
1741220 306
1741230 303
1741240 301
1741250 298
1741260 295
1741270 292
1741280 289
1741290 287
1741300 284
1741310 281
1741320 279
1741330 276
1741340 274
1741350 271
1741360 268
1741370 265
1741380 262
1741390 259
1741400 255
1741410 254
1741420 254
1741430 255
1741440 256
1741450 256
1741460 257
1741470 257
1741480 257
1741490 257
1741500 257
1741510 257
1741520 258
1741530 258
1741540 259
1741550 264
1741560 269
1741570 273
1741580 278
1741590 283
1741600 286
1741610 289
1741620 291
1741630 294
1741640 296
1741650 298
1741660 300
1741670 302
1741680 304
1741690 306
1741700 308
1741710 310
1741720 312
1741730 314
1741740 316
1741750 317
1741760 318
1741770 320
1741780 321
1741790 321
1741800 322
1741810 322
1741820 322
1741830 322
1741840 322
1741850 322
1741860 322
1741870 322
1741880 322
1741890 323
1741900 325
1741910 328
1741920 331
1741930 333
1741940 337
1741950 340
1741960 343
1741970 345
1741980 348
1741990 350
1742000 352
1742010 353
1742020 354
1742030 355
1742040 356
1742050 357
1742060 358
1742070 359
1742080 359
1742090 360
1742100 360
1742110 361
1742120 362
1742130 362
1742140 362
1742150 363
1742160 363
1742170 363
1742180 363
1742190 363
1742200 363
1742210 363
1742220 363
1742230 363
1742240 363
1742250 363
1742260 363
1742270 363
1742280 363
1742290 363
1742300 363
1742310 362
1742320 362
1742330 362
1742340 362
1742350 362
1742360 362
1742370 361
1742380 361
1742390 361
1742400 361
1742410 361
1742420 361
1742430 361
1742440 360
1742450 360
1742460 360
1742470 360
1742480 360
1742490 360
1742500 360
1742510 360
1742520 359
1742530 359
1742540 359
1742550 359
1742560 359
1742570 358
1742580 358
1742590 358
1742600 358
1742610 358
1742620 357
1742630 357
1742640 357
1742650 356
1742660 356
1742670 356
1742680 356
1742690 355
1742700 355
1742710 355
1742720 355
1742730 354
1742740 354
1742750 354
1742760 354
1742770 354
1742780 353
1742790 353
1742800 353
1742810 353
1742820 353
1742830 353
1742840 353
1742850 352
1742860 352
1742870 352
1742880 352
1742890 352
1742900 352
1742910 352
1742920 352
1742930 352
1742940 351
1742950 351
1742960 351
1742970 351
1742980 351
1742990 350
1743000 350
1743010 350
1743020 350
1743030 350
1743040 349
1743050 349
1743060 349
1743070 349
1743080 349
1743090 349
1743100 348
1743110 348
1743120 348
1743130 348
1743140 348
1743150 348
1743160 348
1743170 348
1743180 348
1743190 347
1743200 347
1743210 347
1743220 347
1743230 347
1743240 347
1743250 347
1743260 347
1743270 347
1743280 346
1743290 346
1743300 346
1743310 346
1743320 346
1743330 346
1743340 346
1743350 346
1743360 346
1743370 346
1743380 345
1743390 345
1743400 345
1743410 345
1743420 345
1743430 345
1743440 345
1743450 345
1743460 345
1743470 345
1743480 344
1743490 344
1743500 344
1743510 344
1743520 344
1743530 344
1743540 344
1743550 344
1743560 344
1743570 344
1743580 343
1743590 343
1743600 343
1743610 343
1743620 343
1743630 343
1743640 343
1743650 343
1743660 342
1743670 342
1743680 342
1743690 342
1743700 342
1743710 342
1743720 342
1743730 341
1743740 341
1743750 341
1743760 341
1743770 341
1743780 340
1743790 340
1743800 340
1743810 340
1743820 340
1743830 340
1743840 339
1743850 339
1743860 339
1743870 339
1743880 339
1743890 339
1743900 339
1743910 339
1743920 339
1743930 339
1743940 338
1743950 338
1743960 338
1743970 338
1743980 338
1743990 338
1744000 337
1744010 337
1744020 337
1744030 337
1744040 337
1744050 336
1744060 336
1744070 336
1744080 336
1744090 336
1744100 336
1744110 336
1744120 336
1744130 336
1744140 336
1744150 336
1744160 336
1744170 336
1744180 336
1744190 336
1744200 336
1744210 336
1744220 336
1744230 336
1744240 336
1744250 336
1744260 336
1744270 336
1744280 336
1744290 336
1744300 335
1744310 335
1744320 335
1744330 335
1744340 335
1744350 335
1744360 335
1744370 335
1744380 335
1744390 335
1744400 335
1744410 334
1744420 334
1744430 334
1744440 334
1744450 334
1744460 334
1744470 334
1744480 334
1744490 334
1744500 334
1744510 334
1744520 334
1744530 334
1744540 334
1744550 334
1744560 334
1744570 334
1744580 334
1744590 334
1744600 333
1744610 333
1744620 333
1744630 333
1744640 333
1744650 333
1744660 333
1744670 333
1744680 333
1744690 333
1744700 333
1744710 333
1744720 333
1744730 333
1744740 333
1744750 332
1744760 332
1744770 332
1744780 332
1744790 332
1744800 332
1744810 332
1744820 331
1744830 331
1744840 331
1744850 331
1744860 331
1744870 331
1744880 330
1744890 330
1744900 330
1744910 330
1744920 330
1744930 330
1744940 329
1744950 329
1744960 329
1744970 329
1744980 329
1744990 329
1745000 328
1745010 328
1745020 328
1745030 328
1745040 327
1745050 327
1745060 327
1745070 327
1745080 327
1745090 326
1745100 326
1745110 326
1745120 325
1745130 325
1745140 325
1745150 324
1745160 324
1745170 324
1745180 323
1745190 322
1745200 322
1745210 321
1745220 321
1745230 320
1745240 320
1745250 319
1745260 318
1745270 318
1745280 317
1745290 316
1745300 316
1745310 315
1745320 315
1745330 314
1745340 314
1745350 313
1745360 313
1745370 312
1745380 312
1745390 311
1745400 311
1745410 310
1745420 310
1745430 310
1745440 310
1745450 309
1745460 309
1745470 309
1745480 309
1745490 308
1745500 308
1745510 308
1745520 308
1745530 308
1745540 307
1745550 307
1745560 307
1745570 307
1745580 307
1745590 306
1745600 306
1745610 306
1745620 306
1745630 306
1745640 305
1745650 305
1745660 305
1745670 305
1745680 304
1745690 303
1745700 303
1745710 303
1745720 303
1745730 304
1745740 306
1745750 307
1745760 309
1745770 311
1745780 312
1745790 313
1745800 313
1745810 313
1745820 313
1745830 313
1745840 313
1745850 313
1745860 312
1745870 312
1745880 311
1745890 310
1745900 310
1745910 310
1745920 310
1745930 308
1745940 308
1745950 308
1745960 309
1745970 310
1745980 309
1745990 309
1746000 308
1746010 308
1746020 308
1746030 308
1746040 308
1746050 308
1746060 308
1746070 307
1746080 307
1746090 307
1746100 307
1746110 306
1746120 306
1746130 305
1746140 305
1746150 305
1746160 305
1746170 304
1746180 304
1746190 303
1746200 303
1746210 303
1746220 303
1746230 303
1746240 303
1746250 303
1746260 302
1746270 302
1746280 302
1746290 301
1746300 301
1746310 301
1746320 301
1746330 301
1746340 300
1746350 300
1746360 300
1746370 300
1746380 299
1746390 299
1746400 299
1746410 299
1746420 298
1746430 298
1746440 298
1746450 297
1746460 297
1746470 297
1746480 297
1746490 296
1746500 296
1746510 296
1746520 296
1746530 295
1746540 295
1746550 295
1746560 295
1746570 294
1746580 294
1746590 294
1746600 294
1746610 293
1746620 293
1746630 293
1746640 293
1746650 292
1746660 292
1746670 292
1746680 292
1746690 292
1746700 292
1746710 291
1746720 291
1746730 291
1746740 291
1746750 290
1746760 290
1746770 289
1746780 289
1746790 288
1746800 288
1746810 288
1746820 288
1746830 288
1746840 288
1746850 288
1746860 287
1746870 287
1746880 287
1746890 287
1746900 287
1746910 287
1746920 287
1746930 287
1746940 287
1746950 287
1746960 287
1746970 287
1746980 287
1746990 287
1747000 287
1747010 287
1747020 287
1747030 287
1747040 287
1747050 287
1747060 287
1747070 287
1747080 288
1747090 288
1747100 288
1747110 287
1747120 287
1747130 287
1747140 287
1747150 287
1747160 287
1747170 287
1747180 287
1747190 287
1747200 287
1747210 287
1747220 287
1747230 287
1747240 287
1747250 287
1747260 287
1747270 287
1747280 287
1747290 287
1747300 287
1747310 287
1747320 287
1747330 287
1747340 287
1747350 287
1747360 287
1747370 287
1747380 288
1747390 288
1747400 288
1747410 288
1747420 288
1747430 288
1747440 288
1747450 288
1747460 288
1747470 288
1747480 288
1747490 288
1747500 288
1747510 288
1747520 288
1747530 288
1747540 289
1747550 289
1747560 289
1747570 289
1747580 289
1747590 289
1747600 289
1747610 289
1747620 289
1747630 289
1747640 289
1747650 289
1747660 289
1747670 289
1747680 289
1747690 289
1747700 289
1747710 289
1747720 289
1747730 289
1747740 289
1747750 289
1747760 289
1747770 289
1747780 289
1747790 290
1747800 290
1747810 290
1747820 290
1747830 290
1747840 290
1747850 290
1747860 290
1747870 290
1747880 290
1747890 290
1747900 290
1747910 290
1747920 290
1747930 290
1747940 291
1747950 291
1747960 291
1747970 291
1747980 291
1747990 291
1748000 291
1748010 291
1748020 291
1748030 291
1748040 291
1748050 291
1748060 291
1748070 291
1748080 291
1748090 292
1748100 292
1748110 292
1748120 292
1748130 292
1748140 292
1748150 292
1748160 292
1748170 292
1748180 292
1748190 292
1748200 292
1748210 292
1748220 293
1748230 293
1748240 293
1748250 293
1748260 293
1748270 293
1748280 293
1748290 293
1748300 293
1748310 293
1748320 293
1748330 293
1748340 293
1748350 293
1748360 294
1748370 294
1748380 294
1748390 294
1748400 294
1748410 294
1748420 294
1748430 295
1748440 295
1748450 295
1748460 295
1748470 295
1748480 295
1748490 295
1748500 296
1748510 296
1748520 296
1748530 296
1748540 296
1748550 296
1748560 296
1748570 296
1748580 296
1748590 296
1748600 296
1748610 296
1748620 296
1748630 296
1748640 296
1748650 296
1748660 296
1748670 296
1748680 296
1748690 296
1748700 296
1748710 296
1748720 296
1748730 297
1748740 297
1748750 297
1748760 297
1748770 297
1748780 297
1748790 297
1748800 298
1748810 298
1748820 298
1748830 298
1748840 298
1748850 298
1748860 298
1748870 298
1748880 299
1748890 299
1748900 299
1748910 299
1748920 299
1748930 299
1748940 299
1748950 299
1748960 299
1748970 299
1748980 299
1748990 300
1749000 300
1749010 300
1749020 300
1749030 301
1749040 301
1749050 301
1749060 301
1749070 302
1749080 302
1749090 302
1749100 302
1749110 303
1749120 303
1749130 304
1749140 304
1749150 305
1749160 305
1749170 306
1749180 306
1749190 307
1749200 307
1749210 308
1749220 308
1749230 308
1749240 308
1749250 309
1749260 309
1749270 309
1749280 309
1749290 309
1749300 309
1749310 309
1749320 309
1749330 309
1749340 309
1749350 309
1749360 309
1749370 309
1749380 309
1749390 309
1749400 309
1749410 310
1749420 310
1749430 310
1749440 310
1749450 310
1749460 310
1749470 310
1749480 311
1749490 311
1749500 311
1749510 311
1749520 311
1749530 312
1749540 312
1749550 312
1749560 313
1749570 313
1749580 313
1749590 314
1749600 315
1749610 316
1749620 316
1749630 315
1749640 315
1749650 315
1749660 315
1749670 315
1749680 315
1749690 315
1749700 316
1749710 316
1749720 316
1749730 316
1749740 317
1749750 317
1749760 317
1749770 318
1749780 318
1749790 319
1749800 319
1749810 319
1749820 319
1749830 319
1749840 319
1749850 320
1749860 320
1749870 320
1749880 320
1749890 320
1749900 321
1749910 321
1749920 321
1749930 322
1749940 322
1749950 323
1749960 323
1749970 324
1749980 324
1749990 325
1750000 325
1750010 326
1750020 326
1750030 327
1750040 328
1750050 328
1750060 329
1750070 329
1750080 330
1750090 330
1750100 331
1750110 331
1750120 332
1750130 333
1750140 333
1750150 334
1750160 335
1750170 336
1750180 336
1750190 337
1750200 338
1750210 339
1750220 339
1750230 340
1750240 342
1750250 344
1750260 345
1750270 345
1750280 346
1750290 347
1750300 348
1750310 349
1750320 350
1750330 352
1750340 353
1750350 354
1750360 354
1750370 355
1750380 356
1750390 357
1750400 357
1750410 358
1750420 359
1750430 359
1750440 360
1750450 360
1750460 361
1750470 362
1750480 363
1750490 364
1750500 364
1750510 364
1750520 364
1750530 364
1750540 366
1750550 366
1750560 367
1750570 368
1750580 368
1750590 368
1750600 368
1750610 367
1750620 367
1750630 366
1750640 364
1750650 362
1750660 360
1750670 359
1750680 358
1750690 355
1750700 354
1750710 352
1750720 353
1750730 354
1750740 355
1750750 355
1750760 355
1750770 355
1750780 356
1750790 356
1750800 357
1750810 358
1750820 359
1750830 360
1750840 361
1750850 362
1750860 363
1750870 364
1750880 364
1750890 364
1750900 364
1750910 364
1750920 364
1750930 364
1750940 364
1750950 364
1750960 365
1750970 365
1750980 366
1750990 368
1751000 369
1751010 370
1751020 372
1751030 374
1751040 376
1751050 378
1751060 380
1751070 383
1751080 385
1751090 387
1751100 389
1751110 389
1751120 391
1751130 392
1751140 395
1751150 398
1751160 401
1751170 404
1751180 405
1751190 407
1751200 408
1751210 408
1751220 409
1751230 409
1751240 410
1751250 410
1751260 410
1751270 410
1751280 410
1751290 410
1751300 410
1751310 409
1751320 408
1751330 407
1751340 406
1751350 405
1751360 405
1751370 406
1751380 407
1751390 408
1751400 408
1751410 408
1751420 408
1751430 408
1751440 408
1751450 408
1751460 408
1751470 408
1751480 408
1751490 408
1751500 408
1751510 408
1751520 408
1751530 408
1751540 407
1751550 407
1751560 407
1751570 407
1751580 406
1751590 406
1751600 405
1751610 403
1751620 400
1751630 396
1751640 394
1751650 392
1751660 393
1751670 393
1751680 395
1751690 397
1751700 399
1751710 401
1751720 403
1751730 404
1751740 404
1751750 404
1751760 404
1751770 404
1751780 404
1751790 404
1751800 404
1751810 404
1751820 404
1751830 404
1751840 404
1751850 403
1751860 403
1751870 403
1751880 402
1751890 402
1751900 402
1751910 402
1751920 402
1751930 402
1751940 402
1751950 402
1751960 401
1751970 401
1751980 401
1751990 401
1752000 401
1752010 401
1752020 401
1752030 400
1752040 400
1752050 401
1752060 401
1752070 400
1752080 400
1752090 400
1752100 400
1752110 400
1752120 401
1752130 401
1752140 401
1752150 401
1752160 401
1752170 401
1752180 401
1752190 401
1752200 401
1752210 401
1752220 401
1752230 401
1752240 402
1752250 402
1752260 402
1752270 402
1752280 403
1752290 403
1752300 404
1752310 404
1752320 405
1752330 405
1752340 405
1752350 406
1752360 406
1752370 407
1752380 407
1752390 408
1752400 408
1752410 408
1752420 408
1752430 408
1752440 409
1752450 409
1752460 409
1752470 409
1752480 409
1752490 409
1752500 409
1752510 409
1752520 409
1752530 409
1752540 409
1752550 409
1752560 409
1752570 409
1752580 409
1752590 409
1752600 409
1752610 409
1752620 409
1752630 409
1752640 409
1752650 409
1752660 409
1752670 409
1752680 410
1752690 411
1752700 411
1752710 412
1752720 412
1752730 412
1752740 413
1752750 413
1752760 413
1752770 414
1752780 414
1752790 414
1752800 415
1752810 415
1752820 416
1752830 416
1752840 416
1752850 417
1752860 417
1752870 418
1752880 418
1752890 418
1752900 418
1752910 419
1752920 419
1752930 420
1752940 420
1752950 420
1752960 421
1752970 421
1752980 421
1752990 422
1753000 422
1753010 423
1753020 423
1753030 423
1753040 424
1753050 424
1753060 424
1753070 425
1753080 425
1753090 424
1753100 424
1753110 424
1753120 424
1753130 424
1753140 424
1753150 424
1753160 424
1753170 424
1753180 424
1753190 423
1753200 423
1753210 423
1753220 423
1753230 423
1753240 423
1753250 423
1753260 424
1753270 424
1753280 424
1753290 424
1753300 424
1753310 424
1753320 424
1753330 424
1753340 424
1753350 424
1753360 424
1753370 424
1753380 424
1753390 424
1753400 425
1753410 425
1753420 425
1753430 425
1753440 425
1753450 425
1753460 425
1753470 425
1753480 425
1753490 425
1753500 425
1753510 426
1753520 426
1753530 426
1753540 426
1753550 426
1753560 427
1753570 427
1753580 427
1753590 427
1753600 427
1753610 428
1753620 428
1753630 428
1753640 429
1753650 429
1753660 429
1753670 429
1753680 429
1753690 429
1753700 430
1753710 430
1753720 430
1753730 430
1753740 430
1753750 430
1753760 430
1753770 429
1753780 429
1753790 429
1753800 429
1753810 429
1753820 429
1753830 429
1753840 429
1753850 429
1753860 430
1753870 430
1753880 430
1753890 430
1753900 430
1753910 430
1753920 430
1753930 430
1753940 430
1753950 430
1753960 430
1753970 429
1753980 429
1753990 429
1754000 429
1754010 429
1754020 429
1754030 429
1754040 429
1754050 429
1754060 428
1754070 428
1754080 428
1754090 428
1754100 428
1754110 428
1754120 428
1754130 428
1754140 427
1754150 427
1754160 427
1754170 427
1754180 427
1754190 427
1754200 427
1754210 426
1754220 426
1754230 426
1754240 426
1754250 426
1754260 426
1754270 425
1754280 425
1754290 425
1754300 425
1754310 424
1754320 424
1754330 424
1754340 424
1754350 423
1754360 423
1754370 423
1754380 423
1754390 422
1754400 422
1754410 422
1754420 421
1754430 421
1754440 421
1754450 421
1754460 420
1754470 420
1754480 420
1754490 419
1754500 419
1754510 419
1754520 419
1754530 419
1754540 418
1754550 418
1754560 418
1754570 418
1754580 418
1754590 417
1754600 417
1754610 417
1754620 417
1754630 416
1754640 416
1754650 416
1754660 416
1754670 415
1754680 415
1754690 415
1754700 415
1754710 414
1754720 414
1754730 414
1754740 414
1754750 414
1754760 413
1754770 413
1754780 413
1754790 413
1754800 412
1754810 412
1754820 412
1754830 412
1754840 411
1754850 411
1754860 411
1754870 411
1754880 410
1754890 410
1754900 410
1754910 410
1754920 409
1754930 409
1754940 409
1754950 409
1754960 408
1754970 408
1754980 408
1754990 408
1755000 407
1755010 407
1755020 407
1755030 407
1755040 406
1755050 406
1755060 406
1755070 406
1755080 405
1755090 405
1755100 405
1755110 405
1755120 404
1755130 404
1755140 404
1755150 404
1755160 404
1755170 404
1755180 403
1755190 403
1755200 403
1755210 403
1755220 402
1755230 402
1755240 401
1755250 401
1755260 401
1755270 401
1755280 402
1755290 403
1755300 404
1755310 404
1755320 404
1755330 405
1755340 405
1755350 405
1755360 405
1755370 405
1755380 405
1755390 405
1755400 405
1755410 405
1755420 405
1755430 404
1755440 404
1755450 404
1755460 404
1755470 404
1755480 403
1755490 403
1755500 402
1755510 402
1755520 401
1755530 401
1755540 400
1755550 399
1755560 399
1755570 399
1755580 398
1755590 398
1755600 397
1755610 397
1755620 397
1755630 396
1755640 396
1755650 396
1755660 395
1755670 395
1755680 394
1755690 394
1755700 394
1755710 393
1755720 393
1755730 393
1755740 392
1755750 392
1755760 392
1755770 391
1755780 391
1755790 391
1755800 391
1755810 390
1755820 390
1755830 390
1755840 389
1755850 389
1755860 389
1755870 389
1755880 389
1755890 388
1755900 388
1755910 388
1755920 388
1755930 387
1755940 387
1755950 387
1755960 387
1755970 387
1755980 386
1755990 386
1756000 386
1756010 386
1756020 386
1756030 386
1756040 386
1756050 385
1756060 385
1756070 385
1756080 385
1756090 385
1756100 384
1756110 384
1756120 384
1756130 384
1756140 383
1756150 383
1756160 382
1756170 380
1756180 378
1756190 378
1756200 378
1756210 378
1756220 378
1756230 378
1756240 378
1756250 378
1756260 379
1756270 380
1756280 381
1756290 382
1756300 384
1756310 386
1756320 388
1756330 390
1756340 392
1756350 394
1756360 396
1756370 396
1756380 397
1756390 397
1756400 398
1756410 398
1756420 398
1756430 399
1756440 399
1756450 399
1756460 399
1756470 399
1756480 399
1756490 399
1756500 399
1756510 399
1756520 399
1756530 399
1756540 399
1756550 399
1756560 399
1756570 398
1756580 398
1756590 398
1756600 398
1756610 398
1756620 398
1756630 397
1756640 397
1756650 397
1756660 396
1756670 396
1756680 396
1756690 396
1756700 396
1756710 395
1756720 395
1756730 395
1756740 395
1756750 394
1756760 394
1756770 394
1756780 393
1756790 393
1756800 393
1756810 393
1756820 392
1756830 392
1756840 392
1756850 391
1756860 391
1756870 391
1756880 391
1756890 391
1756900 391
1756910 390
1756920 390
1756930 390
1756940 390
1756950 390
1756960 390
1756970 390
1756980 391
1756990 391
1757000 391
1757010 391
1757020 391
1757030 391
1757040 391
1757050 391
1757060 391
1757070 392
1757080 392
1757090 392
1757100 392
1757110 392
1757120 392
1757130 392
1757140 392
1757150 392
1757160 393
1757170 393
1757180 393
1757190 394
1757200 394
1757210 395
1757220 396
1757230 396
1757240 396
1757250 397
1757260 397
1757270 398
1757280 398
1757290 399
1757300 399
1757310 400
1757320 400
1757330 400
1757340 400
1757350 401
1757360 401
1757370 401
1757380 401
1757390 402
1757400 402
1757410 402
1757420 402
1757430 402
1757440 402
1757450 402
1757460 402
1757470 402
1757480 402
1757490 402
1757500 402
1757510 401
1757520 401
1757530 401
1757540 401
1757550 401
1757560 401
1757570 401
1757580 401
1757590 401
1757600 401
1757610 400
1757620 400
1757630 400
1757640 400
1757650 400
1757660 400
1757670 400
1757680 400
1757690 401
1757700 401
1757710 402
1757720 402
1757730 403
1757740 403
1757750 403
1757760 404
1757770 404
1757780 404
1757790 405
1757800 405
1757810 406
1757820 406
1757830 407
1757840 407
1757850 408
1757860 408
1757870 409
1757880 409
1757890 410
1757900 410
1757910 411
1757920 411
1757930 411
1757940 411
1757950 412
1757960 412
1757970 412
1757980 412
1757990 412
1758000 412
1758010 412
1758020 412
1758030 412
1758040 412
1758050 412
1758060 412
1758070 412
1758080 412
1758090 412
1758100 412
1758110 411
1758120 411
1758130 411
1758140 411
1758150 410
1758160 410
1758170 410
1758180 410
1758190 409
1758200 409
1758210 409
1758220 409
1758230 409
1758240 408
1758250 408
1758260 408
1758270 408
1758280 408
1758290 407
1758300 407
1758310 407
1758320 407
1758330 406
1758340 406
1758350 406
1758360 406
1758370 406
1758380 406
1758390 405
1758400 405
1758410 405
1758420 405
1758430 405
1758440 405
1758450 405
1758460 405
1758470 404
1758480 404
1758490 404
1758500 404
1758510 404
1758520 404
1758530 404
1758540 404
1758550 404
1758560 404
1758570 403
1758580 403
1758590 403
1758600 403
1758610 403
1758620 403
1758630 403
1758640 403
1758650 403
1758660 403
1758670 403
1758680 403
1758690 403
1758700 403
1758710 403
1758720 403
1758730 403
1758740 403
1758750 403
1758760 403
1758770 403
1758780 403
1758790 403
1758800 403
1758810 403
1758820 402
1758830 402
1758840 402
1758850 402
1758860 402
1758870 402
1758880 402
1758890 402
1758900 402
1758910 401
1758920 401
1758930 401
1758940 401
1758950 401
1758960 401
1758970 400
1758980 400
1758990 400
1759000 400
1759010 400
1759020 399
1759030 399
1759040 399
1759050 399
1759060 398
1759070 398
1759080 398
1759090 398
1759100 398
1759110 398
1759120 397
1759130 397
1759140 397
1759150 397
1759160 397
1759170 396
1759180 396
1759190 396
1759200 396
1759210 396
1759220 396
1759230 395
1759240 395
1759250 395
1759260 395
1759270 395
1759280 394
1759290 394
1759300 394
1759310 394
1759320 394
1759330 394
1759340 394
1759350 394
1759360 394
1759370 393
1759380 393
1759390 393
1759400 393
1759410 393
1759420 393
1759430 393
1759440 392
1759450 392
1759460 392
1759470 392
1759480 392
1759490 392
1759500 392
1759510 392
1759520 392
1759530 392
1759540 392
1759550 391
1759560 391
1759570 391
1759580 391
1759590 391
1759600 391
1759610 391
1759620 391
1759630 391
1759640 391
1759650 391
1759660 391
1759670 391
1759680 391
1759690 391
1759700 391
1759710 391
1759720 391
1759730 391
1759740 391
1759750 391
1759760 391
1759770 391
1759780 391
1759790 391
1759800 391
1759810 391
1759820 391
1759830 391
1759840 391
1759850 391
1759860 391
1759870 391
1759880 391
1759890 391
1759900 391
1759910 391
1759920 391
1759930 391
1759940 391
1759950 391
1759960 391
1759970 391
1759980 391
1759990 391
