1740000 316
1740010 316
1740020 316
1740030 316
1740040 316
1740050 317
1740060 317
1740070 317
1740080 317
1740090 318
1740100 318
1740110 318
1740120 318
1740130 319
1740140 319
1740150 319
1740160 319
1740170 320
1740180 320
1740190 321
1740200 321
1740210 321
1740220 322
1740230 323
1740240 323
1740250 324
1740260 324
1740270 325
1740280 325
1740290 326
1740300 327
1740310 328
1740320 328
1740330 329
1740340 330
1740350 330
1740360 330
1740370 330
1740380 331
1740390 331
1740400 332
1740410 334
1740420 334
1740430 335
1740440 336
1740450 337
1740460 337
1740470 338
1740480 339
1740490 339
1740500 340
1740510 340
1740520 340
1740530 340
1740540 340
1740550 340
1740560 340
1740570 340
1740580 340
1740590 340
1740600 340
1740610 339
1740620 339
1740630 339
1740640 338
1740650 337
1740660 337
1740670 336
1740680 336
1740690 336
1740700 335
1740710 335
1740720 334
1740730 334
1740740 333
1740750 333
1740760 332
1740770 332
1740780 331
1740790 331
1740800 330
1740810 330
1740820 330
1740830 329
1740840 329
1740850 328
1740860 328
1740870 328
1740880 327
1740890 327
1740900 327
1740910 326
1740920 326
1740930 326
1740940 326
1740950 325
1740960 325
1740970 325
1740980 325
1740990 324
1741000 324
1741010 324
1741020 324
1741030 324
1741040 324
1741050 324
1741060 324
1741070 323
1741080 323
1741090 323
1741100 323
1741110 322
1741120 322
1741130 321
1741140 321
1741150 321
1741160 321
1741170 320
1741180 320
1741190 320
1741200 319
1741210 319
1741220 319
1741230 318
1741240 318
1741250 318
1741260 317
1741270 317
1741280 317
1741290 316
1741300 316
1741310 316
1741320 315
1741330 315
1741340 315
1741350 315
1741360 314
1741370 314
1741380 314
1741390 313
1741400 313
1741410 313
1741420 313
1741430 312
1741440 312
1741450 312
1741460 312
1741470 311
1741480 311
1741490 311
1741500 311
1741510 310
1741520 310
1741530 310
1741540 310
1741550 309
1741560 309
1741570 309
1741580 308
1741590 308
1741600 308
1741610 308
1741620 307
1741630 307
1741640 307
1741650 306
1741660 306
1741670 306
1741680 306
1741690 306
1741700 305
1741710 305
1741720 305
1741730 305
1741740 305
1741750 305
1741760 305
1741770 304
1741780 304
1741790 304
1741800 304
1741810 304
1741820 304
1741830 304
1741840 304
1741850 304
1741860 304
1741870 304
1741880 304
1741890 304
1741900 304
1741910 304
1741920 305
1741930 304
1741940 303
1741950 303
1741960 304
1741970 304
1741980 303
1741990 303
1742000 303
1742010 303
1742020 303
1742030 303
1742040 303
1742050 303
1742060 303
1742070 303
1742080 303
1742090 303
1742100 303
1742110 303
1742120 303
1742130 303
1742140 303
1742150 303
1742160 303
1742170 303
1742180 303
1742190 303
1742200 303
1742210 303
1742220 303
1742230 303
1742240 303
1742250 303
1742260 303
1742270 303
1742280 303
1742290 303
1742300 303
1742310 303
1742320 303
1742330 302
1742340 302
1742350 302
1742360 302
1742370 302
1742380 302
1742390 302
1742400 302
1742410 302
1742420 302
1742430 302
1742440 302
1742450 302
1742460 302
1742470 303
1742480 303
1742490 303
1742500 304
1742510 304
1742520 304
1742530 305
1742540 305
1742550 306
1742560 306
1742570 307
1742580 309
1742590 310
1742600 311
1742610 313
1742620 313
1742630 314
1742640 314
1742650 315
1742660 316
1742670 316
1742680 316
1742690 316
1742700 316
1742710 316
1742720 316
1742730 316
1742740 316
1742750 316
1742760 317
1742770 317
1742780 317
1742790 317
1742800 317
1742810 316
1742820 316
1742830 316
1742840 316
1742850 316
1742860 316
1742870 316
1742880 316
1742890 316
1742900 316
1742910 316
1742920 316
1742930 316
1742940 316
1742950 316
1742960 315
1742970 315
1742980 315
1742990 315
1743000 315
1743010 314
1743020 314
1743030 314
1743040 313
1743050 313
1743060 313
1743070 312
1743080 312
1743090 312
1743100 311
1743110 311
1743120 311
1743130 311
1743140 310
1743150 310
1743160 310
1743170 309
1743180 309
1743190 309
1743200 308
1743210 308
1743220 308
1743230 308
1743240 308
1743250 308
1743260 308
1743270 308
1743280 307
1743290 307
1743300 307
1743310 307
1743320 308
1743330 308
1743340 308
1743350 308
1743360 308
1743370 308
1743380 308
1743390 307
1743400 306
1743410 306
1743420 306
1743430 306
1743440 306
1743450 306
1743460 305
1743470 305
1743480 305
1743490 305
1743500 305
1743510 305
1743520 304
1743530 305
1743540 305
1743550 305
1743560 305
1743570 305
1743580 305
1743590 305
1743600 305
1743610 305
1743620 305
1743630 305
1743640 305
1743650 305
1743660 305
1743670 305
1743680 305
1743690 305
1743700 305
1743710 305
1743720 305
1743730 305
1743740 305
1743750 305
1743760 305
1743770 305
1743780 305
1743790 305
1743800 305
1743810 305
1743820 305
1743830 305
1743840 305
1743850 305
1743860 305
1743870 305
1743880 305
1743890 305
1743900 305
1743910 305
1743920 305
1743930 305
1743940 305
1743950 305
1743960 305
1743970 306
1743980 306
1743990 306
1744000 306
1744010 307
1744020 307
1744030 307
1744040 307
1744050 308
1744060 308
1744070 308
1744080 308
1744090 308
1744100 308
1744110 308
1744120 308
1744130 308
1744140 308
1744150 308
1744160 308
1744170 308
1744180 308
1744190 308
1744200 308
1744210 309
1744220 309
1744230 309
1744240 309
1744250 309
1744260 309
1744270 309
1744280 309
1744290 309
1744300 309
1744310 309
1744320 309
1744330 309
1744340 309
1744350 309
1744360 309
1744370 310
1744380 310
1744390 310
1744400 311
1744410 311
1744420 312
1744430 312
1744440 312
1744450 311
1744460 310
1744470 310
1744480 310
1744490 310
1744500 310
1744510 309
1744520 309
1744530 309
1744540 309
1744550 309
1744560 309
1744570 309
1744580 309
1744590 310
1744600 310
1744610 309
1744620 309
1744630 309
1744640 310
1744650 310
1744660 310
1744670 310
1744680 310
1744690 310
1744700 311
1744710 311
1744720 311
1744730 311
1744740 311
1744750 310
1744760 310
1744770 310
1744780 310
1744790 310
1744800 310
1744810 309
1744820 309
1744830 309
1744840 309
1744850 310
1744860 310
1744870 310
1744880 310
1744890 310
1744900 310
1744910 310
1744920 310
1744930 310
1744940 311
1744950 311
1744960 311
1744970 311
1744980 311
1744990 311
1745000 311
1745010 311
1745020 311
1745030 311
1745040 311
1745050 312
1745060 312
1745070 312
1745080 312
1745090 312
1745100 312
1745110 313
1745120 313
1745130 313
1745140 313
1745150 313
1745160 313
1745170 313
1745180 313
1745190 313
1745200 313
1745210 313
1745220 314
1745230 314
1745240 314
1745250 314
1745260 314
1745270 314
1745280 315
1745290 315
1745300 315
1745310 315
1745320 315
1745330 315
1745340 315
1745350 315
1745360 315
1745370 315
1745380 315
1745390 315
1745400 315
1745410 315
1745420 314
1745430 314
1745440 314
1745450 314
1745460 314
1745470 314
1745480 314
1745490 314
1745500 314
1745510 314
1745520 313
1745530 313
1745540 313
1745550 313
1745560 313
1745570 313
1745580 313
1745590 313
1745600 312
1745610 312
1745620 312
1745630 312
1745640 312
1745650 312
1745660 312
1745670 312
1745680 312
1745690 312
1745700 312
1745710 313
1745720 313
1745730 313
1745740 313
1745750 313
1745760 313
1745770 313
1745780 313
1745790 314
1745800 314
1745810 314
1745820 314
1745830 314
1745840 314
1745850 315
1745860 315
1745870 315
1745880 315
1745890 315
1745900 315
1745910 315
1745920 315
1745930 316
1745940 316
1745950 316
1745960 316
1745970 316
1745980 316
1745990 316
1746000 316
1746010 316
1746020 316
1746030 316
1746040 316
1746050 316
1746060 316
1746070 316
1746080 316
1746090 316
1746100 316
1746110 317
1746120 317
1746130 317
1746140 317
1746150 317
1746160 317
1746170 317
1746180 317
1746190 317
1746200 317
1746210 317
1746220 317
1746230 317
1746240 317
1746250 318
1746260 318
1746270 318
1746280 318
1746290 318
1746300 318
1746310 318
1746320 318
1746330 318
1746340 318
1746350 318
1746360 318
1746370 318
1746380 318
1746390 318
1746400 318
1746410 318
1746420 318
1746430 318
1746440 318
1746450 318
1746460 318
1746470 318
1746480 318
1746490 318
1746500 318
1746510 318
1746520 319
1746530 319
1746540 319
1746550 319
1746560 319
1746570 319
1746580 319
1746590 319
1746600 319
1746610 319
1746620 319
1746630 319
1746640 319
1746650 319
1746660 319
1746670 319
1746680 319
1746690 319
1746700 319
1746710 319
1746720 319
1746730 319
1746740 319
1746750 319
1746760 319
1746770 320
1746780 320
1746790 320
1746800 320
1746810 319
1746820 319
1746830 319
1746840 319
1746850 319
1746860 319
1746870 319
1746880 319
1746890 319
1746900 319
1746910 320
1746920 320
1746930 320
1746940 320
1746950 320
1746960 319
1746970 319
1746980 319
1746990 319
1747000 319
1747010 319
1747020 319
1747030 319
1747040 319
1747050 319
1747060 319
1747070 319
1747080 319
1747090 319
1747100 319
1747110 319
1747120 319
1747130 319
1747140 319
1747150 319
1747160 319
1747170 319
1747180 319
1747190 319
1747200 319
1747210 319
1747220 319
1747230 319
1747240 319
1747250 320
1747260 320
1747270 320
1747280 320
1747290 320
1747300 321
1747310 321
1747320 322
1747330 322
1747340 322
1747350 322
1747360 322
1747370 322
1747380 322
1747390 322
1747400 322
1747410 323
1747420 323
1747430 323
1747440 323
1747450 324
1747460 324
1747470 324
1747480 324
1747490 325
1747500 325
1747510 326
1747520 326
1747530 326
1747540 327
1747550 327
1747560 328
1747570 328
1747580 329
1747590 330
1747600 331
1747610 331
1747620 332
1747630 333
1747640 333
1747650 334
1747660 334
1747670 335
1747680 336
1747690 337
1747700 338
1747710 339
1747720 339
1747730 340
1747740 341
1747750 342
1747760 343
1747770 344
1747780 345
1747790 346
1747800 347
1747810 348
1747820 349
1747830 350
1747840 351
1747850 352
1747860 352
1747870 353
1747880 354
1747890 355
1747900 355
1747910 356
1747920 356
1747930 357
1747940 357
1747950 358
1747960 358
1747970 359
1747980 359
1747990 360
1748000 360
1748010 361
1748020 361
1748030 362
1748040 362
1748050 362
1748060 363
1748070 363
1748080 364
1748090 364
1748100 364
1748110 365
1748120 365
1748130 366
1748140 366
1748150 367
1748160 368
1748170 368
1748180 368
1748190 369
1748200 369
1748210 370
1748220 370
1748230 371
1748240 371
1748250 372
1748260 372
1748270 373
1748280 374
1748290 374
1748300 375
1748310 376
1748320 376
1748330 377
1748340 377
1748350 377
1748360 377
1748370 376
1748380 375
1748390 373
1748400 372
1748410 372
1748420 374
1748430 374
1748440 375
1748450 375
1748460 375
1748470 376
1748480 376
1748490 376
1748500 375
1748510 375
1748520 375
1748530 375
1748540 375
1748550 376
1748560 376
1748570 376
1748580 376
1748590 377
1748600 377
1748610 377
1748620 377
1748630 377
1748640 377
1748650 377
1748660 377
1748670 376
1748680 376
1748690 376
1748700 376
1748710 375
1748720 375
1748730 375
1748740 375
1748750 375
1748760 375
1748770 374
1748780 374
1748790 374
1748800 374
1748810 374
1748820 374
1748830 374
1748840 374
1748850 373
1748860 373
1748870 371
1748880 370
1748890 370
1748900 371
1748910 371
1748920 371
1748930 372
1748940 374
1748950 375
1748960 376
1748970 376
1748980 376
1748990 377
1749000 377
1749010 378
1749020 379
1749030 379
1749040 380
1749050 381
1749060 381
1749070 382
1749080 382
1749090 382
1749100 382
1749110 382
1749120 381
1749130 380
1749140 380
1749150 379
1749160 380
1749170 380
1749180 379
1749190 378
1749200 377
1749210 376
1749220 377
1749230 379
1749240 381
1749250 383
1749260 385
1749270 387
1749280 388
1749290 389
1749300 390
1749310 390
1749320 391
1749330 391
1749340 392
1749350 392
1749360 393
1749370 393
1749380 394
1749390 394
1749400 395
1749410 395
1749420 395
1749430 396
1749440 396
1749450 396
1749460 396
1749470 396
1749480 396
1749490 396
1749500 396
1749510 396
1749520 396
1749530 395
1749540 395
1749550 394
1749560 394
1749570 393
1749580 393
1749590 392
1749600 391
1749610 390
1749620 389
1749630 389
1749640 389
1749650 389
1749660 389
1749670 389
1749680 389
1749690 389
1749700 389
1749710 390
1749720 390
1749730 391
1749740 391
1749750 391
1749760 392
1749770 392
1749780 392
1749790 393
1749800 393
1749810 394
1749820 395
1749830 395
1749840 396
1749850 396
1749860 397
1749870 398
1749880 398
1749890 399
1749900 399
1749910 400
1749920 401
1749930 402
1749940 403
1749950 403
1749960 404
1749970 405
1749980 406
1749990 407
1750000 408
1750010 408
1750020 409
1750030 409
1750040 409
1750050 411
1750060 411
1750070 412
1750080 413
1750090 413
1750100 414
1750110 414
1750120 414
1750130 414
1750140 414
1750150 413
1750160 413
1750170 414
1750180 416
1750190 418
1750200 419
1750210 420
1750220 421
1750230 421
1750240 422
1750250 423
1750260 423
1750270 424
1750280 425
1750290 425
1750300 426
1750310 427
1750320 428
1750330 428
1750340 429
1750350 429
1750360 430
1750370 430
1750380 431
1750390 431
1750400 431
1750410 431
1750420 432
1750430 432
1750440 432
1750450 432
1750460 432
1750470 432
1750480 432
1750490 432
1750500 432
1750510 433
1750520 433
1750530 433
1750540 433
1750550 433
1750560 433
1750570 433
1750580 433
1750590 433
1750600 433
1750610 433
1750620 433
1750630 434
1750640 433
1750650 433
1750660 433
1750670 433
1750680 433
1750690 433
1750700 433
1750710 433
1750720 433
1750730 433
1750740 433
1750750 433
1750760 433
1750770 433
1750780 434
1750790 434
1750800 434
1750810 434
1750820 434
1750830 434
1750840 434
1750850 434
1750860 434
1750870 434
1750880 434
1750890 434
1750900 434
1750910 434
1750920 434
1750930 434
1750940 434
1750950 434
1750960 434
1750970 434
1750980 434
1750990 434
1751000 434
1751010 434
1751020 434
1751030 434
1751040 434
1751050 435
1751060 435
1751070 435
1751080 435
1751090 435
1751100 435
1751110 435
1751120 435
1751130 435
1751140 435
1751150 435
1751160 435
1751170 435
1751180 435
1751190 435
1751200 435
1751210 435
1751220 435
1751230 435
1751240 435
1751250 435
1751260 435
1751270 435
1751280 435
1751290 434
1751300 434
1751310 434
1751320 434
1751330 434
1751340 434
1751350 434
1751360 434
1751370 434
1751380 434
1751390 434
1751400 434
1751410 433
1751420 433
1751430 433
1751440 433
1751450 433
1751460 432
1751470 432
1751480 432
1751490 432
1751500 431
1751510 431
1751520 431
1751530 431
1751540 431
1751550 430
1751560 430
1751570 430
1751580 430
1751590 430
1751600 429
1751610 429
1751620 429
1751630 428
1751640 428
1751650 428
1751660 427
1751670 427
1751680 427
1751690 427
1751700 426
1751710 426
1751720 426
1751730 425
1751740 425
1751750 425
1751760 425
1751770 424
1751780 424
1751790 424
1751800 424
1751810 424
1751820 424
1751830 423
1751840 423
1751850 423
1751860 423
1751870 423
1751880 422
1751890 422
1751900 422
1751910 422
1751920 422
1751930 422
1751940 422
1751950 422
1751960 422
1751970 422
1751980 422
1751990 422
1752000 422
1752010 422
1752020 422
1752030 422
1752040 422
1752050 422
1752060 422
1752070 422
1752080 422
1752090 422
1752100 422
1752110 422
1752120 422
1752130 422
1752140 422
1752150 422
1752160 422
1752170 422
1752180 422
1752190 422
1752200 422
1752210 422
1752220 421
1752230 421
1752240 421
1752250 421
1752260 422
1752270 422
1752280 422
1752290 422
1752300 422
1752310 422
1752320 422
1752330 422
1752340 422
1752350 422
1752360 422
1752370 422
1752380 422
1752390 422
1752400 422
1752410 422
1752420 422
1752430 422
1752440 422
1752450 422
1752460 422
1752470 422
1752480 422
1752490 421
1752500 421
1752510 421
1752520 421
1752530 421
1752540 421
1752550 421
1752560 421
1752570 421
1752580 421
1752590 420
1752600 420
1752610 420
1752620 419
1752630 419
1752640 418
1752650 418
1752660 417
1752670 417
1752680 417
1752690 417
1752700 417
1752710 419
1752720 420
1752730 421
1752740 421
1752750 422
1752760 422
1752770 423
1752780 423
1752790 424
1752800 424
1752810 425
1752820 425
1752830 426
1752840 426
1752850 427
1752860 427
1752870 427
1752880 428
1752890 428
1752900 428
1752910 429
1752920 429
1752930 429
1752940 430
1752950 430
1752960 430
1752970 430
1752980 430
1752990 430
1753000 430
1753010 431
1753020 431
1753030 431
1753040 431
1753050 431
1753060 431
1753070 431
1753080 431
1753090 431
1753100 432
1753110 432
1753120 432
1753130 432
1753140 431
1753150 431
1753160 431
1753170 431
1753180 431
1753190 431
1753200 431
1753210 431
1753220 432
1753230 432
1753240 432
1753250 432
1753260 432
1753270 433
1753280 433
1753290 433
1753300 433
1753310 433
1753320 434
1753330 434
1753340 433
1753350 433
1753360 434
1753370 435
1753380 435
1753390 435
1753400 435
1753410 435
1753420 435
1753430 434
1753440 434
1753450 434
1753460 434
1753470 434
1753480 433
1753490 433
1753500 433
1753510 433
1753520 432
1753530 432
1753540 432
1753550 432
1753560 432
1753570 432
1753580 431
1753590 431
1753600 431
1753610 431
1753620 430
1753630 430
1753640 430
1753650 430
1753660 430
1753670 429
1753680 429
1753690 429
1753700 429
1753710 428
1753720 428
1753730 428
1753740 428
1753750 427
1753760 427
1753770 427
1753780 426
1753790 426
1753800 425
1753810 425
1753820 424
1753830 424
1753840 423
1753850 423
1753860 423
1753870 423
1753880 423
1753890 423
1753900 423
1753910 422
1753920 422
1753930 422
1753940 422
1753950 422
1753960 422
1753970 422
1753980 422
1753990 422
1754000 421
1754010 421
1754020 421
1754030 421
1754040 420
1754050 420
1754060 420
1754070 420
1754080 419
1754090 419
1754100 418
1754110 418
1754120 418
1754130 417
1754140 417
1754150 417
1754160 416
1754170 416
1754180 415
1754190 415
1754200 415
1754210 415
1754220 414
1754230 414
1754240 414
1754250 413
1754260 413
1754270 413
1754280 413
1754290 412
1754300 412
1754310 412
1754320 412
1754330 412
1754340 412
1754350 412
1754360 412
1754370 411
1754380 411
1754390 411
1754400 411
1754410 411
1754420 410
1754430 410
1754440 410
1754450 410
1754460 409
1754470 409
1754480 409
1754490 409
1754500 408
1754510 408
1754520 408
1754530 407
1754540 407
1754550 407
1754560 407
1754570 406
1754580 406
1754590 406
1754600 406
1754610 405
1754620 405
1754630 405
1754640 404
1754650 404
1754660 404
1754670 404
1754680 403
1754690 403
1754700 403
1754710 403
1754720 402
1754730 402
1754740 402
1754750 402
1754760 401
1754770 401
1754780 401
1754790 401
1754800 401
1754810 401
1754820 400
1754830 400
1754840 400
1754850 400
1754860 399
1754870 399
1754880 399
1754890 399
1754900 398
1754910 398
1754920 398
1754930 398
1754940 398
1754950 397
1754960 397
1754970 397
1754980 397
1754990 397
1755000 396
1755010 396
1755020 396
1755030 396
1755040 395
1755050 395
1755060 395
1755070 395
1755080 395
1755090 394
1755100 394
1755110 394
1755120 394
1755130 393
1755140 393
1755150 393
1755160 393
1755170 393
1755180 392
1755190 392
1755200 392
1755210 392
1755220 392
1755230 392
1755240 392
1755250 392
1755260 391
1755270 391
1755280 391
1755290 391
1755300 391
1755310 391
1755320 390
1755330 390
1755340 390
1755350 390
1755360 390
1755370 390
1755380 390
1755390 390
1755400 390
1755410 389
1755420 389
1755430 389
1755440 389
1755450 389
1755460 389
1755470 389
1755480 389
1755490 389
1755500 389
1755510 389
1755520 389
1755530 389
1755540 389
1755550 389
1755560 389
1755570 389
1755580 389
1755590 388
1755600 388
1755610 388
1755620 388
1755630 388
1755640 388
1755650 388
1755660 388
1755670 387
1755680 387
1755690 387
1755700 387
1755710 387
1755720 387
1755730 387
1755740 387
1755750 387
1755760 387
1755770 387
1755780 387
1755790 387
1755800 388
1755810 388
1755820 388
1755830 388
1755840 388
1755850 388
1755860 388
1755870 388
1755880 388
1755890 388
1755900 388
1755910 388
1755920 388
1755930 388
1755940 388
1755950 388
1755960 388
1755970 388
1755980 388
1755990 388
1756000 388
1756010 388
1756020 388
1756030 388
1756040 388
1756050 388
1756060 388
1756070 388
1756080 388
1756090 388
1756100 388
1756110 388
1756120 388
1756130 387
1756140 387
1756150 387
1756160 387
1756170 387
1756180 387
1756190 387
1756200 387
1756210 387
1756220 387
1756230 387
1756240 387
1756250 387
1756260 387
1756270 387
1756280 387
1756290 387
1756300 387
1756310 386
1756320 385
1756330 385
1756340 386
1756350 386
1756360 386
1756370 386
1756380 386
1756390 384
1756400 384
1756410 384
1756420 384
1756430 385
1756440 385
1756450 386
1756460 386
1756470 387
1756480 386
1756490 386
1756500 386
1756510 386
1756520 386
1756530 386
1756540 386
1756550 386
1756560 386
1756570 386
1756580 386
1756590 386
1756600 386
1756610 386
1756620 386
1756630 386
1756640 386
1756650 386
1756660 386
1756670 386
1756680 386
1756690 386
1756700 386
1756710 386
1756720 386
1756730 386
1756740 386
1756750 386
1756760 386
1756770 386
1756780 386
1756790 386
1756800 386
1756810 386
1756820 386
1756830 386
1756840 386
1756850 386
1756860 386
1756870 386
1756880 386
1756890 386
1756900 386
1756910 386
1756920 386
1756930 386
1756940 386
1756950 386
1756960 386
1756970 386
1756980 386
1756990 386
1757000 385
1757010 385
1757020 385
1757030 385
1757040 385
1757050 385
1757060 385
1757070 385
1757080 384
1757090 384
1757100 384
1757110 384
1757120 384
1757130 384
1757140 383
1757150 383
1757160 383
1757170 383
1757180 383
1757190 383
1757200 383
1757210 383
1757220 383
1757230 383
1757240 382
1757250 382
1757260 382
1757270 382
1757280 382
1757290 382
1757300 382
1757310 382
1757320 381
1757330 381
1757340 381
1757350 381
1757360 381
1757370 381
1757380 381
1757390 381
1757400 381
1757410 381
1757420 381
1757430 381
1757440 381
1757450 381
1757460 381
1757470 381
1757480 381
1757490 381
1757500 381
1757510 381
1757520 381
1757530 381
1757540 381
1757550 381
1757560 381
1757570 381
1757580 381
1757590 381
1757600 381
1757610 381
1757620 381
1757630 381
1757640 381
1757650 381
1757660 381
1757670 381
1757680 381
1757690 381
1757700 380
1757710 380
1757720 380
1757730 380
1757740 380
1757750 380
1757760 380
1757770 380
1757780 380
1757790 379
1757800 379
1757810 379
1757820 379
1757830 379
1757840 379
1757850 378
1757860 378
1757870 378
1757880 378
1757890 378
1757900 377
1757910 377
1757920 377
1757930 377
1757940 377
1757950 377
1757960 377
1757970 376
1757980 376
1757990 376
1758000 376
1758010 376
1758020 376
1758030 376
1758040 376
1758050 376
1758060 376
1758070 377
1758080 377
1758090 377
1758100 377
1758110 377
1758120 377
1758130 377
1758140 377
1758150 377
1758160 377
1758170 377
1758180 377
1758190 377
1758200 377
1758210 377
1758220 377
1758230 377
1758240 378
1758250 378
1758260 378
1758270 378
1758280 378
1758290 378
1758300 378
1758310 378
1758320 378
1758330 378
1758340 378
1758350 378
1758360 378
1758370 378
1758380 378
1758390 378
1758400 378
1758410 378
1758420 378
1758430 378
1758440 378
1758450 378
1758460 378
1758470 378
1758480 378
1758490 377
1758500 377
1758510 377
1758520 377
1758530 377
1758540 377
1758550 377
1758560 376
1758570 376
1758580 376
1758590 376
1758600 376
1758610 376
1758620 376
1758630 375
1758640 375
1758650 375
1758660 375
1758670 375
1758680 375
1758690 375
1758700 374
1758710 374
1758720 374
1758730 374
1758740 374
1758750 374
1758760 374
1758770 374
1758780 373
1758790 373
1758800 373
1758810 373
1758820 373
1758830 373
1758840 373
1758850 373
1758860 373
1758870 373
1758880 372
1758890 372
1758900 372
1758910 372
1758920 372
1758930 372
1758940 372
1758950 371
1758960 371
1758970 371
1758980 371
1758990 371
1759000 371
1759010 371
1759020 370
1759030 370
1759040 370
1759050 370
1759060 370
1759070 370
1759080 369
1759090 369
1759100 369
1759110 369
1759120 369
1759130 368
1759140 368
1759150 368
1759160 368
1759170 368
1759180 368
1759190 367
1759200 367
1759210 367
1759220 367
1759230 366
1759240 366
1759250 366
1759260 366
1759270 366
1759280 365
1759290 365
1759300 365
1759310 365
1759320 365
1759330 364
1759340 364
1759350 364
1759360 364
1759370 364
1759380 364
1759390 364
1759400 364
1759410 364
1759420 363
1759430 363
1759440 363
1759450 363
1759460 362
1759470 362
1759480 362
1759490 361
1759500 360
1759510 360
1759520 359
1759530 359
1759540 359
1759550 359
1759560 358
1759570 358
1759580 358
1759590 357
1759600 357
1759610 357
1759620 357
1759630 356
1759640 356
1759650 356
1759660 356
1759670 355
1759680 355
1759690 355
1759700 356
1759710 356
1759720 356
1759730 356
1759740 356
1759750 356
1759760 357
1759770 357
1759780 357
1759790 358
1759800 358
1759810 358
1759820 358
1759830 358
1759840 358
1759850 358
1759860 359
1759870 359
1759880 359
1759890 359
1759900 359
1759910 360
1759920 360
1759930 361
1759940 361
1759950 361
1759960 361
1759970 361
1759980 361
1759990 361
