1740000 357
1740010 357
1740020 357
1740030 357
1740040 357
1740050 357
1740060 358
1740070 358
1740080 358
1740090 358
1740100 358
1740110 358
1740120 358
1740130 358
1740140 358
1740150 359
1740160 359
1740170 359
1740180 359
1740190 359
1740200 359
1740210 359
1740220 359
1740230 360
1740240 360
1740250 360
1740260 360
1740270 360
1740280 360
1740290 360
1740300 360
1740310 360
1740320 360
1740330 360
1740340 360
1740350 360
1740360 360
1740370 360
1740380 360
1740390 360
1740400 360
1740410 360
1740420 360
1740430 361
1740440 361
1740450 361
1740460 361
1740470 361
1740480 361
1740490 361
1740500 361
1740510 361
1740520 361
1740530 361
1740540 361
1740550 361
1740560 361
1740570 361
1740580 361
1740590 362
1740600 362
1740610 362
1740620 362
1740630 362
1740640 362
1740650 362
1740660 362
1740670 363
1740680 363
1740690 363
1740700 362
1740710 362
1740720 362
1740730 362
1740740 362
1740750 362
1740760 362
1740770 362
1740780 362
1740790 362
1740800 361
1740810 361
1740820 361
1740830 361
1740840 361
1740850 361
1740860 360
1740870 360
1740880 360
1740890 360
1740900 359
1740910 359
1740920 359
1740930 359
1740940 359
1740950 358
1740960 358
1740970 358
1740980 358
1740990 357
1741000 357
1741010 357
1741020 356
1741030 356
1741040 356
1741050 356
1741060 355
1741070 355
1741080 355
1741090 354
1741100 353
1741110 351
1741120 350
1741130 349
1741140 348
1741150 347
1741160 346
1741170 346
1741180 346
1741190 345
1741200 344
1741210 345
1741220 345
1741230 345
1741240 345
1741250 345
1741260 345
1741270 345
1741280 345
1741290 345
1741300 344
1741310 344
1741320 344
1741330 343
1741340 343
1741350 343
1741360 342
1741370 342
1741380 341
1741390 341
1741400 341
1741410 341
1741420 340
1741430 339
1741440 339
1741450 339
1741460 339
1741470 339
1741480 338
1741490 338
1741500 338
1741510 338
1741520 338
1741530 338
1741540 338
1741550 338
1741560 338
1741570 338
1741580 338
1741590 337
1741600 337
1741610 337
1741620 337
1741630 337
1741640 337
1741650 337
1741660 336
1741670 336
1741680 336
1741690 336
1741700 336
1741710 336
1741720 336
1741730 335
1741740 335
1741750 335
1741760 335
1741770 335
1741780 335
1741790 335
1741800 334
1741810 334
1741820 334
1741830 334
1741840 334
1741850 334
1741860 333
1741870 333
1741880 333
1741890 333
1741900 333
1741910 333
1741920 333
1741930 333
1741940 333
1741950 333
1741960 332
1741970 332
1741980 332
1741990 331
1742000 331
1742010 331
1742020 332
1742030 332
1742040 332
1742050 332
1742060 332
1742070 332
1742080 332
1742090 331
1742100 331
1742110 331
1742120 331
1742130 331
1742140 331
1742150 331
1742160 331
1742170 331
1742180 330
1742190 330
1742200 330
1742210 330
1742220 330
1742230 330
1742240 330
1742250 330
1742260 330
1742270 330
1742280 330
1742290 330
1742300 330
1742310 330
1742320 330
1742330 330
1742340 330
1742350 330
1742360 330
1742370 330
1742380 330
1742390 330
1742400 330
1742410 331
1742420 331
1742430 331
1742440 331
1742450 332
1742460 332
1742470 332
1742480 332
1742490 332
1742500 332
1742510 332
1742520 332
1742530 332
1742540 332
1742550 332
1742560 332
1742570 333
1742580 333
1742590 333
1742600 333
1742610 334
1742620 334
1742630 334
1742640 335
1742650 335
1742660 336
1742670 336
1742680 337
1742690 337
1742700 338
1742710 339
1742720 339
1742730 340
1742740 341
1742750 341
1742760 342
1742770 342
1742780 343
1742790 343
1742800 344
1742810 344
1742820 345
1742830 346
1742840 346
1742850 346
1742860 346
1742870 347
1742880 347
1742890 348
1742900 348
1742910 348
1742920 348
1742930 349
1742940 349
1742950 350
1742960 350
1742970 351
1742980 352
1742990 353
1743000 353
1743010 354
1743020 354
1743030 355
1743040 356
1743050 357
1743060 358
1743070 359
1743080 360
1743090 361
1743100 362
1743110 363
1743120 364
1743130 365
1743140 366
1743150 366
1743160 367
1743170 368
1743180 369
1743190 370
1743200 370
1743210 371
1743220 372
1743230 372
1743240 373
1743250 374
1743260 374
1743270 375
1743280 375
1743290 376
1743300 376
1743310 377
1743320 377
1743330 378
1743340 378
1743350 379
1743360 380
1743370 380
1743380 381
1743390 381
1743400 382
1743410 382
1743420 383
1743430 383
1743440 384
1743450 384
1743460 385
1743470 385
1743480 386
1743490 386
1743500 387
1743510 387
1743520 388
1743530 388
1743540 389
1743550 389
1743560 390
1743570 391
1743580 391
1743590 392
1743600 392
1743610 393
1743620 393
1743630 394
1743640 394
1743650 395
1743660 395
1743670 395
1743680 396
1743690 397
1743700 397
1743710 398
1743720 398
1743730 399
1743740 399
1743750 400
1743760 401
1743770 401
1743780 401
1743790 402
1743800 402
1743810 403
1743820 403
1743830 403
1743840 404
1743850 405
1743860 405
1743870 406
1743880 406
1743890 407
1743900 407
1743910 408
1743920 408
1743930 409
1743940 409
1743950 410
1743960 410
1743970 410
1743980 411
1743990 411
1744000 411
1744010 412
1744020 412
1744030 413
1744040 413
1744050 413
1744060 414
1744070 414
1744080 414
1744090 415
1744100 415
1744110 415
1744120 415
1744130 415
1744140 415
1744150 415
1744160 415
1744170 416
1744180 417
1744190 417
1744200 417
1744210 417
1744220 417
1744230 417
1744240 417
1744250 416
1744260 416
1744270 416
1744280 415
1744290 415
1744300 415
1744310 415
1744320 415
1744330 414
1744340 414
1744350 413
1744360 412
1744370 411
1744380 410
1744390 409
1744400 408
1744410 407
1744420 406
1744430 405
1744440 404
1744450 403
1744460 403
1744470 402
1744480 402
1744490 403
1744500 403
1744510 404
1744520 405
1744530 406
1744540 407
1744550 407
1744560 408
1744570 408
1744580 409
1744590 409
1744600 409
1744610 409
1744620 410
1744630 410
1744640 410
1744650 410
1744660 410
1744670 411
1744680 411
1744690 411
1744700 411
1744710 411
1744720 411
1744730 411
1744740 411
1744750 411
1744760 411
1744770 411
1744780 411
1744790 411
1744800 410
1744810 410
1744820 410
1744830 410
1744840 411
1744850 411
1744860 412
1744870 413
1744880 413
1744890 413
1744900 414
1744910 414
1744920 414
1744930 415
1744940 415
1744950 416
1744960 416
1744970 416
1744980 416
1744990 416
1745000 416
1745010 416
1745020 416
1745030 416
1745040 416
1745050 416
1745060 416
1745070 416
1745080 416
1745090 416
1745100 416
1745110 416
1745120 416
1745130 416
1745140 416
1745150 416
1745160 416
1745170 416
1745180 416
1745190 416
1745200 416
1745210 416
1745220 416
1745230 416
1745240 416
1745250 416
1745260 415
1745270 415
1745280 415
1745290 415
1745300 415
1745310 415
1745320 414
1745330 413
1745340 412
1745350 410
1745360 409
1745370 410
1745380 411
1745390 411
1745400 412
1745410 412
1745420 413
1745430 413
1745440 413
1745450 414
1745460 414
1745470 415
1745480 415
1745490 415
1745500 415
1745510 415
1745520 415
1745530 415
1745540 415
1745550 415
1745560 415
1745570 415
1745580 414
1745590 414
1745600 414
1745610 413
1745620 413
1745630 412
1745640 411
1745650 410
1745660 409
1745670 407
1745680 405
1745690 403
1745700 401
1745710 400
1745720 400
1745730 402
1745740 404
1745750 406
1745760 409
1745770 411
1745780 413
1745790 414
1745800 416
1745810 417
1745820 418
1745830 419
1745840 420
1745850 420
1745860 421
1745870 421
1745880 421
1745890 422
1745900 422
1745910 422
1745920 422
1745930 422
1745940 422
1745950 422
1745960 422
1745970 421
1745980 421
1745990 421
1746000 421
1746010 421
1746020 421
1746030 421
1746040 420
1746050 420
1746060 420
1746070 420
1746080 420
1746090 420
1746100 420
1746110 420
1746120 420
1746130 420
1746140 420
1746150 419
1746160 419
1746170 418
1746180 417
1746190 416
1746200 415
1746210 413
1746220 410
1746230 408
1746240 406
1746250 403
1746260 404
1746270 406
1746280 408
1746290 410
1746300 413
1746310 416
1746320 418
1746330 420
1746340 421
1746350 422
1746360 423
1746370 423
1746380 423
1746390 423
1746400 423
1746410 423
1746420 423
1746430 423
1746440 423
1746450 422
1746460 422
1746470 422
1746480 423
1746490 423
1746500 423
1746510 423
1746520 424
1746530 424
1746540 424
1746550 424
1746560 424
1746570 424
1746580 424
1746590 425
1746600 425
1746610 426
1746620 426
1746630 427
1746640 427
1746650 427
1746660 427
1746670 427
1746680 428
1746690 428
1746700 429
1746710 429
1746720 429
1746730 430
1746740 430
1746750 431
1746760 431
1746770 431
1746780 432
1746790 432
1746800 431
1746810 431
1746820 430
1746830 430
1746840 429
1746850 429
1746860 430
1746870 432
1746880 433
1746890 434
1746900 434
1746910 435
1746920 436
1746930 436
1746940 437
1746950 437
1746960 438
1746970 438
1746980 439
1746990 439
1747000 439
1747010 440
1747020 440
1747030 440
1747040 440
1747050 440
1747060 440
1747070 439
1747080 438
1747090 436
1747100 434
1747110 431
1747120 428
1747130 425
1747140 423
1747150 421
1747160 419
1747170 418
1747180 416
1747190 415
1747200 416
1747210 416
1747220 417
1747230 417
1747240 417
1747250 418
1747260 418
1747270 418
1747280 418
1747290 418
1747300 419
1747310 419
1747320 419
1747330 420
1747340 420
1747350 420
1747360 420
1747370 421
1747380 422
1747390 422
1747400 423
1747410 423
1747420 423
1747430 423
1747440 423
1747450 422
1747460 423
1747470 423
1747480 424
1747490 424
1747500 425
1747510 427
1747520 428
1747530 429
1747540 431
1747550 432
1747560 434
1747570 435
1747580 437
1747590 438
1747600 440
1747610 441
1747620 442
1747630 443
1747640 444
1747650 444
1747660 445
1747670 445
1747680 446
1747690 446
1747700 446
1747710 447
1747720 447
1747730 447
1747740 447
1747750 447
1747760 447
1747770 447
1747780 447
1747790 447
1747800 446
1747810 446
1747820 446
1747830 445
1747840 445
1747850 444
1747860 443
1747870 442
1747880 439
1747890 436
1747900 433
1747910 430
1747920 428
1747930 427
1747940 429
1747950 432
1747960 433
1747970 435
1747980 437
1747990 441
1748000 443
1748010 445
1748020 446
1748030 447
1748040 447
1748050 448
1748060 449
1748070 449
1748080 449
1748090 450
1748100 450
1748110 450
1748120 450
1748130 451
1748140 451
1748150 451
1748160 451
1748170 451
1748180 451
1748190 451
1748200 452
1748210 452
1748220 452
1748230 452
1748240 452
1748250 452
1748260 452
1748270 452
1748280 452
1748290 452
1748300 452
1748310 452
1748320 452
1748330 453
1748340 453
1748350 453
1748360 453
1748370 453
1748380 453
1748390 453
1748400 453
1748410 453
1748420 454
1748430 454
1748440 453
1748450 453
1748460 453
1748470 453
1748480 453
1748490 453
1748500 453
1748510 453
1748520 453
1748530 453
1748540 453
1748550 453
1748560 453
1748570 453
1748580 452
1748590 452
1748600 453
1748610 453
1748620 453
1748630 453
1748640 453
1748650 453
1748660 453
1748670 452
1748680 452
1748690 452
1748700 452
1748710 452
1748720 452
1748730 452
1748740 452
1748750 452
1748760 451
1748770 451
1748780 452
1748790 451
1748800 451
1748810 451
1748820 451
1748830 451
1748840 450
1748850 450
1748860 450
1748870 450
1748880 450
1748890 450
1748900 449
1748910 449
1748920 449
1748930 449
1748940 449
1748950 448
1748960 448
1748970 448
1748980 448
1748990 448
1749000 448
1749010 448
1749020 448
1749030 448
1749040 448
1749050 448
1749060 448
1749070 448
1749080 448
1749090 448
1749100 448
1749110 448
1749120 447
1749130 447
1749140 447
1749150 447
1749160 447
1749170 447
1749180 447
1749190 447
1749200 447
1749210 447
1749220 447
1749230 447
1749240 447
1749250 447
1749260 447
1749270 447
1749280 447
1749290 447
1749300 447
1749310 447
1749320 447
1749330 447
1749340 447
1749350 447
1749360 448
1749370 448
1749380 448
1749390 448
1749400 448
1749410 448
1749420 448
1749430 448
1749440 448
1749450 448
1749460 447
1749470 447
1749480 447
1749490 447
1749500 447
1749510 447
1749520 447
1749530 447
1749540 447
1749550 447
1749560 447
1749570 447
1749580 447
1749590 447
1749600 447
1749610 447
1749620 446
1749630 446
1749640 446
1749650 446
1749660 447
1749670 447
1749680 447
1749690 447
1749700 447
1749710 447
1749720 447
1749730 447
1749740 447
1749750 447
1749760 447
1749770 447
1749780 447
1749790 447
1749800 447
1749810 447
1749820 447
1749830 447
1749840 447
1749850 446
1749860 446
1749870 446
1749880 446
1749890 446
1749900 446
1749910 446
1749920 446
1749930 446
1749940 446
1749950 446
1749960 446
1749970 446
1749980 446
1749990 446
1750000 446
1750010 446
1750020 446
1750030 446
1750040 446
1750050 446
1750060 446
1750070 446
1750080 446
1750090 445
1750100 445
1750110 445
1750120 445
1750130 445
1750140 445
1750150 445
1750160 445
1750170 445
1750180 445
1750190 445
1750200 444
1750210 444
1750220 444
1750230 444
1750240 444
1750250 444
1750260 444
1750270 444
1750280 443
1750290 443
1750300 443
1750310 443
1750320 443
1750330 443
1750340 443
1750350 443
1750360 443
1750370 443
1750380 443
1750390 443
1750400 443
1750410 443
1750420 443
1750430 443
1750440 443
1750450 443
1750460 443
1750470 443
1750480 443
1750490 443
1750500 443
1750510 443
1750520 443
1750530 443
1750540 443
1750550 443
1750560 443
1750570 443
1750580 443
1750590 443
1750600 443
1750610 442
1750620 442
1750630 442
1750640 442
1750650 442
1750660 442
1750670 442
1750680 442
1750690 442
1750700 442
1750710 442
1750720 442
1750730 442
1750740 442
1750750 442
1750760 442
1750770 442
1750780 442
1750790 442
1750800 442
1750810 442
1750820 442
1750830 442
1750840 442
1750850 442
1750860 442
1750870 442
1750880 442
1750890 442
1750900 442
1750910 442
1750920 442
1750930 442
1750940 442
1750950 441
1750960 441
1750970 441
1750980 442
1750990 442
1751000 443
1751010 443
1751020 442
1751030 441
1751040 441
1751050 441
1751060 441
1751070 441
1751080 441
1751090 441
1751100 440
1751110 440
1751120 440
1751130 440
1751140 440
1751150 440
1751160 440
1751170 440
1751180 440
1751190 440
1751200 440
1751210 440
1751220 440
1751230 440
1751240 440
1751250 440
1751260 440
1751270 440
1751280 440
1751290 440
1751300 440
1751310 440
1751320 439
1751330 439
1751340 439
1751350 439
1751360 439
1751370 440
1751380 440
1751390 439
1751400 439
1751410 439
1751420 439
1751430 439
1751440 439
1751450 439
1751460 439
1751470 439
1751480 439
1751490 439
1751500 439
1751510 439
1751520 439
1751530 438
1751540 438
1751550 438
1751560 438
1751570 438
1751580 438
1751590 438
1751600 438
1751610 438
1751620 438
1751630 438
1751640 438
1751650 438
1751660 438
1751670 437
1751680 437
1751690 437
1751700 437
1751710 437
1751720 437
1751730 437
1751740 437
1751750 437
1751760 437
1751770 437
1751780 437
1751790 437
1751800 437
1751810 437
1751820 437
1751830 437
1751840 437
1751850 437
1751860 437
1751870 437
1751880 437
1751890 436
1751900 436
1751910 436
1751920 436
1751930 436
1751940 436
1751950 436
1751960 436
1751970 436
1751980 436
1751990 436
1752000 436
1752010 436
1752020 436
1752030 436
1752040 436
1752050 436
1752060 436
1752070 436
1752080 436
1752090 436
1752100 436
1752110 436
1752120 436
1752130 436
1752140 436
1752150 436
1752160 436
1752170 436
1752180 436
1752190 436
1752200 436
1752210 436
1752220 436
1752230 436
1752240 436
1752250 436
1752260 436
1752270 436
1752280 436
1752290 437
1752300 437
1752310 437
1752320 437
1752330 437
1752340 437
1752350 437
1752360 437
1752370 437
1752380 437
1752390 437
1752400 437
1752410 437
1752420 437
1752430 437
1752440 437
1752450 438
1752460 438
1752470 438
1752480 438
1752490 438
1752500 438
1752510 438
1752520 438
1752530 438
1752540 438
1752550 438
1752560 438
1752570 438
1752580 438
1752590 438
1752600 438
1752610 438
1752620 438
1752630 438
1752640 438
1752650 438
1752660 438
1752670 438
1752680 438
1752690 438
1752700 438
1752710 438
1752720 438
1752730 438
1752740 437
1752750 437
1752760 437
1752770 437
1752780 437
1752790 437
1752800 437
1752810 437
1752820 437
1752830 437
1752840 437
1752850 436
1752860 436
1752870 436
1752880 435
1752890 435
1752900 436
1752910 436
1752920 436
1752930 436
1752940 436
1752950 436
1752960 436
1752970 436
1752980 436
1752990 436
1753000 436
1753010 436
1753020 437
1753030 437
1753040 437
1753050 437
1753060 437
1753070 438
1753080 438
1753090 438
1753100 438
1753110 438
1753120 439
1753130 439
1753140 439
1753150 439
1753160 439
1753170 439
1753180 439
1753190 439
1753200 440
1753210 440
1753220 440
1753230 440
1753240 440
1753250 440
1753260 440
1753270 441
1753280 441
1753290 441
1753300 441
1753310 441
1753320 441
1753330 441
1753340 442
1753350 442
1753360 442
1753370 442
1753380 442
1753390 442
1753400 442
1753410 442
1753420 443
1753430 443
1753440 443
1753450 443
1753460 443
1753470 443
1753480 444
1753490 444
1753500 444
1753510 444
1753520 444
1753530 444
1753540 444
1753550 444
1753560 444
1753570 445
1753580 445
1753590 445
1753600 445
1753610 445
1753620 445
1753630 445
1753640 446
1753650 446
1753660 446
1753670 446
1753680 446
1753690 446
1753700 446
1753710 446
1753720 446
1753730 446
1753740 447
1753750 447
1753760 447
1753770 447
1753780 447
1753790 447
1753800 447
1753810 448
1753820 448
1753830 448
1753840 448
1753850 448
1753860 448
1753870 449
1753880 449
1753890 449
1753900 449
1753910 450
1753920 450
1753930 450
1753940 450
1753950 450
1753960 451
1753970 451
1753980 451
1753990 451
1754000 452
1754010 452
1754020 452
1754030 452
1754040 452
1754050 453
1754060 453
1754070 453
1754080 453
1754090 454
1754100 454
1754110 454
1754120 455
1754130 455
1754140 455
1754150 455
1754160 456
1754170 456
1754180 456
1754190 456
1754200 456
1754210 456
1754220 457
1754230 457
1754240 457
1754250 457
1754260 457
1754270 457
1754280 457
1754290 458
1754300 458
1754310 458
1754320 458
1754330 458
1754340 458
1754350 458
1754360 458
1754370 458
1754380 459
1754390 459
1754400 459
1754410 459
1754420 459
1754430 459
1754440 459
1754450 459
1754460 459
1754470 459
1754480 459
1754490 459
1754500 459
1754510 459
1754520 459
1754530 459
1754540 459
1754550 459
1754560 459
1754570 459
1754580 459
1754590 459
1754600 459
1754610 459
1754620 459
1754630 459
1754640 459
1754650 459
1754660 459
1754670 459
1754680 459
1754690 459
1754700 459
1754710 459
1754720 459
1754730 459
1754740 459
1754750 458
1754760 458
1754770 458
1754780 458
1754790 458
1754800 458
1754810 458
1754820 458
1754830 458
1754840 458
1754850 457
1754860 457
1754870 457
1754880 457
1754890 457
1754900 457
1754910 457
1754920 457
1754930 457
1754940 457
1754950 456
1754960 456
1754970 456
1754980 456
1754990 456
1755000 456
1755010 456
1755020 455
1755030 455
1755040 455
1755050 455
1755060 455
1755070 455
1755080 455
1755090 454
1755100 454
1755110 454
1755120 454
1755130 454
1755140 454
1755150 453
1755160 453
1755170 453
1755180 453
1755190 453
1755200 453
1755210 452
1755220 452
1755230 452
1755240 452
1755250 452
1755260 452
1755270 451
1755280 451
1755290 451
1755300 451
1755310 451
1755320 451
1755330 451
1755340 450
1755350 450
1755360 450
1755370 450
1755380 450
1755390 450
1755400 450
1755410 450
1755420 450
1755430 450
1755440 449
1755450 449
1755460 449
1755470 449
1755480 449
1755490 449
1755500 449
1755510 449
1755520 448
1755530 448
1755540 448
1755550 448
1755560 448
1755570 448
1755580 448
1755590 447
1755600 447
1755610 447
1755620 447
1755630 447
1755640 447
1755650 446
1755660 446
1755670 446
1755680 446
1755690 446
1755700 446
1755710 445
1755720 445
1755730 445
1755740 445
1755750 445
1755760 445
1755770 444
1755780 444
1755790 444
1755800 444
1755810 443
1755820 443
1755830 443
1755840 443
1755850 443
1755860 442
1755870 442
1755880 442
1755890 442
1755900 442
1755910 441
1755920 441
1755930 441
1755940 441
1755950 441
1755960 440
1755970 440
1755980 440
1755990 440
1756000 440
1756010 439
1756020 439
1756030 439
1756040 439
1756050 439
1756060 438
1756070 438
1756080 438
1756090 438
1756100 437
1756110 437
1756120 437
1756130 437
1756140 436
1756150 436
1756160 436
1756170 436
1756180 435
1756190 435
1756200 435
1756210 435
1756220 434
1756230 434
1756240 434
1756250 433
1756260 433
1756270 433
1756280 433
1756290 433
1756300 432
1756310 432
1756320 432
1756330 432
1756340 432
1756350 432
1756360 432
1756370 432
1756380 433
1756390 433
1756400 433
1756410 433
1756420 433
1756430 433
1756440 433
1756450 433
1756460 434
1756470 434
1756480 434
1756490 434
1756500 434
1756510 434
1756520 434
1756530 434
1756540 434
1756550 434
1756560 434
1756570 434
1756580 434
1756590 434
1756600 434
1756610 434
1756620 433
1756630 433
1756640 433
1756650 434
1756660 434
1756670 434
1756680 434
1756690 434
1756700 434
1756710 434
1756720 434
1756730 434
1756740 434
1756750 434
1756760 434
1756770 434
1756780 434
1756790 434
1756800 434
1756810 434
1756820 434
1756830 434
1756840 434
1756850 434
1756860 434
1756870 433
1756880 433
1756890 433
1756900 433
1756910 433
1756920 433
1756930 433
1756940 433
1756950 433
1756960 433
1756970 433
1756980 433
1756990 433
1757000 432
1757010 432
1757020 432
1757030 432
1757040 432
1757050 431
1757060 431
1757070 431
1757080 431
1757090 431
1757100 431
1757110 431
1757120 430
1757130 430
1757140 430
1757150 430
1757160 430
1757170 430
1757180 430
1757190 430
1757200 430
1757210 429
1757220 429
1757230 429
1757240 429
1757250 429
1757260 429
1757270 428
1757280 428
1757290 428
1757300 428
1757310 428
1757320 428
1757330 427
1757340 427
1757350 427
1757360 427
1757370 427
1757380 427
1757390 426
1757400 426
1757410 426
1757420 426
1757430 426
1757440 425
1757450 425
1757460 425
1757470 425
1757480 424
1757490 424
1757500 424
1757510 424
1757520 423
1757530 423
1757540 423
1757550 422
1757560 422
1757570 422
1757580 422
1757590 421
1757600 421
1757610 421
1757620 420
1757630 420
1757640 420
1757650 419
1757660 419
1757670 419
1757680 418
1757690 418
1757700 418
1757710 418
1757720 418
1757730 417
1757740 417
1757750 417
1757760 417
1757770 417
1757780 416
1757790 416
1757800 416
1757810 416
1757820 415
1757830 415
1757840 414
1757850 414
1757860 413
1757870 413
1757880 412
1757890 412
1757900 412
1757910 412
1757920 412
1757930 412
1757940 411
1757950 411
1757960 411
1757970 411
1757980 411
1757990 411
1758000 411
1758010 411
1758020 410
1758030 410
1758040 410
1758050 410
1758060 410
1758070 410
1758080 410
1758090 410
1758100 410
1758110 409
1758120 409
1758130 409
1758140 409
1758150 408
1758160 408
1758170 408
1758180 408
1758190 408
1758200 407
1758210 407
1758220 407
1758230 407
1758240 407
1758250 406
1758260 406
1758270 406
1758280 406
1758290 406
1758300 406
1758310 406
1758320 405
1758330 405
1758340 405
1758350 404
1758360 404
1758370 403
1758380 403
1758390 403
1758400 402
1758410 402
1758420 401
1758430 401
1758440 401
1758450 400
1758460 400
1758470 400
1758480 399
1758490 399
1758500 399
1758510 399
1758520 398
1758530 398
1758540 398
1758550 397
1758560 397
1758570 397
1758580 396
1758590 396
1758600 396
1758610 395
1758620 395
1758630 395
1758640 394
1758650 394
1758660 394
1758670 393
1758680 393
1758690 393
1758700 392
1758710 392
1758720 392
1758730 391
1758740 391
1758750 390
1758760 390
1758770 390
1758780 389
1758790 389
1758800 389
1758810 389
1758820 388
1758830 388
1758840 388
1758850 387
1758860 387
1758870 386
1758880 386
1758890 386
1758900 385
1758910 385
1758920 385
1758930 384
1758940 384
1758950 384
1758960 383
1758970 383
1758980 383
1758990 382
1759000 382
1759010 382
1759020 381
1759030 381
1759040 380
1759050 380
1759060 380
1759070 379
1759080 379
1759090 378
1759100 378
1759110 378
1759120 377
1759130 377
1759140 376
1759150 376
1759160 376
1759170 375
1759180 375
1759190 375
1759200 374
1759210 374
1759220 374
1759230 374
1759240 373
1759250 373
1759260 372
1759270 372
1759280 371
1759290 371
1759300 371
1759310 370
1759320 370
1759330 370
1759340 369
1759350 369
1759360 369
1759370 368
1759380 368
1759390 368
1759400 367
1759410 367
1759420 367
1759430 367
1759440 366
1759450 366
1759460 366
1759470 365
1759480 365
1759490 365
1759500 365
1759510 365
1759520 365
1759530 365
1759540 364
1759550 364
1759560 364
1759570 363
1759580 363
1759590 363
1759600 363
1759610 363
1759620 363
1759630 363
1759640 362
1759650 362
1759660 362
1759670 362
1759680 362
1759690 362
1759700 362
1759710 361
1759720 361
1759730 361
1759740 361
1759750 361
1759760 360
1759770 360
1759780 360
1759790 360
1759800 360
1759810 360
1759820 360
1759830 359
1759840 359
1759850 359
1759860 359
1759870 359
1759880 359
1759890 359
1759900 359
1759910 359
1759920 359
1759930 359
1759940 359
1759950 358
1759960 358
1759970 358
1759980 358
1759990 358
