1740000 474
1740010 475
1740020 475
1740030 476
1740040 476
1740050 477
1740060 477
1740070 477
1740080 478
1740090 478
1740100 479
1740110 479
1740120 479
1740130 479
1740140 479
1740150 479
1740160 479
1740170 478
1740180 477
1740190 475
1740200 473
1740210 469
1740220 468
1740230 469
1740240 471
1740250 474
1740260 476
1740270 479
1740280 482
1740290 485
1740300 488
1740310 491
1740320 494
1740330 496
1740340 499
1740350 502
1740360 505
1740370 508
1740380 511
1740390 513
1740400 514
1740410 516
1740420 517
1740430 518
1740440 519
1740450 520
1740460 521
1740470 522
1740480 522
1740490 523
1740500 523
1740510 523
1740520 523
1740530 523
1740540 523
1740550 522
1740560 522
1740570 521
1740580 521
1740590 521
1740600 520
1740610 520
1740620 519
1740630 519
1740640 518
1740650 517
1740660 516
1740670 516
1740680 515
1740690 514
1740700 513
1740710 512
1740720 512
1740730 511
1740740 510
1740750 509
1740760 507
1740770 506
1740780 504
1740790 501
1740800 499
1740810 497
1740820 494
1740830 492
1740840 490
1740850 488
1740860 486
1740870 484
1740880 482
1740890 479
1740900 477
1740910 475
1740920 474
1740930 473
1740940 471
1740950 468
1740960 466
1740970 463
1740980 465
1740990 467
1741000 470
1741010 472
1741020 474
1741030 477
1741040 480
1741050 482
1741060 484
1741070 485
1741080 487
1741090 488
1741100 489
1741110 490
1741120 491
1741130 492
1741140 494
1741150 494
1741160 495
1741170 496
1741180 497
1741190 497
1741200 497
1741210 498
1741220 498
1741230 498
1741240 497
1741250 497
1741260 497
1741270 496
1741280 496
1741290 496
1741300 495
1741310 495
1741320 495
1741330 494
1741340 494
1741350 493
1741360 493
1741370 492
1741380 492
1741390 491
1741400 490
1741410 490
1741420 489
1741430 488
1741440 487
1741450 486
1741460 484
1741470 483
1741480 481
1741490 478
1741500 476
1741510 473
1741520 471
1741530 468
1741540 465
1741550 462
1741560 458
1741570 454
1741580 451
1741590 447
1741600 443
1741610 439
1741620 436
1741630 433
1741640 430
1741650 428
1741660 426
1741670 423
1741680 420
1741690 417
1741700 413
1741710 411
1741720 410
1741730 410
1741740 410
1741750 411
1741760 411
1741770 412
1741780 414
1741790 417
1741800 421
1741810 424
1741820 427
1741830 429
1741840 432
1741850 435
1741860 438
1741870 440
1741880 443
1741890 445
1741900 448
1741910 450
1741920 452
1741930 452
1741940 451
1741950 450
1741960 450
1741970 450
1741980 449
1741990 449
1742000 449
1742010 449
1742020 449
1742030 449
1742040 448
1742050 448
1742060 447
1742070 447
1742080 446
1742090 445
1742100 445
1742110 446
1742120 449
1742130 451
1742140 453
1742150 456
1742160 459
1742170 462
1742180 465
1742190 468
1742200 471
1742210 474
1742220 476
1742230 479
1742240 481
1742250 484
1742260 486
1742270 487
1742280 490
1742290 492
1742300 494
1742310 496
1742320 498
1742330 499
1742340 501
1742350 502
1742360 504
1742370 505
1742380 507
1742390 508
1742400 510
1742410 511
1742420 512
1742430 513
1742440 514
1742450 516
1742460 517
1742470 518
1742480 520
1742490 521
1742500 522
1742510 524
1742520 525
1742530 527
1742540 528
1742550 529
1742560 530
1742570 531
1742580 532
1742590 532
1742600 533
1742610 533
1742620 533
1742630 534
1742640 534
1742650 534
1742660 535
1742670 535
1742680 535
1742690 534
1742700 534
1742710 534
1742720 533
1742730 533
1742740 533
1742750 532
1742760 531
1742770 530
1742780 529
1742790 528
1742800 526
1742810 524
1742820 522
1742830 520
1742840 518
1742850 516
1742860 515
1742870 513
1742880 512
1742890 511
1742900 510
1742910 509
1742920 508
1742930 508
1742940 507
1742950 507
1742960 508
1742970 508
1742980 508
1742990 509
1743000 511
1743010 513
1743020 515
1743030 516
1743040 518
1743050 519
1743060 520
1743070 521
1743080 522
1743090 523
1743100 523
1743110 523
1743120 523
1743130 524
1743140 524
1743150 523
1743160 523
1743170 523
1743180 523
1743190 523
1743200 523
1743210 522
1743220 522
1743230 522
1743240 522
1743250 521
1743260 521
1743270 521
1743280 520
1743290 520
1743300 519
1743310 519
1743320 518
1743330 518
1743340 517
1743350 517
1743360 516
1743370 516
1743380 515
1743390 515
1743400 514
1743410 514
1743420 513
1743430 513
1743440 512
1743450 511
1743460 511
1743470 510
1743480 510
1743490 509
1743500 509
1743510 508
1743520 507
1743530 507
1743540 506
1743550 505
1743560 505
1743570 504
1743580 504
1743590 503
1743600 502
1743610 502
1743620 501
1743630 500
1743640 500
1743650 499
1743660 499
1743670 498
1743680 497
1743690 497
1743700 496
1743710 495
1743720 495
1743730 494
1743740 494
1743750 493
1743760 492
1743770 492
1743780 491
1743790 490
1743800 489
1743810 489
1743820 488
1743830 487
1743840 487
1743850 486
1743860 486
1743870 485
1743880 484
1743890 484
1743900 483
1743910 482
1743920 482
1743930 481
1743940 480
1743950 479
1743960 478
1743970 478
1743980 477
1743990 476
1744000 475
1744010 474
1744020 473
1744030 471
1744040 470
1744050 468
1744060 466
1744070 465
1744080 464
1744090 463
1744100 461
1744110 460
1744120 459
1744130 458
1744140 457
1744150 455
1744160 454
1744170 453
1744180 451
1744190 450
1744200 449
1744210 448
1744220 449
1744230 451
1744240 453
1744250 455
1744260 457
1744270 460
1744280 462
1744290 464
1744300 465
1744310 466
1744320 467
1744330 467
1744340 468
1744350 468
1744360 468
1744370 468
1744380 468
1744390 470
1744400 472
1744410 474
1744420 477
1744430 479
1744440 481
1744450 482
1744460 483
1744470 484
1744480 484
1744490 485
1744500 486
1744510 486
1744520 487
1744530 487
1744540 488
1744550 488
1744560 488
1744570 488
1744580 488
1744590 488
1744600 488
1744610 488
1744620 488
1744630 488
1744640 487
1744650 487
1744660 487
1744670 487
1744680 487
1744690 487
1744700 487
1744710 487
1744720 487
1744730 487
1744740 487
1744750 487
1744760 487
1744770 487
1744780 487
1744790 487
1744800 488
1744810 488
1744820 488
1744830 488
1744840 488
1744850 488
1744860 488
1744870 487
1744880 487
1744890 487
1744900 487
1744910 487
1744920 487
1744930 487
1744940 486
1744950 486
1744960 486
1744970 486
1744980 486
1744990 485
1745000 485
1745010 485
1745020 484
1745030 484
1745040 484
1745050 483
1745060 483
1745070 483
1745080 482
1745090 482
1745100 481
1745110 481
1745120 481
1745130 481
1745140 480
1745150 480
1745160 480
1745170 480
1745180 479
1745190 479
1745200 478
1745210 478
1745220 477
1745230 477
1745240 477
1745250 477
1745260 477
1745270 476
1745280 476
1745290 476
1745300 475
1745310 475
1745320 474
1745330 474
1745340 473
1745350 473
1745360 472
1745370 472
1745380 472
1745390 472
1745400 471
1745410 471
1745420 471
1745430 470
1745440 470
1745450 470
1745460 470
1745470 469
1745480 469
1745490 469
1745500 468
1745510 468
1745520 468
1745530 467
1745540 467
1745550 466
1745560 466
1745570 466
1745580 465
1745590 465
1745600 464
1745610 463
1745620 463
1745630 462
1745640 462
1745650 461
1745660 461
1745670 460
1745680 460
1745690 459
1745700 459
1745710 458
1745720 458
1745730 457
1745740 457
1745750 456
1745760 455
1745770 454
1745780 454
1745790 453
1745800 452
1745810 451
1745820 449
1745830 447
1745840 445
1745850 443
1745860 441
1745870 441
1745880 442
1745890 445
1745900 445
1745910 445
1745920 445
1745930 445
1745940 446
1745950 446
1745960 447
1745970 449
1745980 452
1745990 455
1746000 459
1746010 462
1746020 466
1746030 469
1746040 471
1746050 474
1746060 476
1746070 477
1746080 479
1746090 480
1746100 482
1746110 484
1746120 485
1746130 486
1746140 488
1746150 489
1746160 490
1746170 491
1746180 492
1746190 493
1746200 494
1746210 495
1746220 496
1746230 497
1746240 497
1746250 498
1746260 499
1746270 499
1746280 500
1746290 500
1746300 501
1746310 501
1746320 501
1746330 502
1746340 502
1746350 502
1746360 502
1746370 502
1746380 502
1746390 502
1746400 502
1746410 502
1746420 502
1746430 502
1746440 502
1746450 502
1746460 503
1746470 503
1746480 503
1746490 503
1746500 503
1746510 503
1746520 502
1746530 502
1746540 502
1746550 501
1746560 501
1746570 500
1746580 500
1746590 499
1746600 498
1746610 497
1746620 497
1746630 496
1746640 496
1746650 495
1746660 494
1746670 492
1746680 490
1746690 487
1746700 486
1746710 486
1746720 489
1746730 491
1746740 493
1746750 493
1746760 493
1746770 493
1746780 493
1746790 494
1746800 494
1746810 494
1746820 494
1746830 494
1746840 494
1746850 494
1746860 494
1746870 494
1746880 494
1746890 494
1746900 494
1746910 494
1746920 494
1746930 494
1746940 494
1746950 494
1746960 494
1746970 494
1746980 494
1746990 495
1747000 495
1747010 495
1747020 495
1747030 495
1747040 495
1747050 495
1747060 495
1747070 495
1747080 495
1747090 495
1747100 495
1747110 495
1747120 495
1747130 496
1747140 496
1747150 496
1747160 496
1747170 496
1747180 497
1747190 496
1747200 496
1747210 496
1747220 496
1747230 496
1747240 496
1747250 496
1747260 496
1747270 497
1747280 496
1747290 496
1747300 496
1747310 496
1747320 496
1747330 496
1747340 496
1747350 496
1747360 496
1747370 496
1747380 496
1747390 496
1747400 496
1747410 495
1747420 495
1747430 495
1747440 495
1747450 495
1747460 495
1747470 495
1747480 495
1747490 495
1747500 494
1747510 494
1747520 494
1747530 494
1747540 494
1747550 494
1747560 494
1747570 494
1747580 493
1747590 493
1747600 493
1747610 493
1747620 493
1747630 493
1747640 492
1747650 492
1747660 492
1747670 492
1747680 492
1747690 492
1747700 491
1747710 491
1747720 491
1747730 490
1747740 490
1747750 490
1747760 490
1747770 489
1747780 489
1747790 489
1747800 489
1747810 489
1747820 488
1747830 488
1747840 488
1747850 488
1747860 488
1747870 487
1747880 487
1747890 487
1747900 487
1747910 487
1747920 486
1747930 486
1747940 486
1747950 485
1747960 485
1747970 485
1747980 485
1747990 484
1748000 484
1748010 484
1748020 484
1748030 483
1748040 483
1748050 483
1748060 482
1748070 482
1748080 482
1748090 482
1748100 481
1748110 481
1748120 481
1748130 480
1748140 480
1748150 480
1748160 480
1748170 479
1748180 479
1748190 479
1748200 478
1748210 478
1748220 478
1748230 477
1748240 477
1748250 477
1748260 477
1748270 476
1748280 476
1748290 476
1748300 476
1748310 476
1748320 475
1748330 475
1748340 475
1748350 475
1748360 474
1748370 474
1748380 474
1748390 474
1748400 474
1748410 474
1748420 474
1748430 474
1748440 474
1748450 474
1748460 473
1748470 473
1748480 473
1748490 473
1748500 473
1748510 473
1748520 473
1748530 473
1748540 472
1748550 472
1748560 472
1748570 472
1748580 472
1748590 472
1748600 472
1748610 472
1748620 472
1748630 472
1748640 472
1748650 472
1748660 471
1748670 471
1748680 471
1748690 471
1748700 471
1748710 471
1748720 471
1748730 471
1748740 470
1748750 470
1748760 470
1748770 469
1748780 469
1748790 469
1748800 469
1748810 468
1748820 468
1748830 467
1748840 467
1748850 467
1748860 466
1748870 466
1748880 466
1748890 465
1748900 465
1748910 464
1748920 464
1748930 464
1748940 463
1748950 463
1748960 463
1748970 462
1748980 462
1748990 462
1749000 461
1749010 461
1749020 461
1749030 460
1749040 460
1749050 460
1749060 459
1749070 459
1749080 459
1749090 458
1749100 458
1749110 458
1749120 458
1749130 457
1749140 457
1749150 457
1749160 457
1749170 456
1749180 456
1749190 456
1749200 455
1749210 455
1749220 455
1749230 455
1749240 454
1749250 454
1749260 454
1749270 453
1749280 453
1749290 453
1749300 453
1749310 452
1749320 451
1749330 451
1749340 450
1749350 450
1749360 449
1749370 449
1749380 448
1749390 448
1749400 447
1749410 447
1749420 446
1749430 446
1749440 445
1749450 445
1749460 445
1749470 444
1749480 444
1749490 443
1749500 443
1749510 443
1749520 443
1749530 442
1749540 442
1749550 441
1749560 441
1749570 440
1749580 440
1749590 440
1749600 440
1749610 440
1749620 440
1749630 440
1749640 440
1749650 441
1749660 442
1749670 443
1749680 445
1749690 446
1749700 446
1749710 447
1749720 448
1749730 449
1749740 449
1749750 450
1749760 451
1749770 451
1749780 452
1749790 452
1749800 452
1749810 453
1749820 453
1749830 453
1749840 454
1749850 454
1749860 455
1749870 455
1749880 455
1749890 456
1749900 456
1749910 457
1749920 457
1749930 457
1749940 458
1749950 458
1749960 458
1749970 459
1749980 460
1749990 460
1750000 460
1750010 461
1750020 461
1750030 462
1750040 462
1750050 462
1750060 463
1750070 464
1750080 464
1750090 465
1750100 465
1750110 465
1750120 465
1750130 465
1750140 466
1750150 466
1750160 466
1750170 466
1750180 467
1750190 467
1750200 467
1750210 468
1750220 468
1750230 468
1750240 468
1750250 469
1750260 469
1750270 469
1750280 469
1750290 469
1750300 469
1750310 469
1750320 470
1750330 470
1750340 470
1750350 470
1750360 470
1750370 471
1750380 471
1750390 471
1750400 471
1750410 471
1750420 471
1750430 471
1750440 471
1750450 472
1750460 472
1750470 472
1750480 472
1750490 472
1750500 472
1750510 472
1750520 472
1750530 472
1750540 473
1750550 473
1750560 473
1750570 473
1750580 473
1750590 473
1750600 473
1750610 473
1750620 473
1750630 473
1750640 473
1750650 473
1750660 473
1750670 473
1750680 473
1750690 473
1750700 473
1750710 473
1750720 473
1750730 473
1750740 473
1750750 473
1750760 473
1750770 473
1750780 472
1750790 472
1750800 472
1750810 472
1750820 472
1750830 472
1750840 472
1750850 472
1750860 472
1750870 472
1750880 471
1750890 471
1750900 471
1750910 471
1750920 471
1750930 471
1750940 471
1750950 471
1750960 470
1750970 470
1750980 470
1750990 470
1751000 470
1751010 470
1751020 470
1751030 470
1751040 469
1751050 469
1751060 469
1751070 469
1751080 469
1751090 469
1751100 469
1751110 468
1751120 468
1751130 468
1751140 468
1751150 468
1751160 468
1751170 468
1751180 467
1751190 467
1751200 467
1751210 467
1751220 467
1751230 467
1751240 466
1751250 466
1751260 466
1751270 466
1751280 466
1751290 466
1751300 466
1751310 466
1751320 465
1751330 465
1751340 465
1751350 465
1751360 465
1751370 465
1751380 465
1751390 465
1751400 464
1751410 464
1751420 464
1751430 464
1751440 464
1751450 464
1751460 464
1751470 464
1751480 464
1751490 464
1751500 464
1751510 464
1751520 464
1751530 464
1751540 464
1751550 464
1751560 464
1751570 464
1751580 464
1751590 464
1751600 465
1751610 465
1751620 465
1751630 465
1751640 465
1751650 465
1751660 465
1751670 465
1751680 466
1751690 466
1751700 466
1751710 467
1751720 467
1751730 467
1751740 467
1751750 468
1751760 468
1751770 468
1751780 468
1751790 469
1751800 469
1751810 469
1751820 470
1751830 470
1751840 470
1751850 470
1751860 470
1751870 470
1751880 470
1751890 471
1751900 471
1751910 471
1751920 471
1751930 471
1751940 472
1751950 472
1751960 472
1751970 472
1751980 472
1751990 472
1752000 472
1752010 472
1752020 472
1752030 472
1752040 472
1752050 472
1752060 472
1752070 472
1752080 472
1752090 473
1752100 473
1752110 473
1752120 473
1752130 473
1752140 473
1752150 472
1752160 472
1752170 472
1752180 473
1752190 473
1752200 472
1752210 472
1752220 472
1752230 473
1752240 473
1752250 473
1752260 473
1752270 473
1752280 473
1752290 473
1752300 473
1752310 473
1752320 473
1752330 473
1752340 473
1752350 473
1752360 473
1752370 473
1752380 473
1752390 473
1752400 473
1752410 473
1752420 473
1752430 473
1752440 473
1752450 473
1752460 473
1752470 473
1752480 473
1752490 473
1752500 473
1752510 473
1752520 473
1752530 473
1752540 473
1752550 473
1752560 473
1752570 473
1752580 473
1752590 473
1752600 473
1752610 473
1752620 473
1752630 473
1752640 473
1752650 473
1752660 473
1752670 473
1752680 473
1752690 472
1752700 472
1752710 472
1752720 472
1752730 472
1752740 472
1752750 473
1752760 472
1752770 472
1752780 472
1752790 472
1752800 472
1752810 472
1752820 472
1752830 472
1752840 472
1752850 472
1752860 472
1752870 472
1752880 472
1752890 472
1752900 472
1752910 472
1752920 472
1752930 472
1752940 472
1752950 472
1752960 471
1752970 471
1752980 471
1752990 471
1753000 471
1753010 471
1753020 471
1753030 471
1753040 471
1753050 471
1753060 470
1753070 470
1753080 470
1753090 470
1753100 470
1753110 470
1753120 470
1753130 470
1753140 469
1753150 469
1753160 469
1753170 469
1753180 469
1753190 469
1753200 469
1753210 469
1753220 468
1753230 468
1753240 468
1753250 468
1753260 468
1753270 468
1753280 467
1753290 467
1753300 467
1753310 467
1753320 467
1753330 466
1753340 466
1753350 466
1753360 466
1753370 465
1753380 465
1753390 465
1753400 465
1753410 465
1753420 464
1753430 464
1753440 464
1753450 464
1753460 464
1753470 463
1753480 463
1753490 463
1753500 463
1753510 463
1753520 462
1753530 462
1753540 462
1753550 462
1753560 461
1753570 461
1753580 461
1753590 461
1753600 460
1753610 460
1753620 460
1753630 459
1753640 459
1753650 458
1753660 458
1753670 458
1753680 457
1753690 457
1753700 457
1753710 456
1753720 456
1753730 456
1753740 456
1753750 455
1753760 455
1753770 455
1753780 455
1753790 454
1753800 454
1753810 454
1753820 453
1753830 453
1753840 453
1753850 453
1753860 453
1753870 452
1753880 452
1753890 452
1753900 452
1753910 451
1753920 451
1753930 450
1753940 450
1753950 450
1753960 450
1753970 449
1753980 449
1753990 449
1754000 448
1754010 448
1754020 447
1754030 447
1754040 447
1754050 446
1754060 446
1754070 445
1754080 445
1754090 445
1754100 444
1754110 444
1754120 443
1754130 443
1754140 442
1754150 442
1754160 442
1754170 442
1754180 441
1754190 441
1754200 440
1754210 439
1754220 439
1754230 438
1754240 438
1754250 438
1754260 437
1754270 437
1754280 436
1754290 436
1754300 436
1754310 436
1754320 435
1754330 435
1754340 435
1754350 434
1754360 434
1754370 434
1754380 433
1754390 433
1754400 433
1754410 433
1754420 432
1754430 432
1754440 432
1754450 431
1754460 431
1754470 431
1754480 431
1754490 430
1754500 430
1754510 430
1754520 429
1754530 429
1754540 429
1754550 428
1754560 428
1754570 428
1754580 427
1754590 427
1754600 426
1754610 426
1754620 425
1754630 425
1754640 424
1754650 424
1754660 423
1754670 423
1754680 423
1754690 422
1754700 422
1754710 421
1754720 421
1754730 421
1754740 421
1754750 420
1754760 420
1754770 420
1754780 420
1754790 420
1754800 420
1754810 420
1754820 420
1754830 420
1754840 420
1754850 419
1754860 419
1754870 419
1754880 419
1754890 420
1754900 420
1754910 420
1754920 420
1754930 420
1754940 420
1754950 420
1754960 420
1754970 420
1754980 421
1754990 421
1755000 421
1755010 421
1755020 421
1755030 421
1755040 421
1755050 421
1755060 421
1755070 421
1755080 421
1755090 421
1755100 422
1755110 422
1755120 422
1755130 422
1755140 422
1755150 423
1755160 423
1755170 423
1755180 423
1755190 423
1755200 423
1755210 423
1755220 424
1755230 424
1755240 424
1755250 424
1755260 424
1755270 424
1755280 425
1755290 425
1755300 425
1755310 425
1755320 425
1755330 425
1755340 425
1755350 426
1755360 426
1755370 426
1755380 425
1755390 425
1755400 426
1755410 427
1755420 427
1755430 427
1755440 427
1755450 427
1755460 427
1755470 427
1755480 427
1755490 427
1755500 427
1755510 427
1755520 428
1755530 428
1755540 428
1755550 428
1755560 428
1755570 428
1755580 428
1755590 428
1755600 429
1755610 429
1755620 429
1755630 429
1755640 429
1755650 429
1755660 429
1755670 429
1755680 430
1755690 430
1755700 430
1755710 430
1755720 430
1755730 430
1755740 430
1755750 430
1755760 430
1755770 430
1755780 430
1755790 429
1755800 429
1755810 429
1755820 429
1755830 429
1755840 429
1755850 428
1755860 428
1755870 428
1755880 428
1755890 427
1755900 427
1755910 427
1755920 426
1755930 426
1755940 426
1755950 426
1755960 425
1755970 425
1755980 425
1755990 424
1756000 424
1756010 424
1756020 423
1756030 423
1756040 423
1756050 422
1756060 422
1756070 421
1756080 421
1756090 421
1756100 420
1756110 420
1756120 419
1756130 419
1756140 419
1756150 418
1756160 418
1756170 418
1756180 417
1756190 417
1756200 416
1756210 416
1756220 416
1756230 415
1756240 415
1756250 414
1756260 414
1756270 414
1756280 413
1756290 413
1756300 412
1756310 412
1756320 411
1756330 411
1756340 411
1756350 410
1756360 410
1756370 410
1756380 409
1756390 409
1756400 408
1756410 408
1756420 407
1756430 407
1756440 406
1756450 406
1756460 406
1756470 406
1756480 406
1756490 406
1756500 406
1756510 406
1756520 406
1756530 406
1756540 405
1756550 404
1756560 405
1756570 405
1756580 405
1756590 405
1756600 405
1756610 405
1756620 406
1756630 406
1756640 407
1756650 407
1756660 407
1756670 408
1756680 408
1756690 409
1756700 410
1756710 410
1756720 410
1756730 411
1756740 411
1756750 411
1756760 411
1756770 412
1756780 412
1756790 412
1756800 413
1756810 413
1756820 414
1756830 415
1756840 416
1756850 416
1756860 417
1756870 417
1756880 418
1756890 419
1756900 420
1756910 421
1756920 422
1756930 422
1756940 423
1756950 424
1756960 425
1756970 425
1756980 426
1756990 426
1757000 427
1757010 427
1757020 428
1757030 428
1757040 428
1757050 429
1757060 429
1757070 429
1757080 430
1757090 430
1757100 431
1757110 431
1757120 432
1757130 432
1757140 433
1757150 433
1757160 434
1757170 434
1757180 435
1757190 435
1757200 435
1757210 436
1757220 436
1757230 436
1757240 436
1757250 437
1757260 437
1757270 437
1757280 437
1757290 437
1757300 436
1757310 436
1757320 436
1757330 436
1757340 436
1757350 436
1757360 435
1757370 435
1757380 435
1757390 435
1757400 435
1757410 435
1757420 435
1757430 434
1757440 434
1757450 434
1757460 434
1757470 433
1757480 433
1757490 433
1757500 433
1757510 433
1757520 432
1757530 432
1757540 432
1757550 432
1757560 431
1757570 431
1757580 431
1757590 430
1757600 430
1757610 430
1757620 430
1757630 429
1757640 429
1757650 429
1757660 428
1757670 428
1757680 428
1757690 427
1757700 427
1757710 426
1757720 426
1757730 426
1757740 425
1757750 425
1757760 425
1757770 424
1757780 424
1757790 424
1757800 424
1757810 423
1757820 423
1757830 423
1757840 422
1757850 422
1757860 422
1757870 421
1757880 421
1757890 421
1757900 421
1757910 420
1757920 420
1757930 420
1757940 420
1757950 420
1757960 420
1757970 420
1757980 420
1757990 420
1758000 420
1758010 420
1758020 421
1758030 421
1758040 421
1758050 421
1758060 422
1758070 422
1758080 422
1758090 422
1758100 422
1758110 422
1758120 423
1758130 423
1758140 423
1758150 423
1758160 423
1758170 423
1758180 423
1758190 423
1758200 423
1758210 423
1758220 423
1758230 423
1758240 423
1758250 423
1758260 423
1758270 423
1758280 423
1758290 423
1758300 423
1758310 423
1758320 423
1758330 423
1758340 423
1758350 422
1758360 422
1758370 422
1758380 422
1758390 422
1758400 422
1758410 422
1758420 422
1758430 422
1758440 422
1758450 422
1758460 422
1758470 422
1758480 422
1758490 422
1758500 422
1758510 422
1758520 422
1758530 422
1758540 422
1758550 422
1758560 421
1758570 421
1758580 421
1758590 421
1758600 421
1758610 421
1758620 420
1758630 420
1758640 420
1758650 420
1758660 419
1758670 419
1758680 419
1758690 419
1758700 418
1758710 418
1758720 418
1758730 418
1758740 417
1758750 417
1758760 417
1758770 417
1758780 416
1758790 416
1758800 416
1758810 415
1758820 415
1758830 415
1758840 415
1758850 414
1758860 414
1758870 414
1758880 414
1758890 413
1758900 413
1758910 413
1758920 413
1758930 413
1758940 412
1758950 412
1758960 412
1758970 412
1758980 412
1758990 412
1759000 411
1759010 411
1759020 411
1759030 411
1759040 410
1759050 410
1759060 410
1759070 410
1759080 410
1759090 410
1759100 409
1759110 409
1759120 409
1759130 409
1759140 409
1759150 409
1759160 409
1759170 409
1759180 409
1759190 408
1759200 408
1759210 408
1759220 408
1759230 409
1759240 409
1759250 409
1759260 409
1759270 409
1759280 409
1759290 409
1759300 409
1759310 409
1759320 409
1759330 409
1759340 409
1759350 409
1759360 409
1759370 409
1759380 409
1759390 409
1759400 409
1759410 409
1759420 409
1759430 409
1759440 409
1759450 409
1759460 408
1759470 408
1759480 408
1759490 408
1759500 408
1759510 408
1759520 408
1759530 408
1759540 408
1759550 409
1759560 409
1759570 409
1759580 409
1759590 409
1759600 409
1759610 408
1759620 408
1759630 408
1759640 408
1759650 408
1759660 408
1759670 408
1759680 408
1759690 408
1759700 408
1759710 408
1759720 408
1759730 408
1759740 408
1759750 408
1759760 408
1759770 407
1759780 407
1759790 407
1759800 407
1759810 407
1759820 407
1759830 407
1759840 407
1759850 407
1759860 407
1759870 407
1759880 407
1759890 407
1759900 407
1759910 407
1759920 407
1759930 407
1759940 407
1759950 407
1759960 407
1759970 407
1759980 407
1759990 407
