1759970 394
1759980 394
1759990 394
1740000 482
1740010 481
1740020 479
1740030 479
1740040 477
1740050 475
1740060 472
1740070 468
1740080 464
1740090 460
1740100 456
1740110 453
1740120 450
1740130 446
1740140 443
1740150 442
1740160 441
1740170 440
1740180 438
1740190 439
1740200 440
1740210 444
1740220 447
1740230 449
1740240 453
1740250 457
1740260 461
1740270 464
1740280 467
1740290 469
1740300 471
1740310 473
1740320 475
1740330 478
1740340 479
1740350 479
1740360 478
1740370 477
1740380 476
1740390 475
1740400 473
1740410 471
1740420 468
1740430 464
1740440 461
1740450 457
1740460 452
1740470 449
1740480 445
1740490 442
1740500 439
1740510 437
1740520 435
1740530 433
1740540 434
1740550 435
1740560 437
1740570 438
1740580 439
1740590 440
1740600 441
1740610 442
1740620 443
1740630 443
1740640 443
1740650 444
1740660 443
1740670 443
1740680 443
1740690 443
1740700 442
1740710 442
1740720 442
1740730 443
1740740 445
1740750 447
1740760 449
1740770 451
1740780 453
1740790 455
1740800 457
1740810 459
1740820 461
1740830 462
1740840 460
1740850 456
1740860 452
1740870 449
1740880 446
1740890 442
1740900 438
1740910 436
1740920 439
1740930 443
1740940 448
1740950 452
1740960 455
1740970 459
1740980 463
1740990 466
1741000 470
1741010 474
1741020 477
1741030 481
1741040 484
1741050 487
1741060 491
1741070 494
1741080 497
1741090 499
1741100 501
1741110 503
1741120 505
1741130 506
1741140 507
1741150 508
1741160 509
1741170 509
1741180 509
1741190 510
1741200 510
1741210 510
1741220 511
1741230 512
1741240 513
1741250 514
1741260 515
1741270 516
1741280 517
1741290 518
1741300 518
1741310 519
1741320 519
1741330 520
1741340 521
1741350 521
1741360 522
1741370 522
1741380 522
1741390 523
1741400 523
1741410 523
1741420 523
1741430 524
1741440 524
1741450 524
1741460 524
1741470 524
1741480 524
1741490 524
1741500 524
1741510 524
1741520 524
1741530 524
1741540 523
1741550 523
1741560 523
1741570 522
1741580 522
1741590 521
1741600 521
1741610 520
1741620 520
1741630 519
1741640 518
1741650 518
1741660 516
1741670 514
1741680 512
1741690 509
1741700 506
1741710 503
1741720 500
1741730 497
1741740 494
1741750 491
1741760 489
1741770 487
1741780 485
1741790 484
1741800 483
1741810 482
1741820 481
1741830 480
1741840 479
1741850 478
1741860 478
1741870 480
1741880 482
1741890 484
1741900 486
1741910 488
1741920 490
1741930 491
1741940 493
1741950 495
1741960 497
1741970 499
1741980 501
1741990 504
1742000 506
1742010 508
1742020 510
1742030 512
1742040 513
1742050 514
1742060 516
1742070 517
1742080 518
1742090 519
1742100 519
1742110 520
1742120 521
1742130 521
1742140 521
1742150 521
1742160 521
1742170 521
1742180 521
1742190 521
1742200 521
1742210 520
1742220 520
1742230 520
1742240 520
1742250 520
1742260 520
1742270 520
1742280 519
1742290 519
1742300 519
1742310 519
1742320 519
1742330 518
1742340 518
1742350 518
1742360 517
1742370 517
1742380 517
1742390 517
1742400 517
1742410 517
1742420 516
1742430 516
1742440 516
1742450 516
1742460 516
1742470 515
1742480 515
1742490 515
1742500 515
1742510 515
1742520 515
1742530 514
1742540 514
1742550 514
1742560 514
1742570 514
1742580 514
1742590 514
1742600 514
1742610 514
1742620 514
1742630 514
1742640 514
1742650 515
1742660 515
1742670 515
1742680 515
1742690 515
1742700 515
1742710 515
1742720 515
1742730 515
1742740 516
1742750 516
1742760 516
1742770 516
1742780 516
1742790 516
1742800 516
1742810 516
1742820 517
1742830 517
1742840 517
1742850 517
1742860 517
1742870 518
1742880 518
1742890 518
1742900 518
1742910 518
1742920 519
1742930 519
1742940 519
1742950 519
1742960 519
1742970 519
1742980 520
1742990 520
1743000 520
1743010 520
1743020 520
1743030 520
1743040 520
1743050 520
1743060 520
1743070 520
1743080 520
1743090 520
1743100 521
1743110 521
1743120 521
1743130 520
1743140 520
1743150 520
1743160 521
1743170 521
1743180 520
1743190 520
1743200 520
1743210 520
1743220 520
1743230 520
1743240 520
1743250 520
1743260 520
1743270 519
1743280 519
1743290 519
1743300 519
1743310 518
1743320 518
1743330 518
1743340 518
1743350 517
1743360 517
1743370 517
1743380 517
1743390 516
1743400 516
1743410 516
1743420 515
1743430 515
1743440 515
1743450 514
1743460 514
1743470 513
1743480 513
1743490 512
1743500 512
1743510 511
1743520 511
1743530 510
1743540 510
1743550 509
1743560 509
1743570 508
1743580 508
1743590 507
1743600 507
1743610 506
1743620 506
1743630 505
1743640 505
1743650 504
1743660 504
1743670 503
1743680 503
1743690 502
1743700 502
1743710 501
1743720 500
1743730 500
1743740 499
1743750 499
1743760 498
1743770 498
1743780 497
1743790 497
1743800 497
1743810 496
1743820 496
1743830 495
1743840 495
1743850 494
1743860 494
1743870 494
1743880 493
1743890 493
1743900 493
1743910 492
1743920 492
1743930 491
1743940 491
1743950 491
1743960 490
1743970 490
1743980 490
1743990 490
1744000 489
1744010 489
1744020 489
1744030 489
1744040 489
1744050 490
1744060 490
1744070 490
1744080 490
1744090 490
1744100 490
1744110 490
1744120 490
1744130 490
1744140 490
1744150 490
1744160 490
1744170 490
1744180 490
1744190 490
1744200 490
1744210 490
1744220 490
1744230 489
1744240 489
1744250 489
1744260 489
1744270 489
1744280 489
1744290 489
1744300 488
1744310 488
1744320 488
1744330 488
1744340 488
1744350 487
1744360 487
1744370 487
1744380 487
1744390 487
1744400 487
1744410 486
1744420 486
1744430 486
1744440 486
1744450 486
1744460 485
1744470 485
1744480 485
1744490 485
1744500 485
1744510 484
1744520 484
1744530 484
1744540 483
1744550 483
1744560 483
1744570 483
1744580 482
1744590 482
1744600 482
1744610 481
1744620 481
1744630 480
1744640 480
1744650 479
1744660 479
1744670 478
1744680 477
1744690 477
1744700 476
1744710 475
1744720 475
1744730 474
1744740 474
1744750 473
1744760 472
1744770 472
1744780 471
1744790 470
1744800 470
1744810 469
1744820 469
1744830 468
1744840 467
1744850 467
1744860 466
1744870 465
1744880 465
1744890 464
1744900 463
1744910 463
1744920 462
1744930 461
1744940 461
1744950 461
1744960 460
1744970 460
1744980 460
1744990 460
1745000 460
1745010 460
1745020 460
1745030 460
1745040 460
1745050 459
1745060 459
1745070 460
1745080 460
1745090 461
1745100 461
1745110 462
1745120 463
1745130 464
1745140 464
1745150 465
1745160 466
1745170 466
1745180 466
1745190 466
1745200 467
1745210 467
1745220 467
1745230 467
1745240 467
1745250 467
1745260 466
1745270 466
1745280 466
1745290 465
1745300 463
1745310 462
1745320 461
1745330 461
1745340 461
1745350 461
1745360 461
1745370 462
1745380 463
1745390 465
1745400 467
1745410 469
1745420 471
1745430 473
1745440 476
1745450 478
1745460 481
1745470 484
1745480 486
1745490 488
1745500 490
1745510 491
1745520 492
1745530 493
1745540 493
1745550 494
1745560 494
1745570 495
1745580 495
1745590 496
1745600 496
1745610 496
1745620 496
1745630 496
1745640 496
1745650 496
1745660 496
1745670 496
1745680 496
1745690 496
1745700 496
1745710 496
1745720 496
1745730 496
1745740 495
1745750 495
1745760 495
1745770 495
1745780 495
1745790 494
1745800 494
1745810 494
1745820 494
1745830 494
1745840 493
1745850 493
1745860 492
1745870 492
1745880 492
1745890 491
1745900 491
1745910 491
1745920 491
1745930 490
1745940 490
1745950 490
1745960 490
1745970 490
1745980 489
1745990 489
1746000 489
1746010 489
1746020 488
1746030 488
1746040 488
1746050 488
1746060 487
1746070 487
1746080 487
1746090 487
1746100 487
1746110 487
1746120 487
1746130 487
1746140 487
1746150 487
1746160 486
1746170 486
1746180 486
1746190 486
1746200 485
1746210 485
1746220 485
1746230 486
1746240 487
1746250 488
1746260 490
1746270 491
1746280 492
1746290 492
1746300 492
1746310 491
1746320 490
1746330 489
1746340 489
1746350 490
1746360 490
1746370 491
1746380 491
1746390 492
1746400 492
1746410 492
1746420 493
1746430 493
1746440 493
1746450 493
1746460 493
1746470 494
1746480 494
1746490 494
1746500 494
1746510 494
1746520 494
1746530 494
1746540 495
1746550 495
1746560 495
1746570 495
1746580 495
1746590 495
1746600 495
1746610 495
1746620 495
1746630 496
1746640 496
1746650 496
1746660 496
1746670 497
1746680 497
1746690 497
1746700 497
1746710 498
1746720 498
1746730 498
1746740 498
1746750 499
1746760 499
1746770 499
1746780 499
1746790 499
1746800 500
1746810 500
1746820 500
1746830 500
1746840 500
1746850 500
1746860 500
1746870 501
1746880 501
1746890 501
1746900 501
1746910 501
1746920 501
1746930 501
1746940 502
1746950 502
1746960 502
1746970 502
1746980 502
1746990 502
1747000 502
1747010 502
1747020 502
1747030 502
1747040 502
1747050 502
1747060 502
1747070 502
1747080 502
1747090 502
1747100 502
1747110 502
1747120 502
1747130 502
1747140 502
1747150 501
1747160 501
1747170 501
1747180 501
1747190 501
1747200 501
1747210 500
1747220 500
1747230 500
1747240 500
1747250 499
1747260 499
1747270 499
1747280 499
1747290 498
1747300 498
1747310 498
1747320 497
1747330 497
1747340 496
1747350 496
1747360 496
1747370 495
1747380 495
1747390 495
1747400 494
1747410 494
1747420 493
1747430 493
1747440 493
1747450 492
1747460 491
1747470 491
1747480 490
1747490 489
1747500 488
1747510 488
1747520 487
1747530 486
1747540 485
1747550 484
1747560 483
1747570 482
1747580 482
1747590 481
1747600 480
1747610 480
1747620 479
1747630 478
1747640 477
1747650 477
1747660 477
1747670 478
1747680 478
1747690 480
1747700 481
1747710 483
1747720 484
1747730 485
1747740 485
1747750 486
1747760 486
1747770 487
1747780 487
1747790 488
1747800 488
1747810 488
1747820 489
1747830 489
1747840 489
1747850 489
1747860 489
1747870 489
1747880 489
1747890 489
1747900 489
1747910 488
1747920 488
1747930 488
1747940 488
1747950 488
1747960 488
1747970 487
1747980 487
1747990 487
1748000 487
1748010 487
1748020 487
1748030 486
1748040 486
1748050 485
1748060 485
1748070 485
1748080 484
1748090 484
1748100 483
1748110 483
1748120 482
1748130 482
1748140 482
1748150 481
1748160 481
1748170 480
1748180 479
1748190 479
1748200 478
1748210 478
1748220 477
1748230 477
1748240 476
1748250 475
1748260 475
1748270 474
1748280 473
1748290 473
1748300 472
1748310 471
1748320 470
1748330 469
1748340 468
1748350 467
1748360 466
1748370 465
1748380 464
1748390 463
1748400 461
1748410 460
1748420 459
1748430 458
1748440 457
1748450 456
1748460 455
1748470 454
1748480 452
1748490 451
1748500 449
1748510 448
1748520 447
1748530 447
1748540 447
1748550 447
1748560 447
1748570 447
1748580 447
1748590 447
1748600 447
1748610 447
1748620 447
1748630 447
1748640 448
1748650 449
1748660 450
1748670 451
1748680 453
1748690 454
1748700 455
1748710 456
1748720 456
1748730 456
1748740 457
1748750 457
1748760 457
1748770 457
1748780 457
1748790 458
1748800 458
1748810 459
1748820 459
1748830 459
1748840 459
1748850 460
1748860 460
1748870 460
1748880 460
1748890 460
1748900 460
1748910 460
1748920 460
1748930 460
1748940 460
1748950 460
1748960 460
1748970 460
1748980 460
1748990 460
1749000 460
1749010 460
1749020 460
1749030 460
1749040 460
1749050 461
1749060 461
1749070 461
1749080 461
1749090 461
1749100 461
1749110 461
1749120 461
1749130 461
1749140 461
1749150 461
1749160 462
1749170 462
1749180 462
1749190 462
1749200 462
1749210 462
1749220 462
1749230 462
1749240 462
1749250 462
1749260 462
1749270 462
1749280 462
1749290 462
1749300 462
1749310 462
1749320 462
1749330 462
1749340 463
1749350 463
1749360 463
1749370 463
1749380 464
1749390 464
1749400 464
1749410 464
1749420 464
1749430 464
1749440 464
1749450 465
1749460 465
1749470 465
1749480 465
1749490 465
1749500 465
1749510 465
1749520 465
1749530 465
1749540 465
1749550 465
1749560 465
1749570 465
1749580 465
1749590 465
1749600 465
1749610 465
1749620 465
1749630 465
1749640 465
1749650 465
1749660 465
1749670 465
1749680 465
1749690 465
1749700 464
1749710 464
1749720 464
1749730 464
1749740 464
1749750 464
1749760 464
1749770 464
1749780 464
1749790 464
1749800 464
1749810 463
1749820 463
1749830 463
1749840 463
1749850 463
1749860 463
1749870 463
1749880 463
1749890 462
1749900 462
1749910 462
1749920 462
1749930 462
1749940 462
1749950 462
1749960 463
1749970 463
1749980 463
1749990 463
1750000 464
1750010 464
1750020 464
1750030 464
1750040 465
1750050 465
1750060 466
1750070 466
1750080 466
1750090 467
1750100 467
1750110 467
1750120 468
1750130 468
1750140 468
1750150 469
1750160 469
1750170 469
1750180 470
1750190 470
1750200 471
1750210 471
1750220 471
1750230 472
1750240 472
1750250 472
1750260 473
1750270 473
1750280 473
1750290 474
1750300 474
1750310 474
1750320 475
1750330 475
1750340 475
1750350 475
1750360 476
1750370 476
1750380 476
1750390 476
1750400 477
1750410 477
1750420 477
1750430 477
1750440 477
1750450 477
1750460 478
1750470 478
1750480 478
1750490 478
1750500 478
1750510 478
1750520 479
1750530 479
1750540 479
1750550 479
1750560 479
1750570 479
1750580 479
1750590 479
1750600 479
1750610 479
1750620 479
1750630 479
1750640 479
1750650 479
1750660 479
1750670 479
1750680 479
1750690 479
1750700 479
1750710 479
1750720 479
1750730 479
1750740 478
1750750 478
1750760 478
1750770 478
1750780 478
1750790 478
1750800 478
1750810 478
1750820 478
1750830 478
1750840 478
1750850 478
1750860 478
1750870 478
1750880 478
1750890 478
1750900 478
1750910 478
1750920 478
1750930 477
1750940 477
1750950 477
1750960 477
1750970 477
1750980 477
1750990 477
1751000 477
1751010 476
1751020 476
1751030 476
1751040 476
1751050 476
1751060 476
1751070 475
1751080 475
1751090 475
1751100 475
1751110 475
1751120 475
1751130 475
1751140 475
1751150 475
1751160 475
1751170 475
1751180 474
1751190 474
1751200 474
1751210 474
1751220 474
1751230 474
1751240 473
1751250 473
1751260 473
1751270 473
1751280 473
1751290 472
1751300 472
1751310 472
1751320 472
1751330 472
1751340 471
1751350 471
1751360 471
1751370 471
1751380 471
1751390 470
1751400 470
1751410 470
1751420 470
1751430 470
1751440 470
1751450 470
1751460 469
1751470 469
1751480 469
1751490 469
1751500 468
1751510 468
1751520 468
1751530 468
1751540 468
1751550 468
1751560 468
1751570 468
1751580 468
1751590 468
1751600 468
1751610 468
1751620 467
1751630 467
1751640 467
1751650 467
1751660 467
1751670 467
1751680 467
1751690 467
1751700 467
1751710 466
1751720 466
1751730 466
1751740 466
1751750 466
1751760 465
1751770 465
1751780 465
1751790 465
1751800 464
1751810 464
1751820 464
1751830 464
1751840 463
1751850 463
1751860 463
1751870 462
1751880 462
1751890 462
1751900 462
1751910 461
1751920 461
1751930 461
1751940 460
1751950 460
1751960 460
1751970 460
1751980 459
1751990 459
1752000 458
1752010 458
1752020 458
1752030 457
1752040 457
1752050 457
1752060 457
1752070 457
1752080 456
1752090 456
1752100 457
1752110 457
1752120 457
1752130 457
1752140 457
1752150 457
1752160 456
1752170 456
1752180 456
1752190 456
1752200 456
1752210 456
1752220 456
1752230 456
1752240 456
1752250 456
1752260 456
1752270 456
1752280 456
1752290 456
1752300 456
1752310 456
1752320 456
1752330 456
1752340 455
1752350 455
1752360 455
1752370 455
1752380 455
1752390 456
1752400 456
1752410 456
1752420 456
1752430 456
1752440 456
1752450 456
1752460 456
1752470 456
1752480 456
1752490 456
1752500 455
1752510 455
1752520 455
1752530 455
1752540 455
1752550 455
1752560 454
1752570 454
1752580 454
1752590 453
1752600 453
1752610 452
1752620 452
1752630 452
1752640 451
1752650 451
1752660 450
1752670 450
1752680 450
1752690 449
1752700 449
1752710 449
1752720 449
1752730 449
1752740 449
1752750 449
1752760 449
1752770 449
1752780 449
1752790 449
1752800 450
1752810 450
1752820 451
1752830 451
1752840 452
1752850 453
1752860 453
1752870 453
1752880 453
1752890 454
1752900 454
1752910 454
1752920 454
1752930 454
1752940 454
1752950 454
1752960 454
1752970 454
1752980 454
1752990 454
1753000 454
1753010 454
1753020 454
1753030 454
1753040 454
1753050 454
1753060 454
1753070 454
1753080 454
1753090 454
1753100 454
1753110 454
1753120 454
1753130 454
1753140 454
1753150 454
1753160 453
1753170 453
1753180 453
1753190 453
1753200 453
1753210 453
1753220 452
1753230 452
1753240 452
1753250 452
1753260 451
1753270 451
1753280 451
1753290 451
1753300 450
1753310 450
1753320 450
1753330 450
1753340 449
1753350 449
1753360 449
1753370 448
1753380 448
1753390 447
1753400 447
1753410 446
1753420 445
1753430 445
1753440 444
1753450 444
1753460 443
1753470 443
1753480 442
1753490 442
1753500 442
1753510 443
1753520 443
1753530 443
1753540 444
1753550 445
1753560 446
1753570 447
1753580 448
1753590 449
1753600 449
1753610 450
1753620 450
1753630 451
1753640 451
1753650 452
1753660 453
1753670 453
1753680 454
1753690 454
1753700 454
1753710 455
1753720 455
1753730 456
1753740 456
1753750 457
1753760 457
1753770 457
1753780 457
1753790 457
1753800 458
1753810 458
1753820 458
1753830 458
1753840 458
1753850 459
1753860 459
1753870 459
1753880 459
1753890 460
1753900 460
1753910 461
1753920 461
1753930 461
1753940 462
1753950 462
1753960 462
1753970 463
1753980 463
1753990 463
1754000 463
1754010 463
1754020 464
1754030 464
1754040 464
1754050 464
1754060 464
1754070 464
1754080 464
1754090 464
1754100 464
1754110 463
1754120 463
1754130 463
1754140 463
1754150 462
1754160 462
1754170 462
1754180 461
1754190 461
1754200 461
1754210 461
1754220 460
1754230 460
1754240 460
1754250 459
1754260 459
1754270 459
1754280 458
1754290 458
1754300 457
1754310 457
1754320 457
1754330 456
1754340 456
1754350 455
1754360 455
1754370 455
1754380 454
1754390 454
1754400 454
1754410 454
1754420 453
1754430 453
1754440 453
1754450 453
1754460 452
1754470 452
1754480 451
1754490 451
1754500 450
1754510 450
1754520 449
1754530 449
1754540 448
1754550 448
1754560 447
1754570 447
1754580 446
1754590 446
1754600 445
1754610 445
1754620 445
1754630 444
1754640 444
1754650 443
1754660 443
1754670 442
1754680 442
1754690 441
1754700 440
1754710 440
1754720 439
1754730 439
1754740 438
1754750 438
1754760 437
1754770 437
1754780 436
1754790 436
1754800 435
1754810 435
1754820 434
1754830 434
1754840 433
1754850 433
1754860 432
1754870 431
1754880 431
1754890 430
1754900 429
1754910 428
1754920 428
1754930 427
1754940 426
1754950 425
1754960 425
1754970 424
1754980 423
1754990 421
1755000 420
1755010 419
1755020 418
1755030 418
1755040 417
1755050 418
1755060 418
1755070 418
1755080 418
1755090 418
1755100 418
1755110 418
1755120 418
1755130 418
1755140 418
1755150 419
1755160 419
1755170 420
1755180 421
1755190 422
1755200 423
1755210 424
1755220 425
1755230 425
1755240 425
1755250 426
1755260 426
1755270 426
1755280 426
1755290 427
1755300 428
1755310 429
1755320 429
1755330 430
1755340 430
1755350 430
1755360 430
1755370 431
1755380 431
1755390 430
1755400 430
1755410 430
1755420 430
1755430 430
1755440 429
1755450 429
1755460 430
1755470 430
1755480 429
1755490 429
1755500 428
1755510 427
1755520 427
1755530 427
1755540 427
1755550 428
1755560 428
1755570 429
1755580 428
1755590 428
1755600 427
1755610 427
1755620 427
1755630 427
1755640 427
1755650 428
1755660 428
1755670 428
1755680 429
1755690 429
1755700 429
1755710 429
1755720 429
1755730 429
1755740 430
1755750 430
1755760 430
1755770 430
1755780 430
1755790 430
1755800 431
1755810 431
1755820 432
1755830 432
1755840 432
1755850 433
1755860 433
1755870 434
1755880 434
1755890 434
1755900 435
1755910 435
1755920 435
1755930 435
1755940 435
1755950 435
1755960 435
1755970 435
1755980 435
1755990 435
1756000 435
1756010 434
1756020 434
1756030 434
1756040 434
1756050 434
1756060 434
1756070 434
1756080 434
1756090 434
1756100 434
1756110 433
1756120 432
1756130 432
1756140 432
1756150 433
1756160 433
1756170 434
1756180 434
1756190 434
1756200 434
1756210 434
1756220 434
1756230 433
1756240 433
1756250 433
1756260 433
1756270 433
1756280 433
1756290 433
1756300 433
1756310 433
1756320 434
1756330 434
1756340 434
1756350 434
1756360 434
1756370 434
1756380 435
1756390 435
1756400 435
1756410 436
1756420 436
1756430 437
1756440 437
1756450 437
1756460 437
1756470 438
1756480 438
1756490 438
1756500 438
1756510 438
1756520 439
1756530 439
1756540 439
1756550 439
1756560 439
1756570 440
1756580 440
1756590 440
1756600 440
1756610 440
1756620 441
1756630 441
1756640 441
1756650 441
1756660 441
1756670 441
1756680 441
1756690 442
1756700 442
1756710 442
1756720 442
1756730 442
1756740 442
1756750 442
1756760 442
1756770 442
1756780 442
1756790 442
1756800 442
1756810 442
1756820 442
1756830 442
1756840 443
1756850 443
1756860 443
1756870 443
1756880 443
1756890 443
1756900 443
1756910 443
1756920 443
1756930 443
1756940 443
1756950 443
1756960 443
1756970 443
1756980 444
1756990 444
1757000 444
1757010 444
1757020 444
1757030 444
1757040 444
1757050 444
1757060 444
1757070 444
1757080 444
1757090 444
1757100 444
1757110 444
1757120 444
1757130 444
1757140 444
1757150 444
1757160 444
1757170 444
1757180 444
1757190 444
1757200 444
1757210 444
1757220 444
1757230 444
1757240 443
1757250 443
1757260 443
1757270 443
1757280 443
1757290 443
1757300 443
1757310 443
1757320 443
1757330 443
1757340 443
1757350 443
1757360 442
1757370 442
1757380 442
1757390 442
1757400 442
1757410 442
1757420 442
1757430 442
1757440 442
1757450 442
1757460 442
1757470 441
1757480 441
1757490 441
1757500 441
1757510 441
1757520 440
1757530 440
1757540 439
1757550 439
1757560 438
1757570 438
1757580 438
1757590 437
1757600 437
1757610 437
1757620 437
1757630 437
1757640 437
1757650 437
1757660 437
1757670 436
1757680 436
1757690 435
1757700 434
1757710 433
1757720 432
1757730 432
1757740 431
1757750 431
1757760 431
1757770 431
1757780 431
1757790 431
1757800 431
1757810 431
1757820 430
1757830 430
1757840 429
1757850 429
1757860 428
1757870 428
1757880 427
1757890 427
1757900 427
1757910 427
1757920 426
1757930 426
1757940 426
1757950 426
1757960 426
1757970 425
1757980 425
1757990 425
1758000 425
1758010 425
1758020 425
1758030 425
1758040 425
1758050 424
1758060 424
1758070 424
1758080 424
1758090 424
1758100 424
1758110 425
1758120 425
1758130 425
1758140 425
1758150 425
1758160 425
1758170 424
1758180 424
1758190 424
1758200 424
1758210 423
1758220 423
1758230 423
1758240 423
1758250 423
1758260 423
1758270 422
1758280 422
1758290 422
1758300 422
1758310 422
1758320 422
1758330 422
1758340 422
1758350 421
1758360 421
1758370 421
1758380 421
1758390 420
1758400 420
1758410 420
1758420 420
1758430 420
1758440 419
1758450 419
1758460 418
1758470 418
1758480 418
1758490 418
1758500 418
1758510 418
1758520 418
1758530 417
1758540 417
1758550 417
1758560 417
1758570 417
1758580 417
1758590 417
1758600 416
1758610 416
1758620 416
1758630 416
1758640 416
1758650 416
1758660 416
1758670 416
1758680 416
1758690 415
1758700 415
1758710 415
1758720 415
1758730 415
1758740 415
1758750 415
1758760 415
1758770 415
1758780 415
1758790 415
1758800 415
1758810 415
1758820 415
1758830 416
1758840 416
1758850 416
1758860 416
1758870 417
1758880 417
1758890 417
1758900 417
1758910 418
1758920 418
1758930 418
1758940 419
1758950 419
1758960 419
1758970 420
1758980 420
1758990 420
1759000 420
1759010 421
1759020 421
1759030 421
1759040 422
1759050 422
1759060 422
1759070 423
1759080 423
1759090 423
1759100 423
1759110 423
1759120 424
1759130 424
1759140 423
1759150 423
1759160 423
1759170 423
1759180 422
1759190 422
1759200 422
1759210 421
1759220 421
1759230 420
1759240 420
1759250 419
1759260 419
1759270 418
1759280 417
1759290 416
1759300 415
1759310 413
1759320 412
1759330 411
1759340 409
1759350 408
1759360 406
1759370 405
1759380 404
1759390 403
1759400 402
1759410 401
1759420 400
1759430 399
1759440 398
1759450 397
1759460 396
1759470 395
1759480 393
1759490 392
1759500 390
1759510 388
1759520 387
1759530 386
1759540 385
1759550 384
1759560 383
1759570 383
1759580 382
1759590 382
1759600 382
1759610 382
1759620 383
