1740000 470
1740010 469
1740020 469
1740030 468
1740040 467
1740050 465
1740060 462
1740070 459
1740080 456
1740090 453
1740100 450
1740110 447
1740120 445
1740130 443
1740140 441
1740150 441
1740160 440
1740170 438
1740180 439
1740190 441
1740200 446
1740210 449
1740220 452
1740230 456
1740240 460
1740250 463
1740260 467
1740270 470
1740280 473
1740290 476
1740300 477
1740310 479
1740320 481
1740330 483
1740340 485
1740350 485
1740360 483
1740370 480
1740380 476
1740390 474
1740400 471
1740410 468
1740420 465
1740430 461
1740440 458
1740450 455
1740460 452
1740470 448
1740480 445
1740490 442
1740500 438
1740510 436
1740520 435
1740530 437
1740540 441
1740550 445
1740560 448
1740570 449
1740580 449
1740590 450
1740600 450
1740610 451
1740620 452
1740630 452
1740640 452
1740650 451
1740660 450
1740670 450
1740680 448
1740690 448
1740700 449
1740710 449
1740720 450
1740730 450
1740740 453
1740750 455
1740760 457
1740770 459
1740780 461
1740790 464
1740800 466
1740810 469
1740820 470
1740830 468
1740840 465
1740850 461
1740860 456
1740870 453
1740880 450
1740890 448
1740900 444
1740910 440
1740920 439
1740930 441
1740940 446
1740950 450
1740960 454
1740970 458
1740980 462
1740990 466
1741000 470
1741010 474
1741020 477
1741030 481
1741040 484
1741050 488
1741060 491
1741070 494
1741080 497
1741090 499
1741100 501
1741110 502
1741120 504
1741130 505
1741140 506
1741150 506
1741160 507
1741170 507
1741180 508
1741190 509
1741200 510
1741210 510
1741220 510
1741230 511
1741240 511
1741250 512
1741260 512
1741270 514
1741280 516
1741290 518
1741300 519
1741310 519
1741320 519
1741330 520
1741340 521
1741350 522
1741360 522
1741370 523
1741380 523
1741390 524
1741400 524
1741410 525
1741420 525
1741430 525
1741440 525
1741450 526
1741460 526
1741470 526
1741480 526
1741490 525
1741500 525
1741510 525
1741520 525
1741530 525
1741540 524
1741550 524
1741560 523
1741570 523
1741580 523
1741590 522
1741600 522
1741610 521
1741620 521
1741630 520
1741640 519
1741650 519
1741660 518
1741670 516
1741680 513
1741690 510
1741700 507
1741710 504
1741720 502
1741730 499
1741740 496
1741750 494
1741760 492
1741770 490
1741780 489
1741790 487
1741800 486
1741810 485
1741820 484
1741830 483
1741840 481
1741850 480
1741860 480
1741870 481
1741880 484
1741890 485
1741900 487
1741910 488
1741920 490
1741930 492
1741940 494
1741950 496
1741960 498
1741970 499
1741980 502
1741990 504
1742000 506
1742010 508
1742020 510
1742030 512
1742040 513
1742050 514
1742060 516
1742070 517
1742080 518
1742090 519
1742100 520
1742110 520
1742120 521
1742130 521
1742140 521
1742150 521
1742160 521
1742170 521
1742180 521
1742190 521
1742200 521
1742210 521
1742220 521
1742230 521
1742240 521
1742250 520
1742260 520
1742270 520
1742280 520
1742290 520
1742300 520
1742310 519
1742320 519
1742330 519
1742340 519
1742350 518
1742360 518
1742370 518
1742380 518
1742390 518
1742400 518
1742410 518
1742420 518
1742430 518
1742440 518
1742450 518
1742460 518
1742470 518
1742480 517
1742490 517
1742500 517
1742510 517
1742520 517
1742530 517
1742540 517
1742550 517
1742560 516
1742570 516
1742580 516
1742590 516
1742600 516
1742610 517
1742620 517
1742630 517
1742640 517
1742650 517
1742660 517
1742670 517
1742680 517
1742690 518
1742700 518
1742710 518
1742720 518
1742730 518
1742740 518
1742750 518
1742760 519
1742770 519
1742780 519
1742790 519
1742800 519
1742810 519
1742820 519
1742830 519
1742840 519
1742850 520
1742860 520
1742870 520
1742880 520
1742890 520
1742900 520
1742910 520
1742920 521
1742930 521
1742940 521
1742950 521
1742960 521
1742970 521
1742980 521
1742990 521
1743000 521
1743010 522
1743020 522
1743030 522
1743040 522
1743050 522
1743060 522
1743070 522
1743080 522
1743090 522
1743100 522
1743110 522
1743120 522
1743130 522
1743140 521
1743150 521
1743160 521
1743170 521
1743180 521
1743190 521
1743200 521
1743210 521
1743220 521
1743230 520
1743240 520
1743250 520
1743260 520
1743270 520
1743280 520
1743290 519
1743300 519
1743310 519
1743320 519
1743330 518
1743340 518
1743350 518
1743360 517
1743370 517
1743380 517
1743390 516
1743400 516
1743410 515
1743420 515
1743430 514
1743440 514
1743450 513
1743460 513
1743470 513
1743480 512
1743490 512
1743500 511
1743510 510
1743520 510
1743530 509
1743540 509
1743550 508
1743560 507
1743570 507
1743580 506
1743590 506
1743600 505
1743610 505
1743620 504
1743630 504
1743640 503
1743650 502
1743660 502
1743670 501
1743680 501
1743690 500
1743700 500
1743710 499
1743720 499
1743730 498
1743740 498
1743750 497
1743760 497
1743770 496
1743780 496
1743790 495
1743800 495
1743810 494
1743820 494
1743830 493
1743840 493
1743850 493
1743860 493
1743870 492
1743880 492
1743890 492
1743900 491
1743910 491
1743920 490
1743930 490
1743940 490
1743950 489
1743960 489
1743970 489
1743980 488
1743990 488
1744000 488
1744010 487
1744020 487
1744030 487
1744040 487
1744050 487
1744060 487
1744070 488
1744080 488
1744090 489
1744100 489
1744110 490
1744120 490
1744130 490
1744140 490
1744150 490
1744160 490
1744170 490
1744180 490
1744190 490
1744200 490
1744210 490
1744220 490
1744230 490
1744240 490
1744250 490
1744260 490
1744270 489
1744280 489
1744290 489
1744300 489
1744310 489
1744320 489
1744330 488
1744340 488
1744350 488
1744360 487
1744370 487
1744380 487
1744390 487
1744400 487
1744410 486
1744420 486
1744430 486
1744440 486
1744450 485
1744460 485
1744470 485
1744480 485
1744490 485
1744500 484
1744510 484
1744520 484
1744530 483
1744540 483
1744550 483
1744560 482
1744570 482
1744580 482
1744590 481
1744600 481
1744610 480
1744620 480
1744630 479
1744640 478
1744650 478
1744660 477
1744670 477
1744680 476
1744690 475
1744700 475
1744710 474
1744720 474
1744730 473
1744740 472
1744750 472
1744760 471
1744770 470
1744780 470
1744790 469
1744800 468
1744810 468
1744820 467
1744830 466
1744840 466
1744850 465
1744860 464
1744870 464
1744880 463
1744890 462
1744900 462
1744910 461
1744920 461
1744930 461
1744940 461
1744950 461
1744960 461
1744970 460
1744980 460
1744990 460
1745000 460
1745010 460
1745020 460
1745030 460
1745040 460
1745050 461
1745060 461
1745070 462
1745080 463
1745090 463
1745100 464
1745110 465
1745120 465
1745130 466
1745140 467
1745150 467
1745160 468
1745170 468
1745180 468
1745190 468
1745200 468
1745210 468
1745220 468
1745230 468
1745240 468
1745250 468
1745260 468
1745270 467
1745280 467
1745290 467
1745300 466
1745310 465
1745320 463
1745330 463
1745340 463
1745350 463
1745360 462
1745370 462
1745380 463
1745390 464
1745400 465
1745410 467
1745420 469
1745430 471
1745440 474
1745450 476
1745460 478
1745470 481
1745480 484
1745490 487
1745500 489
1745510 491
1745520 492
1745530 493
1745540 494
1745550 495
1745560 495
1745570 496
1745580 496
1745590 496
1745600 497
1745610 497
1745620 497
1745630 497
1745640 497
1745650 497
1745660 497
1745670 497
1745680 497
1745690 497
1745700 496
1745710 496
1745720 496
1745730 496
1745740 496
1745750 496
1745760 496
1745770 495
1745780 495
1745790 495
1745800 495
1745810 495
1745820 494
1745830 494
1745840 494
1745850 494
1745860 493
1745870 493
1745880 493
1745890 493
1745900 492
1745910 492
1745920 492
1745930 492
1745940 491
1745950 491
1745960 491
1745970 491
1745980 490
1745990 490
1746000 490
1746010 490
1746020 490
1746030 489
1746040 489
1746050 489
1746060 489
1746070 489
1746080 489
1746090 489
1746100 489
1746110 489
1746120 488
1746130 488
1746140 488
1746150 488
1746160 489
1746170 489
1746180 490
1746190 490
1746200 491
1746210 492
1746220 492
1746230 492
1746240 492
1746250 492
1746260 491
1746270 489
1746280 488
1746290 486
1746300 484
1746310 483
1746320 483
1746330 483
1746340 485
1746350 487
1746360 488
1746370 489
1746380 490
1746390 490
1746400 491
1746410 491
1746420 491
1746430 491
1746440 492
1746450 492
1746460 492
1746470 492
1746480 492
1746490 492
1746500 493
1746510 493
1746520 493
1746530 493
1746540 493
1746550 494
1746560 494
1746570 494
1746580 494
1746590 494
1746600 494
1746610 495
1746620 495
1746630 495
1746640 495
1746650 496
1746660 496
1746670 496
1746680 497
1746690 497
1746700 497
1746710 498
1746720 498
1746730 498
1746740 499
1746750 499
1746760 499
1746770 499
1746780 500
1746790 500
1746800 500
1746810 500
1746820 500
1746830 500
1746840 501
1746850 501
1746860 501
1746870 501
1746880 501
1746890 501
1746900 502
1746910 502
1746920 502
1746930 502
1746940 502
1746950 502
1746960 502
1746970 502
1746980 502
1746990 502
1747000 502
1747010 502
1747020 502
1747030 502
1747040 502
1747050 502
1747060 502
1747070 502
1747080 502
1747090 502
1747100 502
1747110 502
1747120 502
1747130 502
1747140 502
1747150 502
1747160 502
1747170 501
1747180 501
1747190 501
1747200 501
1747210 501
1747220 500
1747230 500
1747240 500
1747250 499
1747260 499
1747270 499
1747280 498
1747290 498
1747300 498
1747310 498
1747320 497
1747330 497
1747340 496
1747350 496
1747360 495
1747370 495
1747380 495
1747390 494
1747400 494
1747410 493
1747420 493
1747430 493
1747440 492
1747450 492
1747460 491
1747470 491
1747480 490
1747490 489
1747500 489
1747510 488
1747520 487
1747530 486
1747540 486
1747550 485
1747560 484
1747570 483
1747580 482
1747590 481
1747600 480
1747610 479
1747620 478
1747630 477
1747640 476
1747650 476
1747660 475
1747670 476
1747680 476
1747690 477
1747700 479
1747710 480
1747720 482
1747730 483
1747740 484
1747750 485
1747760 486
1747770 486
1747780 487
1747790 487
1747800 488
1747810 488
1747820 489
1747830 489
1747840 489
1747850 489
1747860 489
1747870 489
1747880 489
1747890 489
1747900 489
1747910 489
1747920 489
1747930 489
1747940 488
1747950 488
1747960 488
1747970 488
1747980 488
1747990 487
1748000 487
1748010 487
1748020 487
1748030 486
1748040 486
1748050 486
1748060 485
1748070 485
1748080 484
1748090 484
1748100 483
1748110 483
1748120 482
1748130 481
1748140 481
1748150 480
1748160 480
1748170 479
1748180 479
1748190 478
1748200 477
1748210 477
1748220 476
1748230 475
1748240 475
1748250 474
1748260 473
1748270 472
1748280 471
1748290 470
1748300 469
1748310 469
1748320 468
1748330 467
1748340 466
1748350 465
1748360 464
1748370 463
1748380 461
1748390 460
1748400 459
1748410 458
1748420 457
1748430 456
1748440 455
1748450 453
1748460 452
1748470 451
1748480 449
1748490 448
1748500 447
1748510 447
1748520 447
1748530 447
1748540 447
1748550 447
1748560 447
1748570 447
1748580 447
1748590 447
1748600 448
1748610 448
1748620 450
1748630 451
1748640 452
1748650 454
1748660 455
1748670 456
1748680 457
1748690 457
1748700 458
1748710 458
1748720 459
1748730 459
1748740 459
1748750 459
1748760 459
1748770 459
1748780 460
1748790 460
1748800 460
1748810 461
1748820 461
1748830 461
1748840 461
1748850 461
1748860 461
1748870 461
1748880 462
1748890 462
1748900 462
1748910 462
1748920 462
1748930 462
1748940 462
1748950 462
1748960 462
1748970 461
1748980 461
1748990 462
1749000 462
1749010 462
1749020 462
1749030 462
1749040 462
1749050 462
1749060 462
1749070 462
1749080 462
1749090 462
1749100 462
1749110 462
1749120 463
1749130 463
1749140 463
1749150 463
1749160 463
1749170 463
1749180 463
1749190 463
1749200 464
1749210 464
1749220 464
1749230 464
1749240 464
1749250 464
1749260 464
1749270 464
1749280 464
1749290 464
1749300 464
1749310 464
1749320 464
1749330 464
1749340 464
1749350 464
1749360 464
1749370 465
1749380 465
1749390 465
1749400 465
1749410 465
1749420 465
1749430 465
1749440 465
1749450 465
1749460 465
1749470 465
1749480 465
1749490 465
1749500 465
1749510 465
1749520 465
1749530 465
1749540 465
1749550 465
1749560 465
1749570 465
1749580 465
1749590 465
1749600 465
1749610 465
1749620 465
1749630 465
1749640 465
1749650 465
1749660 465
1749670 465
1749680 465
1749690 465
1749700 465
1749710 465
1749720 464
1749730 464
1749740 464
1749750 464
1749760 464
1749770 464
1749780 464
1749790 464
1749800 464
1749810 463
1749820 463
1749830 463
1749840 463
1749850 463
1749860 463
1749870 463
1749880 463
1749890 462
1749900 462
1749910 462
1749920 462
1749930 462
1749940 462
1749950 462
1749960 463
1749970 463
1749980 463
1749990 463
1750000 463
1750010 464
1750020 464
1750030 464
1750040 464
1750050 464
1750060 465
1750070 465
1750080 465
1750090 466
1750100 466
1750110 466
1750120 467
1750130 467
1750140 467
1750150 468
1750160 468
1750170 468
1750180 469
1750190 469
1750200 470
1750210 470
1750220 471
1750230 471
1750240 472
1750250 472
1750260 473
1750270 473
1750280 473
1750290 474
1750300 474
1750310 474
1750320 475
1750330 475
1750340 475
1750350 476
1750360 476
1750370 476
1750380 476
1750390 477
1750400 477
1750410 477
1750420 477
1750430 477
1750440 478
1750450 478
1750460 478
1750470 478
1750480 478
1750490 479
1750500 479
1750510 479
1750520 479
1750530 479
1750540 479
1750550 479
1750560 479
1750570 480
1750580 480
1750590 480
1750600 480
1750610 480
1750620 480
1750630 480
1750640 480
1750650 480
1750660 480
1750670 480
1750680 480
1750690 479
1750700 479
1750710 479
1750720 479
1750730 479
1750740 479
1750750 479
1750760 479
1750770 478
1750780 478
1750790 479
1750800 479
1750810 479
1750820 479
1750830 479
1750840 479
1750850 479
1750860 479
1750870 478
1750880 478
1750890 478
1750900 478
1750910 478
1750920 478
1750930 478
1750940 478
1750950 478
1750960 477
1750970 477
1750980 477
1750990 477
1751000 477
1751010 477
1751020 476
1751030 476
1751040 476
1751050 476
1751060 476
1751070 476
1751080 476
1751090 476
1751100 476
1751110 476
1751120 475
1751130 475
1751140 475
1751150 475
1751160 475
1751170 475
1751180 475
1751190 475
1751200 474
1751210 474
1751220 474
1751230 474
1751240 474
1751250 473
1751260 473
1751270 473
1751280 473
1751290 473
1751300 472
1751310 472
1751320 472
1751330 472
1751340 472
1751350 471
1751360 471
1751370 471
1751380 471
1751390 471
1751400 470
1751410 470
1751420 470
1751430 470
1751440 470
1751450 470
1751460 470
1751470 470
1751480 469
1751490 469
1751500 469
1751510 469
1751520 469
1751530 469
1751540 469
1751550 469
1751560 469
1751570 469
1751580 469
1751590 469
1751600 468
1751610 468
1751620 468
1751630 468
1751640 468
1751650 468
1751660 468
1751670 468
1751680 467
1751690 467
1751700 467
1751710 467
1751720 467
1751730 467
1751740 466
1751750 466
1751760 466
1751770 466
1751780 465
1751790 465
1751800 465
1751810 464
1751820 464
1751830 464
1751840 464
1751850 463
1751860 463
1751870 463
1751880 462
1751890 462
1751900 462
1751910 462
1751920 461
1751930 461
1751940 460
1751950 460
1751960 460
1751970 460
1751980 459
1751990 459
1752000 458
1752010 458
1752020 458
1752030 457
1752040 457
1752050 457
1752060 457
1752070 457
1752080 457
1752090 457
1752100 457
1752110 457
1752120 457
1752130 457
1752140 457
1752150 457
1752160 457
1752170 457
1752180 457
1752190 457
1752200 457
1752210 457
1752220 457
1752230 457
1752240 457
1752250 457
1752260 458
1752270 458
1752280 458
1752290 457
1752300 457
1752310 457
1752320 457
1752330 457
1752340 457
1752350 457
1752360 457
1752370 457
1752380 457
1752390 457
1752400 457
1752410 457
1752420 457
1752430 457
1752440 457
1752450 457
1752460 457
1752470 457
1752480 457
1752490 457
1752500 457
1752510 456
1752520 456
1752530 456
1752540 456
1752550 455
1752560 455
1752570 455
1752580 454
1752590 454
1752600 453
1752610 453
1752620 452
1752630 452
1752640 451
1752650 451
1752660 451
1752670 451
1752680 450
1752690 450
1752700 450
1752710 450
1752720 451
1752730 451
1752740 451
1752750 451
1752760 451
1752770 451
1752780 451
1752790 451
1752800 451
1752810 451
1752820 451
1752830 452
1752840 452
1752850 453
1752860 454
1752870 454
1752880 454
1752890 455
1752900 455
1752910 455
1752920 455
1752930 455
1752940 455
1752950 455
1752960 455
1752970 455
1752980 455
1752990 455
1753000 455
1753010 455
1753020 455
1753030 455
1753040 455
1753050 455
1753060 455
1753070 456
1753080 456
1753090 455
1753100 455
1753110 455
1753120 455
1753130 455
1753140 455
1753150 454
1753160 454
1753170 454
1753180 454
1753190 453
1753200 453
1753210 453
1753220 453
1753230 453
1753240 452
1753250 452
1753260 452
1753270 452
1753280 451
1753290 451
1753300 451
1753310 450
1753320 450
1753330 450
1753340 449
1753350 449
1753360 449
1753370 448
1753380 448
1753390 447
1753400 447
1753410 446
1753420 445
1753430 444
1753440 444
1753450 444
1753460 443
1753470 443
1753480 443
1753490 443
1753500 443
1753510 444
1753520 445
1753530 446
1753540 446
1753550 447
1753560 448
1753570 449
1753580 450
1753590 451
1753600 451
1753610 452
1753620 453
1753630 453
1753640 454
1753650 454
1753660 454
1753670 455
1753680 455
1753690 456
1753700 456
1753710 457
1753720 457
1753730 457
1753740 458
1753750 458
1753760 459
1753770 459
1753780 460
1753790 460
1753800 460
1753810 460
1753820 461
1753830 461
1753840 461
1753850 461
1753860 461
1753870 462
1753880 462
1753890 462
1753900 463
1753910 463
1753920 463
1753930 464
1753940 464
1753950 464
1753960 464
1753970 464
1753980 464
1753990 464
1754000 464
1754010 464
1754020 464
1754030 464
1754040 464
1754050 464
1754060 464
1754070 464
1754080 463
1754090 463
1754100 463
1754110 462
1754120 462
1754130 462
1754140 462
1754150 461
1754160 461
1754170 461
1754180 460
1754190 460
1754200 460
1754210 460
1754220 459
1754230 459
1754240 458
1754250 458
1754260 458
1754270 457
1754280 457
1754290 457
1754300 456
1754310 456
1754320 455
1754330 455
1754340 455
1754350 454
1754360 454
1754370 454
1754380 454
1754390 453
1754400 453
1754410 453
1754420 452
1754430 452
1754440 451
1754450 450
1754460 450
1754470 449
1754480 449
1754490 448
1754500 448
1754510 448
1754520 447
1754530 447
1754540 446
1754550 446
1754560 445
1754570 445
1754580 444
1754590 444
1754600 443
1754610 443
1754620 442
1754630 442
1754640 442
1754650 441
1754660 441
1754670 440
1754680 440
1754690 439
1754700 439
1754710 438
1754720 438
1754730 437
1754740 437
1754750 436
1754760 436
1754770 435
1754780 435
1754790 434
1754800 433
1754810 433
1754820 432
1754830 432
1754840 431
1754850 431
1754860 430
1754870 429
1754880 428
1754890 428
1754900 427
1754910 426
1754920 425
1754930 424
1754940 424
1754950 423
1754960 422
1754970 421
1754980 420
1754990 419
1755000 418
1755010 418
1755020 418
1755030 418
1755040 418
1755050 418
1755060 418
1755070 418
1755080 418
1755090 418
1755100 419
1755110 419
1755120 420
1755130 422
1755140 422
1755150 423
1755160 425
1755170 425
1755180 426
1755190 427
1755200 427
1755210 428
1755220 428
1755230 428
1755240 428
1755250 428
1755260 429
1755270 429
1755280 429
1755290 430
1755300 430
1755310 431
1755320 432
1755330 432
1755340 432
1755350 432
1755360 433
1755370 433
1755380 432
1755390 432
1755400 432
1755410 432
1755420 432
1755430 432
1755440 432
1755450 432
1755460 432
1755470 432
1755480 432
1755490 432
1755500 431
1755510 430
1755520 430
1755530 429
1755540 430
1755550 429
1755560 430
1755570 430
1755580 430
1755590 430
1755600 429
1755610 429
1755620 429
1755630 429
1755640 429
1755650 429
1755660 430
1755670 430
1755680 431
1755690 431
1755700 431
1755710 431
1755720 431
1755730 431
1755740 431
1755750 432
1755760 432
1755770 432
1755780 432
1755790 432
1755800 432
1755810 433
1755820 433
1755830 433
1755840 434
1755850 434
1755860 434
1755870 435
1755880 435
1755890 435
1755900 436
1755910 436
1755920 436
1755930 436
1755940 436
1755950 436
1755960 436
1755970 436
1755980 436
1755990 436
1756000 436
1756010 435
1756020 435
1756030 435
1756040 435
1756050 435
1756060 435
1756070 434
1756080 434
1756090 434
1756100 434
1756110 434
1756120 434
1756130 434
1756140 434
1756150 434
1756160 434
1756170 435
1756180 435
1756190 435
1756200 435
1756210 435
1756220 435
1756230 435
1756240 435
1756250 435
1756260 435
1756270 435
1756280 435
1756290 435
1756300 435
1756310 435
1756320 435
1756330 435
1756340 435
1756350 435
1756360 435
1756370 435
1756380 435
1756390 436
1756400 436
1756410 436
1756420 437
1756430 437
1756440 437
1756450 437
1756460 437
1756470 438
1756480 438
1756490 438
1756500 438
1756510 438
1756520 438
1756530 438
1756540 439
1756550 439
1756560 439
1756570 439
1756580 440
1756590 440
1756600 440
1756610 440
1756620 441
1756630 441
1756640 441
1756650 441
1756660 441
1756670 441
1756680 442
1756690 442
1756700 442
1756710 442
1756720 442
1756730 442
1756740 442
1756750 442
1756760 442
1756770 442
1756780 442
1756790 442
1756800 442
1756810 442
1756820 442
1756830 442
1756840 443
1756850 443
1756860 443
1756870 443
1756880 443
1756890 443
1756900 443
1756910 443
1756920 443
1756930 443
1756940 444
1756950 444
1756960 444
1756970 444
1756980 444
1756990 444
1757000 444
1757010 444
1757020 444
1757030 444
1757040 444
1757050 444
1757060 444
1757070 444
1757080 444
1757090 444
1757100 444
1757110 444
1757120 444
1757130 444
1757140 444
1757150 444
1757160 444
1757170 444
1757180 444
1757190 444
1757200 444
1757210 444
1757220 444
1757230 444
1757240 444
1757250 443
1757260 443
1757270 443
1757280 443
1757290 443
1757300 443
1757310 443
1757320 443
1757330 443
1757340 443
1757350 443
1757360 442
1757370 442
1757380 442
1757390 442
1757400 442
1757410 442
1757420 442
1757430 442
1757440 441
1757450 441
1757460 441
1757470 441
1757480 441
1757490 441
1757500 441
1757510 440
1757520 440
1757530 440
1757540 439
1757550 439
1757560 438
1757570 438
1757580 437
1757590 437
1757600 437
1757610 436
1757620 436
1757630 436
1757640 435
1757650 435
1757660 435
1757670 434
1757680 434
1757690 433
1757700 432
1757710 432
1757720 431
1757730 430
1757740 429
1757750 428
1757760 428
1757770 428
1757780 428
1757790 428
1757800 428
1757810 428
1757820 427
1757830 427
1757840 427
1757850 426
1757860 426
1757870 425
1757880 425
1757890 424
1757900 424
1757910 424
1757920 424
1757930 424
1757940 424
1757950 424
1757960 424
1757970 424
1757980 424
1757990 424
1758000 424
1758010 424
1758020 424
1758030 423
1758040 423
1758050 423
1758060 423
1758070 422
1758080 422
1758090 422
1758100 422
1758110 422
1758120 422
1758130 422
1758140 422
1758150 422
1758160 423
1758170 422
1758180 422
1758190 422
1758200 422
1758210 422
1758220 421
1758230 421
1758240 421
1758250 421
1758260 421
1758270 421
1758280 421
1758290 420
1758300 420
1758310 420
1758320 420
1758330 419
1758340 419
1758350 419
1758360 419
1758370 419
1758380 419
1758390 419
1758400 418
1758410 417
1758420 417
1758430 416
1758440 416
1758450 416
1758460 416
1758470 416
1758480 416
1758490 416
1758500 416
1758510 416
1758520 416
1758530 416
1758540 415
1758550 415
1758560 415
1758570 414
1758580 414
1758590 414
1758600 414
1758610 414
1758620 414
1758630 414
1758640 414
1758650 414
1758660 414
1758670 414
1758680 414
1758690 414
1758700 414
1758710 414
1758720 414
1758730 414
1758740 414
1758750 414
1758760 414
1758770 414
1758780 414
1758790 414
1758800 414
1758810 414
1758820 415
1758830 415
1758840 415
1758850 415
1758860 416
1758870 416
1758880 416
1758890 417
1758900 417
1758910 417
1758920 418
1758930 418
1758940 418
1758950 419
1758960 419
1758970 419
1758980 419
1758990 420
1759000 420
1759010 421
1759020 421
1759030 421
1759040 422
1759050 422
1759060 422
1759070 422
1759080 422
1759090 423
1759100 423
1759110 423
1759120 423
1759130 423
1759140 423
1759150 423
1759160 423
1759170 423
1759180 422
1759190 422
1759200 421
1759210 421
1759220 421
1759230 420
1759240 419
1759250 419
1759260 418
1759270 417
1759280 416
1759290 414
1759300 412
1759310 410
1759320 408
1759330 406
1759340 404
1759350 403
1759360 401
1759370 400
1759380 398
1759390 397
1759400 396
1759410 395
1759420 394
1759430 394
1759440 392
1759450 391
1759460 390
1759470 389
1759480 387
1759490 386
1759500 385
1759510 385
1759520 384
1759530 383
1759540 383
