1740000 529
1740010 529
1740020 529
1740030 529
1740040 530
1740050 530
1740060 530
1740070 530
1740080 530
1740090 531
1740100 531
1740110 531
1740120 531
1740130 531
1740140 531
1740150 531
1740160 532
1740170 532
1740180 532
1740190 532
1740200 532
1740210 532
1740220 532
1740230 532
1740240 532
1740250 532
1740260 532
1740270 532
1740280 532
1740290 532
1740300 533
1740310 533
1740320 533
1740330 533
1740340 533
1740350 532
1740360 532
1740370 532
1740380 532
1740390 532
1740400 532
1740410 532
1740420 533
1740430 533
1740440 532
1740450 532
1740460 532
1740470 532
1740480 532
1740490 532
1740500 532
1740510 532
1740520 532
1740530 532
1740540 532
1740550 531
1740560 531
1740570 531
1740580 531
1740590 531
1740600 531
1740610 530
1740620 530
1740630 530
1740640 529
1740650 529
1740660 529
1740670 528
1740680 528
1740690 527
1740700 527
1740710 527
1740720 526
1740730 525
1740740 525
1740750 524
1740760 524
1740770 523
1740780 523
1740790 522
1740800 522
1740810 521
1740820 520
1740830 520
1740840 520
1740850 519
1740860 519
1740870 518
1740880 518
1740890 518
1740900 518
1740910 517
1740920 517
1740930 518
1740940 518
1740950 519
1740960 520
1740970 521
1740980 522
1740990 523
1741000 523
1741010 524
1741020 524
1741030 525
1741040 525
1741050 525
1741060 526
1741070 526
1741080 526
1741090 526
1741100 526
1741110 526
1741120 526
1741130 527
1741140 527
1741150 527
1741160 527
1741170 527
1741180 527
1741190 527
1741200 527
1741210 527
1741220 527
1741230 526
1741240 526
1741250 526
1741260 526
1741270 525
1741280 525
1741290 525
1741300 525
1741310 524
1741320 524
1741330 523
1741340 523
1741350 522
1741360 522
1741370 522
1741380 521
1741390 521
1741400 520
1741410 520
1741420 519
1741430 519
1741440 518
1741450 517
1741460 517
1741470 517
1741480 516
1741490 516
1741500 515
1741510 515
1741520 515
1741530 514
1741540 514
1741550 513
1741560 513
1741570 512
1741580 512
1741590 511
1741600 510
1741610 510
1741620 509
1741630 509
1741640 508
1741650 508
1741660 507
1741670 507
1741680 507
1741690 507
1741700 507
1741710 507
1741720 507
1741730 507
1741740 507
1741750 507
1741760 507
1741770 508
1741780 508
1741790 509
1741800 509
1741810 510
1741820 510
1741830 510
1741840 510
1741850 511
1741860 511
1741870 511
1741880 511
1741890 512
1741900 513
1741910 513
1741920 514
1741930 514
1741940 514
1741950 514
1741960 514
1741970 514
1741980 514
1741990 514
1742000 514
1742010 513
1742020 513
1742030 514
1742040 514
1742050 515
1742060 515
1742070 515
1742080 516
1742090 516
1742100 516
1742110 516
1742120 516
1742130 516
1742140 516
1742150 516
1742160 516
1742170 516
1742180 516
1742190 516
1742200 516
1742210 516
1742220 516
1742230 515
1742240 515
1742250 515
1742260 515
1742270 515
1742280 514
1742290 514
1742300 514
1742310 513
1742320 513
1742330 513
1742340 512
1742350 512
1742360 512
1742370 511
1742380 511
1742390 511
1742400 510
1742410 510
1742420 510
1742430 509
1742440 509
1742450 509
1742460 509
1742470 509
1742480 508
1742490 508
1742500 508
1742510 508
1742520 508
1742530 508
1742540 508
1742550 508
1742560 508
1742570 508
1742580 508
1742590 508
1742600 508
1742610 508
1742620 508
1742630 508
1742640 508
1742650 507
1742660 507
1742670 507
1742680 507
1742690 506
1742700 506
1742710 506
1742720 505
1742730 505
1742740 505
1742750 504
1742760 504
1742770 503
1742780 503
1742790 502
1742800 502
1742810 501
1742820 501
1742830 500
1742840 500
1742850 499
1742860 499
1742870 499
1742880 498
1742890 498
1742900 498
1742910 497
1742920 497
1742930 497
1742940 496
1742950 496
1742960 496
1742970 496
1742980 496
1742990 495
1743000 495
1743010 495
1743020 494
1743030 494
1743040 493
1743050 493
1743060 493
1743070 493
1743080 494
1743090 494
1743100 494
1743110 495
1743120 495
1743130 495
1743140 495
1743150 495
1743160 495
1743170 495
1743180 496
1743190 496
1743200 497
1743210 497
1743220 498
1743230 498
1743240 498
1743250 499
1743260 499
1743270 500
1743280 500
1743290 501
1743300 501
1743310 502
1743320 502
1743330 503
1743340 503
1743350 503
1743360 504
1743370 504
1743380 504
1743390 504
1743400 505
1743410 505
1743420 505
1743430 505
1743440 505
1743450 506
1743460 506
1743470 506
1743480 506
1743490 506
1743500 506
1743510 506
1743520 507
1743530 507
1743540 507
1743550 507
1743560 507
1743570 507
1743580 507
1743590 507
1743600 507
1743610 507
1743620 507
1743630 507
1743640 507
1743650 506
1743660 506
1743670 506
1743680 506
1743690 506
1743700 506
1743710 506
1743720 506
1743730 505
1743740 505
1743750 505
1743760 504
1743770 504
1743780 503
1743790 502
1743800 502
1743810 502
1743820 501
1743830 501
1743840 501
1743850 501
1743860 501
1743870 500
1743880 500
1743890 500
1743900 500
1743910 500
1743920 501
1743930 501
1743940 501
1743950 502
1743960 502
1743970 502
1743980 503
1743990 503
1744000 504
1744010 504
1744020 505
1744030 505
1744040 505
1744050 506
1744060 506
1744070 506
1744080 506
1744090 507
1744100 507
1744110 507
1744120 507
1744130 507
1744140 507
1744150 507
1744160 507
1744170 508
1744180 508
1744190 508
1744200 508
1744210 508
1744220 508
1744230 508
1744240 508
1744250 508
1744260 508
1744270 508
1744280 508
1744290 508
1744300 508
1744310 508
1744320 508
1744330 508
1744340 508
1744350 508
1744360 508
1744370 508
1744380 508
1744390 508
1744400 508
1744410 508
1744420 508
1744430 508
1744440 508
1744450 508
1744460 508
1744470 507
1744480 507
1744490 507
1744500 507
1744510 507
1744520 507
1744530 507
1744540 506
1744550 506
1744560 506
1744570 506
1744580 506
1744590 506
1744600 506
1744610 506
1744620 505
1744630 505
1744640 505
1744650 505
1744660 505
1744670 505
1744680 505
1744690 505
1744700 504
1744710 504
1744720 504
1744730 504
1744740 504
1744750 503
1744760 503
1744770 503
1744780 503
1744790 503
1744800 502
1744810 502
1744820 502
1744830 502
1744840 502
1744850 501
1744860 501
1744870 501
1744880 501
1744890 501
1744900 500
1744910 500
1744920 500
1744930 500
1744940 499
1744950 499
1744960 499
1744970 499
1744980 499
1744990 498
1745000 498
1745010 498
1745020 498
1745030 498
1745040 498
1745050 497
1745060 497
1745070 497
1745080 497
1745090 497
1745100 496
1745110 496
1745120 496
1745130 496
1745140 496
1745150 496
1745160 496
1745170 496
1745180 496
1745190 495
1745200 495
1745210 495
1745220 495
1745230 495
1745240 495
1745250 495
1745260 495
1745270 494
1745280 494
1745290 494
1745300 494
1745310 494
1745320 494
1745330 494
1745340 494
1745350 494
1745360 494
1745370 494
1745380 494
1745390 494
1745400 494
1745410 494
1745420 494
1745430 494
1745440 494
1745450 494
1745460 494
1745470 494
1745480 494
1745490 494
1745500 494
1745510 494
1745520 494
1745530 494
1745540 494
1745550 494
1745560 494
1745570 494
1745580 494
1745590 494
1745600 494
1745610 494
1745620 494
1745630 493
1745640 493
1745650 493
1745660 493
1745670 493
1745680 493
1745690 493
1745700 493
1745710 493
1745720 493
1745730 493
1745740 493
1745750 493
1745760 492
1745770 492
1745780 492
1745790 492
1745800 492
1745810 492
1745820 492
1745830 492
1745840 492
1745850 492
1745860 492
1745870 492
1745880 492
1745890 492
1745900 492
1745910 492
1745920 491
1745930 491
1745940 491
1745950 491
1745960 491
1745970 491
1745980 491
1745990 491
1746000 491
1746010 491
1746020 491
1746030 491
1746040 491
1746050 491
1746060 491
1746070 491
1746080 491
1746090 491
1746100 491
1746110 491
1746120 491
1746130 491
1746140 491
1746150 491
1746160 492
1746170 492
1746180 492
1746190 492
1746200 492
1746210 492
1746220 492
1746230 492
1746240 492
1746250 492
1746260 492
1746270 492
1746280 492
1746290 493
1746300 493
1746310 493
1746320 493
1746330 493
1746340 493
1746350 493
1746360 493
1746370 493
1746380 493
1746390 494
1746400 494
1746410 494
1746420 494
1746430 494
1746440 494
1746450 494
1746460 494
1746470 494
1746480 494
1746490 495
1746500 495
1746510 495
1746520 495
1746530 495
1746540 495
1746550 495
1746560 495
1746570 495
1746580 496
1746590 496
1746600 496
1746610 496
1746620 496
1746630 496
1746640 497
1746650 497
1746660 497
1746670 497
1746680 498
1746690 498
1746700 498
1746710 498
1746720 498
1746730 499
1746740 499
1746750 499
1746760 499
1746770 500
1746780 500
1746790 500
1746800 500
1746810 501
1746820 501
1746830 501
1746840 501
1746850 502
1746860 502
1746870 502
1746880 502
1746890 502
1746900 503
1746910 503
1746920 504
1746930 504
1746940 505
1746950 505
1746960 505
1746970 506
1746980 506
1746990 506
1747000 506
1747010 506
1747020 506
1747030 507
1747040 507
1747050 507
1747060 508
1747070 508
1747080 508
1747090 508
1747100 508
1747110 508
1747120 507
1747130 506
1747140 506
1747150 505
1747160 505
1747170 505
1747180 505
1747190 505
1747200 506
1747210 508
1747220 508
1747230 509
1747240 509
1747250 509
1747260 509
1747270 509
1747280 509
1747290 509
1747300 509
1747310 509
1747320 509
1747330 509
1747340 508
1747350 508
1747360 508
1747370 508
1747380 508
1747390 508
1747400 508
1747410 508
1747420 507
1747430 507
1747440 507
1747450 507
1747460 507
1747470 507
1747480 507
1747490 506
1747500 506
1747510 506
1747520 506
1747530 506
1747540 505
1747550 505
1747560 505
1747570 505
1747580 505
1747590 505
1747600 505
1747610 505
1747620 505
1747630 504
1747640 504
1747650 504
1747660 504
1747670 504
1747680 504
1747690 504
1747700 504
1747710 504
1747720 503
1747730 503
1747740 503
1747750 503
1747760 503
1747770 503
1747780 503
1747790 503
1747800 503
1747810 503
1747820 503
1747830 503
1747840 503
1747850 503
1747860 503
1747870 503
1747880 503
1747890 503
1747900 503
1747910 503
1747920 503
1747930 503
1747940 503
1747950 503
1747960 504
1747970 504
1747980 504
1747990 504
1748000 504
1748010 505
1748020 505
1748030 505
1748040 505
1748050 505
1748060 505
1748070 505
1748080 505
1748090 505
1748100 505
1748110 505
1748120 505
1748130 505
1748140 505
1748150 505
1748160 505
1748170 505
1748180 505
1748190 505
1748200 505
1748210 505
1748220 505
1748230 505
1748240 505
1748250 505
1748260 504
1748270 504
1748280 504
1748290 504
1748300 504
1748310 504
1748320 504
1748330 504
1748340 504
1748350 504
1748360 504
1748370 503
1748380 503
1748390 503
1748400 503
1748410 503
1748420 503
1748430 503
1748440 503
1748450 503
1748460 503
1748470 503
1748480 503
1748490 503
1748500 503
1748510 503
1748520 503
1748530 503
1748540 504
1748550 504
1748560 504
1748570 504
1748580 504
1748590 504
1748600 504
1748610 504
1748620 505
1748630 505
1748640 505
1748650 505
1748660 505
1748670 506
1748680 506
1748690 506
1748700 506
1748710 507
1748720 507
1748730 507
1748740 507
1748750 507
1748760 508
1748770 508
1748780 508
1748790 508
1748800 509
1748810 509
1748820 509
1748830 510
1748840 510
1748850 510
1748860 510
1748870 511
1748880 511
1748890 511
1748900 512
1748910 512
1748920 512
1748930 512
1748940 513
1748950 513
1748960 513
1748970 513
1748980 514
1748990 514
1749000 514
1749010 514
1749020 515
1749030 515
1749040 515
1749050 515
1749060 515
1749070 515
1749080 515
1749090 515
1749100 515
1749110 515
1749120 515
1749130 516
1749140 516
1749150 515
1749160 515
1749170 515
1749180 515
1749190 515
1749200 515
1749210 515
1749220 515
1749230 515
1749240 515
1749250 515
1749260 515
1749270 515
1749280 515
1749290 515
1749300 514
1749310 514
1749320 514
1749330 514
1749340 513
1749350 513
1749360 513
1749370 513
1749380 512
1749390 512
1749400 512
1749410 512
1749420 511
1749430 511
1749440 510
1749450 510
1749460 510
1749470 509
1749480 509
1749490 508
1749500 508
1749510 507
1749520 507
1749530 507
1749540 507
1749550 506
1749560 506
1749570 505
1749580 505
1749590 505
1749600 504
1749610 504
1749620 504
1749630 503
1749640 503
1749650 503
1749660 502
1749670 502
1749680 501
1749690 501
1749700 501
1749710 501
1749720 500
1749730 500
1749740 500
1749750 499
1749760 499
1749770 499
1749780 499
1749790 498
1749800 498
1749810 498
1749820 498
1749830 498
1749840 497
1749850 497
1749860 497
1749870 496
1749880 496
1749890 496
1749900 496
1749910 495
1749920 495
1749930 495
1749940 495
1749950 494
1749960 494
1749970 494
1749980 494
1749990 494
1750000 493
1750010 493
1750020 493
1750030 493
1750040 493
1750050 493
1750060 493
1750070 493
1750080 492
1750090 492
1750100 492
1750110 492
1750120 492
1750130 492
1750140 492
1750150 492
1750160 492
1750170 491
1750180 491
1750190 491
1750200 491
1750210 491
1750220 491
1750230 491
1750240 491
1750250 491
1750260 491
1750270 491
1750280 491
1750290 491
1750300 491
1750310 492
1750320 492
1750330 492
1750340 492
1750350 492
1750360 492
1750370 492
1750380 493
1750390 493
1750400 494
1750410 494
1750420 494
1750430 494
1750440 494
1750450 494
1750460 495
1750470 495
1750480 495
1750490 495
1750500 495
1750510 495
1750520 495
1750530 496
1750540 496
1750550 496
1750560 496
1750570 496
1750580 496
1750590 497
1750600 497
1750610 497
1750620 497
1750630 497
1750640 497
1750650 497
1750660 497
1750670 497
1750680 497
1750690 496
1750700 496
1750710 496
1750720 496
1750730 496
1750740 495
1750750 495
1750760 495
1750770 495
1750780 495
1750790 494
1750800 494
1750810 494
1750820 494
1750830 494
1750840 493
1750850 493
1750860 493
1750870 492
1750880 492
1750890 492
1750900 492
1750910 491
1750920 491
1750930 491
1750940 491
1750950 491
1750960 491
1750970 491
1750980 491
1750990 491
1751000 491
1751010 491
1751020 491
1751030 491
1751040 492
1751050 492
1751060 493
1751070 493
1751080 494
1751090 494
1751100 494
1751110 495
1751120 495
1751130 495
1751140 496
1751150 496
1751160 496
1751170 497
1751180 497
1751190 497
1751200 498
1751210 498
1751220 498
1751230 499
1751240 499
1751250 499
1751260 499
1751270 500
1751280 500
1751290 501
1751300 501
1751310 502
1751320 502
1751330 502
1751340 503
1751350 503
1751360 504
1751370 504
1751380 504
1751390 505
1751400 505
1751410 505
1751420 506
1751430 506
1751440 507
1751450 507
1751460 507
1751470 508
1751480 508
1751490 508
1751500 508
1751510 509
1751520 509
1751530 509
1751540 509
1751550 509
1751560 509
1751570 509
1751580 510
1751590 510
1751600 510
1751610 510
1751620 510
1751630 509
1751640 509
1751650 509
1751660 509
1751670 509
1751680 509
1751690 509
1751700 509
1751710 508
1751720 508
1751730 508
1751740 507
1751750 507
1751760 506
1751770 506
1751780 506
1751790 505
1751800 505
1751810 505
1751820 504
1751830 504
1751840 503
1751850 503
1751860 503
1751870 502
1751880 502
1751890 502
1751900 501
1751910 501
1751920 500
1751930 500
1751940 499
1751950 499
1751960 498
1751970 498
1751980 497
1751990 497
1752000 497
1752010 496
1752020 496
1752030 495
1752040 495
1752050 495
1752060 495
1752070 494
1752080 494
1752090 494
1752100 494
1752110 493
1752120 493
1752130 493
1752140 493
1752150 492
1752160 492
1752170 492
1752180 492
1752190 492
1752200 491
1752210 491
1752220 491
1752230 491
1752240 490
1752250 490
1752260 490
1752270 490
1752280 489
1752290 489
1752300 489
1752310 488
1752320 488
1752330 487
1752340 487
1752350 487
1752360 486
1752370 486
1752380 486
1752390 486
1752400 486
1752410 486
1752420 486
1752430 486
1752440 486
1752450 486
1752460 487
1752470 487
1752480 487
1752490 487
1752500 488
1752510 488
1752520 488
1752530 488
1752540 488
1752550 488
1752560 488
1752570 488
1752580 487
1752590 487
1752600 487
1752610 487
1752620 487
1752630 487
1752640 487
1752650 488
1752660 488
1752670 488
1752680 488
1752690 488
1752700 488
1752710 488
1752720 489
1752730 489
1752740 489
1752750 489
1752760 489
1752770 490
1752780 490
1752790 490
1752800 490
1752810 491
1752820 491
1752830 492
1752840 492
1752850 492
1752860 493
1752870 493
1752880 494
1752890 494
1752900 494
1752910 495
1752920 495
1752930 495
1752940 495
1752950 495
1752960 496
1752970 496
1752980 496
1752990 496
1753000 496
1753010 496
1753020 496
1753030 496
1753040 497
1753050 497
1753060 497
1753070 497
1753080 497
1753090 497
1753100 497
1753110 497
1753120 497
1753130 497
1753140 497
1753150 497
1753160 497
1753170 496
1753180 496
1753190 496
1753200 496
1753210 496
1753220 496
1753230 496
1753240 496
1753250 496
1753260 496
1753270 496
1753280 496
1753290 495
1753300 495
1753310 495
1753320 495
1753330 495
1753340 495
1753350 494
1753360 494
1753370 494
1753380 494
1753390 494
1753400 493
1753410 493
1753420 493
1753430 493
1753440 492
1753450 492
1753460 492
1753470 491
1753480 491
1753490 491
1753500 490
1753510 490
1753520 490
1753530 489
1753540 489
1753550 489
1753560 488
1753570 488
1753580 487
1753590 487
1753600 487
1753610 486
1753620 486
1753630 486
1753640 485
1753650 485
1753660 484
1753670 483
1753680 482
1753690 481
1753700 480
1753710 480
1753720 479
1753730 479
1753740 478
1753750 478
1753760 477
1753770 477
1753780 476
1753790 476
1753800 475
1753810 476
1753820 476
1753830 476
1753840 476
1753850 476
1753860 476
1753870 476
1753880 476
1753890 477
1753900 476
1753910 476
1753920 476
1753930 477
1753940 477
1753950 476
1753960 476
1753970 475
1753980 475
1753990 475
1754000 475
1754010 475
1754020 475
1754030 475
1754040 475
1754050 475
1754060 474
1754070 474
1754080 474
1754090 474
1754100 474
1754110 473
1754120 473
1754130 473
1754140 473
1754150 472
1754160 472
1754170 472
1754180 471
1754190 471
1754200 471
1754210 471
1754220 470
1754230 470
1754240 469
1754250 469
1754260 469
1754270 468
1754280 468
1754290 468
1754300 468
1754310 467
1754320 467
1754330 467
1754340 466
1754350 466
1754360 466
1754370 466
1754380 465
1754390 465
1754400 465
1754410 465
1754420 464
1754430 464
1754440 464
1754450 463
1754460 463
1754470 463
1754480 463
1754490 462
1754500 462
1754510 462
1754520 462
1754530 462
1754540 462
1754550 461
1754560 461
1754570 461
1754580 461
1754590 461
1754600 460
1754610 460
1754620 460
1754630 460
1754640 460
1754650 460
1754660 460
1754670 460
1754680 459
1754690 459
1754700 459
1754710 459
1754720 459
1754730 459
1754740 459
1754750 459
1754760 459
1754770 458
1754780 458
1754790 458
1754800 458
1754810 458
1754820 458
1754830 458
1754840 458
1754850 458
1754860 458
1754870 458
1754880 458
1754890 458
1754900 458
1754910 458
1754920 458
1754930 457
1754940 457
1754950 457
1754960 457
1754970 457
1754980 457
1754990 457
1755000 457
1755010 457
1755020 457
1755030 457
1755040 457
1755050 457
1755060 457
1755070 457
1755080 457
1755090 457
1755100 457
1755110 457
1755120 457
1755130 457
1755140 457
1755150 457
1755160 457
1755170 457
1755180 457
1755190 457
1755200 456
1755210 456
1755220 456
1755230 456
1755240 456
1755250 456
1755260 456
1755270 456
1755280 456
1755290 456
1755300 456
1755310 457
1755320 457
1755330 457
1755340 457
1755350 457
1755360 457
1755370 457
1755380 457
1755390 457
1755400 457
1755410 457
1755420 457
1755430 457
1755440 457
1755450 457
1755460 457
1755470 457
1755480 457
1755490 457
1755500 457
1755510 457
1755520 457
1755530 457
1755540 457
1755550 457
1755560 457
1755570 457
1755580 457
1755590 457
1755600 457
1755610 457
1755620 457
1755630 457
1755640 457
1755650 457
1755660 457
1755670 457
1755680 457
1755690 457
1755700 457
1755710 457
1755720 457
1755730 457
1755740 457
1755750 457
1755760 457
1755770 457
1755780 457
1755790 457
1755800 457
1755810 457
1755820 457
1755830 457
1755840 457
1755850 458
1755860 458
1755870 458
1755880 458
1755890 458
1755900 459
1755910 459
1755920 460
1755930 460
1755940 461
1755950 461
1755960 461
1755970 462
1755980 462
1755990 462
1756000 463
1756010 463
1756020 463
1756030 463
1756040 464
1756050 464
1756060 464
1756070 465
1756080 465
1756090 465
1756100 465
1756110 466
1756120 466
1756130 466
1756140 466
1756150 466
1756160 467
1756170 467
1756180 467
1756190 467
1756200 467
1756210 468
1756220 468
1756230 468
1756240 468
1756250 468
1756260 468
1756270 469
1756280 469
1756290 469
1756300 469
1756310 469
1756320 469
1756330 469
1756340 470
1756350 470
1756360 470
1756370 470
1756380 470
1756390 470
1756400 470
1756410 470
1756420 471
1756430 471
1756440 471
1756450 471
1756460 471
1756470 471
1756480 471
1756490 471
1756500 471
1756510 471
1756520 471
1756530 471
1756540 472
1756550 472
1756560 472
1756570 472
1756580 472
1756590 472
1756600 472
1756610 472
1756620 472
1756630 472
1756640 472
1756650 472
1756660 472
1756670 472
1756680 472
1756690 472
1756700 472
1756710 472
1756720 472
1756730 472
1756740 472
1756750 472
1756760 472
1756770 472
1756780 472
1756790 472
1756800 472
1756810 472
1756820 472
1756830 472
1756840 472
1756850 472
1756860 472
1756870 471
1756880 471
1756890 471
1756900 471
1756910 471
1756920 471
1756930 471
1756940 471
1756950 471
1756960 471
1756970 471
1756980 471
1756990 471
1757000 471
1757010 471
1757020 471
1757030 471
1757040 471
1757050 471
1757060 471
1757070 471
1757080 471
1757090 471
1757100 471
1757110 471
1757120 471
1757130 471
1757140 471
1757150 471
1757160 471
1757170 471
1757180 471
1757190 471
1757200 471
1757210 471
1757220 471
1757230 471
1757240 471
1757250 471
1757260 471
1757270 471
1757280 471
1757290 471
1757300 471
1757310 471
1757320 471
1757330 471
1757340 471
1757350 471
1757360 471
1757370 471
1757380 471
1757390 471
1757400 471
1757410 471
1757420 471
1757430 471
1757440 471
1757450 471
1757460 471
1757470 471
1757480 471
1757490 471
1757500 471
1757510 471
1757520 471
1757530 471
1757540 471
1757550 471
1757560 471
1757570 471
1757580 471
1757590 471
1757600 471
1757610 471
1757620 471
1757630 471
1757640 471
1757650 471
1757660 471
1757670 471
1757680 471
1757690 471
1757700 471
1757710 471
1757720 471
1757730 471
1757740 471
1757750 471
1757760 471
1757770 471
1757780 471
1757790 471
1757800 471
1757810 471
1757820 471
1757830 472
1757840 472
1757850 472
1757860 472
1757870 472
1757880 472
1757890 472
1757900 472
1757910 472
1757920 472
1757930 472
1757940 472
1757950 472
1757960 472
1757970 472
1757980 471
1757990 471
1758000 471
1758010 471
1758020 471
1758030 471
1758040 471
1758050 471
1758060 471
1758070 471
1758080 471
1758090 471
1758100 471
1758110 471
1758120 471
1758130 471
1758140 471
1758150 470
1758160 470
1758170 470
1758180 470
1758190 470
1758200 470
1758210 470
1758220 470
1758230 470
1758240 470
1758250 469
1758260 469
1758270 469
1758280 469
1758290 469
1758300 469
1758310 469
1758320 469
1758330 468
1758340 468
1758350 468
1758360 468
1758370 468
1758380 468
1758390 468
1758400 468
1758410 468
1758420 467
1758430 467
1758440 467
1758450 467
1758460 467
1758470 467
1758480 467
1758490 466
1758500 466
1758510 466
1758520 466
1758530 466
1758540 466
1758550 466
1758560 465
1758570 465
1758580 465
1758590 465
1758600 465
1758610 465
1758620 465
1758630 464
1758640 464
1758650 464
1758660 464
1758670 464
1758680 464
1758690 463
1758700 463
1758710 463
1758720 463
1758730 463
1758740 463
1758750 463
1758760 462
1758770 462
1758780 462
1758790 462
1758800 462
1758810 461
1758820 461
1758830 461
1758840 461
1758850 461
1758860 460
1758870 460
1758880 460
1758890 460
1758900 460
1758910 460
1758920 459
1758930 459
1758940 459
1758950 459
1758960 459
1758970 459
1758980 458
1758990 458
1759000 458
1759010 458
1759020 458
1759030 458
1759040 457
1759050 457
1759060 457
1759070 457
1759080 457
1759090 457
1759100 457
1759110 456
1759120 456
1759130 456
1759140 456
1759150 456
1759160 456
1759170 455
1759180 455
1759190 455
1759200 455
1759210 455
1759220 455
1759230 454
1759240 454
1759250 454
1759260 454
1759270 454
1759280 454
1759290 453
1759300 453
1759310 453
1759320 453
1759330 453
1759340 453
1759350 453
1759360 452
1759370 452
1759380 452
1759390 452
1759400 452
1759410 452
1759420 451
1759430 451
1759440 451
1759450 451
1759460 451
1759470 451
1759480 451
1759490 450
1759500 450
1759510 450
1759520 450
1759530 450
1759540 449
1759550 449
1759560 449
1759570 449
1759580 449
1759590 448
1759600 448
1759610 448
1759620 448
1759630 448
1759640 448
1759650 447
1759660 447
1759670 447
1759680 447
1759690 447
1759700 447
1759710 446
1759720 446
1759730 446
1759740 446
1759750 446
1759760 445
1759770 445
1759780 445
1759790 445
1759800 445
1759810 445
1759820 444
1759830 444
1759840 444
1759850 444
1759860 444
1759870 444
1759880 444
1759890 444
1759900 444
1759910 444
1759920 444
1759930 444
1759940 444
1759950 444
1759960 444
1759970 444
1759980 444
1759990 444
