1740000 544
1740010 544
1740020 544
1740030 544
1740040 544
1740050 544
1740060 544
1740070 544
1740080 544
1740090 544
1740100 544
1740110 543
1740120 543
1740130 543
1740140 543
1740150 543
1740160 543
1740170 543
1740180 543
1740190 543
1740200 543
1740210 543
1740220 543
1740230 543
1740240 543
1740250 543
1740260 543
1740270 543
1740280 543
1740290 543
1740300 543
1740310 543
1740320 543
1740330 543
1740340 543
1740350 543
1740360 543
1740370 543
1740380 543
1740390 543
1740400 543
1740410 543
1740420 543
1740430 543
1740440 543
1740450 543
1740460 543
1740470 543
1740480 543
1740490 543
1740500 543
1740510 543
1740520 543
1740530 543
1740540 543
1740550 543
1740560 542
1740570 542
1740580 542
1740590 542
1740600 542
1740610 542
1740620 542
1740630 542
1740640 542
1740650 542
1740660 542
1740670 543
1740680 543
1740690 543
1740700 543
1740710 543
1740720 543
1740730 543
1740740 542
1740750 542
1740760 542
1740770 542
1740780 542
1740790 542
1740800 542
1740810 542
1740820 542
1740830 542
1740840 542
1740850 542
1740860 542
1740870 542
1740880 542
1740890 542
1740900 542
1740910 542
1740920 541
1740930 541
1740940 541
1740950 541
1740960 541
1740970 541
1740980 541
1740990 540
1741000 540
1741010 540
1741020 540
1741030 540
1741040 540
1741050 540
1741060 540
1741070 540
1741080 540
1741090 539
1741100 539
1741110 539
1741120 539
1741130 539
1741140 539
1741150 539
1741160 539
1741170 539
1741180 539
1741190 539
1741200 539
1741210 539
1741220 538
1741230 538
1741240 538
1741250 538
1741260 538
1741270 538
1741280 538
1741290 538
1741300 537
1741310 537
1741320 537
1741330 537
1741340 537
1741350 537
1741360 536
1741370 536
1741380 536
1741390 536
1741400 536
1741410 536
1741420 536
1741430 535
1741440 535
1741450 535
1741460 535
1741470 534
1741480 534
1741490 534
1741500 533
1741510 533
1741520 533
1741530 533
1741540 533
1741550 533
1741560 533
1741570 533
1741580 532
1741590 532
1741600 532
1741610 532
1741620 532
1741630 532
1741640 532
1741650 531
1741660 531
1741670 531
1741680 531
1741690 531
1741700 531
1741710 531
1741720 530
1741730 530
1741740 530
1741750 530
1741760 530
1741770 530
1741780 530
1741790 530
1741800 530
1741810 530
1741820 529
1741830 529
1741840 529
1741850 529
1741860 529
1741870 529
1741880 528
1741890 528
1741900 528
1741910 528
1741920 528
1741930 528
1741940 527
1741950 527
1741960 527
1741970 527
1741980 527
1741990 526
1742000 526
1742010 526
1742020 526
1742030 525
1742040 525
1742050 525
1742060 525
1742070 525
1742080 525
1742090 525
1742100 524
1742110 524
1742120 524
1742130 524
1742140 524
1742150 524
1742160 524
1742170 523
1742180 523
1742190 523
1742200 523
1742210 523
1742220 523
1742230 523
1742240 523
1742250 523
1742260 523
1742270 523
1742280 523
1742290 522
1742300 522
1742310 522
1742320 521
1742330 521
1742340 521
1742350 522
1742360 522
1742370 522
1742380 522
1742390 522
1742400 522
1742410 522
1742420 522
1742430 522
1742440 523
1742450 523
1742460 523
1742470 523
1742480 523
1742490 523
1742500 523
1742510 524
1742520 523
1742530 523
1742540 523
1742550 523
1742560 523
1742570 523
1742580 523
1742590 524
1742600 525
1742610 525
1742620 525
1742630 525
1742640 525
1742650 525
1742660 525
1742670 526
1742680 526
1742690 526
1742700 526
1742710 526
1742720 526
1742730 526
1742740 526
1742750 526
1742760 527
1742770 527
1742780 527
1742790 527
1742800 527
1742810 527
1742820 527
1742830 527
1742840 527
1742850 527
1742860 528
1742870 528
1742880 528
1742890 528
1742900 528
1742910 528
1742920 528
1742930 528
1742940 528
1742950 528
1742960 528
1742970 528
1742980 528
1742990 528
1743000 528
1743010 528
1743020 528
1743030 528
1743040 528
1743050 528
1743060 528
1743070 528
1743080 528
1743090 528
1743100 528
1743110 528
1743120 528
1743130 528
1743140 528
1743150 528
1743160 528
1743170 528
1743180 528
1743190 527
1743200 527
1743210 527
1743220 527
1743230 527
1743240 527
1743250 527
1743260 527
1743270 526
1743280 526
1743290 526
1743300 526
1743310 526
1743320 525
1743330 525
1743340 525
1743350 525
1743360 525
1743370 525
1743380 524
1743390 524
1743400 524
1743410 524
1743420 524
1743430 523
1743440 523
1743450 523
1743460 523
1743470 523
1743480 523
1743490 523
1743500 522
1743510 522
1743520 522
1743530 522
1743540 522
1743550 521
1743560 521
1743570 521
1743580 521
1743590 521
1743600 521
1743610 520
1743620 520
1743630 520
1743640 520
1743650 520
1743660 520
1743670 520
1743680 520
1743690 520
1743700 520
1743710 520
1743720 519
1743730 519
1743740 519
1743750 519
1743760 519
1743770 519
1743780 519
1743790 519
1743800 519
1743810 519
1743820 519
1743830 519
1743840 518
1743850 518
1743860 518
1743870 518
1743880 518
1743890 518
1743900 518
1743910 518
1743920 518
1743930 518
1743940 517
1743950 517
1743960 517
1743970 517
1743980 517
1743990 517
1744000 517
1744010 516
1744020 516
1744030 516
1744040 516
1744050 516
1744060 515
1744070 515
1744080 515
1744090 515
1744100 514
1744110 514
1744120 514
1744130 514
1744140 514
1744150 513
1744160 513
1744170 513
1744180 513
1744190 512
1744200 512
1744210 512
1744220 512
1744230 512
1744240 511
1744250 511
1744260 511
1744270 510
1744280 510
1744290 510
1744300 510
1744310 509
1744320 509
1744330 509
1744340 509
1744350 508
1744360 508
1744370 508
1744380 507
1744390 506
1744400 506
1744410 506
1744420 505
1744430 505
1744440 505
1744450 504
1744460 504
1744470 504
1744480 504
1744490 503
1744500 503
1744510 503
1744520 503
1744530 503
1744540 503
1744550 503
1744560 503
1744570 503
1744580 503
1744590 503
1744600 503
1744610 503
1744620 503
1744630 503
1744640 503
1744650 503
1744660 503
1744670 502
1744680 502
1744690 502
1744700 502
1744710 502
1744720 502
1744730 502
1744740 502
1744750 502
1744760 501
1744770 501
1744780 501
1744790 501
1744800 501
1744810 501
1744820 501
1744830 501
1744840 500
1744850 500
1744860 500
1744870 500
1744880 500
1744890 500
1744900 499
1744910 499
1744920 499
1744930 499
1744940 499
1744950 499
1744960 499
1744970 499
1744980 499
1744990 498
1745000 498
1745010 498
1745020 498
1745030 498
1745040 498
1745050 498
1745060 498
1745070 498
1745080 498
1745090 498
1745100 498
1745110 498
1745120 498
1745130 497
1745140 497
1745150 497
1745160 497
1745170 497
1745180 497
1745190 497
1745200 497
1745210 497
1745220 497
1745230 497
1745240 497
1745250 497
1745260 497
1745270 498
1745280 498
1745290 498
1745300 497
1745310 497
1745320 497
1745330 497
1745340 497
1745350 497
1745360 497
1745370 497
1745380 497
1745390 497
1745400 497
1745410 497
1745420 496
1745430 496
1745440 496
1745450 496
1745460 496
1745470 496
1745480 496
1745490 496
1745500 496
1745510 496
1745520 496
1745530 496
1745540 496
1745550 496
1745560 496
1745570 496
1745580 496
1745590 496
1745600 495
1745610 495
1745620 495
1745630 495
1745640 495
1745650 495
1745660 494
1745670 494
1745680 494
1745690 494
1745700 494
1745710 494
1745720 493
1745730 493
1745740 493
1745750 493
1745760 493
1745770 493
1745780 492
1745790 492
1745800 492
1745810 492
1745820 492
1745830 491
1745840 491
1745850 491
1745860 491
1745870 491
1745880 490
1745890 490
1745900 490
1745910 490
1745920 490
1745930 490
1745940 490
1745950 489
1745960 489
1745970 489
1745980 489
1745990 489
1746000 489
1746010 489
1746020 489
1746030 488
1746040 488
1746050 488
1746060 488
1746070 488
1746080 488
1746090 487
1746100 487
1746110 487
1746120 487
1746130 487
1746140 487
1746150 487
1746160 487
1746170 486
1746180 486
1746190 486
1746200 486
1746210 486
1746220 486
1746230 486
1746240 486
1746250 486
1746260 485
1746270 485
1746280 485
1746290 485
1746300 485
1746310 485
1746320 485
1746330 485
1746340 485
1746350 485
1746360 484
1746370 484
1746380 484
1746390 484
1746400 484
1746410 484
1746420 484
1746430 484
1746440 484
1746450 484
1746460 484
1746470 484
1746480 484
1746490 484
1746500 484
1746510 484
1746520 483
1746530 483
1746540 483
1746550 483
1746560 483
1746570 483
1746580 483
1746590 483
1746600 483
1746610 483
1746620 483
1746630 483
1746640 483
1746650 484
1746660 484
1746670 485
1746680 485
1746690 486
1746700 487
1746710 487
1746720 488
1746730 488
1746740 489
1746750 489
1746760 489
1746770 489
1746780 490
1746790 490
1746800 490
1746810 491
1746820 491
1746830 491
1746840 491
1746850 491
1746860 492
1746870 492
1746880 492
1746890 492
1746900 492
1746910 492
1746920 492
1746930 492
1746940 492
1746950 492
1746960 492
1746970 492
1746980 492
1746990 493
1747000 493
1747010 493
1747020 493
1747030 493
1747040 493
1747050 493
1747060 494
1747070 494
1747080 494
1747090 494
1747100 495
1747110 495
1747120 495
1747130 496
1747140 496
1747150 496
1747160 497
1747170 497
1747180 497
1747190 498
1747200 498
1747210 498
1747220 499
1747230 499
1747240 499
1747250 500
1747260 500
1747270 500
1747280 501
1747290 501
1747300 501
1747310 501
1747320 502
1747330 502
1747340 502
1747350 502
1747360 502
1747370 502
1747380 502
1747390 502
1747400 502
1747410 503
1747420 503
1747430 503
1747440 503
1747450 503
1747460 503
1747470 503
1747480 503
1747490 503
1747500 502
1747510 502
1747520 502
1747530 502
1747540 502
1747550 502
1747560 501
1747570 501
1747580 501
1747590 500
1747600 500
1747610 500
1747620 500
1747630 499
1747640 499
1747650 499
1747660 499
1747670 498
1747680 498
1747690 498
1747700 498
1747710 497
1747720 497
1747730 497
1747740 497
1747750 497
1747760 496
1747770 496
1747780 496
1747790 497
1747800 497
1747810 497
1747820 497
1747830 497
1747840 497
1747850 497
1747860 497
1747870 497
1747880 497
1747890 497
1747900 497
1747910 497
1747920 497
1747930 497
1747940 497
1747950 496
1747960 496
1747970 496
1747980 496
1747990 496
1748000 496
1748010 496
1748020 496
1748030 496
1748040 496
1748050 496
1748060 496
1748070 496
1748080 496
1748090 496
1748100 496
1748110 495
1748120 495
1748130 495
1748140 495
1748150 495
1748160 495
1748170 495
1748180 495
1748190 496
1748200 496
1748210 496
1748220 496
1748230 496
1748240 496
1748250 496
1748260 496
1748270 496
1748280 496
1748290 496
1748300 497
1748310 497
1748320 497
1748330 497
1748340 497
1748350 497
1748360 497
1748370 497
1748380 497
1748390 497
1748400 497
1748410 497
1748420 497
1748430 498
1748440 498
1748450 498
1748460 498
1748470 498
1748480 499
1748490 499
1748500 499
1748510 499
1748520 499
1748530 499
1748540 500
1748550 500
1748560 500
1748570 500
1748580 500
1748590 501
1748600 501
1748610 501
1748620 501
1748630 501
1748640 502
1748650 502
1748660 502
1748670 503
1748680 503
1748690 503
1748700 503
1748710 504
1748720 504
1748730 504
1748740 505
1748750 505
1748760 505
1748770 506
1748780 506
1748790 506
1748800 507
1748810 507
1748820 507
1748830 508
1748840 508
1748850 508
1748860 508
1748870 509
1748880 509
1748890 509
1748900 509
1748910 510
1748920 510
1748930 510
1748940 510
1748950 511
1748960 511
1748970 511
1748980 511
1748990 512
1749000 512
1749010 512
1749020 512
1749030 513
1749040 513
1749050 513
1749060 513
1749070 513
1749080 514
1749090 514
1749100 514
1749110 514
1749120 514
1749130 514
1749140 515
1749150 515
1749160 515
1749170 515
1749180 515
1749190 515
1749200 515
1749210 516
1749220 516
1749230 516
1749240 516
1749250 516
1749260 516
1749270 516
1749280 516
1749290 516
1749300 516
1749310 516
1749320 517
1749330 517
1749340 517
1749350 517
1749360 517
1749370 517
1749380 517
1749390 517
1749400 517
1749410 517
1749420 517
1749430 517
1749440 518
1749450 518
1749460 518
1749470 518
1749480 518
1749490 518
1749500 518
1749510 518
1749520 518
1749530 518
1749540 518
1749550 518
1749560 518
1749570 518
1749580 518
1749590 518
1749600 518
1749610 518
1749620 518
1749630 518
1749640 518
1749650 518
1749660 518
1749670 518
1749680 518
1749690 518
1749700 518
1749710 518
1749720 518
1749730 518
1749740 518
1749750 518
1749760 518
1749770 518
1749780 517
1749790 517
1749800 517
1749810 517
1749820 517
1749830 517
1749840 517
1749850 517
1749860 517
1749870 517
1749880 517
1749890 517
1749900 517
1749910 517
1749920 517
1749930 517
1749940 517
1749950 517
1749960 517
1749970 517
1749980 517
1749990 517
1750000 517
1750010 518
1750020 518
1750030 518
1750040 518
1750050 518
1750060 518
1750070 518
1750080 518
1750090 518
1750100 518
1750110 518
1750120 518
1750130 518
1750140 519
1750150 519
1750160 519
1750170 519
1750180 519
1750190 519
1750200 520
1750210 520
1750220 520
1750230 520
1750240 520
1750250 521
1750260 521
1750270 521
1750280 521
1750290 521
1750300 521
1750310 522
1750320 522
1750330 522
1750340 522
1750350 522
1750360 522
1750370 522
1750380 522
1750390 522
1750400 522
1750410 522
1750420 522
1750430 522
1750440 522
1750450 522
1750460 521
1750470 521
1750480 521
1750490 521
1750500 521
1750510 521
1750520 521
1750530 521
1750540 521
1750550 520
1750560 520
1750570 520
1750580 520
1750590 520
1750600 519
1750610 519
1750620 519
1750630 519
1750640 518
1750650 518
1750660 518
1750670 518
1750680 518
1750690 517
1750700 517
1750710 517
1750720 516
1750730 516
1750740 516
1750750 515
1750760 515
1750770 515
1750780 514
1750790 514
1750800 514
1750810 513
1750820 513
1750830 512
1750840 512
1750850 512
1750860 511
1750870 511
1750880 510
1750890 510
1750900 509
1750910 509
1750920 509
1750930 508
1750940 508
1750950 507
1750960 507
1750970 507
1750980 506
1750990 506
1751000 506
1751010 505
1751020 505
1751030 504
1751040 504
1751050 504
1751060 504
1751070 503
1751080 503
1751090 503
1751100 503
1751110 502
1751120 502
1751130 502
1751140 501
1751150 501
1751160 501
1751170 501
1751180 500
1751190 500
1751200 500
1751210 500
1751220 499
1751230 499
1751240 499
1751250 499
1751260 498
1751270 498
1751280 498
1751290 498
1751300 497
1751310 497
1751320 497
1751330 497
1751340 497
1751350 496
1751360 496
1751370 496
1751380 496
1751390 496
1751400 495
1751410 495
1751420 495
1751430 495
1751440 495
1751450 494
1751460 494
1751470 494
1751480 494
1751490 494
1751500 494
1751510 494
1751520 494
1751530 494
1751540 494
1751550 493
1751560 493
1751570 493
1751580 493
1751590 493
1751600 493
1751610 493
1751620 493
1751630 493
1751640 493
1751650 493
1751660 493
1751670 492
1751680 492
1751690 492
1751700 492
1751710 492
1751720 492
1751730 492
1751740 492
1751750 492
1751760 492
1751770 492
1751780 492
1751790 492
1751800 491
1751810 491
1751820 491
1751830 491
1751840 491
1751850 491
1751860 491
1751870 491
1751880 491
1751890 491
1751900 491
1751910 491
1751920 491
1751930 491
1751940 491
1751950 490
1751960 490
1751970 490
1751980 490
1751990 490
1752000 490
1752010 490
1752020 490
1752030 490
1752040 491
1752050 491
1752060 492
1752070 492
1752080 493
1752090 494
1752100 495
1752110 495
1752120 496
1752130 496
1752140 496
1752150 497
1752160 497
1752170 497
1752180 497
1752190 497
1752200 497
1752210 497
1752220 497
1752230 497
1752240 497
1752250 497
1752260 497
1752270 497
1752280 497
1752290 497
1752300 497
1752310 496
1752320 496
1752330 496
1752340 496
1752350 496
1752360 495
1752370 495
1752380 495
1752390 495
1752400 495
1752410 494
1752420 494
1752430 494
1752440 493
1752450 493
1752460 492
1752470 492
1752480 492
1752490 492
1752500 491
1752510 491
1752520 491
1752530 491
1752540 490
1752550 490
1752560 490
1752570 490
1752580 489
1752590 489
1752600 489
1752610 489
1752620 489
1752630 488
1752640 488
1752650 488
1752660 487
1752670 487
1752680 487
1752690 486
1752700 486
1752710 486
1752720 486
1752730 485
1752740 485
1752750 485
1752760 484
1752770 484
1752780 484
1752790 483
1752800 483
1752810 483
1752820 482
1752830 482
1752840 481
1752850 481
1752860 481
1752870 480
1752880 480
1752890 480
1752900 479
1752910 479
1752920 479
1752930 478
1752940 478
1752950 478
1752960 477
1752970 477
1752980 476
1752990 476
1753000 476
1753010 475
1753020 475
1753030 474
1753040 474
1753050 474
1753060 474
1753070 474
1753080 473
1753090 473
1753100 473
1753110 473
1753120 472
1753130 472
1753140 472
1753150 472
1753160 471
1753170 471
1753180 471
1753190 471
1753200 471
1753210 470
1753220 470
1753230 470
1753240 470
1753250 470
1753260 469
1753270 469
1753280 469
1753290 469
1753300 469
1753310 469
1753320 469
1753330 469
1753340 469
1753350 468
1753360 468
1753370 468
1753380 468
1753390 468
1753400 468
1753410 467
1753420 467
1753430 467
1753440 467
1753450 467
1753460 467
1753470 467
1753480 467
1753490 467
1753500 466
1753510 466
1753520 466
1753530 466
1753540 466
1753550 466
1753560 466
1753570 466
1753580 466
1753590 466
1753600 466
1753610 466
1753620 466
1753630 466
1753640 466
1753650 466
1753660 466
1753670 466
1753680 466
1753690 467
1753700 466
1753710 466
1753720 466
1753730 466
1753740 466
1753750 467
1753760 467
1753770 467
1753780 467
1753790 468
1753800 468
1753810 468
1753820 468
1753830 468
1753840 468
1753850 468
1753860 468
1753870 468
1753880 469
1753890 469
1753900 469
1753910 469
1753920 469
1753930 469
1753940 469
1753950 469
1753960 469
1753970 469
1753980 469
1753990 469
1754000 470
1754010 470
1754020 470
1754030 470
1754040 470
1754050 470
1754060 470
1754070 470
1754080 470
1754090 470
1754100 470
1754110 470
1754120 471
1754130 471
1754140 471
1754150 471
1754160 471
1754170 471
1754180 471
1754190 470
1754200 470
1754210 470
1754220 470
1754230 470
1754240 470
1754250 470
1754260 470
1754270 470
1754280 470
1754290 470
1754300 470
1754310 470
1754320 470
1754330 470
1754340 469
1754350 469
1754360 469
1754370 469
1754380 469
1754390 469
1754400 468
1754410 468
1754420 468
1754430 468
1754440 468
1754450 468
1754460 468
1754470 467
1754480 467
1754490 467
1754500 467
1754510 467
1754520 467
1754530 466
1754540 466
1754550 466
1754560 466
1754570 466
1754580 465
1754590 465
1754600 465
1754610 465
1754620 465
1754630 464
1754640 464
1754650 464
1754660 464
1754670 464
1754680 464
1754690 464
1754700 463
1754710 463
1754720 463
1754730 463
1754740 463
1754750 462
1754760 462
1754770 462
1754780 462
1754790 462
1754800 462
1754810 462
1754820 461
1754830 461
1754840 461
1754850 461
1754860 461
1754870 461
1754880 460
1754890 460
1754900 460
1754910 460
1754920 460
1754930 460
1754940 460
1754950 459
1754960 460
1754970 459
1754980 459
1754990 459
1755000 459
1755010 459
1755020 458
1755030 458
1755040 458
1755050 458
1755060 458
1755070 458
1755080 458
1755090 457
1755100 457
1755110 457
1755120 457
1755130 457
1755140 457
1755150 457
1755160 457
1755170 457
1755180 456
1755190 456
1755200 456
1755210 456
1755220 456
1755230 456
1755240 456
1755250 456
1755260 456
1755270 456
1755280 456
1755290 456
1755300 456
1755310 456
1755320 456
1755330 456
1755340 455
1755350 455
1755360 455
1755370 455
1755380 455
1755390 455
1755400 455
1755410 455
1755420 455
1755430 455
1755440 455
1755450 455
1755460 455
1755470 455
1755480 455
1755490 455
1755500 455
1755510 455
1755520 455
1755530 455
1755540 455
1755550 455
1755560 455
1755570 455
1755580 455
1755590 455
1755600 455
1755610 455
1755620 455
1755630 454
1755640 454
1755650 454
1755660 454
1755670 454
1755680 454
1755690 454
1755700 453
1755710 453
1755720 453
1755730 453
1755740 453
1755750 453
1755760 453
1755770 452
1755780 452
1755790 452
1755800 452
1755810 452
1755820 452
1755830 451
1755840 451
1755850 451
1755860 451
1755870 451
1755880 450
1755890 450
1755900 450
1755910 450
1755920 450
1755930 450
1755940 449
1755950 449
1755960 449
1755970 449
1755980 449
1755990 449
1756000 449
1756010 448
1756020 448
1756030 448
1756040 448
1756050 448
1756060 448
1756070 448
1756080 447
1756090 447
1756100 447
1756110 447
1756120 446
1756130 446
1756140 446
1756150 446
1756160 446
1756170 446
1756180 445
1756190 445
1756200 445
1756210 445
1756220 445
1756230 445
1756240 445
1756250 445
1756260 445
1756270 445
1756280 445
1756290 445
1756300 445
1756310 445
1756320 445
1756330 445
1756340 446
1756350 446
1756360 447
1756370 447
1756380 448
1756390 448
1756400 449
1756410 449
1756420 449
1756430 450
1756440 450
1756450 451
1756460 451
1756470 452
1756480 452
1756490 453
1756500 453
1756510 453
1756520 453
1756530 454
1756540 454
1756550 454
1756560 454
1756570 455
1756580 455
1756590 455
1756600 455
1756610 455
1756620 455
1756630 456
1756640 456
1756650 456
1756660 456
1756670 456
1756680 456
1756690 457
1756700 457
1756710 457
1756720 457
1756730 457
1756740 457
1756750 457
1756760 458
1756770 458
1756780 458
1756790 458
1756800 458
1756810 458
1756820 458
1756830 458
1756840 458
1756850 459
1756860 459
1756870 459
1756880 459
1756890 459
1756900 459
1756910 459
1756920 459
1756930 459
1756940 459
1756950 459
1756960 459
1756970 459
1756980 459
1756990 459
1757000 458
1757010 458
1757020 458
1757030 458
1757040 458
1757050 458
1757060 458
1757070 458
1757080 458
1757090 457
1757100 457
1757110 457
1757120 457
1757130 457
1757140 457
1757150 457
1757160 457
1757170 457
1757180 456
1757190 456
1757200 456
1757210 456
1757220 456
1757230 456
1757240 456
1757250 456
1757260 455
1757270 455
1757280 455
1757290 455
1757300 455
1757310 454
1757320 454
1757330 454
1757340 454
1757350 454
1757360 454
1757370 454
1757380 453
1757390 453
1757400 453
1757410 453
1757420 453
1757430 453
1757440 453
1757450 453
1757460 452
1757470 452
1757480 452
1757490 452
1757500 452
1757510 452
1757520 451
1757530 451
1757540 451
1757550 451
1757560 451
1757570 451
1757580 450
1757590 450
1757600 450
1757610 450
1757620 450
1757630 450
1757640 450
1757650 449
1757660 449
1757670 449
1757680 449
1757690 449
1757700 449
1757710 448
1757720 448
1757730 448
1757740 448
1757750 448
1757760 448
1757770 447
1757780 447
1757790 447
1757800 447
1757810 447
1757820 447
1757830 446
1757840 446
1757850 446
1757860 445
1757870 445
1757880 445
1757890 444
1757900 444
1757910 444
1757920 444
1757930 444
1757940 444
1757950 445
1757960 445
1757970 445
1757980 445
1757990 445
1758000 446
1758010 446
1758020 446
1758030 447
1758040 447
1758050 447
1758060 447
1758070 447
1758080 448
1758090 448
1758100 448
1758110 448
1758120 448
1758130 448
1758140 449
1758150 449
1758160 449
1758170 449
1758180 449
1758190 449
1758200 449
1758210 449
1758220 449
1758230 449
1758240 450
1758250 450
1758260 450
1758270 450
1758280 450
1758290 450
1758300 449
1758310 449
1758320 449
1758330 449
1758340 449
1758350 449
1758360 449
1758370 449
1758380 449
1758390 449
1758400 449
1758410 449
1758420 448
1758430 448
1758440 448
1758450 448
1758460 448
1758470 447
1758480 447
1758490 447
1758500 447
1758510 447
1758520 446
1758530 446
1758540 446
1758550 446
1758560 445
1758570 445
1758580 445
1758590 445
1758600 445
1758610 444
1758620 444
1758630 444
1758640 443
1758650 443
1758660 443
1758670 442
1758680 442
1758690 442
1758700 442
1758710 442
1758720 442
1758730 442
1758740 442
1758750 442
1758760 442
1758770 442
1758780 442
1758790 442
1758800 442
1758810 442
1758820 441
1758830 441
1758840 441
1758850 441
1758860 440
1758870 440
1758880 439
1758890 439
1758900 439
1758910 439
1758920 439
1758930 438
1758940 438
1758950 438
1758960 438
1758970 438
1758980 438
1758990 437
1759000 437
1759010 437
1759020 437
1759030 437
1759040 437
1759050 437
1759060 437
1759070 437
1759080 436
1759090 436
1759100 436
1759110 436
1759120 436
1759130 436
1759140 436
1759150 436
1759160 436
1759170 436
1759180 436
1759190 436
1759200 436
1759210 436
1759220 436
1759230 436
1759240 436
1759250 436
1759260 436
1759270 436
1759280 436
1759290 436
1759300 436
1759310 436
1759320 436
1759330 437
1759340 437
1759350 437
1759360 437
1759370 437
1759380 437
1759390 437
1759400 437
1759410 437
1759420 437
1759430 437
1759440 437
1759450 437
1759460 437
1759470 437
1759480 438
1759490 438
1759500 438
1759510 437
1759520 437
1759530 437
1759540 437
1759550 437
1759560 437
1759570 437
1759580 437
1759590 437
1759600 437
1759610 437
1759620 437
1759630 437
1759640 437
1759650 437
1759660 436
1759670 436
1759680 436
1759690 436
1759700 436
1759710 436
1759720 435
1759730 435
1759740 435
1759750 435
1759760 435
1759770 435
1759780 435
1759790 435
1759800 435
1759810 435
1759820 435
1759830 434
1759840 434
1759850 434
1759860 434
1759870 434
1759880 434
1759890 434
1759900 434
1759910 434
1759920 434
1759930 434
1759940 434
1759950 434
1759960 434
1759970 434
1759980 434
1759990 435
