1740000 511
1740010 511
1740020 511
1740030 511
1740040 511
1740050 511
1740060 511
1740070 511
1740080 511
1740090 511
1740100 511
1740110 510
1740120 510
1740130 510
1740140 510
1740150 510
1740160 510
1740170 509
1740180 509
1740190 509
1740200 508
1740210 508
1740220 507
1740230 507
1740240 506
1740250 506
1740260 505
1740270 505
1740280 504
1740290 504
1740300 505
1740310 506
1740320 505
1740330 505
1740340 504
1740350 504
1740360 503
1740370 503
1740380 503
1740390 501
1740400 500
1740410 501
1740420 501
1740430 501
1740440 501
1740450 501
1740460 500
1740470 500
1740480 500
1740490 500
1740500 500
1740510 500
1740520 501
1740530 501
1740540 501
1740550 501
1740560 501
1740570 501
1740580 501
1740590 502
1740600 502
1740610 502
1740620 502
1740630 502
1740640 502
1740650 502
1740660 502
1740670 502
1740680 501
1740690 501
1740700 501
1740710 501
1740720 501
1740730 501
1740740 501
1740750 501
1740760 501
1740770 501
1740780 501
1740790 501
1740800 501
1740810 501
1740820 501
1740830 501
1740840 501
1740850 501
1740860 501
1740870 501
1740880 501
1740890 501
1740900 501
1740910 500
1740920 500
1740930 500
1740940 500
1740950 500
1740960 499
1740970 499
1740980 499
1740990 498
1741000 498
1741010 497
1741020 497
1741030 496
1741040 495
1741050 494
1741060 494
1741070 493
1741080 493
1741090 493
1741100 492
1741110 491
1741120 491
1741130 490
1741140 490
1741150 490
1741160 489
1741170 489
1741180 489
1741190 488
1741200 488
1741210 487
1741220 486
1741230 485
1741240 485
1741250 485
1741260 485
1741270 485
1741280 485
1741290 485
1741300 485
1741310 485
1741320 485
1741330 486
1741340 487
1741350 489
1741360 491
1741370 493
1741380 494
1741390 496
1741400 497
1741410 498
1741420 499
1741430 499
1741440 499
1741450 498
1741460 498
1741470 498
1741480 498
1741490 497
1741500 497
1741510 497
1741520 496
1741530 496
1741540 496
1741550 495
1741560 495
1741570 494
1741580 493
1741590 493
1741600 493
1741610 492
1741620 492
1741630 492
1741640 491
1741650 491
1741660 490
1741670 490
1741680 490
1741690 491
1741700 491
1741710 492
1741720 493
1741730 493
1741740 494
1741750 494
1741760 495
1741770 495
1741780 496
1741790 496
1741800 496
1741810 497
1741820 497
1741830 497
1741840 497
1741850 498
1741860 498
1741870 498
1741880 498
1741890 498
1741900 499
1741910 499
1741920 499
1741930 499
1741940 499
1741950 499
1741960 499
1741970 500
1741980 500
1741990 500
1742000 500
1742010 500
1742020 500
1742030 501
1742040 501
1742050 501
1742060 501
1742070 501
1742080 502
1742090 502
1742100 502
1742110 503
1742120 503
1742130 503
1742140 504
1742150 504
1742160 504
1742170 504
1742180 505
1742190 505
1742200 505
1742210 506
1742220 506
1742230 507
1742240 507
1742250 507
1742260 507
1742270 507
1742280 508
1742290 508
1742300 508
1742310 508
1742320 508
1742330 509
1742340 509
1742350 509
1742360 509
1742370 510
1742380 510
1742390 510
1742400 510
1742410 510
1742420 510
1742430 510
1742440 510
1742450 510
1742460 510
1742470 511
1742480 511
1742490 511
1742500 511
1742510 511
1742520 511
1742530 511
1742540 511
1742550 511
1742560 511
1742570 511
1742580 511
1742590 511
1742600 511
1742610 511
1742620 511
1742630 511
1742640 510
1742650 510
1742660 510
1742670 510
1742680 510
1742690 510
1742700 510
1742710 510
1742720 510
1742730 510
1742740 509
1742750 509
1742760 509
1742770 509
1742780 509
1742790 509
1742800 508
1742810 508
1742820 508
1742830 508
1742840 507
1742850 507
1742860 506
1742870 506
1742880 505
1742890 505
1742900 504
1742910 504
1742920 503
1742930 503
1742940 502
1742950 502
1742960 501
1742970 501
1742980 500
1742990 500
1743000 500
1743010 499
1743020 499
1743030 498
1743040 498
1743050 497
1743060 497
1743070 497
1743080 496
1743090 496
1743100 496
1743110 495
1743120 495
1743130 494
1743140 494
1743150 493
1743160 493
1743170 493
1743180 492
1743190 492
1743200 492
1743210 492
1743220 491
1743230 491
1743240 491
1743250 491
1743260 490
1743270 490
1743280 490
1743290 489
1743300 489
1743310 489
1743320 489
1743330 489
1743340 488
1743350 488
1743360 488
1743370 488
1743380 488
1743390 488
1743400 488
1743410 488
1743420 488
1743430 487
1743440 487
1743450 487
1743460 487
1743470 487
1743480 487
1743490 487
1743500 487
1743510 487
1743520 487
1743530 487
1743540 487
1743550 487
1743560 487
1743570 487
1743580 487
1743590 487
1743600 487
1743610 487
1743620 487
1743630 487
1743640 487
1743650 487
1743660 487
1743670 487
1743680 487
1743690 487
1743700 487
1743710 487
1743720 487
1743730 487
1743740 487
1743750 487
1743760 487
1743770 487
1743780 487
1743790 487
1743800 487
1743810 487
1743820 487
1743830 487
1743840 487
1743850 487
1743860 486
1743870 486
1743880 486
1743890 486
1743900 486
1743910 486
1743920 486
1743930 486
1743940 486
1743950 486
1743960 486
1743970 486
1743980 486
1743990 486
1744000 486
1744010 486
1744020 486
1744030 486
1744040 485
1744050 485
1744060 485
1744070 485
1744080 485
1744090 485
1744100 485
1744110 485
1744120 485
1744130 485
1744140 485
1744150 485
1744160 484
1744170 484
1744180 484
1744190 484
1744200 484
1744210 484
1744220 484
1744230 484
1744240 484
1744250 484
1744260 484
1744270 484
1744280 484
1744290 484
1744300 483
1744310 483
1744320 483
1744330 483
1744340 483
1744350 483
1744360 483
1744370 483
1744380 482
1744390 482
1744400 482
1744410 482
1744420 482
1744430 482
1744440 482
1744450 482
1744460 482
1744470 482
1744480 482
1744490 482
1744500 481
1744510 481
1744520 481
1744530 481
1744540 481
1744550 481
1744560 481
1744570 481
1744580 481
1744590 481
1744600 481
1744610 481
1744620 480
1744630 480
1744640 480
1744650 480
1744660 480
1744670 480
1744680 480
1744690 480
1744700 480
1744710 480
1744720 480
1744730 479
1744740 479
1744750 479
1744760 479
1744770 479
1744780 479
1744790 479
1744800 479
1744810 478
1744820 478
1744830 478
1744840 478
1744850 478
1744860 478
1744870 478
1744880 478
1744890 478
1744900 478
1744910 478
1744920 478
1744930 477
1744940 477
1744950 477
1744960 477
1744970 477
1744980 477
1744990 477
1745000 477
1745010 477
1745020 477
1745030 477
1745040 476
1745050 476
1745060 476
1745070 476
1745080 476
1745090 476
1745100 476
1745110 476
1745120 477
1745130 477
1745140 477
1745150 476
1745160 476
1745170 476
1745180 476
1745190 476
1745200 476
1745210 476
1745220 476
1745230 476
1745240 476
1745250 476
1745260 476
1745270 476
1745280 476
1745290 476
1745300 476
1745310 476
1745320 476
1745330 476
1745340 476
1745350 476
1745360 476
1745370 476
1745380 476
1745390 476
1745400 476
1745410 476
1745420 476
1745430 476
1745440 476
1745450 476
1745460 476
1745470 476
1745480 476
1745490 477
1745500 477
1745510 477
1745520 477
1745530 477
1745540 477
1745550 477
1745560 477
1745570 477
1745580 477
1745590 477
1745600 478
1745610 477
1745620 477
1745630 478
1745640 478
1745650 478
1745660 478
1745670 478
1745680 478
1745690 478
1745700 478
1745710 478
1745720 478
1745730 478
1745740 478
1745750 478
1745760 478
1745770 478
1745780 478
1745790 477
1745800 477
1745810 477
1745820 477
1745830 477
1745840 477
1745850 477
1745860 477
1745870 477
1745880 477
1745890 476
1745900 476
1745910 476
1745920 476
1745930 476
1745940 476
1745950 476
1745960 476
1745970 476
1745980 475
1745990 475
1746000 475
1746010 475
1746020 475
1746030 475
1746040 475
1746050 474
1746060 474
1746070 474
1746080 474
1746090 474
1746100 474
1746110 473
1746120 473
1746130 473
1746140 473
1746150 473
1746160 473
1746170 472
1746180 472
1746190 471
1746200 471
1746210 471
1746220 471
1746230 471
1746240 471
1746250 470
1746260 470
1746270 470
1746280 470
1746290 470
1746300 470
1746310 470
1746320 470
1746330 470
1746340 470
1746350 470
1746360 470
1746370 470
1746380 470
1746390 470
1746400 470
1746410 470
1746420 470
1746430 470
1746440 470
1746450 471
1746460 471
1746470 471
1746480 471
1746490 471
1746500 471
1746510 471
1746520 472
1746530 472
1746540 473
1746550 474
1746560 474
1746570 474
1746580 475
1746590 475
1746600 475
1746610 476
1746620 476
1746630 476
1746640 477
1746650 477
1746660 478
1746670 478
1746680 478
1746690 479
1746700 479
1746710 479
1746720 480
1746730 480
1746740 480
1746750 481
1746760 481
1746770 481
1746780 481
1746790 482
1746800 482
1746810 482
1746820 482
1746830 482
1746840 482
1746850 482
1746860 483
1746870 483
1746880 483
1746890 483
1746900 483
1746910 483
1746920 483
1746930 483
1746940 483
1746950 483
1746960 483
1746970 483
1746980 483
1746990 483
1747000 482
1747010 482
1747020 482
1747030 482
1747040 482
1747050 482
1747060 482
1747070 481
1747080 481
1747090 481
1747100 481
1747110 481
1747120 480
1747130 480
1747140 480
1747150 480
1747160 480
1747170 480
1747180 479
1747190 479
1747200 479
1747210 479
1747220 479
1747230 479
1747240 478
1747250 478
1747260 478
1747270 478
1747280 478
1747290 478
1747300 478
1747310 478
1747320 478
1747330 478
1747340 478
1747350 478
1747360 478
1747370 478
1747380 478
1747390 478
1747400 478
1747410 478
1747420 478
1747430 478
1747440 478
1747450 478
1747460 478
1747470 478
1747480 478
1747490 478
1747500 478
1747510 478
1747520 477
1747530 477
1747540 477
1747550 477
1747560 477
1747570 476
1747580 476
1747590 476
1747600 476
1747610 475
1747620 475
1747630 475
1747640 475
1747650 475
1747660 474
1747670 474
1747680 473
1747690 473
1747700 473
1747710 473
1747720 472
1747730 472
1747740 472
1747750 472
1747760 471
1747770 471
1747780 471
1747790 471
1747800 471
1747810 470
1747820 470
1747830 470
1747840 470
1747850 470
1747860 469
1747870 469
1747880 469
1747890 469
1747900 468
1747910 468
1747920 468
1747930 468
1747940 467
1747950 467
1747960 467
1747970 467
1747980 466
1747990 466
1748000 466
1748010 466
1748020 466
1748030 465
1748040 465
1748050 465
1748060 465
1748070 465
1748080 465
1748090 465
1748100 464
1748110 464
1748120 464
1748130 464
1748140 464
1748150 464
1748160 464
1748170 464
1748180 463
1748190 463
1748200 463
1748210 463
1748220 463
1748230 463
1748240 463
1748250 463
1748260 463
1748270 463
1748280 463
1748290 463
1748300 463
1748310 464
1748320 464
1748330 464
1748340 465
1748350 465
1748360 466
1748370 466
1748380 466
1748390 467
1748400 467
1748410 467
1748420 468
1748430 468
1748440 468
1748450 468
1748460 468
1748470 468
1748480 468
1748490 468
1748500 468
1748510 469
1748520 469
1748530 469
1748540 469
1748550 469
1748560 469
1748570 469
1748580 469
1748590 469
1748600 469
1748610 469
1748620 469
1748630 468
1748640 468
1748650 468
1748660 468
1748670 468
1748680 467
1748690 467
1748700 467
1748710 467
1748720 467
1748730 467
1748740 467
1748750 467
1748760 467
1748770 467
1748780 467
1748790 467
1748800 467
1748810 467
1748820 467
1748830 467
1748840 467
1748850 467
1748860 467
1748870 467
1748880 467
1748890 467
1748900 467
1748910 467
1748920 467
1748930 467
1748940 468
1748950 468
1748960 468
1748970 468
1748980 469
1748990 469
1749000 469
1749010 469
1749020 469
1749030 470
1749040 470
1749050 471
1749060 471
1749070 471
1749080 472
1749090 472
1749100 472
1749110 472
1749120 473
1749130 473
1749140 473
1749150 473
1749160 474
1749170 474
1749180 474
1749190 474
1749200 474
1749210 474
1749220 474
1749230 474
1749240 474
1749250 474
1749260 474
1749270 474
1749280 474
1749290 474
1749300 474
1749310 474
1749320 473
1749330 473
1749340 473
1749350 473
1749360 473
1749370 473
1749380 472
1749390 472
1749400 472
1749410 472
1749420 472
1749430 472
1749440 472
1749450 472
1749460 472
1749470 472
1749480 472
1749490 472
1749500 473
1749510 473
1749520 473
1749530 473
1749540 474
1749550 474
1749560 474
1749570 474
1749580 475
1749590 475
1749600 475
1749610 476
1749620 476
1749630 476
1749640 477
1749650 477
1749660 477
1749670 478
1749680 478
1749690 479
1749700 479
1749710 479
1749720 479
1749730 480
1749740 480
1749750 480
1749760 480
1749770 481
1749780 481
1749790 481
1749800 481
1749810 482
1749820 482
1749830 482
1749840 483
1749850 483
1749860 483
1749870 483
1749880 483
1749890 484
1749900 484
1749910 484
1749920 484
1749930 484
1749940 485
1749950 485
1749960 485
1749970 485
1749980 485
1749990 486
1750000 486
1750010 486
1750020 486
1750030 486
1750040 486
1750050 486
1750060 487
1750070 487
1750080 487
1750090 487
1750100 487
1750110 487
1750120 487
1750130 487
1750140 488
1750150 488
1750160 488
1750170 488
1750180 488
1750190 488
1750200 488
1750210 488
1750220 488
1750230 487
1750240 487
1750250 487
1750260 487
1750270 487
1750280 487
1750290 487
1750300 486
1750310 486
1750320 486
1750330 486
1750340 486
1750350 486
1750360 486
1750370 486
1750380 486
1750390 485
1750400 485
1750410 485
1750420 485
1750430 485
1750440 485
1750450 485
1750460 485
1750470 485
1750480 485
1750490 485
1750500 486
1750510 486
1750520 486
1750530 486
1750540 486
1750550 486
1750560 487
1750570 487
1750580 487
1750590 487
1750600 487
1750610 488
1750620 488
1750630 488
1750640 488
1750650 488
1750660 488
1750670 488
1750680 488
1750690 489
1750700 489
1750710 489
1750720 489
1750730 489
1750740 489
1750750 489
1750760 489
1750770 489
1750780 488
1750790 488
1750800 488
1750810 488
1750820 488
1750830 488
1750840 488
1750850 487
1750860 487
1750870 487
1750880 487
1750890 487
1750900 487
1750910 487
1750920 487
1750930 487
1750940 487
1750950 487
1750960 486
1750970 486
1750980 485
1750990 485
1751000 485
1751010 484
1751020 484
1751030 484
1751040 483
1751050 483
1751060 482
1751070 482
1751080 481
1751090 481
1751100 480
1751110 480
1751120 479
1751130 479
1751140 479
1751150 479
1751160 479
1751170 478
1751180 478
1751190 478
1751200 477
1751210 477
1751220 476
1751230 476
1751240 475
1751250 475
1751260 475
1751270 474
1751280 474
1751290 473
1751300 473
1751310 473
1751320 474
1751330 476
1751340 478
1751350 480
1751360 483
1751370 485
1751380 487
1751390 489
1751400 490
1751410 491
1751420 492
1751430 493
1751440 494
1751450 495
1751460 496
1751470 497
1751480 498
1751490 498
1751500 499
1751510 500
1751520 500
1751530 501
1751540 501
1751550 502
1751560 502
1751570 502
1751580 503
1751590 503
1751600 503
1751610 503
1751620 504
1751630 504
1751640 504
1751650 504
1751660 504
1751670 504
1751680 504
1751690 504
1751700 504
1751710 504
1751720 504
1751730 504
1751740 504
1751750 504
1751760 504
1751770 504
1751780 504
1751790 504
1751800 504
1751810 504
1751820 504
1751830 504
1751840 504
1751850 505
1751860 505
1751870 505
1751880 505
1751890 505
1751900 505
1751910 505
1751920 505
1751930 505
1751940 505
1751950 505
1751960 505
1751970 505
1751980 505
1751990 505
1752000 505
1752010 505
1752020 505
1752030 505
1752040 504
1752050 504
1752060 504
1752070 504
1752080 504
1752090 504
1752100 504
1752110 504
1752120 503
1752130 503
1752140 503
1752150 503
1752160 503
1752170 502
1752180 502
1752190 502
1752200 502
1752210 501
1752220 501
1752230 501
1752240 501
1752250 501
1752260 500
1752270 500
1752280 500
1752290 500
1752300 499
1752310 499
1752320 499
1752330 499
1752340 498
1752350 498
1752360 498
1752370 498
1752380 497
1752390 497
1752400 497
1752410 496
1752420 496
1752430 496
1752440 496
1752450 496
1752460 495
1752470 495
1752480 495
1752490 495
1752500 495
1752510 495
1752520 494
1752530 494
1752540 494
1752550 494
1752560 494
1752570 494
1752580 494
1752590 494
1752600 494
1752610 494
1752620 494
1752630 494
1752640 493
1752650 493
1752660 493
1752670 493
1752680 493
1752690 492
1752700 492
1752710 492
1752720 492
1752730 492
1752740 492
1752750 492
1752760 492
1752770 492
1752780 491
1752790 491
1752800 491
1752810 491
1752820 491
1752830 491
1752840 491
1752850 491
1752860 491
1752870 491
1752880 491
1752890 491
1752900 491
1752910 490
1752920 490
1752930 490
1752940 490
1752950 490
1752960 490
1752970 490
1752980 490
1752990 490
1753000 490
1753010 490
1753020 490
1753030 490
1753040 490
1753050 490
1753060 490
1753070 490
1753080 491
1753090 490
1753100 490
1753110 490
1753120 490
1753130 490
1753140 490
1753150 490
1753160 490
1753170 490
1753180 490
1753190 490
1753200 489
1753210 489
1753220 489
1753230 489
1753240 489
1753250 489
1753260 489
1753270 489
1753280 489
1753290 489
1753300 489
1753310 489
1753320 488
1753330 488
1753340 488
1753350 488
1753360 488
1753370 488
1753380 488
1753390 487
1753400 487
1753410 487
1753420 487
1753430 487
1753440 487
1753450 487
1753460 486
1753470 486
1753480 486
1753490 486
1753500 486
1753510 486
1753520 486
1753530 486
1753540 486
1753550 485
1753560 485
1753570 485
1753580 485
1753590 485
1753600 485
1753610 485
1753620 484
1753630 484
1753640 484
1753650 484
1753660 483
1753670 483
1753680 483
1753690 483
1753700 482
1753710 482
1753720 481
1753730 481
1753740 481
1753750 480
1753760 480
1753770 480
1753780 480
1753790 480
1753800 479
1753810 479
1753820 479
1753830 479
1753840 479
1753850 478
1753860 478
1753870 478
1753880 478
1753890 478
1753900 478
1753910 478
1753920 478
1753930 478
1753940 478
1753950 478
1753960 478
1753970 478
1753980 478
1753990 478
1754000 478
1754010 478
1754020 478
1754030 478
1754040 477
1754050 477
1754060 477
1754070 476
1754080 476
1754090 476
1754100 476
1754110 476
1754120 476
1754130 476
1754140 476
1754150 476
1754160 476
1754170 476
1754180 476
1754190 476
1754200 475
1754210 474
1754220 475
1754230 475
1754240 476
1754250 476
1754260 476
1754270 476
1754280 476
1754290 476
1754300 476
1754310 476
1754320 476
1754330 476
1754340 476
1754350 476
1754360 476
1754370 475
1754380 475
1754390 475
1754400 475
1754410 475
1754420 475
1754430 474
1754440 474
1754450 474
1754460 474
1754470 474
1754480 474
1754490 474
1754500 474
1754510 474
1754520 474
1754530 474
1754540 474
1754550 474
1754560 474
1754570 474
1754580 474
1754590 474
1754600 474
1754610 474
1754620 473
1754630 473
1754640 473
1754650 473
1754660 473
1754670 473
1754680 473
1754690 473
1754700 473
1754710 473
1754720 473
1754730 473
1754740 473
1754750 472
1754760 472
1754770 472
1754780 472
1754790 471
1754800 471
1754810 470
1754820 470
1754830 470
1754840 469
1754850 469
1754860 469
1754870 469
1754880 470
1754890 471
1754900 471
1754910 472
1754920 472
1754930 473
1754940 473
1754950 473
1754960 474
1754970 474
1754980 474
1754990 475
1755000 475
1755010 475
1755020 476
1755030 476
1755040 477
1755050 477
1755060 478
1755070 478
1755080 479
1755090 479
1755100 479
1755110 480
1755120 480
1755130 481
1755140 481
1755150 482
1755160 482
1755170 482
1755180 483
1755190 483
1755200 483
1755210 484
1755220 484
1755230 484
1755240 485
1755250 485
1755260 485
1755270 486
1755280 486
1755290 486
1755300 487
1755310 487
1755320 487
1755330 487
1755340 488
1755350 488
1755360 488
1755370 488
1755380 489
1755390 489
1755400 489
1755410 489
1755420 489
1755430 489
1755440 489
1755450 489
1755460 489
1755470 489
1755480 489
1755490 489
1755500 489
1755510 489
1755520 489
1755530 489
1755540 489
1755550 489
1755560 489
1755570 489
1755580 488
1755590 488
1755600 488
1755610 488
1755620 488
1755630 488
1755640 488
1755650 487
1755660 487
1755670 487
1755680 487
1755690 487
1755700 487
1755710 486
1755720 486
1755730 486
1755740 486
1755750 486
1755760 485
1755770 485
1755780 485
1755790 485
1755800 484
1755810 484
1755820 484
1755830 483
1755840 483
1755850 483
1755860 482
1755870 482
1755880 482
1755890 481
1755900 481
1755910 481
1755920 480
1755930 480
1755940 480
1755950 479
1755960 479
1755970 479
1755980 478
1755990 478
1756000 478
1756010 477
1756020 477
1756030 477
1756040 476
1756050 476
1756060 475
1756070 475
1756080 475
1756090 474
1756100 474
1756110 474
1756120 473
1756130 473
1756140 473
1756150 472
1756160 472
1756170 472
1756180 471
1756190 471
1756200 470
1756210 470
1756220 470
1756230 469
1756240 469
1756250 469
1756260 468
1756270 468
1756280 467
1756290 467
1756300 467
1756310 466
1756320 466
1756330 466
1756340 465
1756350 465
1756360 465
1756370 464
1756380 464
1756390 464
1756400 463
1756410 463
1756420 463
1756430 462
1756440 462
1756450 462
1756460 461
1756470 461
1756480 460
1756490 460
1756500 459
1756510 459
1756520 459
1756530 458
1756540 458
1756550 457
1756560 457
1756570 456
1756580 456
1756590 456
1756600 456
1756610 456
1756620 456
1756630 456
1756640 456
1756650 456
1756660 457
1756670 457
1756680 457
1756690 458
1756700 458
1756710 458
1756720 459
1756730 459
1756740 459
1756750 459
1756760 459
1756770 460
1756780 460
1756790 460
1756800 460
1756810 461
1756820 461
1756830 461
1756840 461
1756850 462
1756860 462
1756870 462
1756880 462
1756890 462
1756900 462
1756910 463
1756920 463
1756930 463
1756940 463
1756950 464
1756960 464
1756970 464
1756980 464
1756990 464
1757000 464
1757010 465
1757020 465
1757030 465
1757040 465
1757050 465
1757060 465
1757070 465
1757080 465
1757090 465
1757100 465
1757110 465
1757120 465
1757130 465
1757140 465
1757150 465
1757160 465
1757170 465
1757180 465
1757190 465
1757200 465
1757210 465
1757220 465
1757230 465
1757240 465
1757250 464
1757260 464
1757270 464
1757280 464
1757290 464
1757300 464
1757310 463
1757320 463
1757330 463
1757340 463
1757350 462
1757360 462
1757370 462
1757380 462
1757390 462
1757400 461
1757410 461
1757420 461
1757430 461
1757440 460
1757450 460
1757460 460
1757470 460
1757480 459
1757490 459
1757500 459
1757510 458
1757520 458
1757530 458
1757540 457
1757550 457
1757560 457
1757570 457
1757580 456
1757590 456
1757600 456
1757610 455
1757620 455
1757630 455
1757640 455
1757650 454
1757660 454
1757670 454
1757680 454
1757690 453
1757700 453
1757710 453
1757720 452
1757730 452
1757740 452
1757750 452
1757760 452
1757770 452
1757780 451
1757790 451
1757800 451
1757810 450
1757820 450
1757830 450
1757840 450
1757850 449
1757860 449
1757870 449
1757880 449
1757890 448
1757900 448
1757910 448
1757920 448
1757930 447
1757940 447
1757950 447
1757960 447
1757970 447
1757980 446
1757990 446
1758000 446
1758010 446
1758020 445
1758030 445
1758040 445
1758050 445
1758060 445
1758070 445
1758080 444
1758090 444
1758100 444
1758110 444
1758120 444
1758130 443
1758140 443
1758150 443
1758160 443
1758170 443
1758180 442
1758190 442
1758200 442
1758210 442
1758220 442
1758230 442
1758240 442
1758250 441
1758260 441
1758270 441
1758280 441
1758290 441
1758300 440
1758310 440
1758320 440
1758330 440
1758340 440
1758350 440
1758360 439
1758370 439
1758380 439
1758390 439
1758400 439
1758410 438
1758420 438
1758430 438
1758440 438
1758450 438
1758460 437
1758470 437
1758480 437
1758490 437
1758500 437
1758510 436
1758520 436
1758530 436
1758540 436
1758550 436
1758560 435
1758570 435
1758580 435
1758590 435
1758600 434
1758610 434
1758620 434
1758630 434
1758640 434
1758650 434
1758660 433
1758670 433
1758680 433
1758690 433
1758700 433
1758710 432
1758720 432
1758730 432
1758740 432
1758750 432
1758760 431
1758770 431
1758780 431
1758790 431
1758800 431
1758810 430
1758820 430
1758830 430
1758840 430
1758850 430
1758860 429
1758870 429
1758880 429
1758890 429
1758900 429
1758910 429
1758920 428
1758930 428
1758940 428
1758950 428
1758960 428
1758970 428
1758980 428
1758990 427
1759000 427
1759010 427
1759020 427
1759030 427
1759040 427
1759050 427
1759060 427
1759070 427
1759080 426
1759090 426
1759100 426
1759110 426
1759120 426
1759130 426
1759140 426
1759150 425
1759160 425
1759170 425
1759180 425
1759190 425
1759200 425
1759210 425
1759220 425
1759230 425
1759240 425
1759250 425
1759260 424
1759270 424
1759280 424
1759290 424
1759300 424
1759310 424
1759320 424
1759330 424
1759340 424
1759350 424
1759360 424
1759370 423
1759380 423
1759390 423
1759400 423
1759410 422
1759420 422
1759430 422
1759440 422
1759450 422
1759460 422
1759470 422
1759480 422
1759490 421
1759500 421
1759510 421
1759520 421
1759530 421
1759540 421
1759550 421
1759560 421
1759570 421
1759580 421
1759590 421
1759600 421
1759610 420
1759620 420
1759630 420
1759640 420
1759650 420
1759660 420
1759670 419
1759680 419
1759690 419
1759700 419
1759710 419
1759720 420
1759730 420
1759740 420
1759750 419
1759760 419
1759770 418
1759780 418
1759790 418
1759800 418
1759810 418
1759820 418
1759830 418
1759840 418
1759850 418
1759860 418
1759870 417
1759880 417
1759890 416
1759900 417
1759910 417
1759920 417
1759930 417
1759940 417
1759950 417
1759960 417
1759970 417
1759980 417
1759990 416
