1740000 499
1740010 498
1740020 498
1740030 498
1740040 498
1740050 498
1740060 498
1740070 497
1740080 497
1740090 497
1740100 497
1740110 497
1740120 497
1740130 496
1740140 496
1740150 496
1740160 496
1740170 496
1740180 496
1740190 495
1740200 495
1740210 495
1740220 495
1740230 494
1740240 494
1740250 494
1740260 494
1740270 494
1740280 494
1740290 494
1740300 493
1740310 493
1740320 493
1740330 493
1740340 493
1740350 493
1740360 493
1740370 493
1740380 492
1740390 492
1740400 492
1740410 492
1740420 492
1740430 492
1740440 492
1740450 492
1740460 492
1740470 492
1740480 492
1740490 493
1740500 493
1740510 493
1740520 493
1740530 493
1740540 493
1740550 493
1740560 493
1740570 493
1740580 493
1740590 493
1740600 493
1740610 493
1740620 493
1740630 493
1740640 493
1740650 493
1740660 493
1740670 493
1740680 493
1740690 493
1740700 493
1740710 493
1740720 493
1740730 493
1740740 493
1740750 493
1740760 493
1740770 493
1740780 492
1740790 492
1740800 492
1740810 492
1740820 493
1740830 493
1740840 493
1740850 493
1740860 493
1740870 492
1740880 492
1740890 492
1740900 492
1740910 492
1740920 492
1740930 492
1740940 492
1740950 492
1740960 492
1740970 492
1740980 492
1740990 491
1741000 491
1741010 491
1741020 491
1741030 491
1741040 491
1741050 491
1741060 491
1741070 491
1741080 491
1741090 490
1741100 490
1741110 490
1741120 490
1741130 490
1741140 490
1741150 490
1741160 490
1741170 490
1741180 490
1741190 490
1741200 490
1741210 490
1741220 490
1741230 490
1741240 489
1741250 489
1741260 489
1741270 490
1741280 489
1741290 489
1741300 489
1741310 489
1741320 489
1741330 489
1741340 489
1741350 489
1741360 489
1741370 489
1741380 489
1741390 490
1741400 490
1741410 490
1741420 490
1741430 490
1741440 490
1741450 490
1741460 490
1741470 490
1741480 490
1741490 490
1741500 490
1741510 490
1741520 490
1741530 490
1741540 489
1741550 489
1741560 489
1741570 489
1741580 489
1741590 489
1741600 489
1741610 489
1741620 488
1741630 488
1741640 488
1741650 488
1741660 488
1741670 488
1741680 488
1741690 488
1741700 488
1741710 488
1741720 487
1741730 487
1741740 487
1741750 487
1741760 487
1741770 487
1741780 487
1741790 487
1741800 487
1741810 487
1741820 486
1741830 486
1741840 486
1741850 486
1741860 486
1741870 486
1741880 486
1741890 486
1741900 485
1741910 485
1741920 485
1741930 485
1741940 485
1741950 485
1741960 485
1741970 484
1741980 484
1741990 484
1742000 484
1742010 484
1742020 483
1742030 483
1742040 483
1742050 483
1742060 482
1742070 482
1742080 482
1742090 482
1742100 481
1742110 480
1742120 480
1742130 479
1742140 478
1742150 477
1742160 476
1742170 475
1742180 474
1742190 473
1742200 472
1742210 471
1742220 470
1742230 469
1742240 468
1742250 467
1742260 466
1742270 465
1742280 464
1742290 463
1742300 463
1742310 463
1742320 463
1742330 463
1742340 463
1742350 463
1742360 463
1742370 463
1742380 463
1742390 463
1742400 463
1742410 463
1742420 464
1742430 464
1742440 466
1742450 469
1742460 472
1742470 474
1742480 477
1742490 479
1742500 482
1742510 483
1742520 484
1742530 485
1742540 486
1742550 487
1742560 487
1742570 488
1742580 489
1742590 489
1742600 490
1742610 490
1742620 491
1742630 491
1742640 491
1742650 492
1742660 492
1742670 492
1742680 493
1742690 493
1742700 493
1742710 493
1742720 493
1742730 493
1742740 493
1742750 493
1742760 493
1742770 493
1742780 493
1742790 493
1742800 492
1742810 492
1742820 492
1742830 492
1742840 491
1742850 491
1742860 490
1742870 490
1742880 490
1742890 489
1742900 489
1742910 488
1742920 488
1742930 487
1742940 487
1742950 487
1742960 486
1742970 485
1742980 485
1742990 484
1743000 484
1743010 483
1743020 483
1743030 483
1743040 482
1743050 482
1743060 482
1743070 481
1743080 480
1743090 480
1743100 479
1743110 479
1743120 479
1743130 478
1743140 478
1743150 478
1743160 478
1743170 478
1743180 477
1743190 477
1743200 476
1743210 476
1743220 476
1743230 476
1743240 475
1743250 475
1743260 475
1743270 475
1743280 475
1743290 475
1743300 475
1743310 475
1743320 475
1743330 475
1743340 475
1743350 475
1743360 475
1743370 475
1743380 475
1743390 475
1743400 475
1743410 475
1743420 475
1743430 475
1743440 475
1743450 475
1743460 475
1743470 475
1743480 475
1743490 475
1743500 475
1743510 475
1743520 475
1743530 475
1743540 475
1743550 475
1743560 475
1743570 475
1743580 476
1743590 476
1743600 476
1743610 476
1743620 476
1743630 477
1743640 477
1743650 478
1743660 478
1743670 478
1743680 478
1743690 479
1743700 479
1743710 480
1743720 480
1743730 481
1743740 481
1743750 481
1743760 482
1743770 483
1743780 483
1743790 484
1743800 484
1743810 485
1743820 486
1743830 486
1743840 486
1743850 487
1743860 487
1743870 488
1743880 489
1743890 489
1743900 490
1743910 490
1743920 491
1743930 491
1743940 492
1743950 492
1743960 493
1743970 493
1743980 494
1743990 495
1744000 495
1744010 495
1744020 496
1744030 496
1744040 497
1744050 497
1744060 497
1744070 498
1744080 498
1744090 499
1744100 499
1744110 499
1744120 500
1744130 500
1744140 500
1744150 501
1744160 501
1744170 501
1744180 501
1744190 501
1744200 502
1744210 502
1744220 502
1744230 502
1744240 502
1744250 503
1744260 503
1744270 503
1744280 503
1744290 503
1744300 504
1744310 504
1744320 504
1744330 504
1744340 504
1744350 504
1744360 504
1744370 505
1744380 505
1744390 505
1744400 505
1744410 505
1744420 505
1744430 506
1744440 506
1744450 506
1744460 506
1744470 506
1744480 506
1744490 506
1744500 506
1744510 507
1744520 507
1744530 507
1744540 507
1744550 507
1744560 507
1744570 507
1744580 507
1744590 507
1744600 507
1744610 507
1744620 507
1744630 506
1744640 506
1744650 506
1744660 506
1744670 506
1744680 507
1744690 507
1744700 507
1744710 507
1744720 507
1744730 507
1744740 507
1744750 507
1744760 507
1744770 507
1744780 507
1744790 507
1744800 507
1744810 507
1744820 507
1744830 506
1744840 506
1744850 506
1744860 506
1744870 506
1744880 506
1744890 506
1744900 505
1744910 505
1744920 505
1744930 505
1744940 505
1744950 505
1744960 506
1744970 506
1744980 506
1744990 506
1745000 506
1745010 506
1745020 506
1745030 506
1745040 506
1745050 506
1745060 506
1745070 506
1745080 506
1745090 506
1745100 506
1745110 506
1745120 506
1745130 507
1745140 507
1745150 507
1745160 507
1745170 507
1745180 508
1745190 508
1745200 508
1745210 508
1745220 509
1745230 509
1745240 509
1745250 509
1745260 510
1745270 510
1745280 510
1745290 511
1745300 511
1745310 511
1745320 512
1745330 512
1745340 512
1745350 512
1745360 512
1745370 512
1745380 512
1745390 512
1745400 512
1745410 511
1745420 511
1745430 512
1745440 512
1745450 512
1745460 512
1745470 511
1745480 511
1745490 511
1745500 511
1745510 510
1745520 510
1745530 510
1745540 509
1745550 509
1745560 509
1745570 508
1745580 508
1745590 508
1745600 507
1745610 507
1745620 506
1745630 506
1745640 505
1745650 505
1745660 504
1745670 503
1745680 503
1745690 502
1745700 501
1745710 500
1745720 500
1745730 499
1745740 498
1745750 498
1745760 497
1745770 497
1745780 496
1745790 495
1745800 495
1745810 494
1745820 494
1745830 493
1745840 493
1745850 492
1745860 492
1745870 492
1745880 491
1745890 491
1745900 491
1745910 490
1745920 490
1745930 490
1745940 490
1745950 490
1745960 489
1745970 489
1745980 489
1745990 489
1746000 488
1746010 488
1746020 488
1746030 488
1746040 487
1746050 487
1746060 487
1746070 487
1746080 487
1746090 487
1746100 486
1746110 486
1746120 486
1746130 486
1746140 486
1746150 486
1746160 486
1746170 486
1746180 486
1746190 486
1746200 487
1746210 487
1746220 487
1746230 487
1746240 487
1746250 487
1746260 487
1746270 487
1746280 487
1746290 487
1746300 487
1746310 487
1746320 487
1746330 487
1746340 486
1746350 486
1746360 486
1746370 486
1746380 486
1746390 486
1746400 486
1746410 486
1746420 485
1746430 485
1746440 485
1746450 486
1746460 486
1746470 486
1746480 486
1746490 486
1746500 486
1746510 486
1746520 487
1746530 487
1746540 487
1746550 487
1746560 487
1746570 487
1746580 487
1746590 488
1746600 488
1746610 488
1746620 488
1746630 488
1746640 488
1746650 488
1746660 489
1746670 489
1746680 489
1746690 489
1746700 489
1746710 489
1746720 489
1746730 489
1746740 489
1746750 489
1746760 489
1746770 489
1746780 489
1746790 489
1746800 490
1746810 490
1746820 490
1746830 490
1746840 490
1746850 490
1746860 490
1746870 490
1746880 491
1746890 490
1746900 490
1746910 491
1746920 491
1746930 491
1746940 491
1746950 491
1746960 491
1746970 491
1746980 491
1746990 491
1747000 491
1747010 491
1747020 491
1747030 491
1747040 491
1747050 491
1747060 492
1747070 492
1747080 492
1747090 491
1747100 491
1747110 491
1747120 491
1747130 491
1747140 491
1747150 491
1747160 491
1747170 491
1747180 491
1747190 491
1747200 490
1747210 490
1747220 490
1747230 490
1747240 490
1747250 489
1747260 489
1747270 489
1747280 488
1747290 488
1747300 488
1747310 487
1747320 487
1747330 486
1747340 486
1747350 486
1747360 485
1747370 485
1747380 484
1747390 484
1747400 483
1747410 483
1747420 483
1747430 482
1747440 482
1747450 481
1747460 480
1747470 480
1747480 479
1747490 479
1747500 479
1747510 478
1747520 477
1747530 477
1747540 476
1747550 476
1747560 475
1747570 475
1747580 474
1747590 474
1747600 473
1747610 473
1747620 472
1747630 472
1747640 471
1747650 471
1747660 471
1747670 470
1747680 470
1747690 469
1747700 469
1747710 469
1747720 469
1747730 468
1747740 468
1747750 468
1747760 468
1747770 468
1747780 468
1747790 467
1747800 467
1747810 467
1747820 467
1747830 467
1747840 467
1747850 466
1747860 466
1747870 466
1747880 466
1747890 466
1747900 466
1747910 466
1747920 465
1747930 465
1747940 465
1747950 465
1747960 465
1747970 465
1747980 465
1747990 465
1748000 465
1748010 465
1748020 464
1748030 464
1748040 464
1748050 464
1748060 464
1748070 464
1748080 464
1748090 464
1748100 464
1748110 464
1748120 464
1748130 464
1748140 464
1748150 464
1748160 464
1748170 464
1748180 464
1748190 464
1748200 464
1748210 464
1748220 464
1748230 464
1748240 464
1748250 464
1748260 464
1748270 464
1748280 464
1748290 464
1748300 464
1748310 464
1748320 463
1748330 463
1748340 463
1748350 463
1748360 463
1748370 463
1748380 463
1748390 462
1748400 462
1748410 462
1748420 462
1748430 462
1748440 461
1748450 461
1748460 461
1748470 461
1748480 461
1748490 461
1748500 460
1748510 460
1748520 460
1748530 460
1748540 460
1748550 459
1748560 459
1748570 459
1748580 459
1748590 458
1748600 458
1748610 458
1748620 458
1748630 458
1748640 457
1748650 457
1748660 457
1748670 457
1748680 457
1748690 457
1748700 456
1748710 456
1748720 456
1748730 456
1748740 456
1748750 456
1748760 455
1748770 455
1748780 455
1748790 455
1748800 455
1748810 455
1748820 455
1748830 455
1748840 455
1748850 455
1748860 455
1748870 455
1748880 454
1748890 454
1748900 454
1748910 454
1748920 454
1748930 454
1748940 454
1748950 454
1748960 454
1748970 454
1748980 454
1748990 453
1749000 453
1749010 453
1749020 453
1749030 453
1749040 453
1749050 453
1749060 454
1749070 454
1749080 453
1749090 453
1749100 453
1749110 453
1749120 452
1749130 452
1749140 452
1749150 452
1749160 452
1749170 452
1749180 452
1749190 452
1749200 452
1749210 452
1749220 452
1749230 452
1749240 452
1749250 452
1749260 452
1749270 452
1749280 452
1749290 453
1749300 453
1749310 453
1749320 453
1749330 453
1749340 453
1749350 453
1749360 453
1749370 453
1749380 453
1749390 453
1749400 453
1749410 453
1749420 452
1749430 452
1749440 452
1749450 452
1749460 452
1749470 452
1749480 452
1749490 451
1749500 451
1749510 451
1749520 450
1749530 449
1749540 448
1749550 448
1749560 447
1749570 446
1749580 445
1749590 444
1749600 444
1749610 443
1749620 443
1749630 443
1749640 443
1749650 443
1749660 442
1749670 442
1749680 441
1749690 441
1749700 442
1749710 442
1749720 444
1749730 445
1749740 448
1749750 450
1749760 452
1749770 454
1749780 455
1749790 455
1749800 455
1749810 455
1749820 455
1749830 455
1749840 454
1749850 454
1749860 454
1749870 454
1749880 454
1749890 454
1749900 453
1749910 453
1749920 453
1749930 453
1749940 453
1749950 452
1749960 452
1749970 452
1749980 452
1749990 451
1750000 451
1750010 451
1750020 451
1750030 451
1750040 451
1750050 451
1750060 451
1750070 451
1750080 451
1750090 451
1750100 451
1750110 451
1750120 451
1750130 451
1750140 451
1750150 451
1750160 451
1750170 452
1750180 452
1750190 452
1750200 452
1750210 452
1750220 452
1750230 452
1750240 453
1750250 453
1750260 453
1750270 453
1750280 453
1750290 454
1750300 454
1750310 454
1750320 454
1750330 455
1750340 455
1750350 456
1750360 456
1750370 457
1750380 458
1750390 458
1750400 459
1750410 459
1750420 459
1750430 460
1750440 460
1750450 460
1750460 460
1750470 460
1750480 460
1750490 460
1750500 460
1750510 460
1750520 459
1750530 459
1750540 459
1750550 459
1750560 458
1750570 458
1750580 458
1750590 458
1750600 458
1750610 457
1750620 457
1750630 457
1750640 457
1750650 457
1750660 457
1750670 457
1750680 456
1750690 456
1750700 456
1750710 456
1750720 456
1750730 456
1750740 456
1750750 456
1750760 457
1750770 457
1750780 457
1750790 457
1750800 457
1750810 457
1750820 457
1750830 457
1750840 457
1750850 457
1750860 457
1750870 457
1750880 458
1750890 458
1750900 458
1750910 458
1750920 458
1750930 458
1750940 458
1750950 458
1750960 458
1750970 458
1750980 458
1750990 458
1751000 458
1751010 458
1751020 457
1751030 457
1751040 457
1751050 457
1751060 457
1751070 457
1751080 457
1751090 457
1751100 456
1751110 456
1751120 456
1751130 456
1751140 456
1751150 456
1751160 456
1751170 456
1751180 456
1751190 455
1751200 455
1751210 455
1751220 455
1751230 455
1751240 455
1751250 455
1751260 454
1751270 454
1751280 454
1751290 454
1751300 454
1751310 453
1751320 453
1751330 453
1751340 453
1751350 452
1751360 452
1751370 452
1751380 451
1751390 451
1751400 451
1751410 450
1751420 450
1751430 450
1751440 450
1751450 449
1751460 449
1751470 448
1751480 448
1751490 447
1751500 446
1751510 445
1751520 444
1751530 443
1751540 441
1751550 440
1751560 439
1751570 439
1751580 438
1751590 438
1751600 437
1751610 437
1751620 436
1751630 436
1751640 436
1751650 436
1751660 438
1751670 439
1751680 441
1751690 443
1751700 445
1751710 448
1751720 451
1751730 453
1751740 455
1751750 456
1751760 457
1751770 458
1751780 458
1751790 458
1751800 458
1751810 458
1751820 458
1751830 458
1751840 458
1751850 458
1751860 458
1751870 458
1751880 457
1751890 457
1751900 457
1751910 456
1751920 456
1751930 456
1751940 455
1751950 455
1751960 454
1751970 454
1751980 453
1751990 453
1752000 452
1752010 452
1752020 451
1752030 450
1752040 450
1752050 450
1752060 449
1752070 449
1752080 448
1752090 448
1752100 448
1752110 448
1752120 448
1752130 447
1752140 447
1752150 447
1752160 447
1752170 446
1752180 446
1752190 446
1752200 445
1752210 444
1752220 444
1752230 443
1752240 443
1752250 443
1752260 443
1752270 444
1752280 444
1752290 445
1752300 446
1752310 446
1752320 447
1752330 447
1752340 447
1752350 448
1752360 448
1752370 448
1752380 448
1752390 448
1752400 449
1752410 449
1752420 449
1752430 449
1752440 449
1752450 449
1752460 449
1752470 448
1752480 449
1752490 449
1752500 449
1752510 449
1752520 449
1752530 449
1752540 449
1752550 449
1752560 450
1752570 450
1752580 450
1752590 450
1752600 450
1752610 450
1752620 450
1752630 450
1752640 450
1752650 450
1752660 450
1752670 450
1752680 450
1752690 450
1752700 449
1752710 449
1752720 449
1752730 449
1752740 449
1752750 449
1752760 449
1752770 449
1752780 449
1752790 449
1752800 449
1752810 449
1752820 449
1752830 449
1752840 449
1752850 450
1752860 450
1752870 450
1752880 450
1752890 450
1752900 450
1752910 450
1752920 451
1752930 451
1752940 451
1752950 451
1752960 451
1752970 452
1752980 452
1752990 453
1753000 453
1753010 453
1753020 454
1753030 454
1753040 455
1753050 455
1753060 456
1753070 456
1753080 457
1753090 457
1753100 458
1753110 459
1753120 459
1753130 460
1753140 460
1753150 461
1753160 461
1753170 462
1753180 463
1753190 463
1753200 464
1753210 464
1753220 465
1753230 465
1753240 465
1753250 466
1753260 466
1753270 467
1753280 467
1753290 467
1753300 468
1753310 468
1753320 469
1753330 469
1753340 469
1753350 470
1753360 470
1753370 470
1753380 471
1753390 471
1753400 471
1753410 471
1753420 471
1753430 472
1753440 472
1753450 472
1753460 472
1753470 472
1753480 472
1753490 472
1753500 473
1753510 473
1753520 473
1753530 473
1753540 473
1753550 473
1753560 473
1753570 473
1753580 473
1753590 474
1753600 474
1753610 474
1753620 474
1753630 474
1753640 474
1753650 474
1753660 475
1753670 475
1753680 475
1753690 475
1753700 475
1753710 475
1753720 475
1753730 475
1753740 475
1753750 475
1753760 474
1753770 474
1753780 474
1753790 474
1753800 474
1753810 474
1753820 474
1753830 474
1753840 474
1753850 473
1753860 473
1753870 473
1753880 473
1753890 473
1753900 473
1753910 473
1753920 473
1753930 473
1753940 473
1753950 473
1753960 473
1753970 473
1753980 473
1753990 473
1754000 473
1754010 473
1754020 473
1754030 473
1754040 473
1754050 473
1754060 473
1754070 473
1754080 473
1754090 473
1754100 474
1754110 474
1754120 474
1754130 475
1754140 475
1754150 475
1754160 475
1754170 475
1754180 475
1754190 475
1754200 475
1754210 475
1754220 475
1754230 475
1754240 475
1754250 475
1754260 475
1754270 474
1754280 474
1754290 474
1754300 474
1754310 473
1754320 473
1754330 473
1754340 473
1754350 473
1754360 473
1754370 473
1754380 472
1754390 472
1754400 472
1754410 472
1754420 471
1754430 471
1754440 471
1754450 470
1754460 470
1754470 470
1754480 469
1754490 469
1754500 469
1754510 468
1754520 468
1754530 468
1754540 468
1754550 468
1754560 467
1754570 467
1754580 467
1754590 467
1754600 467
1754610 466
1754620 466
1754630 466
1754640 465
1754650 465
1754660 465
1754670 465
1754680 464
1754690 464
1754700 464
1754710 464
1754720 464
1754730 464
1754740 464
1754750 463
1754760 463
1754770 463
1754780 463
1754790 463
1754800 463
1754810 462
1754820 462
1754830 462
1754840 462
1754850 461
1754860 461
1754870 461
1754880 461
1754890 461
1754900 461
1754910 461
1754920 460
1754930 460
1754940 460
1754950 460
1754960 460
1754970 460
1754980 460
1754990 460
1755000 460
1755010 460
1755020 460
1755030 460
1755040 460
1755050 460
1755060 460
1755070 460
1755080 460
1755090 461
1755100 461
1755110 461
1755120 462
1755130 462
1755140 463
1755150 463
1755160 464
1755170 464
1755180 464
1755190 465
1755200 465
1755210 465
1755220 465
1755230 465
1755240 466
1755250 466
1755260 466
1755270 466
1755280 466
1755290 466
1755300 466
1755310 466
1755320 466
1755330 466
1755340 466
1755350 466
1755360 466
1755370 466
1755380 466
1755390 466
1755400 466
1755410 466
1755420 466
1755430 466
1755440 466
1755450 466
1755460 466
1755470 466
1755480 466
1755490 466
1755500 465
1755510 465
1755520 465
1755530 465
1755540 465
1755550 465
1755560 465
1755570 465
1755580 465
1755590 465
1755600 465
1755610 465
1755620 464
1755630 464
1755640 464
1755650 464
1755660 464
1755670 463
1755680 463
1755690 463
1755700 463
1755710 463
1755720 463
1755730 462
1755740 462
1755750 462
1755760 462
1755770 462
1755780 461
1755790 461
1755800 461
1755810 461
1755820 461
1755830 461
1755840 460
1755850 460
1755860 460
1755870 460
1755880 460
1755890 460
1755900 459
1755910 459
1755920 459
1755930 459
1755940 459
1755950 458
1755960 458
1755970 458
1755980 458
1755990 458
1756000 458
1756010 457
1756020 457
1756030 457
1756040 457
1756050 457
1756060 456
1756070 456
1756080 456
1756090 456
1756100 456
1756110 456
1756120 455
1756130 455
1756140 455
1756150 455
1756160 454
1756170 454
1756180 454
1756190 454
1756200 454
1756210 453
1756220 453
1756230 453
1756240 453
1756250 453
1756260 452
1756270 452
1756280 452
1756290 452
1756300 452
1756310 452
1756320 452
1756330 451
1756340 451
1756350 451
1756360 451
1756370 451
1756380 451
1756390 451
1756400 451
1756410 450
1756420 450
1756430 450
1756440 450
1756450 450
1756460 450
1756470 450
1756480 450
1756490 450
1756500 450
1756510 450
1756520 450
1756530 450
1756540 449
1756550 449
1756560 449
1756570 449
1756580 449
1756590 449
1756600 449
1756610 449
1756620 449
1756630 448
1756640 448
1756650 448
1756660 448
1756670 448
1756680 448
1756690 448
1756700 448
1756710 447
1756720 447
1756730 447
1756740 447
1756750 447
1756760 446
1756770 446
1756780 446
1756790 446
1756800 446
1756810 445
1756820 445
1756830 445
1756840 445
1756850 444
1756860 444
1756870 444
1756880 444
1756890 443
1756900 443
1756910 443
1756920 443
1756930 442
1756940 442
1756950 442
1756960 442
1756970 442
1756980 441
1756990 441
1757000 441
1757010 441
1757020 441
1757030 440
1757040 440
1757050 440
1757060 440
1757070 440
1757080 440
1757090 439
1757100 439
1757110 439
1757120 439
1757130 439
1757140 439
1757150 438
1757160 438
1757170 438
1757180 438
1757190 438
1757200 438
1757210 438
1757220 438
1757230 438
1757240 438
1757250 438
1757260 438
1757270 438
1757280 438
1757290 438
1757300 438
1757310 438
1757320 438
1757330 438
1757340 438
1757350 439
1757360 439
1757370 439
1757380 439
1757390 439
1757400 439
1757410 439
1757420 439
1757430 439
1757440 440
1757450 440
1757460 440
1757470 440
1757480 440
1757490 440
1757500 440
1757510 440
1757520 441
1757530 441
1757540 441
1757550 441
1757560 441
1757570 442
1757580 442
1757590 442
1757600 443
1757610 443
1757620 443
1757630 443
1757640 444
1757650 444
1757660 444
1757670 444
1757680 444
1757690 444
1757700 445
1757710 445
1757720 445
1757730 445
1757740 445
1757750 446
1757760 446
1757770 446
1757780 446
1757790 446
1757800 446
1757810 446
1757820 446
1757830 447
1757840 447
1757850 447
1757860 447
1757870 447
1757880 447
1757890 447
1757900 447
1757910 447
1757920 447
1757930 447
1757940 447
1757950 446
1757960 446
1757970 446
1757980 446
1757990 446
1758000 446
1758010 446
1758020 446
1758030 446
1758040 446
1758050 446
1758060 446
1758070 446
1758080 446
1758090 446
1758100 445
1758110 445
1758120 445
1758130 445
1758140 445
1758150 444
1758160 444
1758170 444
1758180 444
1758190 443
1758200 443
1758210 443
1758220 443
1758230 442
1758240 442
1758250 442
1758260 442
1758270 441
1758280 441
1758290 441
1758300 441
1758310 441
1758320 440
1758330 440
1758340 440
1758350 440
1758360 440
1758370 439
1758380 439
1758390 439
1758400 439
1758410 439
1758420 439
1758430 438
1758440 438
1758450 438
1758460 438
1758470 438
1758480 438
1758490 438
1758500 438
1758510 437
1758520 437
1758530 437
1758540 437
1758550 437
1758560 437
1758570 437
1758580 436
1758590 436
1758600 436
1758610 436
1758620 436
1758630 436
1758640 435
1758650 435
1758660 435
1758670 435
1758680 435
1758690 435
1758700 435
1758710 434
1758720 434
1758730 434
1758740 434
1758750 434
1758760 434
1758770 433
1758780 433
1758790 433
1758800 433
1758810 433
1758820 433
1758830 433
1758840 433
1758850 432
1758860 432
1758870 432
1758880 432
1758890 432
1758900 432
1758910 432
1758920 432
1758930 432
1758940 432
1758950 432
1758960 432
1758970 431
1758980 431
1758990 431
1759000 431
1759010 431
1759020 431
1759030 431
1759040 431
1759050 431
1759060 431
1759070 431
1759080 431
1759090 431
1759100 431
1759110 430
1759120 430
1759130 431
1759140 431
1759150 431
1759160 431
1759170 431
1759180 431
1759190 431
1759200 431
1759210 431
1759220 432
1759230 432
1759240 432
1759250 432
1759260 432
1759270 432
1759280 432
1759290 432
1759300 432
1759310 432
1759320 432
1759330 432
1759340 432
1759350 432
1759360 432
1759370 432
1759380 432
1759390 432
1759400 432
1759410 432
1759420 432
1759430 432
1759440 432
1759450 432
1759460 432
1759470 431
1759480 431
1759490 431
1759500 431
1759510 431
1759520 431
1759530 431
1759540 431
1759550 431
1759560 430
1759570 431
1759580 431
1759590 431
1759600 431
1759610 431
1759620 431
1759630 431
1759640 431
1759650 431
1759660 430
1759670 430
1759680 430
1759690 430
1759700 430
1759710 430
1759720 430
1759730 430
1759740 430
1759750 430
1759760 430
1759770 430
1759780 429
1759790 429
1759800 429
1759810 429
1759820 429
1759830 429
1759840 429
1759850 429
1759860 428
1759870 428
1759880 428
1759890 428
1759900 428
1759910 427
1759920 427
1759930 427
1759940 427
1759950 427
1759960 427
1759970 426
1759980 426
1759990 426
