1740000 453
1740010 452
1740020 451
1740030 451
1740040 451
1740050 450
1740060 450
1740070 450
1740080 449
1740090 449
1740100 448
1740110 448
1740120 447
1740130 447
1740140 447
1740150 446
1740160 445
1740170 443
1740180 444
1740190 444
1740200 443
1740210 443
1740220 443
1740230 443
1740240 443
1740250 443
1740260 444
1740270 444
1740280 443
1740290 443
1740300 443
1740310 443
1740320 443
1740330 443
1740340 444
1740350 446
1740360 448
1740370 451
1740380 453
1740390 455
1740400 457
1740410 458
1740420 460
1740430 461
1740440 463
1740450 464
1740460 465
1740470 466
1740480 467
1740490 468
1740500 469
1740510 469
1740520 470
1740530 471
1740540 471
1740550 471
1740560 472
1740570 472
1740580 472
1740590 472
1740600 472
1740610 472
1740620 472
1740630 472
1740640 473
1740650 473
1740660 473
1740670 473
1740680 473
1740690 473
1740700 473
1740710 473
1740720 473
1740730 472
1740740 472
1740750 472
1740760 472
1740770 472
1740780 472
1740790 471
1740800 471
1740810 471
1740820 471
1740830 471
1740840 471
1740850 470
1740860 470
1740870 469
1740880 469
1740890 469
1740900 468
1740910 468
1740920 468
1740930 467
1740940 467
1740950 467
1740960 466
1740970 466
1740980 466
1740990 465
1741000 465
1741010 465
1741020 464
1741030 464
1741040 464
1741050 463
1741060 463
1741070 463
1741080 462
1741090 462
1741100 462
1741110 461
1741120 461
1741130 460
1741140 460
1741150 460
1741160 459
1741170 459
1741180 459
1741190 458
1741200 458
1741210 457
1741220 457
1741230 456
1741240 456
1741250 455
1741260 455
1741270 454
1741280 454
1741290 453
1741300 452
1741310 451
1741320 451
1741330 450
1741340 449
1741350 447
1741360 446
1741370 446
1741380 445
1741390 444
1741400 443
1741410 442
1741420 442
1741430 441
1741440 442
1741450 443
1741460 444
1741470 445
1741480 447
1741490 449
1741500 451
1741510 452
1741520 453
1741530 453
1741540 453
1741550 453
1741560 453
1741570 453
1741580 453
1741590 453
1741600 453
1741610 453
1741620 453
1741630 453
1741640 452
1741650 452
1741660 452
1741670 452
1741680 452
1741690 452
1741700 451
1741710 451
1741720 450
1741730 450
1741740 450
1741750 450
1741760 449
1741770 449
1741780 448
1741790 448
1741800 447
1741810 447
1741820 447
1741830 446
1741840 446
1741850 446
1741860 446
1741870 446
1741880 445
1741890 445
1741900 445
1741910 445
1741920 444
1741930 444
1741940 444
1741950 443
1741960 443
1741970 443
1741980 442
1741990 442
1742000 442
1742010 441
1742020 441
1742030 441
1742040 440
1742050 440
1742060 440
1742070 440
1742080 439
1742090 439
1742100 439
1742110 439
1742120 438
1742130 438
1742140 437
1742150 437
1742160 436
1742170 434
1742180 434
1742190 434
1742200 434
1742210 434
1742220 434
1742230 434
1742240 434
1742250 434
1742260 434
1742270 434
1742280 435
1742290 436
1742300 437
1742310 438
1742320 438
1742330 439
1742340 439
1742350 440
1742360 440
1742370 440
1742380 441
1742390 441
1742400 441
1742410 441
1742420 441
1742430 441
1742440 441
1742450 441
1742460 440
1742470 440
1742480 440
1742490 441
1742500 441
1742510 441
1742520 441
1742530 441
1742540 441
1742550 441
1742560 441
1742570 440
1742580 440
1742590 440
1742600 440
1742610 440
1742620 440
1742630 440
1742640 441
1742650 441
1742660 441
1742670 442
1742680 442
1742690 442
1742700 443
1742710 443
1742720 443
1742730 444
1742740 444
1742750 444
1742760 445
1742770 445
1742780 445
1742790 445
1742800 445
1742810 446
1742820 446
1742830 446
1742840 446
1742850 446
1742860 447
1742870 447
1742880 447
1742890 448
1742900 448
1742910 449
1742920 449
1742930 449
1742940 450
1742950 450
1742960 451
1742970 451
1742980 451
1742990 452
1743000 452
1743010 453
1743020 453
1743030 453
1743040 454
1743050 454
1743060 455
1743070 455
1743080 455
1743090 456
1743100 456
1743110 457
1743120 457
1743130 458
1743140 458
1743150 459
1743160 459
1743170 459
1743180 459
1743190 460
1743200 460
1743210 460
1743220 461
1743230 461
1743240 461
1743250 461
1743260 462
1743270 462
1743280 462
1743290 463
1743300 463
1743310 463
1743320 463
1743330 464
1743340 464
1743350 464
1743360 464
1743370 465
1743380 465
1743390 465
1743400 465
1743410 466
1743420 466
1743430 466
1743440 466
1743450 466
1743460 466
1743470 467
1743480 466
1743490 466
1743500 466
1743510 466
1743520 466
1743530 466
1743540 466
1743550 466
1743560 466
1743570 466
1743580 466
1743590 466
1743600 466
1743610 465
1743620 465
1743630 465
1743640 465
1743650 465
1743660 465
1743670 465
1743680 465
1743690 465
1743700 466
1743710 466
1743720 466
1743730 466
1743740 466
1743750 466
1743760 467
1743770 467
1743780 467
1743790 467
1743800 468
1743810 468
1743820 468
1743830 469
1743840 469
1743850 469
1743860 469
1743870 470
1743880 470
1743890 470
1743900 471
1743910 471
1743920 471
1743930 472
1743940 472
1743950 472
1743960 472
1743970 473
1743980 473
1743990 473
1744000 473
1744010 474
1744020 474
1744030 474
1744040 474
1744050 474
1744060 474
1744070 474
1744080 474
1744090 474
1744100 474
1744110 474
1744120 474
1744130 474
1744140 474
1744150 474
1744160 474
1744170 474
1744180 474
1744190 474
1744200 474
1744210 474
1744220 474
1744230 473
1744240 473
1744250 473
1744260 473
1744270 473
1744280 473
1744290 473
1744300 472
1744310 472
1744320 472
1744330 472
1744340 472
1744350 472
1744360 472
1744370 472
1744380 472
1744390 471
1744400 471
1744410 471
1744420 471
1744430 471
1744440 471
1744450 471
1744460 470
1744470 470
1744480 470
1744490 470
1744500 470
1744510 470
1744520 470
1744530 469
1744540 469
1744550 469
1744560 468
1744570 468
1744580 468
1744590 468
1744600 467
1744610 467
1744620 467
1744630 467
1744640 467
1744650 467
1744660 467
1744670 467
1744680 467
1744690 467
1744700 467
1744710 467
1744720 467
1744730 467
1744740 467
1744750 468
1744760 468
1744770 468
1744780 468
1744790 468
1744800 469
1744810 469
1744820 469
1744830 470
1744840 470
1744850 470
1744860 471
1744870 471
1744880 472
1744890 472
1744900 472
1744910 472
1744920 473
1744930 473
1744940 473
1744950 474
1744960 474
1744970 475
1744980 475
1744990 476
1745000 476
1745010 477
1745020 477
1745030 478
1745040 478
1745050 479
1745060 479
1745070 480
1745080 480
1745090 480
1745100 481
1745110 481
1745120 481
1745130 482
1745140 482
1745150 482
1745160 483
1745170 483
1745180 484
1745190 484
1745200 484
1745210 485
1745220 485
1745230 485
1745240 485
1745250 486
1745260 486
1745270 486
1745280 486
1745290 487
1745300 487
1745310 487
1745320 487
1745330 487
1745340 487
1745350 487
1745360 487
1745370 487
1745380 488
1745390 488
1745400 488
1745410 488
1745420 488
1745430 488
1745440 488
1745450 488
1745460 488
1745470 488
1745480 488
1745490 488
1745500 488
1745510 488
1745520 488
1745530 488
1745540 488
1745550 488
1745560 487
1745570 487
1745580 487
1745590 487
1745600 487
1745610 487
1745620 487
1745630 487
1745640 487
1745650 486
1745660 486
1745670 486
1745680 486
1745690 486
1745700 486
1745710 485
1745720 485
1745730 485
1745740 485
1745750 485
1745760 484
1745770 484
1745780 484
1745790 484
1745800 484
1745810 483
1745820 483
1745830 483
1745840 483
1745850 483
1745860 482
1745870 482
1745880 482
1745890 482
1745900 482
1745910 481
1745920 481
1745930 481
1745940 481
1745950 481
1745960 481
1745970 481
1745980 480
1745990 480
1746000 480
1746010 480
1746020 480
1746030 480
1746040 480
1746050 479
1746060 479
1746070 479
1746080 479
1746090 479
1746100 479
1746110 479
1746120 479
1746130 479
1746140 479
1746150 478
1746160 478
1746170 478
1746180 478
1746190 478
1746200 478
1746210 478
1746220 478
1746230 478
1746240 478
1746250 478
1746260 478
1746270 477
1746280 477
1746290 477
1746300 477
1746310 477
1746320 477
1746330 477
1746340 477
1746350 477
1746360 477
1746370 477
1746380 477
1746390 477
1746400 477
1746410 477
1746420 477
1746430 477
1746440 477
1746450 477
1746460 477
1746470 478
1746480 478
1746490 478
1746500 478
1746510 478
1746520 478
1746530 478
1746540 478
1746550 478
1746560 478
1746570 478
1746580 478
1746590 479
1746600 479
1746610 479
1746620 479
1746630 479
1746640 479
1746650 479
1746660 479
1746670 479
1746680 479
1746690 480
1746700 480
1746710 480
1746720 480
1746730 480
1746740 480
1746750 480
1746760 480
1746770 480
1746780 480
1746790 480
1746800 480
1746810 481
1746820 481
1746830 481
1746840 481
1746850 481
1746860 481
1746870 481
1746880 481
1746890 481
1746900 480
1746910 480
1746920 480
1746930 480
1746940 480
1746950 480
1746960 480
1746970 480
1746980 480
1746990 480
1747000 480
1747010 480
1747020 480
1747030 480
1747040 480
1747050 480
1747060 480
1747070 480
1747080 480
1747090 479
1747100 479
1747110 479
1747120 479
1747130 479
1747140 479
1747150 479
1747160 479
1747170 479
1747180 479
1747190 479
1747200 478
1747210 478
1747220 478
1747230 478
1747240 478
1747250 478
1747260 478
1747270 478
1747280 477
1747290 477
1747300 477
1747310 477
1747320 477
1747330 477
1747340 477
1747350 476
1747360 476
1747370 476
1747380 476
1747390 476
1747400 476
1747410 475
1747420 475
1747430 475
1747440 475
1747450 475
1747460 475
1747470 474
1747480 474
1747490 474
1747500 474
1747510 474
1747520 474
1747530 474
1747540 474
1747550 474
1747560 474
1747570 474
1747580 474
1747590 474
1747600 473
1747610 473
1747620 473
1747630 473
1747640 473
1747650 473
1747660 473
1747670 472
1747680 472
1747690 472
1747700 472
1747710 472
1747720 472
1747730 472
1747740 472
1747750 472
1747760 472
1747770 472
1747780 472
1747790 472
1747800 472
1747810 472
1747820 472
1747830 472
1747840 472
1747850 472
1747860 472
1747870 473
1747880 473
1747890 473
1747900 473
1747910 473
1747920 473
1747930 473
1747940 473
1747950 473
1747960 473
1747970 473
1747980 474
1747990 474
1748000 474
1748010 474
1748020 474
1748030 474
1748040 474
1748050 475
1748060 475
1748070 475
1748080 475
1748090 475
1748100 476
1748110 476
1748120 476
1748130 476
1748140 477
1748150 477
1748160 477
1748170 477
1748180 477
1748190 477
1748200 477
1748210 477
1748220 477
1748230 478
1748240 478
1748250 478
1748260 478
1748270 478
1748280 478
1748290 478
1748300 478
1748310 478
1748320 478
1748330 478
1748340 478
1748350 478
1748360 478
1748370 478
1748380 478
1748390 478
1748400 478
1748410 478
1748420 478
1748430 477
1748440 477
1748450 477
1748460 477
1748470 477
1748480 477
1748490 477
1748500 477
1748510 477
1748520 477
1748530 477
1748540 476
1748550 476
1748560 476
1748570 476
1748580 476
1748590 476
1748600 476
1748610 475
1748620 475
1748630 475
1748640 475
1748650 475
1748660 475
1748670 475
1748680 475
1748690 475
1748700 475
1748710 475
1748720 475
1748730 475
1748740 475
1748750 475
1748760 475
1748770 475
1748780 475
1748790 475
1748800 475
1748810 475
1748820 475
1748830 475
1748840 475
1748850 475
1748860 475
1748870 475
1748880 476
1748890 476
1748900 476
1748910 476
1748920 476
1748930 476
1748940 477
1748950 477
1748960 477
1748970 477
1748980 478
1748990 478
1749000 478
1749010 478
1749020 478
1749030 479
1749040 479
1749050 479
1749060 479
1749070 479
1749080 480
1749090 480
1749100 480
1749110 480
1749120 480
1749130 481
1749140 481
1749150 481
1749160 481
1749170 482
1749180 482
1749190 482
1749200 482
1749210 482
1749220 483
1749230 483
1749240 483
1749250 483
1749260 484
1749270 484
1749280 484
1749290 484
1749300 485
1749310 485
1749320 485
1749330 485
1749340 485
1749350 485
1749360 486
1749370 486
1749380 486
1749390 486
1749400 486
1749410 486
1749420 487
1749430 487
1749440 487
1749450 487
1749460 487
1749470 487
1749480 487
1749490 488
1749500 488
1749510 488
1749520 488
1749530 488
1749540 488
1749550 488
1749560 487
1749570 487
1749580 487
1749590 487
1749600 486
1749610 486
1749620 485
1749630 485
1749640 484
1749650 483
1749660 481
1749670 480
1749680 479
1749690 477
1749700 476
1749710 476
1749720 475
1749730 475
1749740 475
1749750 476
1749760 477
1749770 478
1749780 479
1749790 480
1749800 481
1749810 481
1749820 481
1749830 481
1749840 481
1749850 481
1749860 481
1749870 480
1749880 480
1749890 480
1749900 480
1749910 480
1749920 479
1749930 479
1749940 479
1749950 479
1749960 479
1749970 479
1749980 479
1749990 478
1750000 478
1750010 478
1750020 478
1750030 477
1750040 477
1750050 477
1750060 477
1750070 477
1750080 476
1750090 476
1750100 476
1750110 476
1750120 476
1750130 475
1750140 475
1750150 474
1750160 474
1750170 474
1750180 473
1750190 473
1750200 473
1750210 473
1750220 473
1750230 473
1750240 473
1750250 472
1750260 472
1750270 472
1750280 472
1750290 472
1750300 472
1750310 472
1750320 472
1750330 472
1750340 472
1750350 472
1750360 472
1750370 473
1750380 473
1750390 473
1750400 474
1750410 474
1750420 474
1750430 474
1750440 475
1750450 475
1750460 475
1750470 476
1750480 476
1750490 477
1750500 477
1750510 477
1750520 477
1750530 478
1750540 478
1750550 478
1750560 478
1750570 479
1750580 479
1750590 479
1750600 479
1750610 480
1750620 480
1750630 480
1750640 480
1750650 481
1750660 481
1750670 481
1750680 482
1750690 482
1750700 482
1750710 483
1750720 483
1750730 483
1750740 483
1750750 483
1750760 483
1750770 483
1750780 483
1750790 483
1750800 483
1750810 483
1750820 483
1750830 483
1750840 483
1750850 483
1750860 483
1750870 482
1750880 482
1750890 482
1750900 482
1750910 481
1750920 481
1750930 480
1750940 480
1750950 479
1750960 479
1750970 478
1750980 478
1750990 477
1751000 477
1751010 476
1751020 475
1751030 474
1751040 473
1751050 472
1751060 471
1751070 470
1751080 469
1751090 468
1751100 466
1751110 465
1751120 463
1751130 461
1751140 460
1751150 458
1751160 457
1751170 456
1751180 455
1751190 453
1751200 452
1751210 451
1751220 450
1751230 449
1751240 448
1751250 447
1751260 445
1751270 444
1751280 443
1751290 442
1751300 442
1751310 442
1751320 442
1751330 442
1751340 443
1751350 443
1751360 444
1751370 445
1751380 447
1751390 449
1751400 451
1751410 452
1751420 454
1751430 455
1751440 457
1751450 458
1751460 459
1751470 460
1751480 461
1751490 462
1751500 464
1751510 464
1751520 466
1751530 466
1751540 467
1751550 468
1751560 469
1751570 469
1751580 470
1751590 470
1751600 471
1751610 471
1751620 472
1751630 472
1751640 472
1751650 472
1751660 472
1751670 473
1751680 473
1751690 474
1751700 474
1751710 475
1751720 476
1751730 476
1751740 477
1751750 478
1751760 479
1751770 479
1751780 480
1751790 481
1751800 481
1751810 482
1751820 482
1751830 482
1751840 483
1751850 484
1751860 484
1751870 484
1751880 484
1751890 485
1751900 485
1751910 486
1751920 486
1751930 486
1751940 486
1751950 486
1751960 487
1751970 487
1751980 487
1751990 486
1752000 486
1752010 486
1752020 486
1752030 485
1752040 485
1752050 484
1752060 484
1752070 483
1752080 483
1752090 483
1752100 482
1752110 482
1752120 481
1752130 481
1752140 480
1752150 480
1752160 479
1752170 479
1752180 478
1752190 478
1752200 477
1752210 476
1752220 475
1752230 475
1752240 475
1752250 474
1752260 474
1752270 473
1752280 473
1752290 472
1752300 472
1752310 472
1752320 472
1752330 471
1752340 470
1752350 470
1752360 469
1752370 469
1752380 468
1752390 467
1752400 466
1752410 464
1752420 462
1752430 460
1752440 458
1752450 457
1752460 456
1752470 456
1752480 455
1752490 454
1752500 452
1752510 451
1752520 451
1752530 450
1752540 449
1752550 448
1752560 447
1752570 447
1752580 446
1752590 445
1752600 443
1752610 442
1752620 441
1752630 441
1752640 440
1752650 439
1752660 439
1752670 439
1752680 439
1752690 438
1752700 437
1752710 437
1752720 437
1752730 438
1752740 438
1752750 438
1752760 438
1752770 439
1752780 438
1752790 438
1752800 438
1752810 437
1752820 437
1752830 437
1752840 436
1752850 436
1752860 435
1752870 435
1752880 434
1752890 434
1752900 434
1752910 433
1752920 433
1752930 432
1752940 432
1752950 431
1752960 431
1752970 430
1752980 430
1752990 429
1753000 429
1753010 429
1753020 429
1753030 428
1753040 428
1753050 428
1753060 427
1753070 428
1753080 428
1753090 427
1753100 426
1753110 425
1753120 425
1753130 425
1753140 425
1753150 425
1753160 426
1753170 427
1753180 427
1753190 428
1753200 428
1753210 428
1753220 429
1753230 430
1753240 431
1753250 432
1753260 433
1753270 433
1753280 434
1753290 435
1753300 435
1753310 436
1753320 436
1753330 437
1753340 437
1753350 437
1753360 438
1753370 438
1753380 439
1753390 439
1753400 439
1753410 440
1753420 440
1753430 440
1753440 440
1753450 440
1753460 440
1753470 440
1753480 440
1753490 440
1753500 440
1753510 440
1753520 440
1753530 440
1753540 439
1753550 439
1753560 438
1753570 438
1753580 438
1753590 437
1753600 437
1753610 437
1753620 436
1753630 436
1753640 436
1753650 435
1753660 435
1753670 435
1753680 435
1753690 435
1753700 435
1753710 435
1753720 435
1753730 435
1753740 435
1753750 435
1753760 435
1753770 436
1753780 436
1753790 436
1753800 436
1753810 437
1753820 437
1753830 437
1753840 437
1753850 438
1753860 438
1753870 438
1753880 438
1753890 438
1753900 439
1753910 439
1753920 439
1753930 439
1753940 439
1753950 439
1753960 439
1753970 440
1753980 440
1753990 440
1754000 440
1754010 440
1754020 441
1754030 441
1754040 441
1754050 441
1754060 441
1754070 441
1754080 441
1754090 441
1754100 441
1754110 441
1754120 442
1754130 442
1754140 442
1754150 442
1754160 442
1754170 442
1754180 442
1754190 442
1754200 442
1754210 442
1754220 442
1754230 441
1754240 441
1754250 441
1754260 441
1754270 441
1754280 441
1754290 441
1754300 441
1754310 440
1754320 440
1754330 440
1754340 440
1754350 440
1754360 439
1754370 439
1754380 439
1754390 439
1754400 438
1754410 438
1754420 437
1754430 437
1754440 436
1754450 436
1754460 435
1754470 434
1754480 434
1754490 433
1754500 433
1754510 433
1754520 433
1754530 434
1754540 435
1754550 435
1754560 436
1754570 436
1754580 437
1754590 437
1754600 437
1754610 438
1754620 438
1754630 438
1754640 438
1754650 438
1754660 438
1754670 438
1754680 438
1754690 438
1754700 439
1754710 439
1754720 438
1754730 438
1754740 438
1754750 438
1754760 438
1754770 438
1754780 437
1754790 437
1754800 437
1754810 437
1754820 437
1754830 437
1754840 436
1754850 436
1754860 436
1754870 436
1754880 436
1754890 436
1754900 436
1754910 436
1754920 436
1754930 436
1754940 436
1754950 436
1754960 436
1754970 436
1754980 436
1754990 436
1755000 436
1755010 436
1755020 436
1755030 436
1755040 436
1755050 436
1755060 436
1755070 436
1755080 436
1755090 436
1755100 436
1755110 436
1755120 436
1755130 436
1755140 436
1755150 436
1755160 436
1755170 436
1755180 436
1755190 436
1755200 436
1755210 436
1755220 436
1755230 436
1755240 436
1755250 436
1755260 436
1755270 435
1755280 435
1755290 435
1755300 435
1755310 435
1755320 435
1755330 435
1755340 435
1755350 435
1755360 435
1755370 435
1755380 434
1755390 434
1755400 434
1755410 433
1755420 433
1755430 432
1755440 430
1755450 429
1755460 428
1755470 427
1755480 426
1755490 425
1755500 424
1755510 423
1755520 423
1755530 422
1755540 423
1755550 423
1755560 424
1755570 425
1755580 428
1755590 431
1755600 435
1755610 438
1755620 440
1755630 442
1755640 443
1755650 443
1755660 444
1755670 445
1755680 445
1755690 445
1755700 446
1755710 446
1755720 447
1755730 447
1755740 447
1755750 447
1755760 447
1755770 447
1755780 447
1755790 446
1755800 446
1755810 446
1755820 445
1755830 445
1755840 444
1755850 444
1755860 443
1755870 443
1755880 442
1755890 441
1755900 441
1755910 440
1755920 439
1755930 438
1755940 438
1755950 439
1755960 440
1755970 441
1755980 442
1755990 443
1756000 444
1756010 444
1756020 445
1756030 446
1756040 447
1756050 447
1756060 448
1756070 449
1756080 450
1756090 450
1756100 451
1756110 451
1756120 452
1756130 453
1756140 453
1756150 454
1756160 454
1756170 455
1756180 455
1756190 455
1756200 456
1756210 456
1756220 457
1756230 457
1756240 457
1756250 458
1756260 458
1756270 459
1756280 459
1756290 459
1756300 460
1756310 460
1756320 461
1756330 461
1756340 461
1756350 462
1756360 462
1756370 462
1756380 463
1756390 463
1756400 463
1756410 463
1756420 464
1756430 464
1756440 464
1756450 464
1756460 464
1756470 465
1756480 465
1756490 465
1756500 465
1756510 465
1756520 465
1756530 465
1756540 465
1756550 465
1756560 465
1756570 465
1756580 465
1756590 465
1756600 464
1756610 464
1756620 464
1756630 464
1756640 464
1756650 464
1756660 464
1756670 464
1756680 463
1756690 463
1756700 463
1756710 463
1756720 463
1756730 462
1756740 462
1756750 462
1756760 462
1756770 462
1756780 461
1756790 461
1756800 461
1756810 461
1756820 460
1756830 460
1756840 460
1756850 459
1756860 459
1756870 459
1756880 458
1756890 458
1756900 457
1756910 457
1756920 457
1756930 456
1756940 456
1756950 455
1756960 454
1756970 454
1756980 453
1756990 452
1757000 451
1757010 450
1757020 449
1757030 448
1757040 447
1757050 446
1757060 445
1757070 444
1757080 443
1757090 442
1757100 441
1757110 440
1757120 439
1757130 438
1757140 436
1757150 435
1757160 434
1757170 433
1757180 431
1757190 430
1757200 429
1757210 429
1757220 429
1757230 430
1757240 432
1757250 434
1757260 435
1757270 437
1757280 438
1757290 439
1757300 440
1757310 441
1757320 442
1757330 443
1757340 444
1757350 444
1757360 445
1757370 445
1757380 446
1757390 446
1757400 446
1757410 447
1757420 447
1757430 447
1757440 448
1757450 448
1757460 448
1757470 448
1757480 448
1757490 448
1757500 449
1757510 449
1757520 449
1757530 449
1757540 449
1757550 449
1757560 449
1757570 449
1757580 449
1757590 449
1757600 449
1757610 449
1757620 448
1757630 448
1757640 448
1757650 448
1757660 448
1757670 448
1757680 447
1757690 447
1757700 447
1757710 447
1757720 446
1757730 446
1757740 445
1757750 445
1757760 445
1757770 444
1757780 444
1757790 444
1757800 443
1757810 443
1757820 442
1757830 442
1757840 442
1757850 441
1757860 441
1757870 441
1757880 440
1757890 440
1757900 439
1757910 439
1757920 438
1757930 437
1757940 437
1757950 436
1757960 435
1757970 434
1757980 433
1757990 432
1758000 430
1758010 429
1758020 427
1758030 427
1758040 428
1758050 429
1758060 431
1758070 433
1758080 435
1758090 436
1758100 436
1758110 437
1758120 437
1758130 438
1758140 438
1758150 439
1758160 439
1758170 439
1758180 439
1758190 439
1758200 439
1758210 440
1758220 440
1758230 440
1758240 439
1758250 439
1758260 439
1758270 439
1758280 439
1758290 439
1758300 439
1758310 438
1758320 438
1758330 438
1758340 437
1758350 437
1758360 437
1758370 437
1758380 436
1758390 436
1758400 436
1758410 436
1758420 435
1758430 435
1758440 434
1758450 434
1758460 434
1758470 434
1758480 434
1758490 433
1758500 433
1758510 433
1758520 433
1758530 432
1758540 432
1758550 432
1758560 431
1758570 431
1758580 431
1758590 430
1758600 430
1758610 430
1758620 430
1758630 429
1758640 429
1758650 429
1758660 429
1758670 428
1758680 428
1758690 428
1758700 428
1758710 427
1758720 427
1758730 427
1758740 426
1758750 426
1758760 426
1758770 425
1758780 425
1758790 425
1758800 424
1758810 424
1758820 424
1758830 423
1758840 423
1758850 422
1758860 422
1758870 422
1758880 421
1758890 421
1758900 420
1758910 420
1758920 420
1758930 419
1758940 419
1758950 419
1758960 419
1758970 419
1758980 419
1758990 418
1759000 418
1759010 418
1759020 418
1759030 418
1759040 417
1759050 417
1759060 417
1759070 417
1759080 416
1759090 416
1759100 416
1759110 417
1759120 417
1759130 416
1759140 416
1759150 416
1759160 417
1759170 417
1759180 417
1759190 417
1759200 416
1759210 416
1759220 416
1759230 416
1759240 416
1759250 416
1759260 416
1759270 416
1759280 416
1759290 416
1759300 415
1759310 415
1759320 415
1759330 415
1759340 415
1759350 415
1759360 415
1759370 415
1759380 415
1759390 415
1759400 415
1759410 414
1759420 414
1759430 414
1759440 414
1759450 414
1759460 414
1759470 413
1759480 413
1759490 413
1759500 413
1759510 412
1759520 412
1759530 412
1759540 412
1759550 411
1759560 411
1759570 411
1759580 410
1759590 410
1759600 410
1759610 409
1759620 409
1759630 408
1759640 408
1759650 407
1759660 407
1759670 406
1759680 406
1759690 405
1759700 405
1759710 404
1759720 404
1759730 403
1759740 402
1759750 400
1759760 398
1759770 396
1759780 393
1759790 391
1759800 389
1759810 388
1759820 386
1759830 385
1759840 385
1759850 385
1759860 385
1759870 385
1759880 385
1759890 385
1759900 385
1759910 385
1759920 385
1759930 385
1759940 385
1759950 385
1759960 385
1759970 385
1759980 386
1759990 386
