1740000 442
1740010 442
1740020 442
1740030 442
1740040 442
1740050 442
1740060 441
1740070 441
1740080 441
1740090 442
1740100 442
1740110 442
1740120 443
1740130 445
1740140 447
1740150 450
1740160 453
1740170 455
1740180 458
1740190 460
1740200 461
1740210 461
1740220 462
1740230 462
1740240 463
1740250 464
1740260 466
1740270 467
1740280 469
1740290 471
1740300 473
1740310 474
1740320 475
1740330 475
1740340 475
1740350 475
1740360 475
1740370 475
1740380 475
1740390 475
1740400 475
1740410 475
1740420 475
1740430 475
1740440 475
1740450 475
1740460 475
1740470 475
1740480 474
1740490 474
1740500 474
1740510 474
1740520 474
1740530 474
1740540 473
1740550 473
1740560 473
1740570 473
1740580 473
1740590 473
1740600 472
1740610 472
1740620 472
1740630 471
1740640 471
1740650 471
1740660 470
1740670 470
1740680 469
1740690 469
1740700 469
1740710 468
1740720 468
1740730 467
1740740 467
1740750 466
1740760 466
1740770 465
1740780 465
1740790 465
1740800 464
1740810 464
1740820 463
1740830 463
1740840 462
1740850 462
1740860 461
1740870 460
1740880 460
1740890 459
1740900 458
1740910 457
1740920 457
1740930 456
1740940 455
1740950 454
1740960 453
1740970 452
1740980 451
1740990 450
1741000 449
1741010 449
1741020 448
1741030 447
1741040 446
1741050 446
1741060 445
1741070 444
1741080 443
1741090 441
1741100 440
1741110 439
1741120 438
1741130 437
1741140 436
1741150 436
1741160 436
1741170 436
1741180 436
1741190 436
1741200 436
1741210 436
1741220 436
1741230 436
1741240 436
1741250 436
1741260 436
1741270 435
1741280 435
1741290 435
1741300 435
1741310 435
1741320 435
1741330 435
1741340 435
1741350 435
1741360 436
1741370 436
1741380 436
1741390 436
1741400 436
1741410 436
1741420 435
1741430 435
1741440 435
1741450 434
1741460 434
1741470 433
1741480 434
1741490 434
1741500 435
1741510 435
1741520 435
1741530 435
1741540 435
1741550 435
1741560 434
1741570 434
1741580 434
1741590 434
1741600 434
1741610 434
1741620 434
1741630 434
1741640 434
1741650 433
1741660 433
1741670 433
1741680 433
1741690 433
1741700 433
1741710 433
1741720 433
1741730 433
1741740 433
1741750 433
1741760 433
1741770 433
1741780 433
1741790 432
1741800 432
1741810 432
1741820 432
1741830 432
1741840 432
1741850 431
1741860 431
1741870 431
1741880 431
1741890 431
1741900 432
1741910 433
1741920 433
1741930 433
1741940 433
1741950 433
1741960 432
1741970 432
1741980 432
1741990 432
1742000 433
1742010 434
1742020 435
1742030 435
1742040 436
1742050 437
1742060 438
1742070 439
1742080 440
1742090 440
1742100 441
1742110 442
1742120 443
1742130 444
1742140 444
1742150 444
1742160 445
1742170 445
1742180 446
1742190 446
1742200 446
1742210 447
1742220 447
1742230 447
1742240 448
1742250 448
1742260 448
1742270 448
1742280 448
1742290 449
1742300 449
1742310 450
1742320 450
1742330 450
1742340 450
1742350 451
1742360 451
1742370 451
1742380 451
1742390 451
1742400 451
1742410 451
1742420 451
1742430 451
1742440 451
1742450 451
1742460 451
1742470 451
1742480 451
1742490 451
1742500 451
1742510 451
1742520 451
1742530 451
1742540 451
1742550 451
1742560 451
1742570 451
1742580 451
1742590 451
1742600 451
1742610 451
1742620 451
1742630 451
1742640 452
1742650 452
1742660 452
1742670 452
1742680 453
1742690 453
1742700 453
1742710 454
1742720 454
1742730 454
1742740 455
1742750 455
1742760 455
1742770 456
1742780 456
1742790 457
1742800 457
1742810 457
1742820 458
1742830 458
1742840 459
1742850 459
1742860 460
1742870 460
1742880 461
1742890 461
1742900 462
1742910 462
1742920 463
1742930 463
1742940 464
1742950 464
1742960 464
1742970 465
1742980 465
1742990 466
1743000 466
1743010 466
1743020 467
1743030 467
1743040 468
1743050 468
1743060 468
1743070 469
1743080 469
1743090 469
1743100 470
1743110 470
1743120 471
1743130 471
1743140 471
1743150 471
1743160 472
1743170 472
1743180 472
1743190 473
1743200 473
1743210 473
1743220 474
1743230 474
1743240 475
1743250 475
1743260 476
1743270 476
1743280 477
1743290 478
1743300 478
1743310 478
1743320 479
1743330 479
1743340 480
1743350 480
1743360 480
1743370 481
1743380 481
1743390 481
1743400 481
1743410 481
1743420 481
1743430 481
1743440 481
1743450 481
1743460 481
1743470 481
1743480 481
1743490 481
1743500 481
1743510 481
1743520 480
1743530 480
1743540 480
1743550 480
1743560 480
1743570 480
1743580 480
1743590 480
1743600 480
1743610 480
1743620 480
1743630 480
1743640 479
1743650 479
1743660 479
1743670 479
1743680 479
1743690 479
1743700 479
1743710 479
1743720 479
1743730 479
1743740 479
1743750 479
1743760 479
1743770 479
1743780 479
1743790 479
1743800 479
1743810 479
1743820 478
1743830 478
1743840 478
1743850 478
1743860 478
1743870 478
1743880 478
1743890 478
1743900 478
1743910 477
1743920 477
1743930 477
1743940 477
1743950 477
1743960 476
1743970 476
1743980 476
1743990 476
1744000 476
1744010 476
1744020 475
1744030 475
1744040 475
1744050 475
1744060 475
1744070 475
1744080 474
1744090 474
1744100 474
1744110 474
1744120 474
1744130 473
1744140 473
1744150 473
1744160 473
1744170 473
1744180 473
1744190 473
1744200 472
1744210 472
1744220 472
1744230 472
1744240 472
1744250 472
1744260 471
1744270 471
1744280 471
1744290 471
1744300 471
1744310 471
1744320 471
1744330 471
1744340 471
1744350 471
1744360 470
1744370 470
1744380 470
1744390 470
1744400 470
1744410 470
1744420 470
1744430 470
1744440 470
1744450 470
1744460 470
1744470 470
1744480 470
1744490 469
1744500 470
1744510 469
1744520 469
1744530 470
1744540 470
1744550 470
1744560 470
1744570 470
1744580 470
1744590 470
1744600 470
1744610 470
1744620 471
1744630 471
1744640 471
1744650 471
1744660 471
1744670 472
1744680 472
1744690 472
1744700 472
1744710 472
1744720 472
1744730 473
1744740 473
1744750 473
1744760 473
1744770 473
1744780 474
1744790 474
1744800 474
1744810 474
1744820 474
1744830 474
1744840 475
1744850 475
1744860 475
1744870 475
1744880 476
1744890 476
1744900 477
1744910 477
1744920 477
1744930 477
1744940 477
1744950 478
1744960 478
1744970 478
1744980 478
1744990 478
1745000 479
1745010 479
1745020 479
1745030 479
1745040 479
1745050 479
1745060 479
1745070 479
1745080 479
1745090 480
1745100 480
1745110 480
1745120 480
1745130 480
1745140 480
1745150 480
1745160 480
1745170 480
1745180 480
1745190 480
1745200 480
1745210 480
1745220 481
1745230 481
1745240 481
1745250 481
1745260 481
1745270 481
1745280 481
1745290 481
1745300 481
1745310 481
1745320 481
1745330 481
1745340 481
1745350 481
1745360 481
1745370 481
1745380 481
1745390 481
1745400 481
1745410 482
1745420 482
1745430 481
1745440 481
1745450 481
1745460 481
1745470 481
1745480 481
1745490 481
1745500 481
1745510 481
1745520 481
1745530 481
1745540 480
1745550 480
1745560 480
1745570 480
1745580 480
1745590 480
1745600 479
1745610 479
1745620 479
1745630 479
1745640 479
1745650 479
1745660 478
1745670 478
1745680 478
1745690 478
1745700 478
1745710 477
1745720 477
1745730 477
1745740 477
1745750 477
1745760 477
1745770 477
1745780 476
1745790 476
1745800 476
1745810 476
1745820 476
1745830 476
1745840 476
1745850 476
1745860 475
1745870 475
1745880 475
1745890 475
1745900 475
1745910 475
1745920 475
1745930 475
1745940 475
1745950 475
1745960 475
1745970 475
1745980 475
1745990 475
1746000 475
1746010 475
1746020 475
1746030 475
1746040 475
1746050 475
1746060 475
1746070 475
1746080 475
1746090 475
1746100 475
1746110 475
1746120 475
1746130 475
1746140 475
1746150 475
1746160 475
1746170 474
1746180 474
1746190 474
1746200 474
1746210 474
1746220 475
1746230 475
1746240 475
1746250 475
1746260 475
1746270 476
1746280 476
1746290 476
1746300 476
1746310 476
1746320 476
1746330 476
1746340 476
1746350 477
1746360 477
1746370 477
1746380 477
1746390 478
1746400 478
1746410 478
1746420 478
1746430 478
1746440 479
1746450 479
1746460 479
1746470 479
1746480 480
1746490 480
1746500 480
1746510 480
1746520 480
1746530 481
1746540 481
1746550 481
1746560 481
1746570 481
1746580 481
1746590 481
1746600 482
1746610 482
1746620 482
1746630 482
1746640 482
1746650 482
1746660 482
1746670 482
1746680 483
1746690 483
1746700 483
1746710 483
1746720 483
1746730 483
1746740 483
1746750 483
1746760 483
1746770 483
1746780 483
1746790 483
1746800 483
1746810 483
1746820 483
1746830 483
1746840 483
1746850 483
1746860 483
1746870 483
1746880 483
1746890 483
1746900 483
1746910 483
1746920 483
1746930 483
1746940 483
1746950 482
1746960 482
1746970 482
1746980 482
1746990 482
1747000 482
1747010 482
1747020 481
1747030 481
1747040 481
1747050 481
1747060 481
1747070 481
1747080 481
1747090 480
1747100 480
1747110 480
1747120 480
1747130 480
1747140 480
1747150 479
1747160 479
1747170 479
1747180 479
1747190 479
1747200 478
1747210 478
1747220 478
1747230 478
1747240 478
1747250 477
1747260 477
1747270 477
1747280 477
1747290 477
1747300 477
1747310 476
1747320 476
1747330 476
1747340 476
1747350 476
1747360 476
1747370 476
1747380 476
1747390 476
1747400 475
1747410 475
1747420 475
1747430 475
1747440 475
1747450 475
1747460 474
1747470 474
1747480 474
1747490 473
1747500 473
1747510 473
1747520 473
1747530 473
1747540 473
1747550 472
1747560 472
1747570 472
1747580 472
1747590 472
1747600 472
1747610 472
1747620 472
1747630 471
1747640 471
1747650 471
1747660 471
1747670 471
1747680 471
1747690 471
1747700 471
1747710 470
1747720 470
1747730 470
1747740 470
1747750 470
1747760 470
1747770 470
1747780 470
1747790 470
1747800 470
1747810 469
1747820 469
1747830 469
1747840 469
1747850 469
1747860 469
1747870 469
1747880 469
1747890 469
1747900 468
1747910 468
1747920 468
1747930 468
1747940 468
1747950 468
1747960 468
1747970 468
1747980 468
1747990 468
1748000 468
1748010 468
1748020 468
1748030 468
1748040 468
1748050 468
1748060 468
1748070 468
1748080 468
1748090 468
1748100 468
1748110 468
1748120 468
1748130 468
1748140 468
1748150 468
1748160 468
1748170 468
1748180 468
1748190 468
1748200 468
1748210 468
1748220 468
1748230 468
1748240 468
1748250 468
1748260 468
1748270 468
1748280 467
1748290 467
1748300 467
1748310 467
1748320 467
1748330 467
1748340 467
1748350 467
1748360 468
1748370 468
1748380 468
1748390 468
1748400 468
1748410 468
1748420 468
1748430 468
1748440 468
1748450 468
1748460 468
1748470 468
1748480 468
1748490 468
1748500 468
1748510 469
1748520 469
1748530 469
1748540 470
1748550 470
1748560 470
1748570 471
1748580 471
1748590 471
1748600 471
1748610 472
1748620 472
1748630 472
1748640 473
1748650 473
1748660 473
1748670 473
1748680 474
1748690 474
1748700 474
1748710 475
1748720 475
1748730 475
1748740 476
1748750 476
1748760 476
1748770 477
1748780 477
1748790 477
1748800 477
1748810 478
1748820 478
1748830 478
1748840 479
1748850 479
1748860 479
1748870 480
1748880 480
1748890 480
1748900 480
1748910 480
1748920 480
1748930 480
1748940 481
1748950 481
1748960 481
1748970 481
1748980 481
1748990 481
1749000 481
1749010 481
1749020 481
1749030 481
1749040 481
1749050 481
1749060 481
1749070 481
1749080 481
1749090 481
1749100 481
1749110 481
1749120 481
1749130 481
1749140 481
1749150 481
1749160 481
1749170 480
1749180 480
1749190 480
1749200 480
1749210 479
1749220 479
1749230 479
1749240 478
1749250 478
1749260 477
1749270 477
1749280 477
1749290 476
1749300 476
1749310 476
1749320 475
1749330 475
1749340 474
1749350 474
1749360 473
1749370 473
1749380 473
1749390 472
1749400 472
1749410 471
1749420 471
1749430 470
1749440 470
1749450 470
1749460 470
1749470 469
1749480 469
1749490 469
1749500 468
1749510 468
1749520 468
1749530 467
1749540 467
1749550 467
1749560 466
1749570 466
1749580 466
1749590 465
1749600 465
1749610 465
1749620 465
1749630 464
1749640 464
1749650 464
1749660 463
1749670 463
1749680 463
1749690 462
1749700 462
1749710 462
1749720 462
1749730 461
1749740 461
1749750 461
1749760 460
1749770 460
1749780 460
1749790 459
1749800 459
1749810 459
1749820 458
1749830 458
1749840 458
1749850 458
1749860 458
1749870 458
1749880 457
1749890 457
1749900 457
1749910 457
1749920 457
1749930 457
1749940 457
1749950 457
1749960 457
1749970 457
1749980 457
1749990 456
1750000 456
1750010 456
1750020 456
1750030 456
1750040 456
1750050 456
1750060 456
1750070 456
1750080 456
1750090 456
1750100 456
1750110 456
1750120 456
1750130 456
1750140 456
1750150 456
1750160 456
1750170 456
1750180 456
1750190 456
1750200 456
1750210 456
1750220 456
1750230 456
1750240 456
1750250 456
1750260 455
1750270 455
1750280 455
1750290 455
1750300 455
1750310 455
1750320 455
1750330 455
1750340 455
1750350 455
1750360 455
1750370 454
1750380 454
1750390 454
1750400 454
1750410 454
1750420 454
1750430 454
1750440 454
1750450 454
1750460 454
1750470 454
1750480 453
1750490 453
1750500 453
1750510 453
1750520 453
1750530 453
1750540 452
1750550 452
1750560 452
1750570 452
1750580 452
1750590 452
1750600 452
1750610 452
1750620 452
1750630 452
1750640 452
1750650 452
1750660 452
1750670 452
1750680 452
1750690 452
1750700 452
1750710 452
1750720 452
1750730 452
1750740 452
1750750 452
1750760 452
1750770 453
1750780 453
1750790 453
1750800 453
1750810 453
1750820 453
1750830 453
1750840 453
1750850 453
1750860 453
1750870 452
1750880 452
1750890 452
1750900 452
1750910 452
1750920 452
1750930 451
1750940 451
1750950 451
1750960 451
1750970 451
1750980 450
1750990 450
1751000 450
1751010 450
1751020 449
1751030 449
1751040 449
1751050 449
1751060 449
1751070 450
1751080 449
1751090 450
1751100 451
1751110 452
1751120 454
1751130 455
1751140 456
1751150 457
1751160 458
1751170 459
1751180 461
1751190 462
1751200 463
1751210 465
1751220 466
1751230 467
1751240 468
1751250 470
1751260 471
1751270 472
1751280 473
1751290 474
1751300 475
1751310 476
1751320 477
1751330 478
1751340 479
1751350 480
1751360 481
1751370 482
1751380 483
1751390 484
1751400 485
1751410 486
1751420 486
1751430 487
1751440 488
1751450 489
1751460 489
1751470 490
1751480 491
1751490 491
1751500 492
1751510 493
1751520 493
1751530 494
1751540 495
1751550 495
1751560 496
1751570 496
1751580 497
1751590 497
1751600 498
1751610 498
1751620 498
1751630 499
1751640 499
1751650 499
1751660 499
1751670 499
1751680 499
1751690 499
1751700 499
1751710 499
1751720 499
1751730 499
1751740 499
1751750 499
1751760 498
1751770 498
1751780 498
1751790 498
1751800 497
1751810 497
1751820 497
1751830 496
1751840 496
1751850 496
1751860 495
1751870 495
1751880 494
1751890 493
1751900 493
1751910 492
1751920 492
1751930 491
1751940 491
1751950 490
1751960 490
1751970 489
1751980 489
1751990 488
1752000 488
1752010 487
1752020 487
1752030 486
1752040 486
1752050 485
1752060 485
1752070 485
1752080 484
1752090 484
1752100 484
1752110 484
1752120 483
1752130 483
1752140 482
1752150 481
1752160 481
1752170 480
1752180 480
1752190 479
1752200 478
1752210 477
1752220 477
1752230 476
1752240 475
1752250 474
1752260 473
1752270 472
1752280 472
1752290 471
1752300 470
1752310 469
1752320 468
1752330 467
1752340 466
1752350 465
1752360 464
1752370 463
1752380 462
1752390 461
1752400 460
1752410 459
1752420 458
1752430 457
1752440 456
1752450 455
1752460 454
1752470 453
1752480 452
1752490 451
1752500 450
1752510 448
1752520 447
1752530 446
1752540 445
1752550 444
1752560 443
1752570 442
1752580 441
1752590 441
1752600 439
1752610 438
1752620 437
1752630 436
1752640 436
1752650 435
1752660 434
1752670 434
1752680 433
1752690 432
1752700 431
1752710 431
1752720 431
1752730 431
1752740 431
1752750 431
1752760 431
1752770 431
1752780 431
1752790 431
1752800 431
1752810 431
1752820 431
1752830 431
1752840 431
1752850 432
1752860 433
1752870 434
1752880 435
1752890 436
1752900 437
1752910 438
1752920 439
1752930 440
1752940 441
1752950 441
1752960 442
1752970 443
1752980 444
1752990 444
1753000 445
1753010 445
1753020 444
1753030 444
1753040 444
1753050 445
1753060 446
1753070 448
1753080 450
1753090 452
1753100 454
1753110 455
1753120 457
1753130 457
1753140 457
1753150 458
1753160 458
1753170 458
1753180 459
1753190 459
1753200 459
1753210 459
1753220 459
1753230 459
1753240 459
1753250 459
1753260 459
1753270 459
1753280 459
1753290 459
1753300 459
1753310 459
1753320 458
1753330 458
1753340 458
1753350 458
1753360 458
1753370 457
1753380 457
1753390 456
1753400 455
1753410 454
1753420 453
1753430 452
1753440 451
1753450 451
1753460 450
1753470 450
1753480 449
1753490 449
1753500 448
1753510 448
1753520 448
1753530 448
1753540 449
1753550 450
1753560 451
1753570 453
1753580 454
1753590 455
1753600 456
1753610 457
1753620 458
1753630 459
1753640 460
1753650 460
1753660 461
1753670 461
1753680 462
1753690 463
1753700 463
1753710 464
1753720 464
1753730 465
1753740 465
1753750 466
1753760 467
1753770 467
1753780 468
1753790 468
1753800 468
1753810 469
1753820 469
1753830 469
1753840 470
1753850 470
1753860 470
1753870 470
1753880 471
1753890 471
1753900 471
1753910 471
1753920 471
1753930 471
1753940 471
1753950 471
1753960 470
1753970 470
1753980 470
1753990 470
1754000 469
1754010 469
1754020 469
1754030 468
1754040 468
1754050 468
1754060 467
1754070 467
1754080 467
1754090 466
1754100 466
1754110 465
1754120 465
1754130 464
1754140 464
1754150 463
1754160 462
1754170 462
1754180 462
1754190 461
1754200 461
1754210 460
1754220 459
1754230 459
1754240 458
1754250 458
1754260 457
1754270 456
1754280 455
1754290 455
1754300 454
1754310 453
1754320 452
1754330 452
1754340 450
1754350 450
1754360 449
1754370 450
1754380 450
1754390 449
1754400 449
1754410 449
1754420 449
1754430 449
1754440 448
1754450 448
1754460 448
1754470 448
1754480 448
1754490 448
1754500 448
1754510 448
1754520 448
1754530 449
1754540 450
1754550 450
1754560 451
1754570 451
1754580 451
1754590 452
1754600 452
1754610 452
1754620 452
1754630 453
1754640 453
1754650 453
1754660 453
1754670 454
1754680 454
1754690 454
1754700 454
1754710 454
1754720 454
1754730 454
1754740 455
1754750 455
1754760 455
1754770 455
1754780 455
1754790 455
1754800 455
1754810 456
1754820 456
1754830 456
1754840 456
1754850 456
1754860 456
1754870 456
1754880 456
1754890 456
1754900 457
1754910 457
1754920 457
1754930 457
1754940 457
1754950 457
1754960 457
1754970 458
1754980 458
1754990 458
1755000 458
1755010 458
1755020 458
1755030 458
1755040 458
1755050 458
1755060 458
1755070 458
1755080 458
1755090 458
1755100 458
1755110 458
1755120 457
1755130 457
1755140 457
1755150 457
1755160 456
1755170 456
1755180 456
1755190 455
1755200 455
1755210 454
1755220 454
1755230 454
1755240 453
1755250 453
1755260 452
1755270 452
1755280 451
1755290 451
1755300 450
1755310 450
1755320 450
1755330 449
1755340 449
1755350 448
1755360 447
1755370 447
1755380 446
1755390 446
1755400 445
1755410 444
1755420 443
1755430 442
1755440 441
1755450 440
1755460 439
1755470 438
1755480 437
1755490 436
1755500 436
1755510 435
1755520 434
1755530 433
1755540 433
1755550 433
1755560 433
1755570 433
1755580 435
1755590 436
1755600 439
1755610 441
1755620 443
1755630 445
1755640 446
1755650 447
1755660 448
1755670 448
1755680 449
1755690 449
1755700 450
1755710 450
1755720 450
1755730 451
1755740 451
1755750 451
1755760 451
1755770 451
1755780 451
1755790 452
1755800 452
1755810 452
1755820 452
1755830 452
1755840 451
1755850 451
1755860 451
1755870 451
1755880 450
1755890 450
1755900 450
1755910 450
1755920 451
1755930 452
1755940 452
1755950 453
1755960 454
1755970 455
1755980 455
1755990 456
1756000 456
1756010 457
1756020 457
1756030 457
1756040 458
1756050 458
1756060 458
1756070 459
1756080 459
1756090 459
1756100 459
1756110 459
1756120 459
1756130 459
1756140 459
1756150 459
1756160 459
1756170 459
1756180 459
1756190 459
1756200 459
1756210 459
1756220 459
1756230 460
1756240 460
1756250 460
1756260 460
1756270 460
1756280 460
1756290 460
1756300 460
1756310 460
1756320 461
1756330 461
1756340 461
1756350 461
1756360 461
1756370 461
1756380 461
1756390 461
1756400 461
1756410 461
1756420 461
1756430 461
1756440 461
1756450 461
1756460 461
1756470 461
1756480 461
1756490 461
1756500 461
1756510 461
1756520 461
1756530 461
1756540 461
1756550 461
1756560 461
1756570 461
1756580 460
1756590 460
1756600 460
1756610 459
1756620 459
1756630 459
1756640 459
1756650 459
1756660 458
1756670 458
1756680 457
1756690 456
1756700 456
1756710 455
1756720 455
1756730 454
1756740 454
1756750 453
1756760 452
1756770 452
1756780 451
1756790 451
1756800 450
1756810 449
1756820 449
1756830 448
1756840 448
1756850 447
1756860 447
1756870 446
1756880 446
1756890 445
1756900 445
1756910 444
1756920 444
1756930 444
1756940 444
1756950 444
1756960 444
1756970 443
1756980 443
1756990 443
1757000 443
1757010 443
1757020 442
1757030 442
1757040 442
1757050 441
1757060 440
1757070 439
1757080 438
1757090 438
1757100 437
1757110 438
1757120 438
1757130 438
1757140 439
1757150 439
1757160 442
1757170 444
1757180 446
1757190 448
1757200 450
1757210 452
1757220 455
1757230 457
1757240 460
1757250 462
1757260 463
1757270 465
1757280 465
1757290 466
1757300 467
1757310 467
1757320 468
1757330 468
1757340 469
1757350 469
1757360 470
1757370 470
1757380 471
1757390 471
1757400 471
1757410 472
1757420 472
1757430 472
1757440 472
1757450 472
1757460 473
1757470 473
1757480 473
1757490 473
1757500 473
1757510 473
1757520 473
1757530 473
1757540 473
1757550 473
1757560 472
1757570 472
1757580 472
1757590 472
1757600 472
1757610 471
1757620 471
1757630 471
1757640 471
1757650 471
1757660 470
1757670 470
1757680 470
1757690 470
1757700 469
1757710 469
1757720 469
1757730 469
1757740 469
1757750 468
1757760 468
1757770 468
1757780 468
1757790 468
1757800 467
1757810 467
1757820 466
1757830 466
1757840 466
1757850 465
1757860 465
1757870 464
1757880 464
1757890 463
1757900 462
1757910 461
1757920 460
1757930 459
1757940 458
1757950 458
1757960 458
1757970 458
1757980 457
1757990 456
1758000 455
1758010 453
1758020 452
1758030 451
1758040 450
1758050 448
1758060 445
1758070 446
1758080 448
1758090 450
1758100 452
1758110 455
1758120 457
1758130 457
1758140 457
1758150 458
1758160 457
1758170 457
1758180 457
1758190 457
1758200 457
1758210 457
1758220 457
1758230 457
1758240 457
1758250 456
1758260 456
1758270 456
1758280 456
1758290 455
1758300 455
1758310 455
1758320 455
1758330 455
1758340 454
1758350 454
1758360 454
1758370 453
1758380 453
1758390 453
1758400 453
1758410 452
1758420 452
1758430 452
1758440 451
1758450 451
1758460 450
1758470 450
1758480 449
1758490 449
1758500 449
1758510 448
1758520 448
1758530 448
1758540 447
1758550 447
1758560 446
1758570 446
1758580 446
1758590 446
1758600 445
1758610 445
1758620 444
1758630 443
1758640 443
1758650 443
1758660 442
1758670 441
1758680 441
1758690 441
1758700 441
1758710 441
1758720 440
1758730 440
1758740 439
1758750 439
1758760 438
1758770 438
1758780 437
1758790 437
1758800 436
1758810 435
1758820 435
1758830 434
1758840 434
1758850 433
1758860 432
1758870 431
1758880 431
1758890 431
1758900 431
1758910 431
1758920 431
1758930 431
1758940 431
1758950 430
1758960 430
1758970 430
1758980 430
1758990 430
1759000 430
1759010 430
1759020 430
1759030 430
1759040 430
1759050 430
1759060 429
1759070 429
1759080 429
1759090 429
1759100 429
1759110 428
1759120 428
1759130 428
1759140 428
1759150 427
1759160 427
1759170 427
1759180 426
1759190 426
1759200 425
1759210 425
1759220 425
1759230 424
1759240 424
1759250 423
1759260 422
1759270 422
1759280 421
1759290 420
1759300 420
1759310 419
1759320 418
1759330 418
1759340 417
1759350 416
1759360 415
1759370 415
1759380 414
1759390 413
1759400 412
1759410 412
1759420 411
1759430 411
1759440 410
1759450 409
1759460 409
1759470 408
1759480 408
1759490 407
1759500 406
1759510 406
1759520 405
1759530 405
1759540 404
1759550 404
1759560 403
1759570 403
1759580 402
1759590 402
1759600 402
1759610 402
1759620 402
1759630 402
1759640 402
1759650 402
1759660 402
1759670 402
1759680 402
1759690 402
1759700 402
1759710 402
1759720 402
1759730 402
1759740 402
1759750 402
1759760 402
1759770 402
1759780 402
1759790 403
1759800 403
1759810 403
1759820 403
1759830 403
1759840 403
1759850 404
1759860 404
1759870 404
1759880 404
1759890 404
1759900 404
1759910 405
1759920 405
1759930 405
1759940 405
1759950 405
1759960 405
1759970 405
1759980 405
1759990 405
