1753520 472
1753530 473
1753540 473
1753550 473
1753560 474
1753570 474
1753580 474
1753590 475
1753600 475
1753610 476
1753620 476
1753630 476
1753640 477
1753650 477
1753660 477
1753670 477
1753680 478
1753690 478
1753700 478
1753710 478
1753720 479
1753730 479
1753740 479
1753750 479
1753760 479
1753770 479
1753780 480
1753790 480
1753800 480
1753810 480
1753820 480
1753830 480
1753840 480
1753850 480
1753860 480
1753870 481
1753880 481
1753890 481
1753900 481
1753910 481
1753920 481
1753930 481
1753940 481
1753950 481
1753960 481
1753970 481
1753980 480
1753990 480
1754000 480
1754010 480
1754020 480
1754030 480
1754040 480
1754050 480
1754060 479
1754070 479
1754080 479
1754090 479
1754100 479
1754110 479
1754120 478
1754130 478
1754140 478
1754150 478
1754160 478
1754170 478
1754180 478
1754190 477
1754200 477
1754210 477
1754220 477
1754230 477
1754240 477
1754250 476
1754260 476
1754270 476
1754280 476
1754290 476
1754300 476
1754310 475
1754320 475
1754330 475
1754340 475
1754350 475
1754360 475
1754370 474
1754380 474
1754390 474
1754400 473
1754410 473
1754420 473
1754430 473
1754440 472
1754450 472
1754460 472
1754470 472
1754480 472
1754490 472
1754500 472
1754510 472
1754520 472
1754530 472
1754540 472
1754550 472
1754560 473
1754570 473
1754580 473
1754590 473
1754600 473
1754610 473
1754620 473
1754630 473
1754640 473
1754650 473
1754660 473
1754670 473
1754680 473
1754690 473
1754700 473
1754710 473
1754720 473
1754730 473
1754740 473
1754750 473
1754760 473
1754770 473
1754780 473
1754790 473
1754800 473
1754810 473
1754820 472
1754830 472
1754840 472
1754850 472
1754860 472
1754870 472
1754880 472
1754890 471
1754900 471
1754910 471
1754920 471
1754930 471
1754940 471
1754950 471
1754960 470
1754970 470
1754980 470
1754990 470
1755000 470
1755010 470
1755020 470
1755030 470
1755040 470
1755050 469
1755060 469
1755070 469
1755080 469
1755090 469
1755100 469
1755110 468
1755120 468
1755130 468
1755140 468
1755150 468
1755160 468
1755170 467
1755180 467
1755190 467
1755200 467
1755210 466
1755220 466
1755230 465
1755240 465
1755250 465
1755260 464
1755270 464
1755280 463
1755290 463
1755300 462
1755310 462
1755320 461
1755330 461
1755340 460
1755350 460
1755360 459
1755370 459
1755380 458
1755390 457
1755400 457
1755410 456
1755420 455
1755430 454
1755440 454
1755450 453
1755460 452
1755470 452
1755480 451
1755490 450
1755500 450
1755510 449
1755520 448
1755530 447
1755540 446
1755550 445
1755560 444
1755570 444
1755580 443
1755590 443
1755600 444
1755610 444
1755620 444
1755630 445
1755640 446
1755650 447
1755660 447
1755670 448
1755680 448
1755690 449
1755700 449
1755710 449
1755720 450
1755730 450
1755740 450
1755750 451
1755760 451
1755770 451
1755780 452
1755790 452
1755800 452
1755810 453
1755820 453
1755830 453
1755840 454
1755850 454
1755860 454
1755870 454
1755880 455
1755890 455
1755900 455
1755910 455
1755920 455
1755930 455
1755940 455
1755950 455
1755960 455
1755970 454
1755980 454
1755990 454
1756000 454
1756010 453
1756020 453
1756030 452
1756040 450
1756050 447
1756060 445
1756070 443
1756080 442
1756090 440
1756100 439
1756110 439
1756120 439
1756130 439
1756140 439
1756150 440
1756160 440
1756170 442
1756180 444
1756190 447
1756200 449
1756210 451
1756220 452
1756230 453
1756240 454
1756250 455
1756260 456
1756270 456
1756280 457
1756290 457
1756300 458
1756310 458
1756320 458
1756330 459
1756340 459
1756350 460
1756360 460
1756370 460
1756380 461
1756390 461
1756400 461
1756410 461
1756420 461
1756430 462
1756440 462
1756450 462
1756460 462
1756470 462
1756480 463
1756490 463
1756500 463
1756510 463
1756520 464
1756530 464
1756540 464
1756550 464
1756560 464
1756570 464
1756580 464
1756590 464
1756600 464
1756610 464
1756620 464
1756630 464
1756640 463
1756650 463
1756660 463
1756670 463
1756680 462
1756690 462
1756700 462
1756710 461
1756720 461
1756730 461
1756740 460
1756750 460
1756760 459
1756770 459
1756780 458
1756790 458
1756800 458
1756810 457
1756820 457
1756830 456
1756840 456
1756850 455
1756860 455
1756870 455
1756880 455
1756890 455
1756900 455
1756910 454
1756920 454
1756930 454
1756940 454
1756950 454
1756960 454
1756970 453
1756980 453
1756990 453
1757000 453
1757010 453
1757020 453
1757030 452
1757040 452
1757050 452
1757060 452
1757070 452
1757080 452
1757090 451
1757100 451
1757110 451
1757120 451
1757130 450
1757140 450
1757150 450
1757160 449
1757170 449
1757180 449
1757190 448
1757200 448
1757210 447
1757220 447
1757230 446
1757240 446
1757250 445
1757260 444
1757270 443
1757280 442
1757290 441
1757300 441
1757310 440
1757320 439
1757330 437
1757340 436
1757350 434
1757360 431
1757370 428
1757380 426
1757390 424
1757400 422
1757410 421
1757420 421
1757430 420
1757440 420
1757450 421
1757460 422
1757470 424
1757480 425
1757490 427
1757500 428
1757510 429
1757520 431
1757530 432
1757540 433
1757550 434
1757560 435
1757570 435
1757580 436
1757590 436
1757600 436
1757610 436
1757620 436
1757630 436
1757640 436
1757650 436
1757660 436
1757670 436
1757680 436
1757690 435
1757700 435
1757710 434
1757720 434
1757730 433
1757740 431
1757750 429
1757760 427
1757770 425
1757780 423
1757790 421
1757800 419
1757810 419
1757820 419
1757830 421
1757840 423
1757850 426
1757860 428
1757870 430
1757880 431
1757890 432
1757900 433
1757910 433
1757920 434
1757930 434
1757940 435
1757950 435
1757960 436
1757970 436
1757980 436
1757990 437
1758000 437
1758010 438
1758020 438
1758030 438
1758040 439
1758050 439
1758060 440
1758070 440
1758080 440
1758090 441
1758100 441
1758110 441
1758120 442
1758130 442
1758140 442
1758150 442
1758160 442
1758170 442
1758180 443
1758190 443
1758200 443
1758210 444
1758220 444
1758230 444
1758240 444
1758250 444
1758260 445
1758270 445
1758280 445
1758290 445
1758300 445
1758310 445
1758320 445
1758330 445
1758340 445
1758350 445
1758360 445
1758370 445
1758380 445
1758390 445
1758400 444
1758410 444
1758420 444
1758430 444
1758440 443
1758450 442
1758460 442
1758470 441
1758480 440
1758490 440
1758500 439
1758510 438
1758520 437
1758530 437
1758540 436
1758550 435
1758560 434
1758570 433
1758580 432
1758590 431
1758600 430
1758610 429
1758620 428
1758630 427
1758640 427
1758650 426
1758660 425
1758670 425
1758680 425
1758690 424
1758700 424
1758710 424
1758720 424
1758730 423
1758740 423
1758750 422
1758760 421
1758770 420
1758780 419
1758790 418
1758800 417
1758810 418
1758820 418
1758830 419
1758840 419
1758850 419
1758860 418
1758870 418
1758880 418
1758890 417
1758900 417
1758910 417
1758920 416
1758930 416
1758940 416
1758950 415
1758960 415
1758970 415
1758980 415
1758990 415
1759000 414
1759010 414
1759020 414
1759030 414
1759040 414
1759050 413
1759060 413
1759070 413
1759080 413
1759090 412
1759100 412
1759110 412
1759120 411
1759130 410
1759140 410
1759150 409
1759160 408
1759170 408
1759180 407
1759190 406
1759200 405
1759210 404
1759220 403
1759230 401
1759240 400
1759250 399
1759260 398
1759270 397
1759280 395
1759290 394
1759300 393
1759310 392
1759320 390
1759330 389
1759340 388
1759350 387
1759360 386
1759370 384
1759380 383
1759390 382
1759400 381
1759410 379
1759420 377
1759430 375
1759440 373
1759450 372
1759460 371
1759470 371
1759480 371
1759490 371
1759500 371
1759510 371
1759520 371
1759530 371
1759540 370
1759550 370
1759560 370
1759570 370
1759580 370
1759590 370
1759600 370
1759610 370
1759620 369
1759630 369
1759640 369
1759650 369
1759660 369
1759670 369
1759680 369
1759690 369
1759700 369
1759710 369
1759720 369
1759730 369
1759740 369
1759750 369
1759760 369
1759770 369
1759780 368
1759790 368
1759800 368
1759810 368
1759820 368
1759830 368
1759840 368
1759850 368
1759860 368
1759870 367
1759880 367
1759890 367
1759900 367
1759910 368
1759920 368
1759930 369
1759940 369
1759950 370
1759960 371
1759970 372
1759980 374
1759990 375
1740000 483
1740010 483
1740020 483
1740030 483
1740040 483
1740050 483
1740060 483
1740070 483
1740080 483
1740090 483
1740100 483
1740110 483
1740120 483
1740130 483
1740140 482
1740150 482
1740160 482
1740170 482
1740180 482
1740190 482
1740200 482
1740210 482
1740220 482
1740230 482
1740240 482
1740250 482
1740260 482
1740270 482
1740280 481
1740290 481
1740300 481
1740310 481
1740320 481
1740330 481
1740340 480
1740350 480
1740360 480
1740370 480
1740380 480
1740390 480
1740400 480
1740410 480
1740420 480
1740430 480
1740440 480
1740450 480
1740460 480
1740470 480
1740480 480
1740490 480
1740500 480
1740510 479
1740520 479
1740530 479
1740540 479
1740550 479
1740560 479
1740570 479
1740580 479
1740590 479
1740600 479
1740610 479
1740620 479
1740630 479
1740640 479
1740650 479
1740660 479
1740670 479
1740680 479
1740690 479
1740700 479
1740710 479
1740720 479
1740730 479
1740740 479
1740750 478
1740760 478
1740770 478
1740780 478
1740790 478
1740800 478
1740810 478
1740820 478
1740830 477
1740840 477
1740850 477
1740860 477
1740870 476
1740880 476
1740890 476
1740900 476
1740910 476
1740920 475
1740930 475
1740940 475
1740950 475
1740960 475
1740970 475
1740980 475
1740990 475
1741000 475
1741010 474
1741020 474
1741030 474
1741040 474
1741050 474
1741060 473
1741070 473
1741080 473
1741090 473
1741100 473
1741110 472
1741120 472
1741130 472
1741140 472
1741150 472
1741160 471
1741170 471
1741180 471
1741190 471
1741200 470
1741210 470
1741220 470
1741230 470
1741240 469
1741250 469
1741260 469
1741270 469
1741280 468
1741290 468
1741300 468
1741310 467
1741320 467
1741330 467
1741340 466
1741350 466
1741360 466
1741370 466
1741380 465
1741390 465
1741400 465
1741410 464
1741420 464
1741430 464
1741440 463
1741450 463
1741460 463
1741470 462
1741480 462
1741490 462
1741500 461
1741510 461
1741520 461
1741530 460
1741540 460
1741550 460
1741560 460
1741570 459
1741580 459
1741590 458
1741600 458
1741610 458
1741620 457
1741630 457
1741640 457
1741650 456
1741660 456
1741670 456
1741680 455
1741690 455
1741700 454
1741710 454
1741720 454
1741730 453
1741740 453
1741750 452
1741760 452
1741770 451
1741780 451
1741790 450
1741800 450
1741810 449
1741820 448
1741830 448
1741840 447
1741850 446
1741860 446
1741870 445
1741880 444
1741890 444
1741900 443
1741910 442
1741920 442
1741930 441
1741940 440
1741950 439
1741960 438
1741970 437
1741980 436
1741990 435
1742000 433
1742010 431
1742020 429
1742030 427
1742040 424
1742050 422
1742060 419
1742070 418
1742080 417
1742090 418
1742100 417
1742110 417
1742120 417
1742130 417
1742140 417
1742150 417
1742160 417
1742170 417
1742180 417
1742190 417
1742200 417
1742210 417
1742220 417
1742230 417
1742240 417
1742250 416
1742260 416
1742270 416
1742280 416
1742290 416
1742300 417
1742310 416
1742320 416
1742330 416
1742340 416
1742350 416
1742360 416
1742370 416
1742380 416
1742390 416
1742400 416
1742410 416
1742420 416
1742430 416
1742440 416
1742450 416
1742460 416
1742470 416
1742480 416
1742490 416
1742500 417
1742510 420
1742520 423
1742530 426
1742540 429
1742550 433
1742560 436
1742570 438
1742580 441
1742590 445
1742600 448
1742610 451
1742620 454
1742630 456
1742640 457
1742650 458
1742660 458
1742670 458
1742680 458
1742690 458
1742700 458
1742710 459
1742720 459
1742730 459
1742740 459
1742750 459
1742760 459
1742770 459
1742780 459
1742790 459
1742800 459
1742810 459
1742820 459
1742830 459
1742840 459
1742850 459
1742860 459
1742870 459
1742880 460
1742890 460
1742900 460
1742910 461
1742920 461
1742930 461
1742940 461
1742950 461
1742960 461
1742970 461
1742980 461
1742990 461
1743000 461
1743010 461
1743020 461
1743030 461
1743040 461
1743050 461
1743060 461
1743070 461
1743080 460
1743090 460
1743100 460
1743110 460
1743120 460
1743130 460
1743140 460
1743150 459
1743160 459
1743170 459
1743180 459
1743190 459
1743200 459
1743210 459
1743220 459
1743230 459
1743240 459
1743250 459
1743260 459
1743270 460
1743280 460
1743290 460
1743300 460
1743310 460
1743320 460
1743330 460
1743340 460
1743350 460
1743360 460
1743370 460
1743380 460
1743390 460
1743400 460
1743410 460
1743420 460
1743430 460
1743440 460
1743450 460
1743460 460
1743470 460
1743480 460
1743490 460
1743500 460
1743510 460
1743520 459
1743530 459
1743540 459
1743550 459
1743560 459
1743570 459
1743580 459
1743590 459
1743600 458
1743610 458
1743620 458
1743630 458
1743640 458
1743650 458
1743660 457
1743670 457
1743680 457
1743690 457
1743700 457
1743710 456
1743720 456
1743730 456
1743740 456
1743750 455
1743760 455
1743770 455
1743780 455
1743790 455
1743800 455
1743810 454
1743820 454
1743830 454
1743840 454
1743850 453
1743860 453
1743870 453
1743880 453
1743890 452
1743900 452
1743910 452
1743920 452
1743930 452
1743940 452
1743950 451
1743960 451
1743970 451
1743980 451
1743990 452
1744000 453
1744010 453
1744020 452
1744030 451
1744040 451
1744050 451
1744060 451
1744070 452
1744080 452
1744090 452
1744100 452
1744110 452
1744120 452
1744130 452
1744140 452
1744150 452
1744160 452
1744170 452
1744180 452
1744190 453
1744200 453
1744210 454
1744220 454
1744230 455
1744240 456
1744250 456
1744260 457
1744270 458
1744280 459
1744290 459
1744300 460
1744310 461
1744320 461
1744330 462
1744340 462
1744350 463
1744360 463
1744370 464
1744380 465
1744390 465
1744400 466
1744410 467
1744420 467
1744430 468
1744440 468
1744450 469
1744460 469
1744470 470
1744480 470
1744490 471
1744500 471
1744510 471
1744520 472
1744530 472
1744540 472
1744550 472
1744560 472
1744570 473
1744580 473
1744590 473
1744600 473
1744610 473
1744620 473
1744630 474
1744640 474
1744650 474
1744660 474
1744670 474
1744680 474
1744690 474
1744700 474
1744710 474
1744720 474
1744730 474
1744740 474
1744750 474
1744760 474
1744770 474
1744780 474
1744790 474
1744800 474
1744810 474
1744820 474
1744830 474
1744840 474
1744850 474
1744860 474
1744870 474
1744880 474
1744890 474
1744900 475
1744910 475
1744920 475
1744930 475
1744940 475
1744950 475
1744960 475
1744970 475
1744980 475
1744990 475
1745000 475
1745010 475
1745020 474
1745030 474
1745040 474
1745050 474
1745060 474
1745070 474
1745080 474
1745090 474
1745100 474
1745110 474
1745120 474
1745130 473
1745140 473
1745150 473
1745160 473
1745170 473
1745180 473
1745190 473
1745200 473
1745210 472
1745220 472
1745230 472
1745240 472
1745250 472
1745260 472
1745270 472
1745280 472
1745290 472
1745300 472
1745310 471
1745320 471
1745330 471
1745340 471
1745350 471
1745360 471
1745370 471
1745380 471
1745390 470
1745400 470
1745410 470
1745420 470
1745430 470
1745440 470
1745450 470
1745460 470
1745470 470
1745480 469
1745490 470
1745500 469
1745510 469
1745520 469
1745530 469
1745540 469
1745550 469
1745560 469
1745570 469
1745580 469
1745590 469
1745600 469
1745610 469
1745620 469
1745630 469
1745640 469
1745650 469
1745660 469
1745670 469
1745680 469
1745690 469
1745700 470
1745710 470
1745720 470
1745730 470
1745740 470
1745750 471
1745760 471
1745770 471
1745780 471
1745790 471
1745800 472
1745810 472
1745820 472
1745830 473
1745840 473
1745850 473
1745860 474
1745870 474
1745880 474
1745890 474
1745900 475
1745910 475
1745920 475
1745930 476
1745940 476
1745950 476
1745960 477
1745970 477
1745980 477
1745990 477
1746000 478
1746010 478
1746020 478
1746030 478
1746040 478
1746050 479
1746060 479
1746070 479
1746080 479
1746090 479
1746100 480
1746110 480
1746120 480
1746130 480
1746140 480
1746150 480
1746160 480
1746170 481
1746180 481
1746190 481
1746200 481
1746210 481
1746220 482
1746230 482
1746240 482
1746250 482
1746260 482
1746270 482
1746280 482
1746290 483
1746300 483
1746310 483
1746320 483
1746330 483
1746340 483
1746350 483
1746360 483
1746370 483
1746380 483
1746390 483
1746400 483
1746410 483
1746420 483
1746430 484
1746440 484
1746450 484
1746460 484
1746470 484
1746480 484
1746490 484
1746500 484
1746510 484
1746520 484
1746530 484
1746540 484
1746550 484
1746560 484
1746570 484
1746580 484
1746590 484
1746600 484
1746610 484
1746620 484
1746630 484
1746640 484
1746650 484
1746660 484
1746670 484
1746680 484
1746690 484
1746700 484
1746710 484
1746720 484
1746730 484
1746740 484
1746750 484
1746760 484
1746770 484
1746780 484
1746790 484
1746800 484
1746810 484
1746820 484
1746830 484
1746840 484
1746850 484
1746860 483
1746870 483
1746880 483
1746890 483
1746900 483
1746910 483
1746920 483
1746930 483
1746940 483
1746950 483
1746960 483
1746970 483
1746980 483
1746990 483
1747000 482
1747010 482
1747020 482
1747030 482
1747040 482
1747050 482
1747060 482
1747070 482
1747080 482
1747090 482
1747100 482
1747110 482
1747120 482
1747130 482
1747140 481
1747150 481
1747160 481
1747170 481
1747180 481
1747190 481
1747200 481
1747210 480
1747220 480
1747230 480
1747240 480
1747250 480
1747260 480
1747270 480
1747280 480
1747290 480
1747300 479
1747310 479
1747320 479
1747330 479
1747340 479
1747350 479
1747360 479
1747370 478
1747380 478
1747390 478
1747400 478
1747410 478
1747420 477
1747430 477
1747440 477
1747450 477
1747460 477
1747470 477
1747480 476
1747490 476
1747500 476
1747510 476
1747520 476
1747530 475
1747540 475
1747550 475
1747560 475
1747570 474
1747580 474
1747590 474
1747600 474
1747610 474
1747620 473
1747630 473
1747640 473
1747650 473
1747660 473
1747670 472
1747680 472
1747690 472
1747700 472
1747710 471
1747720 471
1747730 471
1747740 471
1747750 471
1747760 470
1747770 470
1747780 470
1747790 469
1747800 469
1747810 469
1747820 469
1747830 469
1747840 468
1747850 468
1747860 468
1747870 468
1747880 467
1747890 467
1747900 467
1747910 467
1747920 467
1747930 466
1747940 466
1747950 466
1747960 466
1747970 465
1747980 465
1747990 465
1748000 465
1748010 464
1748020 464
1748030 464
1748040 464
1748050 463
1748060 463
1748070 463
1748080 463
1748090 462
1748100 462
1748110 462
1748120 462
1748130 461
1748140 461
1748150 461
1748160 461
1748170 461
1748180 460
1748190 460
1748200 460
1748210 460
1748220 460
1748230 459
1748240 459
1748250 459
1748260 459
1748270 459
1748280 459
1748290 459
1748300 458
1748310 458
1748320 458
1748330 458
1748340 458
1748350 458
1748360 457
1748370 457
1748380 457
1748390 457
1748400 457
1748410 457
1748420 456
1748430 456
1748440 456
1748450 456
1748460 455
1748470 455
1748480 455
1748490 455
1748500 455
1748510 455
1748520 455
1748530 455
1748540 455
1748550 455
1748560 455
1748570 455
1748580 455
1748590 455
1748600 455
1748610 455
1748620 455
1748630 455
1748640 455
1748650 455
1748660 455
1748670 455
1748680 455
1748690 455
1748700 455
1748710 455
1748720 455
1748730 455
1748740 455
1748750 455
1748760 455
1748770 455
1748780 455
1748790 455
1748800 455
1748810 456
1748820 456
1748830 456
1748840 456
1748850 456
1748860 456
1748870 456
1748880 456
1748890 456
1748900 456
1748910 456
1748920 456
1748930 456
1748940 456
1748950 456
1748960 456
1748970 456
1748980 456
1748990 455
1749000 455
1749010 455
1749020 455
1749030 455
1749040 455
1749050 455
1749060 455
1749070 455
1749080 455
1749090 454
1749100 454
1749110 454
1749120 454
1749130 454
1749140 453
1749150 453
1749160 453
1749170 452
1749180 452
1749190 453
1749200 453
1749210 453
1749220 453
1749230 454
1749240 454
1749250 455
1749260 455
1749270 456
1749280 456
1749290 456
1749300 457
1749310 457
1749320 457
1749330 457
1749340 457
1749350 457
1749360 457
1749370 458
1749380 458
1749390 458
1749400 458
1749410 458
1749420 459
1749430 459
1749440 459
1749450 459
1749460 459
1749470 459
1749480 459
1749490 458
1749500 458
1749510 458
1749520 458
1749530 459
1749540 459
1749550 459
1749560 459
1749570 459
1749580 459
1749590 459
1749600 459
1749610 459
1749620 459
1749630 459
1749640 459
1749650 459
1749660 459
1749670 458
1749680 458
1749690 458
1749700 458
1749710 458
1749720 457
1749730 457
1749740 457
1749750 457
1749760 457
1749770 457
1749780 457
1749790 457
1749800 457
1749810 456
1749820 456
1749830 456
1749840 456
1749850 456
1749860 456
1749870 455
1749880 455
1749890 455
1749900 455
1749910 455
1749920 455
1749930 455
1749940 455
1749950 454
1749960 454
1749970 454
1749980 454
1749990 454
1750000 454
1750010 454
1750020 453
1750030 453
1750040 453
1750050 453
1750060 453
1750070 453
1750080 453
1750090 452
1750100 452
1750110 452
1750120 452
1750130 452
1750140 452
1750150 452
1750160 452
1750170 452
1750180 451
1750190 451
1750200 451
1750210 451
1750220 451
1750230 451
1750240 451
1750250 451
1750260 450
1750270 450
1750280 450
1750290 450
1750300 450
1750310 450
1750320 450
1750330 450
1750340 450
1750350 449
1750360 449
1750370 449
1750380 449
1750390 449
1750400 449
1750410 449
1750420 449
1750430 449
1750440 449
1750450 449
1750460 449
1750470 449
1750480 449
1750490 449
1750500 449
1750510 449
1750520 449
1750530 449
1750540 448
1750550 448
1750560 448
1750570 448
1750580 448
1750590 448
1750600 448
1750610 448
1750620 448
1750630 448
1750640 448
1750650 448
1750660 448
1750670 449
1750680 449
1750690 449
1750700 450
1750710 450
1750720 450
1750730 451
1750740 451
1750750 451
1750760 451
1750770 452
1750780 452
1750790 452
1750800 452
1750810 452
1750820 453
1750830 453
1750840 453
1750850 453
1750860 453
1750870 453
1750880 453
1750890 454
1750900 454
1750910 454
1750920 454
1750930 454
1750940 454
1750950 454
1750960 454
1750970 454
1750980 455
1750990 455
1751000 455
1751010 455
1751020 455
1751030 455
1751040 455
1751050 455
1751060 456
1751070 456
1751080 456
1751090 456
1751100 456
1751110 456
1751120 457
1751130 457
1751140 457
1751150 457
1751160 457
1751170 457
1751180 457
1751190 458
1751200 458
1751210 458
1751220 458
1751230 458
1751240 458
1751250 459
1751260 459
1751270 459
1751280 459
1751290 459
1751300 459
1751310 460
1751320 460
1751330 460
1751340 460
1751350 460
1751360 460
1751370 460
1751380 461
1751390 461
1751400 461
1751410 461
1751420 461
1751430 461
1751440 461
1751450 461
1751460 461
1751470 461
1751480 462
1751490 462
1751500 462
1751510 462
1751520 462
1751530 462
1751540 462
1751550 462
1751560 462
1751570 462
1751580 462
1751590 462
1751600 462
1751610 462
1751620 462
1751630 462
1751640 462
1751650 461
1751660 461
1751670 461
1751680 461
1751690 461
1751700 461
1751710 461
1751720 461
1751730 461
1751740 461
1751750 460
1751760 460
1751770 460
1751780 460
1751790 460
1751800 460
1751810 460
1751820 460
1751830 460
1751840 460
1751850 459
1751860 459
1751870 459
1751880 459
1751890 459
1751900 459
1751910 459
1751920 459
1751930 459
1751940 459
1751950 459
1751960 458
1751970 458
1751980 458
1751990 458
1752000 458
1752010 458
1752020 458
1752030 458
1752040 458
1752050 457
1752060 457
1752070 457
1752080 457
1752090 457
1752100 457
1752110 457
1752120 457
1752130 457
1752140 457
1752150 457
1752160 456
1752170 456
1752180 456
1752190 456
1752200 456
1752210 456
1752220 456
1752230 456
1752240 456
1752250 455
1752260 455
1752270 455
1752280 455
1752290 455
1752300 455
1752310 455
1752320 455
1752330 455
1752340 455
1752350 455
1752360 455
1752370 455
1752380 455
1752390 455
1752400 455
1752410 454
1752420 454
1752430 454
1752440 454
1752450 454
1752460 454
1752470 454
1752480 454
1752490 454
1752500 454
1752510 453
1752520 453
1752530 453
1752540 453
1752550 453
1752560 453
1752570 453
1752580 454
1752590 454
1752600 454
1752610 454
1752620 454
1752630 454
1752640 454
1752650 454
1752660 454
1752670 454
1752680 454
1752690 454
1752700 454
1752710 454
1752720 454
1752730 454
1752740 454
1752750 454
1752760 454
1752770 454
1752780 454
1752790 454
1752800 454
1752810 454
1752820 454
1752830 454
1752840 454
1752850 454
1752860 455
1752870 455
1752880 455
1752890 455
1752900 455
1752910 455
1752920 455
1752930 455
1752940 456
1752950 456
1752960 456
1752970 456
1752980 456
1752990 456
1753000 457
