1752340 458
1752350 458
1752360 458
1752370 458
1752380 458
1752390 458
1752400 458
1752410 458
1752420 458
1752430 458
1752440 458
1752450 457
1752460 457
1752470 457
1752480 457
1752490 457
1752500 457
1752510 457
1752520 457
1752530 457
1752540 457
1752550 457
1752560 457
1752570 457
1752580 457
1752590 457
1752600 457
1752610 456
1752620 456
1752630 456
1752640 456
1752650 456
1752660 456
1752670 456
1752680 456
1752690 456
1752700 456
1752710 456
1752720 456
1752730 456
1752740 456
1752750 456
1752760 456
1752770 456
1752780 456
1752790 456
1752800 456
1752810 457
1752820 457
1752830 457
1752840 457
1752850 457
1752860 457
1752870 457
1752880 457
1752890 457
1752900 457
1752910 457
1752920 457
1752930 457
1752940 457
1752950 457
1752960 457
1752970 457
1752980 457
1752990 458
1753000 458
1753010 458
1753020 458
1753030 458
1753040 458
1753050 458
1753060 458
1753070 458
1753080 458
1753090 459
1753100 459
1753110 459
1753120 459
1753130 459
1753140 459
1753150 459
1753160 460
1753170 460
1753180 460
1753190 460
1753200 460
1753210 460
1753220 460
1753230 461
1753240 461
1753250 461
1753260 461
1753270 461
1753280 461
1753290 462
1753300 462
1753310 462
1753320 462
1753330 462
1753340 463
1753350 463
1753360 463
1753370 463
1753380 463
1753390 464
1753400 464
1753410 464
1753420 464
1753430 465
1753440 465
1753450 465
1753460 465
1753470 466
1753480 466
1753490 466
1753500 466
1753510 467
1753520 467
1753530 467
1753540 467
1753550 467
1753560 468
1753570 468
1753580 468
1753590 468
1753600 468
1753610 468
1753620 468
1753630 468
1753640 469
1753650 469
1753660 469
1753670 469
1753680 469
1753690 469
1753700 469
1753710 469
1753720 469
1753730 469
1753740 469
1753750 469
1753760 470
1753770 470
1753780 470
1753790 470
1753800 470
1753810 470
1753820 470
1753830 471
1753840 471
1753850 471
1753860 471
1753870 472
1753880 472
1753890 472
1753900 473
1753910 473
1753920 473
1753930 474
1753940 474
1753950 474
1753960 475
1753970 475
1753980 475
1753990 475
1754000 476
1754010 476
1754020 476
1754030 476
1754040 476
1754050 477
1754060 477
1754070 477
1754080 477
1754090 477
1754100 477
1754110 478
1754120 478
1754130 478
1754140 478
1754150 478
1754160 478
1754170 478
1754180 478
1754190 479
1754200 479
1754210 478
1754220 478
1754230 478
1754240 478
1754250 478
1754260 478
1754270 478
1754280 478
1754290 478
1754300 477
1754310 477
1754320 477
1754330 477
1754340 477
1754350 477
1754360 477
1754370 476
1754380 476
1754390 476
1754400 476
1754410 476
1754420 476
1754430 475
1754440 475
1754450 475
1754460 475
1754470 475
1754480 475
1754490 474
1754500 474
1754510 474
1754520 474
1754530 474
1754540 474
1754550 474
1754560 474
1754570 474
1754580 473
1754590 472
1754600 471
1754610 472
1754620 472
1754630 473
1754640 473
1754650 473
1754660 473
1754670 472
1754680 472
1754690 472
1754700 472
1754710 472
1754720 472
1754730 471
1754740 471
1754750 471
1754760 470
1754770 470
1754780 470
1754790 469
1754800 469
1754810 468
1754820 468
1754830 467
1754840 467
1754850 467
1754860 466
1754870 466
1754880 466
1754890 465
1754900 465
1754910 465
1754920 464
1754930 464
1754940 463
1754950 463
1754960 463
1754970 462
1754980 462
1754990 462
1755000 461
1755010 461
1755020 460
1755030 460
1755040 459
1755050 459
1755060 458
1755070 458
1755080 457
1755090 457
1755100 456
1755110 456
1755120 456
1755130 456
1755140 456
1755150 455
1755160 455
1755170 455
1755180 455
1755190 456
1755200 456
1755210 457
1755220 457
1755230 458
1755240 458
1755250 459
1755260 459
1755270 460
1755280 460
1755290 461
1755300 461
1755310 462
1755320 462
1755330 463
1755340 463
1755350 464
1755360 464
1755370 465
1755380 465
1755390 466
1755400 466
1755410 466
1755420 467
1755430 467
1755440 468
1755450 468
1755460 469
1755470 469
1755480 469
1755490 470
1755500 470
1755510 471
1755520 472
1755530 472
1755540 473
1755550 473
1755560 473
1755570 474
1755580 474
1755590 474
1755600 474
1755610 475
1755620 475
1755630 475
1755640 476
1755650 476
1755660 476
1755670 476
1755680 476
1755690 477
1755700 477
1755710 477
1755720 478
1755730 478
1755740 478
1755750 478
1755760 478
1755770 478
1755780 479
1755790 479
1755800 479
1755810 479
1755820 479
1755830 480
1755840 480
1755850 480
1755860 480
1755870 480
1755880 480
1755890 480
1755900 480
1755910 480
1755920 480
1755930 480
1755940 480
1755950 480
1755960 480
1755970 479
1755980 479
1755990 478
1756000 478
1756010 477
1756020 477
1756030 476
1756040 474
1756050 473
1756060 471
1756070 469
1756080 467
1756090 465
1756100 464
1756110 463
1756120 463
1756130 462
1756140 461
1756150 460
1756160 459
1756170 459
1756180 458
1756190 458
1756200 458
1756210 459
1756220 460
1756230 461
1756240 462
1756250 464
1756260 465
1756270 466
1756280 468
1756290 469
1756300 471
1756310 474
1756320 476
1756330 478
1756340 479
1756350 480
1756360 481
1756370 482
1756380 483
1756390 484
1756400 484
1756410 484
1756420 485
1756430 485
1756440 486
1756450 486
1756460 486
1756470 486
1756480 486
1756490 486
1756500 486
1756510 487
1756520 487
1756530 486
1756540 486
1756550 486
1756560 486
1756570 486
1756580 486
1756590 486
1756600 486
1756610 485
1756620 485
1756630 485
1756640 485
1756650 484
1756660 484
1756670 484
1756680 483
1756690 483
1756700 483
1756710 483
1756720 483
1756730 483
1756740 482
1756750 482
1756760 482
1756770 482
1756780 482
1756790 482
1756800 481
1756810 481
1756820 481
1756830 481
1756840 481
1756850 481
1756860 480
1756870 480
1756880 480
1756890 480
1756900 480
1756910 480
1756920 479
1756930 479
1756940 479
1756950 479
1756960 479
1756970 478
1756980 478
1756990 478
1757000 478
1757010 477
1757020 477
1757030 477
1757040 477
1757050 476
1757060 476
1757070 476
1757080 476
1757090 476
1757100 475
1757110 475
1757120 475
1757130 474
1757140 474
1757150 474
1757160 473
1757170 473
1757180 472
1757190 472
1757200 472
1757210 471
1757220 471
1757230 470
1757240 470
1757250 469
1757260 469
1757270 468
1757280 468
1757290 467
1757300 467
1757310 466
1757320 466
1757330 465
1757340 464
1757350 463
1757360 462
1757370 461
1757380 459
1757390 459
1757400 458
1757410 457
1757420 457
1757430 456
1757440 455
1757450 454
1757460 454
1757470 454
1757480 455
1757490 456
1757500 458
1757510 459
1757520 460
1757530 460
1757540 460
1757550 460
1757560 460
1757570 459
1757580 459
1757590 459
1757600 459
1757610 459
1757620 459
1757630 458
1757640 458
1757650 458
1757660 457
1757670 457
1757680 457
1757690 457
1757700 457
1757710 457
1757720 457
1757730 456
1757740 456
1757750 456
1757760 456
1757770 456
1757780 456
1757790 456
1757800 456
1757810 456
1757820 455
1757830 455
1757840 454
1757850 453
1757860 452
1757870 451
1757880 450
1757890 450
1757900 451
1757910 452
1757920 452
1757930 452
1757940 452
1757950 452
1757960 453
1757970 454
1757980 455
1757990 456
1758000 458
1758010 459
1758020 461
1758030 462
1758040 463
1758050 464
1758060 465
1758070 465
1758080 466
1758090 466
1758100 467
1758110 467
1758120 467
1758130 467
1758140 468
1758150 468
1758160 468
1758170 468
1758180 468
1758190 468
1758200 468
1758210 468
1758220 468
1758230 468
1758240 468
1758250 468
1758260 467
1758270 467
1758280 467
1758290 466
1758300 466
1758310 466
1758320 465
1758330 465
1758340 465
1758350 464
1758360 464
1758370 463
1758380 463
1758390 463
1758400 462
1758410 462
1758420 461
1758430 461
1758440 460
1758450 460
1758460 459
1758470 458
1758480 458
1758490 457
1758500 457
1758510 456
1758520 455
1758530 454
1758540 454
1758550 453
1758560 452
1758570 451
1758580 450
1758590 449
1758600 449
1758610 448
1758620 447
1758630 446
1758640 445
1758650 444
1758660 443
1758670 442
1758680 441
1758690 440
1758700 438
1758710 437
1758720 436
1758730 435
1758740 433
1758750 432
1758760 430
1758770 428
1758780 427
1758790 425
1758800 424
1758810 424
1758820 423
1758830 422
1758840 420
1758850 419
1758860 418
1758870 416
1758880 415
1758890 414
1758900 412
1758910 411
1758920 409
1758930 408
1758940 406
1758950 405
1758960 403
1758970 402
1758980 401
1758990 399
1759000 398
1759010 396
1759020 395
1759030 394
1759040 393
1759050 391
1759060 390
1759070 389
1759080 388
1759090 387
1759100 386
1759110 385
1759120 384
1759130 382
1759140 381
1759150 379
1759160 378
1759170 378
1759180 377
1759190 376
1759200 375
1759210 376
1759220 376
1759230 376
1759240 376
1759250 376
1759260 377
1759270 377
1759280 378
1759290 378
1759300 380
1759310 383
1759320 386
1759330 389
1759340 392
1759350 394
1759360 396
1759370 397
1759380 399
1759390 400
1759400 401
1759410 401
1759420 402
1759430 402
1759440 403
1759450 403
1759460 404
1759470 404
1759480 404
1759490 404
1759500 404
1759510 405
1759520 405
1759530 405
1759540 405
1759550 405
1759560 405
1759570 405
1759580 405
1759590 406
1759600 406
1759610 406
1759620 406
1759630 406
1759640 406
1759650 406
1759660 406
1759670 407
1759680 407
1759690 407
1759700 407
1759710 407
1759720 407
1759730 407
1759740 407
1759750 407
1759760 407
1759770 407
1759780 408
1759790 408
1759800 408
1759810 408
1759820 408
1759830 408
1759840 408
1759850 408
1759860 408
1759870 408
1759880 407
1759890 407
1759900 407
1759910 407
1759920 406
1759930 406
1759940 406
1759950 406
1759960 405
1759970 405
1759980 404
1759990 404
