1740000 481
1740010 481
1740020 481
1740030 481
1740040 481
1740050 482
1740060 482
1740070 482
1740080 482
1740090 482
1740100 482
1740110 482
1740120 482
1740130 482
1740140 482
1740150 483
1740160 483
1740170 483
1740180 483
1740190 483
1740200 483
1740210 483
1740220 483
1740230 483
1740240 483
1740250 483
1740260 483
1740270 483
1740280 483
1740290 483
1740300 483
1740310 483
1740320 483
1740330 483
1740340 483
1740350 483
1740360 483
1740370 483
1740380 483
1740390 483
1740400 483
1740410 483
1740420 483
1740430 483
1740440 482
1740450 482
1740460 482
1740470 482
1740480 482
1740490 482
1740500 482
1740510 482
1740520 482
1740530 482
1740540 482
1740550 482
1740560 482
1740570 482
1740580 482
1740590 482
1740600 482
1740610 482
1740620 482
1740630 482
1740640 482
1740650 482
1740660 482
1740670 482
1740680 482
1740690 482
1740700 482
1740710 482
1740720 482
1740730 482
1740740 481
1740750 481
1740760 481
1740770 481
1740780 481
1740790 480
1740800 480
1740810 480
1740820 480
1740830 479
1740840 479
1740850 479
1740860 479
1740870 478
1740880 478
1740890 478
1740900 477
1740910 477
1740920 477
1740930 477
1740940 476
1740950 476
1740960 476
1740970 475
1740980 475
1740990 475
1741000 474
1741010 474
1741020 474
1741030 473
1741040 473
1741050 473
1741060 472
1741070 472
1741080 471
1741090 471
1741100 470
1741110 470
1741120 469
1741130 469
1741140 468
1741150 468
1741160 467
1741170 467
1741180 467
1741190 466
1741200 466
1741210 466
1741220 465
1741230 465
1741240 464
1741250 464
1741260 464
1741270 464
1741280 463
1741290 463
1741300 463
1741310 463
1741320 462
1741330 462
1741340 462
1741350 461
1741360 461
1741370 461
1741380 461
1741390 462
1741400 462
1741410 462
1741420 462
1741430 462
1741440 462
1741450 461
1741460 461
1741470 461
1741480 461
1741490 461
1741500 461
1741510 460
1741520 460
1741530 460
1741540 460
1741550 460
1741560 460
1741570 460
1741580 460
1741590 460
1741600 459
1741610 459
1741620 459
1741630 459
1741640 459
1741650 459
1741660 459
1741670 458
1741680 458
1741690 458
1741700 458
1741710 457
1741720 457
1741730 457
1741740 456
1741750 456
1741760 455
1741770 455
1741780 455
1741790 454
1741800 454
1741810 453
1741820 453
1741830 453
1741840 452
1741850 451
1741860 450
1741870 449
1741880 447
1741890 444
1741900 442
1741910 440
1741920 438
1741930 436
1741940 434
1741950 433
1741960 432
1741970 431
1741980 430
1741990 430
1742000 429
1742010 429
1742020 429
1742030 429
1742040 429
1742050 428
1742060 428
1742070 427
1742080 427
1742090 426
1742100 425
1742110 424
1742120 423
1742130 422
1742140 420
1742150 418
1742160 415
1742170 414
1742180 414
1742190 415
1742200 415
1742210 416
1742220 415
1742230 416
1742240 417
1742250 419
1742260 421
1742270 423
1742280 425
1742290 427
1742300 429
1742310 431
1742320 433
1742330 435
1742340 437
1742350 439
1742360 441
1742370 444
1742380 446
1742390 448
1742400 450
1742410 452
1742420 453
1742430 454
1742440 456
1742450 456
1742460 457
1742470 458
1742480 459
1742490 460
1742500 461
1742510 461
1742520 462
1742530 463
1742540 464
1742550 465
1742560 465
1742570 466
1742580 466
1742590 467
1742600 467
1742610 468
1742620 468
1742630 469
1742640 469
1742650 469
1742660 470
1742670 470
1742680 470
1742690 470
1742700 471
1742710 471
1742720 471
1742730 471
1742740 472
1742750 472
1742760 472
1742770 472
1742780 473
1742790 473
1742800 473
1742810 473
1742820 472
1742830 472
1742840 472
1742850 472
1742860 471
1742870 471
1742880 471
1742890 471
1742900 470
1742910 470
1742920 470
1742930 470
1742940 470
1742950 469
1742960 469
1742970 469
1742980 469
1742990 469
1743000 469
1743010 469
1743020 469
1743030 468
1743040 468
1743050 468
1743060 468
1743070 468
1743080 467
1743090 467
1743100 467
1743110 467
1743120 466
1743130 466
1743140 465
1743150 465
1743160 465
1743170 464
1743180 464
1743190 464
1743200 463
1743210 463
1743220 462
1743230 462
1743240 462
1743250 461
1743260 461
1743270 461
1743280 460
1743290 460
1743300 460
1743310 459
1743320 459
1743330 459
1743340 458
1743350 458
1743360 458
1743370 457
1743380 457
1743390 457
1743400 456
1743410 456
1743420 456
1743430 456
1743440 455
1743450 455
1743460 455
1743470 455
1743480 455
1743490 454
1743500 454
1743510 454
1743520 454
1743530 454
1743540 453
1743550 453
1743560 453
1743570 453
1743580 453
1743590 453
1743600 452
1743610 452
1743620 452
1743630 452
1743640 452
1743650 452
1743660 452
1743670 451
1743680 451
1743690 451
1743700 451
1743710 451
1743720 451
1743730 451
1743740 451
1743750 451
1743760 450
1743770 450
1743780 450
1743790 450
1743800 450
1743810 449
1743820 449
1743830 449
1743840 449
1743850 449
1743860 448
1743870 448
1743880 448
1743890 447
1743900 447
1743910 447
1743920 446
1743930 447
1743940 447
1743950 447
1743960 447
1743970 447
1743980 447
1743990 448
1744000 448
1744010 449
1744020 450
1744030 450
1744040 451
1744050 451
1744060 451
1744070 452
1744080 452
1744090 453
1744100 453
1744110 453
1744120 454
1744130 454
1744140 455
1744150 455
1744160 455
1744170 456
1744180 456
1744190 457
1744200 457
1744210 458
1744220 458
1744230 459
1744240 459
1744250 460
1744260 460
1744270 460
1744280 461
1744290 461
1744300 462
1744310 463
1744320 463
1744330 464
1744340 464
1744350 465
1744360 466
1744370 466
1744380 467
1744390 468
1744400 468
1744410 469
1744420 470
1744430 471
1744440 472
1744450 472
1744460 472
1744470 473
1744480 474
1744490 474
1744500 475
1744510 475
1744520 476
1744530 476
1744540 477
1744550 477
1744560 477
1744570 478
1744580 478
1744590 478
1744600 478
1744610 478
1744620 479
1744630 479
1744640 479
1744650 479
1744660 479
1744670 479
1744680 479
1744690 479
1744700 479
1744710 479
1744720 479
1744730 478
1744740 478
1744750 478
1744760 478
1744770 478
1744780 478
1744790 478
1744800 478
1744810 478
1744820 478
1744830 478
1744840 477
1744850 477
1744860 477
1744870 477
1744880 477
1744890 477
1744900 477
1744910 477
1744920 477
1744930 478
1744940 478
1744950 478
1744960 478
1744970 478
1744980 478
1744990 478
1745000 478
1745010 478
1745020 478
1745030 478
1745040 478
1745050 477
1745060 477
1745070 477
1745080 477
1745090 477
1745100 477
1745110 477
1745120 477
1745130 477
1745140 477
1745150 477
1745160 477
1745170 476
1745180 476
1745190 476
1745200 476
1745210 476
1745220 476
1745230 476
1745240 476
1745250 475
1745260 475
1745270 475
1745280 475
1745290 475
1745300 475
1745310 474
1745320 474
1745330 474
1745340 474
1745350 474
1745360 474
1745370 474
1745380 475
1745390 475
1745400 475
1745410 475
1745420 475
1745430 474
1745440 474
1745450 474
1745460 474
1745470 474
1745480 474
1745490 474
1745500 474
1745510 474
1745520 474
1745530 474
1745540 474
1745550 474
1745560 474
1745570 474
1745580 473
1745590 473
1745600 473
1745610 474
1745620 474
1745630 474
1745640 474
1745650 474
1745660 474
1745670 474
1745680 474
1745690 474
1745700 474
1745710 474
1745720 474
1745730 474
1745740 474
1745750 474
1745760 475
1745770 475
1745780 475
1745790 475
1745800 475
1745810 475
1745820 475
1745830 475
1745840 475
1745850 476
1745860 476
1745870 476
1745880 476
1745890 476
1745900 476
1745910 477
1745920 477
1745930 477
1745940 477
1745950 477
1745960 477
1745970 478
1745980 478
1745990 478
1746000 478
1746010 479
1746020 479
1746030 479
1746040 479
1746050 479
1746060 479
1746070 480
1746080 480
1746090 480
1746100 480
1746110 481
1746120 481
1746130 481
1746140 481
1746150 481
1746160 482
1746170 482
1746180 482
1746190 482
1746200 482
1746210 483
1746220 483
1746230 483
1746240 483
1746250 483
1746260 483
1746270 484
1746280 484
1746290 484
1746300 484
1746310 484
1746320 484
1746330 484
1746340 484
1746350 484
1746360 484
1746370 484
1746380 485
1746390 485
1746400 485
1746410 485
1746420 485
1746430 485
1746440 485
1746450 485
1746460 485
1746470 485
1746480 485
1746490 485
1746500 485
1746510 485
1746520 485
1746530 485
1746540 485
1746550 485
1746560 485
1746570 485
1746580 485
1746590 485
1746600 485
1746610 485
1746620 485
1746630 485
1746640 485
1746650 485
1746660 485
1746670 485
1746680 485
1746690 485
1746700 485
1746710 485
1746720 485
1746730 485
1746740 484
1746750 484
1746760 484
1746770 484
1746780 484
1746790 484
1746800 484
1746810 484
1746820 484
1746830 484
1746840 483
1746850 483
1746860 483
1746870 483
1746880 483
1746890 483
1746900 483
1746910 483
1746920 483
1746930 483
1746940 482
1746950 482
1746960 482
1746970 482
1746980 482
1746990 482
1747000 481
1747010 481
1747020 481
1747030 481
1747040 481
1747050 480
1747060 480
1747070 480
1747080 480
1747090 480
1747100 479
1747110 479
1747120 479
1747130 479
1747140 478
1747150 478
1747160 478
1747170 478
1747180 477
1747190 477
1747200 477
1747210 476
1747220 476
1747230 476
1747240 476
1747250 475
1747260 475
1747270 475
1747280 474
1747290 474
1747300 474
1747310 473
1747320 473
1747330 473
1747340 472
1747350 472
1747360 472
1747370 472
1747380 471
1747390 471
1747400 471
1747410 470
1747420 470
1747430 470
1747440 470
1747450 470
1747460 469
1747470 469
1747480 469
1747490 468
1747500 468
1747510 468
1747520 468
1747530 468
1747540 468
1747550 468
1747560 467
1747570 467
1747580 467
1747590 467
1747600 467
1747610 467
1747620 467
1747630 466
1747640 466
1747650 466
1747660 466
1747670 466
1747680 466
1747690 465
1747700 465
1747710 465
1747720 465
1747730 465
1747740 464
1747750 464
1747760 464
1747770 464
1747780 464
1747790 463
1747800 463
1747810 463
1747820 463
1747830 463
1747840 462
1747850 462
1747860 462
1747870 462
1747880 462
1747890 461
1747900 461
1747910 461
1747920 461
1747930 461
1747940 460
1747950 460
1747960 460
1747970 460
1747980 460
1747990 459
1748000 459
1748010 459
1748020 459
1748030 459
1748040 459
1748050 458
1748060 458
1748070 458
1748080 458
1748090 458
1748100 458
1748110 458
1748120 458
1748130 457
1748140 457
1748150 457
1748160 457
1748170 457
1748180 457
1748190 457
1748200 456
1748210 456
1748220 456
1748230 456
1748240 456
1748250 455
1748260 455
1748270 455
1748280 455
1748290 455
1748300 454
1748310 454
1748320 454
1748330 454
1748340 454
1748350 453
1748360 453
1748370 453
1748380 453
1748390 453
1748400 453
1748410 452
1748420 452
1748430 452
1748440 452
1748450 452
1748460 452
1748470 452
1748480 452
1748490 452
1748500 452
1748510 452
1748520 453
1748530 453
1748540 453
1748550 454
1748560 454
1748570 454
1748580 455
1748590 455
1748600 455
1748610 456
1748620 456
1748630 456
1748640 456
1748650 457
1748660 457
1748670 457
1748680 457
1748690 457
1748700 457
1748710 457
1748720 457
1748730 457
1748740 457
1748750 457
1748760 458
1748770 458
1748780 457
1748790 457
1748800 457
1748810 457
1748820 457
1748830 457
1748840 457
1748850 457
1748860 457
1748870 457
1748880 456
1748890 456
1748900 456
1748910 456
1748920 456
1748930 455
1748940 455
1748950 455
1748960 454
1748970 454
1748980 454
1748990 453
1749000 453
1749010 453
1749020 452
1749030 452
1749040 452
1749050 451
1749060 451
1749070 450
1749080 450
1749090 450
1749100 449
1749110 449
1749120 448
1749130 448
1749140 448
1749150 448
1749160 448
1749170 448
1749180 448
1749190 449
1749200 449
1749210 449
1749220 450
1749230 450
1749240 451
1749250 451
1749260 452
1749270 452
1749280 453
1749290 453
1749300 454
1749310 454
1749320 455
1749330 455
1749340 455
1749350 456
1749360 456
1749370 456
1749380 457
1749390 457
1749400 457
1749410 457
1749420 457
1749430 457
1749440 458
1749450 458
1749460 458
1749470 458
1749480 458
1749490 459
1749500 459
1749510 459
1749520 459
1749530 459
1749540 458
1749550 459
1749560 459
1749570 459
1749580 458
1749590 458
1749600 458
1749610 459
1749620 459
1749630 459
1749640 459
1749650 459
1749660 459
1749670 459
1749680 459
1749690 459
1749700 459
1749710 459
1749720 459
1749730 459
1749740 459
1749750 459
1749760 459
1749770 459
1749780 459
1749790 459
1749800 459
1749810 458
1749820 458
1749830 458
1749840 458
1749850 458
1749860 458
1749870 458
1749880 458
1749890 458
1749900 457
1749910 457
1749920 457
1749930 457
1749940 456
1749950 456
1749960 456
1749970 455
1749980 455
1749990 454
1750000 454
1750010 454
1750020 453
1750030 453
1750040 453
1750050 452
1750060 452
1750070 452
1750080 451
1750090 451
1750100 451
1750110 451
1750120 450
1750130 450
1750140 450
1750150 450
1750160 449
1750170 449
1750180 449
1750190 449
1750200 449
1750210 449
1750220 449
1750230 448
1750240 448
1750250 448
1750260 448
1750270 448
1750280 448
1750290 448
1750300 448
1750310 448
1750320 448
1750330 448
1750340 447
1750350 447
1750360 447
1750370 447
1750380 447
1750390 447
1750400 447
1750410 447
1750420 447
1750430 447
1750440 447
1750450 447
1750460 447
1750470 447
1750480 447
1750490 447
1750500 447
1750510 447
1750520 446
1750530 446
1750540 446
1750550 446
1750560 446
1750570 447
1750580 447
1750590 447
1750600 448
1750610 448
1750620 449
1750630 449
1750640 450
1750650 450
1750660 450
1750670 451
1750680 451
1750690 451
1750700 452
1750710 452
1750720 452
1750730 453
1750740 453
1750750 453
1750760 454
1750770 454
1750780 454
1750790 454
1750800 455
1750810 455
1750820 455
1750830 455
1750840 455
1750850 456
1750860 456
1750870 457
1750880 457
1750890 457
1750900 457
1750910 458
1750920 458
1750930 458
1750940 459
1750950 459
1750960 459
1750970 460
1750980 460
1750990 460
1751000 461
1751010 461
1751020 461
1751030 462
1751040 462
1751050 462
1751060 463
1751070 463
1751080 464
1751090 464
1751100 464
1751110 465
1751120 465
1751130 466
1751140 466
1751150 466
1751160 467
1751170 467
1751180 467
1751190 468
1751200 468
1751210 469
1751220 469
1751230 470
1751240 470
1751250 470
1751260 471
1751270 471
1751280 471
1751290 472
1751300 472
1751310 472
1751320 472
1751330 473
1751340 473
1751350 473
1751360 473
1751370 473
1751380 473
1751390 474
1751400 474
1751410 474
1751420 474
1751430 475
1751440 475
1751450 475
1751460 475
1751470 475
1751480 475
1751490 475
1751500 475
1751510 475
1751520 475
1751530 475
1751540 475
1751550 475
1751560 475
1751570 474
1751580 474
1751590 474
1751600 474
