1752720 455
1752730 455
1752740 455
1752750 455
1752760 455
1752770 455
1752780 455
1752790 455
1752800 455
1752810 456
1752820 456
1752830 456
1752840 456
1752850 456
1752860 456
1752870 456
1752880 456
1752890 456
1752900 456
1752910 456
1752920 456
1752930 456
1752940 456
1752950 457
1752960 457
1752970 457
1752980 457
1752990 457
1753000 457
1753010 457
1753020 457
1753030 458
1753040 458
1753050 458
1753060 458
1753070 458
1753080 458
1753090 458
1753100 459
1753110 459
1753120 459
1753130 459
1753140 459
1753150 459
1753160 459
1753170 460
1753180 460
1753190 460
1753200 460
1753210 461
1753220 461
1753230 461
1753240 461
1753250 462
1753260 462
1753270 462
1753280 462
1753290 463
1753300 463
1753310 463
1753320 464
1753330 464
1753340 464
1753350 465
1753360 465
1753370 465
1753380 465
1753390 466
1753400 466
1753410 466
1753420 467
1753430 467
1753440 467
1753450 468
1753460 468
1753470 468
1753480 469
1753490 469
1753500 470
1753510 470
1753520 470
1753530 471
1753540 471
1753550 471
1753560 472
1753570 472
1753580 472
1753590 473
1753600 473
1753610 473
1753620 473
1753630 474
1753640 474
1753650 474
1753660 474
1753670 474
1753680 474
1753690 475
1753700 475
1753710 475
1753720 475
1753730 475
1753740 475
1753750 475
1753760 475
1753770 475
1753780 475
1753790 475
1753800 475
1753810 475
1753820 475
1753830 475
1753840 475
1753850 475
1753860 475
1753870 475
1753880 475
1753890 475
1753900 476
1753910 476
1753920 476
1753930 476
1753940 476
1753950 476
1753960 477
1753970 477
1753980 477
1753990 477
1754000 477
1754010 477
1754020 477
1754030 478
1754040 478
1754050 478
1754060 478
1754070 478
1754080 478
1754090 478
1754100 478
1754110 478
1754120 478
1754130 478
1754140 479
1754150 479
1754160 479
1754170 479
1754180 479
1754190 479
1754200 479
1754210 479
1754220 479
1754230 479
1754240 479
1754250 479
1754260 479
1754270 479
1754280 479
1754290 479
1754300 479
1754310 479
1754320 479
1754330 479
1754340 479
1754350 479
1754360 479
1754370 479
1754380 479
1754390 479
1754400 479
1754410 478
1754420 479
1754430 479
1754440 479
1754450 479
1754460 479
1754470 479
1754480 479
1754490 479
1754500 478
1754510 478
1754520 478
1754530 478
1754540 478
1754550 478
1754560 478
1754570 478
1754580 478
1754590 478
1754600 478
1754610 478
1754620 478
1754630 478
1754640 478
1754650 478
1754660 478
1754670 478
1754680 478
1754690 478
1754700 478
1754710 478
1754720 477
1754730 477
1754740 477
1754750 477
1754760 477
1754770 477
1754780 476
1754790 476
1754800 476
1754810 476
1754820 475
1754830 475
1754840 475
1754850 474
1754860 474
1754870 473
1754880 473
1754890 473
1754900 472
1754910 472
1754920 471
1754930 471
1754940 470
1754950 469
1754960 469
1754970 468
1754980 468
1754990 467
1755000 466
1755010 466
1755020 465
1755030 465
1755040 464
1755050 463
1755060 463
1755070 462
1755080 462
1755090 461
1755100 460
1755110 460
1755120 459
1755130 459
1755140 459
1755150 458
1755160 458
1755170 457
1755180 457
1755190 456
1755200 456
1755210 456
1755220 455
1755230 455
1755240 454
1755250 453
1755260 453
1755270 452
1755280 452
1755290 452
1755300 452
1755310 452
1755320 452
1755330 452
1755340 453
1755350 454
1755360 455
1755370 456
1755380 456
1755390 457
1755400 458
1755410 458
1755420 459
1755430 459
1755440 459
1755450 460
1755460 460
1755470 460
1755480 460
1755490 461
1755500 461
1755510 461
1755520 462
1755530 462
1755540 462
1755550 463
1755560 463
1755570 463
1755580 464
1755590 464
1755600 464
1755610 464
1755620 465
1755630 465
1755640 465
1755650 466
1755660 466
1755670 466
1755680 467
1755690 467
1755700 467
1755710 468
1755720 468
1755730 469
1755740 469
1755750 470
1755760 470
1755770 470
1755780 471
1755790 471
1755800 471
1755810 472
1755820 472
1755830 472
1755840 473
1755850 473
1755860 473
1755870 473
1755880 473
1755890 473
1755900 473
1755910 473
1755920 474
1755930 474
1755940 474
1755950 473
1755960 473
1755970 473
1755980 473
1755990 473
1756000 472
1756010 471
1756020 470
1756030 469
1756040 467
1756050 466
1756060 464
1756070 462
1756080 461
1756090 460
1756100 458
1756110 457
1756120 456
1756130 454
1756140 453
1756150 453
1756160 452
1756170 452
1756180 452
1756190 453
1756200 454
1756210 456
1756220 457
1756230 459
1756240 461
1756250 463
1756260 466
1756270 468
1756280 471
1756290 473
1756300 474
1756310 475
1756320 476
1756330 477
1756340 477
1756350 478
1756360 479
1756370 479
1756380 480
1756390 480
1756400 481
1756410 482
1756420 482
1756430 483
1756440 483
1756450 484
1756460 484
1756470 484
1756480 485
1756490 485
1756500 485
1756510 485
1756520 484
1756530 484
1756540 484
1756550 484
1756560 484
1756570 484
1756580 483
1756590 483
1756600 483
1756610 483
1756620 483
1756630 482
1756640 482
1756650 481
1756660 481
1756670 481
1756680 481
1756690 481
1756700 480
1756710 480
1756720 480
1756730 480
1756740 480
1756750 479
1756760 479
1756770 479
1756780 479
1756790 479
1756800 479
1756810 479
1756820 478
1756830 478
1756840 478
1756850 478
1756860 478
1756870 478
1756880 478
1756890 477
1756900 477
1756910 477
1756920 477
1756930 476
1756940 476
1756950 476
1756960 476
1756970 475
1756980 475
1756990 475
1757000 475
1757010 474
1757020 474
1757030 474
1757040 474
1757050 473
1757060 473
1757070 473
1757080 472
1757090 472
1757100 471
1757110 470
1757120 470
1757130 469
1757140 469
1757150 468
1757160 467
1757170 467
1757180 466
1757190 465
1757200 464
1757210 463
1757220 462
1757230 461
1757240 460
1757250 458
1757260 456
1757270 454
1757280 452
1757290 450
1757300 448
1757310 447
1757320 446
1757330 445
1757340 444
1757350 444
1757360 443
1757370 442
1757380 442
1757390 441
1757400 441
1757410 441
1757420 442
1757430 445
1757440 448
1757450 450
1757460 453
1757470 456
1757480 457
1757490 458
1757500 459
1757510 459
1757520 459
1757530 459
1757540 459
1757550 459
1757560 459
1757570 458
1757580 458
1757590 458
1757600 457
1757610 457
1757620 457
1757630 456
1757640 456
1757650 455
1757660 455
1757670 454
1757680 454
1757690 453
1757700 453
1757710 452
1757720 452
1757730 451
1757740 450
1757750 449
1757760 447
1757770 445
1757780 443
1757790 441
1757800 439
1757810 439
1757820 438
1757830 438
1757840 438
1757850 438
1757860 439
1757870 441
1757880 443
1757890 445
1757900 448
1757910 451
1757920 453
1757930 456
1757940 458
1757950 460
1757960 461
1757970 462
1757980 463
1757990 464
1758000 465
1758010 465
1758020 465
1758030 465
1758040 466
1758050 466
1758060 466
1758070 466
1758080 467
1758090 467
1758100 467
1758110 467
1758120 467
1758130 467
1758140 467
1758150 467
1758160 467
1758170 467
1758180 467
1758190 467
1758200 466
1758210 466
1758220 466
1758230 466
1758240 466
1758250 466
1758260 465
1758270 465
1758280 465
1758290 465
1758300 464
1758310 464
1758320 464
1758330 463
1758340 463
1758350 463
1758360 462
1758370 462
1758380 462
1758390 461
1758400 461
1758410 460
1758420 460
1758430 460
1758440 459
1758450 459
1758460 458
1758470 458
1758480 457
1758490 457
1758500 456
1758510 456
1758520 456
1758530 455
1758540 455
1758550 455
1758560 454
1758570 454
1758580 453
1758590 453
1758600 452
1758610 452
1758620 451
1758630 451
1758640 450
1758650 450
1758660 449
1758670 448
1758680 448
1758690 447
1758700 447
1758710 446
1758720 445
1758730 444
1758740 444
1758750 443
1758760 442
1758770 442
1758780 441
1758790 440
1758800 439
1758810 438
1758820 437
1758830 436
1758840 435
1758850 434
1758860 433
1758870 432
1758880 431
1758890 430
1758900 428
1758910 427
1758920 426
1758930 424
1758940 423
1758950 421
1758960 419
1758970 417
1758980 416
1758990 414
1759000 413
1759010 411
1759020 410
1759030 408
1759040 407
1759050 405
1759060 403
1759070 401
1759080 399
1759090 398
1759100 396
1759110 395
1759120 393
1759130 392
1759140 391
1759150 390
1759160 389
1759170 387
1759180 386
1759190 385
1759200 384
1759210 383
1759220 382
1759230 381
1759240 380
1759250 379
1759260 377
1759270 375
1759280 374
1759290 373
1759300 373
1759310 373
1759320 373
1759330 373
1759340 374
1759350 375
1759360 376
1759370 376
1759380 378
1759390 380
1759400 382
1759410 384
1759420 386
1759430 387
1759440 389
1759450 390
1759460 391
1759470 392
1759480 393
1759490 394
1759500 394
1759510 394
1759520 395
1759530 395
1759540 396
1759550 396
1759560 396
1759570 397
1759580 397
1759590 398
1759600 398
1759610 398
1759620 398
1759630 399
1759640 399
1759650 400
1759660 400
1759670 401
1759680 401
1759690 402
1759700 402
1759710 402
1759720 402
1759730 402
1759740 401
1759750 401
1759760 401
1759770 401
1759780 401
1759790 401
1759800 401
1759810 401
1759820 400
1759830 400
1759840 400
1759850 400
1759860 399
1759870 399
1759880 399
1759890 398
1759900 398
1759910 398
1759920 397
1759930 397
1759940 396
1759950 396
1759960 395
1759970 395
1759980 394
1759990 394
1740000 481
1740010 482
1740020 482
1740030 482
1740040 482
1740050 482
1740060 482
1740070 482
1740080 482
1740090 482
1740100 482
1740110 482
1740120 482
1740130 482
1740140 482
1740150 482
1740160 482
1740170 482
1740180 482
1740190 482
1740200 483
1740210 483
1740220 483
1740230 483
1740240 483
1740250 483
1740260 483
1740270 483
1740280 483
1740290 483
1740300 483
1740310 483
1740320 483
1740330 483
1740340 483
1740350 483
1740360 483
1740370 483
1740380 483
1740390 483
1740400 483
1740410 483
1740420 483
1740430 483
1740440 483
1740450 483
1740460 483
1740470 483
1740480 483
1740490 483
1740500 483
1740510 483
1740520 483
1740530 483
1740540 483
1740550 483
1740560 483
1740570 483
1740580 483
1740590 482
1740600 482
1740610 482
1740620 482
1740630 482
1740640 482
1740650 482
1740660 482
1740670 482
1740680 482
1740690 482
1740700 482
1740710 482
1740720 482
1740730 482
1740740 482
1740750 482
1740760 481
1740770 481
1740780 481
1740790 481
1740800 481
1740810 481
1740820 481
1740830 480
1740840 480
1740850 480
1740860 480
1740870 479
1740880 479
1740890 479
1740900 479
1740910 479
1740920 478
1740930 478
1740940 478
1740950 478
1740960 477
1740970 477
1740980 477
1740990 476
1741000 476
1741010 476
1741020 476
1741030 475
1741040 475
1741050 474
1741060 474
1741070 474
1741080 473
1741090 473
1741100 473
1741110 472
1741120 472
1741130 472
1741140 471
1741150 471
1741160 470
1741170 470
1741180 469
1741190 469
1741200 469
1741210 468
1741220 468
1741230 467
1741240 467
1741250 466
1741260 466
1741270 465
1741280 465
1741290 464
1741300 464
1741310 464
1741320 463
1741330 463
1741340 462
1741350 462
1741360 461
1741370 461
1741380 460
1741390 460
1741400 459
1741410 459
1741420 459
1741430 458
1741440 458
1741450 457
1741460 456
1741470 454
1741480 453
1741490 453
1741500 451
1741510 450
1741520 449
1741530 448
1741540 447
1741550 446
1741560 445
1741570 445
1741580 445
1741590 446
1741600 446
1741610 447
1741620 447
1741630 447
1741640 447
1741650 447
1741660 447
1741670 447
1741680 447
1741690 447
1741700 447
1741710 448
1741720 448
1741730 448
1741740 448
1741750 448
1741760 448
1741770 448
1741780 448
1741790 449
1741800 449
1741810 449
1741820 449
1741830 448
1741840 448
1741850 448
1741860 448
1741870 447
1741880 447
1741890 447
1741900 446
1741910 446
1741920 446
1741930 445
1741940 444
1741950 443
1741960 442
1741970 441
1741980 440
1741990 439
1742000 438
1742010 437
1742020 436
1742030 436
1742040 435
1742050 434
1742060 433
1742070 432
1742080 431
1742090 430
1742100 430
1742110 429
1742120 428
1742130 427
1742140 426
1742150 425
1742160 422
1742170 418
1742180 416
1742190 415
1742200 415
1742210 415
1742220 415
1742230 415
1742240 414
1742250 415
1742260 415
1742270 416
1742280 417
1742290 418
1742300 420
1742310 422
1742320 424
1742330 426
1742340 428
1742350 430
1742360 432
1742370 433
1742380 436
1742390 438
1742400 440
1742410 442
1742420 444
1742430 445
1742440 447
1742450 448
1742460 450
1742470 451
1742480 453
1742490 454
1742500 455
1742510 457
1742520 458
1742530 459
1742540 460
1742550 460
1742560 461
1742570 461
1742580 462
1742590 462
1742600 463
1742610 464
1742620 464
1742630 465
1742640 465
1742650 465
1742660 465
1742670 465
1742680 466
1742690 466
1742700 467
1742710 467
1742720 467
1742730 468
1742740 468
1742750 468
1742760 468
1742770 468
1742780 468
1742790 468
1742800 468
1742810 467
1742820 467
1742830 467
1742840 467
1742850 466
1742860 466
1742870 466
1742880 466
1742890 466
1742900 466
1742910 465
1742920 465
1742930 465
1742940 465
1742950 465
1742960 465
1742970 465
1742980 465
1742990 465
1743000 465
1743010 464
1743020 464
1743030 464
1743040 464
1743050 464
1743060 464
1743070 464
1743080 464
1743090 463
1743100 463
1743110 463
1743120 463
1743130 463
1743140 463
1743150 463
1743160 462
1743170 462
1743180 462
1743190 462
1743200 462
1743210 462
1743220 462
1743230 461
1743240 461
1743250 461
1743260 461
1743270 460
1743280 460
1743290 460
1743300 459
1743310 459
1743320 459
1743330 459
1743340 458
1743350 458
1743360 458
1743370 458
1743380 457
1743390 457
1743400 457
1743410 456
1743420 456
1743430 456
1743440 456
1743450 455
1743460 455
1743470 455
1743480 455
1743490 454
1743500 454
1743510 454
1743520 454
1743530 454
1743540 454
1743550 453
1743560 453
1743570 453
1743580 453
1743590 453
1743600 453
1743610 452
1743620 452
1743630 452
1743640 452
1743650 452
1743660 452
1743670 451
1743680 451
1743690 451
1743700 451
1743710 451
1743720 451
1743730 450
1743740 450
1743750 450
1743760 450
1743770 450
1743780 450
1743790 450
1743800 450
1743810 449
1743820 449
1743830 449
1743840 449
1743850 449
1743860 449
1743870 449
1743880 449
1743890 448
1743900 448
1743910 448
1743920 448
1743930 448
1743940 448
1743950 448
1743960 448
1743970 448
1743980 448
1743990 448
1744000 448
1744010 448
1744020 449
1744030 449
1744040 449
1744050 450
1744060 450
1744070 451
1744080 451
1744090 451
1744100 452
1744110 452
1744120 452
1744130 453
1744140 453
1744150 454
1744160 454
1744170 454
1744180 455
1744190 455
1744200 456
1744210 456
1744220 457
1744230 458
1744240 458
1744250 459
1744260 460
1744270 460
1744280 461
1744290 462
1744300 462
1744310 463
1744320 464
1744330 465
1744340 466
1744350 467
1744360 467
1744370 468
1744380 469
1744390 469
1744400 470
1744410 471
1744420 472
1744430 473
1744440 474
1744450 475
1744460 476
1744470 476
1744480 476
1744490 474
1744500 475
1744510 477
1744520 478
1744530 479
1744540 480
1744550 482
1744560 483
1744570 482
1744580 482
1744590 483
1744600 483
1744610 484
1744620 484
1744630 485
1744640 485
1744650 485
1744660 485
1744670 486
1744680 486
1744690 486
1744700 486
1744710 486
1744720 485
1744730 485
1744740 484
1744750 484
1744760 484
1744770 483
1744780 483
1744790 483
1744800 482
1744810 482
1744820 482
1744830 482
1744840 481
1744850 481
1744860 481
1744870 481
1744880 480
1744890 480
1744900 480
1744910 480
1744920 480
1744930 480
1744940 479
1744950 479
1744960 479
1744970 479
1744980 479
1744990 479
1745000 479
1745010 479
1745020 479
1745030 479
1745040 479
1745050 478
1745060 478
1745070 478
1745080 478
1745090 478
1745100 478
1745110 478
1745120 477
1745130 477
1745140 477
1745150 477
1745160 477
1745170 477
1745180 477
1745190 476
1745200 476
1745210 476
1745220 476
1745230 476
1745240 476
1745250 476
1745260 475
1745270 475
1745280 475
1745290 475
1745300 475
1745310 474
1745320 474
1745330 474
1745340 474
1745350 473
1745360 473
1745370 473
1745380 473
1745390 473
1745400 473
1745410 473
1745420 473
1745430 473
1745440 473
1745450 473
1745460 473
1745470 473
1745480 473
1745490 473
1745500 473
1745510 473
1745520 473
1745530 473
1745540 473
1745550 473
1745560 473
1745570 473
1745580 473
1745590 472
1745600 472
1745610 472
1745620 472
1745630 472
1745640 472
1745650 472
1745660 472
1745670 472
1745680 472
1745690 472
1745700 472
1745710 472
1745720 472
1745730 472
1745740 472
1745750 473
1745760 473
1745770 473
1745780 473
1745790 473
1745800 473
1745810 474
1745820 474
1745830 474
1745840 474
1745850 475
1745860 475
1745870 475
1745880 475
1745890 476
1745900 476
1745910 476
1745920 476
1745930 476
1745940 477
1745950 477
1745960 477
1745970 478
1745980 478
1745990 478
1746000 478
1746010 479
1746020 479
1746030 479
1746040 479
1746050 480
1746060 480
1746070 480
1746080 480
1746090 480
1746100 481
1746110 481
1746120 481
1746130 482
1746140 482
1746150 482
1746160 482
1746170 482
1746180 482
1746190 483
1746200 483
1746210 483
1746220 483
1746230 483
1746240 483
1746250 484
1746260 484
1746270 484
1746280 484
1746290 484
1746300 484
1746310 484
1746320 484
1746330 484
1746340 485
1746350 485
1746360 485
1746370 485
1746380 485
1746390 485
1746400 485
1746410 485
1746420 485
1746430 485
1746440 485
1746450 485
1746460 485
1746470 485
1746480 485
1746490 485
1746500 485
1746510 485
1746520 485
1746530 485
1746540 485
1746550 485
1746560 485
1746570 485
1746580 485
1746590 485
1746600 485
1746610 485
1746620 485
1746630 485
1746640 485
1746650 485
1746660 485
1746670 485
1746680 485
1746690 485
1746700 485
1746710 485
1746720 485
1746730 485
1746740 485
1746750 485
1746760 485
1746770 485
1746780 485
1746790 485
1746800 485
1746810 484
1746820 484
1746830 484
1746840 484
1746850 484
1746860 484
1746870 484
1746880 484
1746890 484
1746900 484
1746910 484
1746920 484
1746930 484
1746940 483
1746950 483
1746960 483
1746970 483
1746980 483
1746990 483
1747000 483
1747010 482
1747020 482
1747030 482
1747040 482
1747050 482
1747060 481
1747070 481
1747080 481
1747090 481
1747100 481
1747110 481
1747120 480
1747130 480
1747140 480
1747150 480
1747160 479
1747170 479
1747180 479
1747190 479
1747200 479
1747210 478
1747220 478
1747230 478
1747240 478
1747250 477
1747260 477
1747270 477
1747280 477
1747290 477
1747300 476
1747310 476
1747320 476
1747330 476
1747340 475
1747350 475
1747360 475
1747370 475
1747380 474
1747390 474
1747400 474
1747410 474
1747420 473
1747430 473
1747440 473
1747450 472
1747460 472
1747470 472
1747480 472
1747490 472
1747500 472
1747510 472
1747520 471
1747530 471
1747540 471
1747550 471
1747560 471
1747570 471
1747580 471
1747590 470
1747600 470
1747610 470
1747620 470
1747630 470
1747640 470
1747650 469
1747660 469
1747670 469
1747680 469
1747690 468
1747700 468
1747710 468
1747720 468
1747730 468
1747740 467
1747750 467
1747760 467
1747770 467
1747780 466
1747790 466
1747800 466
1747810 466
1747820 465
1747830 465
1747840 465
1747850 465
1747860 465
1747870 464
1747880 464
1747890 464
1747900 463
1747910 463
1747920 463
1747930 463
1747940 463
1747950 462
1747960 462
1747970 462
1747980 462
1747990 461
1748000 461
1748010 461
1748020 461
1748030 461
1748040 461
1748050 460
1748060 460
1748070 460
1748080 460
1748090 460
1748100 459
1748110 459
1748120 459
1748130 459
1748140 459
1748150 459
1748160 459
1748170 458
1748180 458
1748190 458
1748200 458
1748210 458
1748220 458
1748230 457
1748240 457
1748250 457
1748260 457
1748270 457
1748280 456
1748290 456
1748300 456
1748310 456
1748320 456
1748330 456
1748340 456
1748350 456
1748360 455
1748370 455
1748380 455
1748390 455
1748400 455
1748410 455
1748420 455
1748430 455
1748440 455
1748450 455
1748460 455
1748470 455
1748480 454
1748490 454
1748500 455
1748510 455
1748520 455
1748530 456
1748540 456
1748550 456
1748560 456
1748570 456
1748580 457
1748590 457
1748600 457
1748610 457
1748620 457
1748630 457
1748640 457
1748650 457
1748660 457
1748670 457
1748680 457
1748690 457
1748700 457
1748710 457
1748720 457
1748730 457
1748740 457
1748750 457
1748760 457
1748770 457
1748780 457
1748790 457
1748800 457
1748810 457
1748820 457
1748830 457
1748840 456
1748850 456
1748860 456
1748870 456
1748880 456
1748890 456
1748900 456
1748910 456
1748920 456
1748930 455
1748940 455
1748950 455
1748960 455
1748970 455
1748980 454
1748990 454
1749000 454
1749010 453
1749020 453
1749030 453
1749040 452
1749050 452
1749060 452
1749070 451
1749080 451
1749090 451
1749100 450
1749110 450
1749120 450
1749130 450
1749140 451
1749150 452
1749160 453
1749170 454
1749180 454
1749190 454
1749200 455
1749210 455
1749220 456
1749230 457
1749240 457
1749250 457
1749260 458
1749270 458
1749280 458
1749290 459
1749300 459
1749310 459
1749320 459
1749330 459
1749340 460
1749350 460
1749360 460
1749370 460
1749380 460
1749390 460
1749400 460
1749410 461
1749420 461
1749430 461
1749440 461
1749450 461
1749460 461
1749470 461
1749480 461
1749490 461
1749500 461
1749510 462
1749520 462
1749530 462
1749540 462
1749550 462
1749560 462
1749570 462
1749580 462
1749590 462
1749600 462
1749610 462
1749620 462
1749630 461
1749640 461
1749650 461
1749660 461
1749670 462
1749680 462
1749690 462
1749700 461
1749710 461
1749720 461
1749730 461
1749740 461
1749750 461
1749760 461
1749770 461
1749780 460
1749790 460
1749800 460
1749810 460
1749820 460
1749830 460
1749840 460
1749850 459
1749860 459
1749870 459
1749880 459
1749890 458
1749900 458
1749910 458
1749920 458
1749930 458
1749940 457
1749950 457
1749960 457
1749970 457
1749980 456
1749990 456
1750000 456
1750010 456
1750020 455
1750030 455
1750040 455
1750050 454
1750060 454
1750070 454
1750080 453
1750090 453
1750100 453
1750110 453
1750120 452
1750130 452
1750140 452
1750150 451
1750160 451
1750170 451
1750180 451
1750190 450
1750200 450
1750210 450
1750220 450
1750230 449
1750240 449
1750250 449
1750260 449
1750270 449
1750280 449
1750290 449
1750300 449
1750310 449
1750320 449
1750330 448
1750340 448
1750350 448
1750360 448
1750370 448
1750380 448
1750390 448
1750400 448
1750410 448
1750420 448
1750430 447
1750440 447
1750450 447
1750460 447
1750470 447
1750480 447
1750490 447
1750500 447
1750510 447
1750520 447
1750530 448
1750540 448
1750550 448
1750560 448
1750570 448
1750580 448
1750590 448
1750600 448
1750610 448
1750620 448
1750630 448
1750640 448
1750650 449
1750660 449
1750670 449
1750680 449
1750690 449
1750700 450
1750710 450
1750720 450
1750730 450
1750740 451
1750750 451
1750760 451
1750770 451
1750780 451
1750790 452
1750800 452
1750810 452
1750820 453
1750830 453
1750840 453
1750850 454
1750860 454
1750870 454
1750880 455
1750890 455
1750900 455
1750910 455
1750920 456
1750930 456
1750940 456
1750950 457
1750960 457
1750970 458
1750980 458
1750990 459
1751000 459
1751010 459
1751020 460
1751030 460
1751040 461
1751050 461
1751060 461
1751070 462
1751080 462
1751090 463
1751100 463
1751110 463
1751120 463
1751130 464
1751140 464
1751150 464
1751160 465
1751170 465
1751180 465
1751190 465
1751200 466
1751210 466
1751220 466
1751230 467
1751240 467
1751250 467
1751260 467
1751270 468
1751280 468
1751290 468
1751300 469
1751310 469
1751320 469
1751330 469
1751340 470
1751350 470
1751360 470
1751370 470
1751380 471
1751390 471
1751400 471
1751410 471
1751420 471
1751430 471
1751440 471
1751450 471
1751460 472
1751470 472
1751480 472
1751490 472
1751500 472
1751510 472
1751520 472
1751530 472
1751540 472
1751550 472
1751560 472
1751570 472
1751580 472
1751590 472
1751600 472
1751610 472
1751620 472
1751630 472
1751640 471
1751650 471
1751660 471
1751670 471
1751680 471
1751690 471
1751700 471
1751710 470
1751720 470
1751730 470
1751740 470
1751750 470
1751760 469
1751770 469
1751780 469
1751790 469
1751800 469
1751810 468
1751820 468
1751830 468
1751840 467
1751850 467
1751860 467
1751870 466
1751880 466
1751890 466
1751900 465
1751910 465
1751920 465
1751930 465
1751940 464
1751950 464
1751960 464
1751970 463
1751980 463
1751990 463
1752000 463
1752010 462
1752020 462
1752030 462
1752040 462
1752050 461
1752060 461
1752070 461
1752080 461
1752090 461
1752100 460
1752110 460
1752120 460
1752130 460
1752140 459
1752150 459
1752160 459
1752170 459
1752180 459
1752190 458
1752200 458
1752210 458
1752220 458
1752230 458
1752240 458
