1751790 470
1751800 470
1751810 470
1751820 470
1751830 470
1751840 469
1751850 469
1751860 469
1751870 469
1751880 469
1751890 469
1751900 468
1751910 468
1751920 468
1751930 468
1751940 468
1751950 467
1751960 467
1751970 467
1751980 467
1751990 466
1752000 466
1752010 466
1752020 466
1752030 466
1752040 465
1752050 465
1752060 465
1752070 465
1752080 465
1752090 465
1752100 464
1752110 464
1752120 464
1752130 464
1752140 463
1752150 463
1752160 463
1752170 462
1752180 462
1752190 462
1752200 462
1752210 461
1752220 461
1752230 461
1752240 461
1752250 460
1752260 460
1752270 460
1752280 460
1752290 460
1752300 460
1752310 459
1752320 459
1752330 459
1752340 459
1752350 459
1752360 458
1752370 458
1752380 458
1752390 458
1752400 458
1752410 457
1752420 457
1752430 457
1752440 457
1752450 457
1752460 456
1752470 456
1752480 456
1752490 456
1752500 456
1752510 456
1752520 456
1752530 455
1752540 455
1752550 455
1752560 455
1752570 455
1752580 455
1752590 455
1752600 455
1752610 454
1752620 454
1752630 454
1752640 454
1752650 454
1752660 454
1752670 454
1752680 454
1752690 454
1752700 453
1752710 453
1752720 453
1752730 453
1752740 453
1752750 453
1752760 454
1752770 454
1752780 454
1752790 454
1752800 455
1752810 455
1752820 455
1752830 455
1752840 455
1752850 455
1752860 455
1752870 455
1752880 456
1752890 456
1752900 456
1752910 456
1752920 457
1752930 457
1752940 457
1752950 457
1752960 458
1752970 458
1752980 458
1752990 458
1753000 459
1753010 459
1753020 459
1753030 460
1753040 460
1753050 460
1753060 460
1753070 460
1753080 461
1753090 461
1753100 461
1753110 462
1753120 462
1753130 462
1753140 463
1753150 463
1753160 463
1753170 463
1753180 463
1753190 464
1753200 464
1753210 464
1753220 464
1753230 464
1753240 464
1753250 465
1753260 465
1753270 465
1753280 465
1753290 465
1753300 465
1753310 466
1753320 466
1753330 466
1753340 466
1753350 466
1753360 466
1753370 466
1753380 466
1753390 466
1753400 466
1753410 466
1753420 466
1753430 466
1753440 466
1753450 466
1753460 466
1753470 467
1753480 467
1753490 467
1753500 467
1753510 467
1753520 467
1753530 467
1753540 467
1753550 468
1753560 468
1753570 468
1753580 468
1753590 469
1753600 469
1753610 469
1753620 469
1753630 470
1753640 470
1753650 470
1753660 470
1753670 471
1753680 471
1753690 471
1753700 472
1753710 472
1753720 472
1753730 473
1753740 473
1753750 473
1753760 474
1753770 474
1753780 474
1753790 474
1753800 475
1753810 475
1753820 475
1753830 475
1753840 476
1753850 476
1753860 476
1753870 476
1753880 476
1753890 476
1753900 476
1753910 476
1753920 476
1753930 476
1753940 476
1753950 477
1753960 477
1753970 477
1753980 477
1753990 476
1754000 476
1754010 476
1754020 476
1754030 476
1754040 476
1754050 476
1754060 476
1754070 476
1754080 475
1754090 475
1754100 475
1754110 474
1754120 474
1754130 474
1754140 473
1754150 473
1754160 473
1754170 472
1754180 472
1754190 472
1754200 471
1754210 471
1754220 470
1754230 470
1754240 470
1754250 469
1754260 469
1754270 468
1754280 468
1754290 468
1754300 467
1754310 467
1754320 467
1754330 466
1754340 466
1754350 466
1754360 465
1754370 465
1754380 465
1754390 464
1754400 464
1754410 464
1754420 464
1754430 464
1754440 463
1754450 463
1754460 463
1754470 463
1754480 463
1754490 463
1754500 463
1754510 463
1754520 463
1754530 463
1754540 463
1754550 463
1754560 463
1754570 463
1754580 463
1754590 464
1754600 464
1754610 464
1754620 464
1754630 464
1754640 465
1754650 465
1754660 465
1754670 465
1754680 465
1754690 465
1754700 465
1754710 466
1754720 466
1754730 466
1754740 466
1754750 466
1754760 466
1754770 466
1754780 466
1754790 466
1754800 467
1754810 467
1754820 467
1754830 467
1754840 468
1754850 468
1754860 468
1754870 468
1754880 469
1754890 469
1754900 469
1754910 469
1754920 470
1754930 470
1754940 470
1754950 470
1754960 471
1754970 471
1754980 471
1754990 471
1755000 472
1755010 472
1755020 472
1755030 473
1755040 473
1755050 473
1755060 474
1755070 474
1755080 474
1755090 474
1755100 475
1755110 475
1755120 475
1755130 475
1755140 476
1755150 476
1755160 476
1755170 476
1755180 476
1755190 477
1755200 477
1755210 478
1755220 478
1755230 479
1755240 479
1755250 479
1755260 480
1755270 480
1755280 480
1755290 481
1755300 481
1755310 481
1755320 482
1755330 482
1755340 482
1755350 483
1755360 483
1755370 483
1755380 483
1755390 484
1755400 484
1755410 484
1755420 485
1755430 485
1755440 485
1755450 485
1755460 486
1755470 486
1755480 486
1755490 486
1755500 487
1755510 487
1755520 487
1755530 487
1755540 487
1755550 488
1755560 488
1755570 488
1755580 488
1755590 488
1755600 489
1755610 489
1755620 489
1755630 489
1755640 489
1755650 490
1755660 490
1755670 490
1755680 490
1755690 491
1755700 491
1755710 491
1755720 491
1755730 491
1755740 492
1755750 492
1755760 492
1755770 492
1755780 492
1755790 492
1755800 492
1755810 492
1755820 492
1755830 492
1755840 492
1755850 492
1755860 492
1755870 492
1755880 492
1755890 492
1755900 493
1755910 492
1755920 492
1755930 492
1755940 492
1755950 493
1755960 493
1755970 493
1755980 492
1755990 492
1756000 492
1756010 492
1756020 492
1756030 492
1756040 492
1756050 491
1756060 491
1756070 491
1756080 491
1756090 491
1756100 490
1756110 490
1756120 490
1756130 490
1756140 489
1756150 489
1756160 489
1756170 489
1756180 488
1756190 488
1756200 488
1756210 488
1756220 488
1756230 487
1756240 487
1756250 487
1756260 487
1756270 487
1756280 486
1756290 486
1756300 486
1756310 486
1756320 485
1756330 485
1756340 485
1756350 485
1756360 485
1756370 484
1756380 484
1756390 484
1756400 484
1756410 483
1756420 483
1756430 483
1756440 482
1756450 482
1756460 481
1756470 481
1756480 480
1756490 480
1756500 479
1756510 479
1756520 478
1756530 477
1756540 477
1756550 476
1756560 476
1756570 475
1756580 474
1756590 473
1756600 473
1756610 472
1756620 471
1756630 471
1756640 470
1756650 469
1756660 469
1756670 468
1756680 467
1756690 467
1756700 466
1756710 466
1756720 465
1756730 465
1756740 464
1756750 464
1756760 463
1756770 462
1756780 462
1756790 461
1756800 461
1756810 461
1756820 460
1756830 460
1756840 460
1756850 460
1756860 460
1756870 460
1756880 460
1756890 460
1756900 461
1756910 461
1756920 461
1756930 461
1756940 461
1756950 461
1756960 461
1756970 461
1756980 460
1756990 460
1757000 459
1757010 458
1757020 457
1757030 455
1757040 454
1757050 452
1757060 450
1757070 449
1757080 448
1757090 448
1757100 447
1757110 447
1757120 446
1757130 446
1757140 445
1757150 444
1757160 444
1757170 443
1757180 443
1757190 442
1757200 442
1757210 441
1757220 441
1757230 441
1757240 441
1757250 440
1757260 440
1757270 439
1757280 439
1757290 438
1757300 438
1757310 437
1757320 437
1757330 437
1757340 436
1757350 436
1757360 436
1757370 435
1757380 435
1757390 434
1757400 434
1757410 434
1757420 433
1757430 433
1757440 432
1757450 432
1757460 432
1757470 432
1757480 432
1757490 432
1757500 432
1757510 431
1757520 431
1757530 430
1757540 431
1757550 431
1757560 432
1757570 433
1757580 434
1757590 436
1757600 437
1757610 439
1757620 441
1757630 443
1757640 444
1757650 446
1757660 448
1757670 450
1757680 452
1757690 453
1757700 453
1757710 453
1757720 454
1757730 454
1757740 454
1757750 454
1757760 454
1757770 454
1757780 454
1757790 454
1757800 453
1757810 453
1757820 453
1757830 452
1757840 452
1757850 452
1757860 451
1757870 451
1757880 450
1757890 449
1757900 449
1757910 448
1757920 447
1757930 447
1757940 446
1757950 446
1757960 445
1757970 444
1757980 444
1757990 443
1758000 442
1758010 441
1758020 441
1758030 440
1758040 439
1758050 438
1758060 438
1758070 437
1758080 436
1758090 435
1758100 434
1758110 433
1758120 432
1758130 431
1758140 430
1758150 428
1758160 427
1758170 426
1758180 425
1758190 424
1758200 423
1758210 422
1758220 421
1758230 419
1758240 418
1758250 416
1758260 415
1758270 413
1758280 411
1758290 410
1758300 410
1758310 410
1758320 411
1758330 411
1758340 412
1758350 412
1758360 412
1758370 413
1758380 413
1758390 412
1758400 412
1758410 411
1758420 410
1758430 409
1758440 408
1758450 406
1758460 405
1758470 403
1758480 401
1758490 399
1758500 397
1758510 394
1758520 391
1758530 388
1758540 385
1758550 383
1758560 383
1758570 383
1758580 383
1758590 383
1758600 383
1758610 383
1758620 383
1758630 384
1758640 385
1758650 386
1758660 388
1758670 389
1758680 390
1758690 392
1758700 395
1758710 398
1758720 400
1758730 402
1758740 404
1758750 406
1758760 408
1758770 410
1758780 411
1758790 413
1758800 414
1758810 415
1758820 415
1758830 416
1758840 417
1758850 418
1758860 418
1758870 419
1758880 420
1758890 420
1758900 420
1758910 421
1758920 421
1758930 421
1758940 422
1758950 422
1758960 423
1758970 423
1758980 423
1758990 424
1759000 424
1759010 425
1759020 425
1759030 425
1759040 425
1759050 425
1759060 425
1759070 425
1759080 425
1759090 425
1759100 425
1759110 425
1759120 425
1759130 424
1759140 424
1759150 424
1759160 424
1759170 424
1759180 423
1759190 423
1759200 423
1759210 423
1759220 423
1759230 423
1759240 423
1759250 423
1759260 423
1759270 423
1759280 423
1759290 423
1759300 423
1759310 423
1759320 424
1759330 424
1759340 424
1759350 424
1759360 425
1759370 425
1759380 425
1759390 425
1759400 425
1759410 425
1759420 426
1759430 426
1759440 426
1759450 426
1759460 426
1759470 427
1759480 427
1759490 427
1759500 428
1759510 428
1759520 429
1759530 429
1759540 430
1759550 431
1759560 431
1759570 432
1759580 433
1759590 433
1759600 434
1759610 434
1759620 434
1759630 435
1759640 435
1759650 435
1759660 435
1759670 436
1759680 436
1759690 436
1759700 436
1759710 436
1759720 436
1759730 436
1759740 436
1759750 436
1759760 437
1759770 437
1759780 437
1759790 437
1759800 437
1759810 437
1759820 437
1759830 437
1759840 437
1759850 437
1759860 437
1759870 436
1759880 436
1759890 436
1759900 436
1759910 436
1759920 436
1759930 435
1759940 435
1759950 435
1759960 435
1759970 435
1759980 434
1759990 434
1740000 481
1740010 481
1740020 481
1740030 481
1740040 481
1740050 481
1740060 481
1740070 480
1740080 480
1740090 480
1740100 480
1740110 480
1740120 480
1740130 480
1740140 480
1740150 480
1740160 480
1740170 480
1740180 479
1740190 479
1740200 479
1740210 479
1740220 479
1740230 480
1740240 480
1740250 480
1740260 480
1740270 480
1740280 480
1740290 480
1740300 480
1740310 480
1740320 480
1740330 480
1740340 480
1740350 480
1740360 481
1740370 481
1740380 481
1740390 481
1740400 481
1740410 481
1740420 481
1740430 481
1740440 481
1740450 481
1740460 481
1740470 481
1740480 481
1740490 481
1740500 481
1740510 481
1740520 481
1740530 481
1740540 481
1740550 481
1740560 481
1740570 481
1740580 481
1740590 481
1740600 480
1740610 480
1740620 480
1740630 480
1740640 480
1740650 480
1740660 480
1740670 480
1740680 479
1740690 479
1740700 479
1740710 479
1740720 478
1740730 478
1740740 478
1740750 478
1740760 478
1740770 478
1740780 478
1740790 477
1740800 477
1740810 476
1740820 476
1740830 476
1740840 476
1740850 476
1740860 475
1740870 475
1740880 475
1740890 475
1740900 475
1740910 475
1740920 475
1740930 474
1740940 474
1740950 474
1740960 474
1740970 474
1740980 473
1740990 473
1741000 473
1741010 473
1741020 472
1741030 472
1741040 472
1741050 472
1741060 472
1741070 472
1741080 472
1741090 472
1741100 471
1741110 471
1741120 471
1741130 470
1741140 470
1741150 470
1741160 469
1741170 469
1741180 469
1741190 469
1741200 468
1741210 468
1741220 468
1741230 468
1741240 468
1741250 467
1741260 467
1741270 467
1741280 467
1741290 467
1741300 466
1741310 466
1741320 466
1741330 466
1741340 465
1741350 465
1741360 465
1741370 464
1741380 464
1741390 464
1741400 463
1741410 463
1741420 463
1741430 462
1741440 462
1741450 462
1741460 461
1741470 461
1741480 460
1741490 460
1741500 460
1741510 459
1741520 459
1741530 459
1741540 458
1741550 458
1741560 458
1741570 458
1741580 457
1741590 457
1741600 456
1741610 455
1741620 455
1741630 454
1741640 453
1741650 452
1741660 452
1741670 451
1741680 450
1741690 450
1741700 449
1741710 448
1741720 447
1741730 446
1741740 445
1741750 444
1741760 443
1741770 442
1741780 441
1741790 440
1741800 439
1741810 439
1741820 438
1741830 437
1741840 437
1741850 436
1741860 436
1741870 435
1741880 435
1741890 434
1741900 434
1741910 433
1741920 433
1741930 432
1741940 431
1741950 431
1741960 430
1741970 429
1741980 427
1741990 425
1742000 423
1742010 422
1742020 420
1742030 419
1742040 417
1742050 414
1742060 413
1742070 413
1742080 413
1742090 413
1742100 413
1742110 413
1742120 413
1742130 413
1742140 413
1742150 413
1742160 413
1742170 413
1742180 413
1742190 413
1742200 413
1742210 413
1742220 414
1742230 416
1742240 418
1742250 420
1742260 421
1742270 423
1742280 424
1742290 426
1742300 428
1742310 430
1742320 432
1742330 434
1742340 436
1742350 439
1742360 442
1742370 445
1742380 448
1742390 451
1742400 454
1742410 456
1742420 459
1742430 461
1742440 463
1742450 464
1742460 466
1742470 467
1742480 468
1742490 469
1742500 469
1742510 470
1742520 471
1742530 472
1742540 472
1742550 473
1742560 474
1742570 474
1742580 474
1742590 475
1742600 475
1742610 475
1742620 475
1742630 475
1742640 476
1742650 476
1742660 476
1742670 476
1742680 476
1742690 476
1742700 476
1742710 476
1742720 476
1742730 476
1742740 476
1742750 476
1742760 475
1742770 475
1742780 475
1742790 475
1742800 475
1742810 474
1742820 474
1742830 474
1742840 474
1742850 473
1742860 473
1742870 472
1742880 472
1742890 471
1742900 471
1742910 471
1742920 470
1742930 470
1742940 470
1742950 469
1742960 468
1742970 468
1742980 467
1742990 466
1743000 466
1743010 465
1743020 465
1743030 464
1743040 463
1743050 463
1743060 462
1743070 462
1743080 462
1743090 461
1743100 461
1743110 460
1743120 460
1743130 459
1743140 459
1743150 458
1743160 458
1743170 457
1743180 457
1743190 456
1743200 456
1743210 455
1743220 455
1743230 454
1743240 454
1743250 453
1743260 453
1743270 452
1743280 452
1743290 452
1743300 451
1743310 451
1743320 450
1743330 450
1743340 450
1743350 449
1743360 449
1743370 449
1743380 448
1743390 448
1743400 448
1743410 448
1743420 448
1743430 447
1743440 447
1743450 447
1743460 447
1743470 447
1743480 447
1743490 447
1743500 447
1743510 447
1743520 447
1743530 447
1743540 447
1743550 446
1743560 446
1743570 446
1743580 445
1743590 445
1743600 445
1743610 444
1743620 444
1743630 443
1743640 443
1743650 443
1743660 442
1743670 441
1743680 440
1743690 440
1743700 439
1743710 439
1743720 439
1743730 438
1743740 438
1743750 438
1743760 438
1743770 438
1743780 438
1743790 438
1743800 438
1743810 438
1743820 438
1743830 438
1743840 439
1743850 439
1743860 440
1743870 441
1743880 442
1743890 443
1743900 444
1743910 445
1743920 446
1743930 446
1743940 447
1743950 447
1743960 447
1743970 447
1743980 448
1743990 448
1744000 448
1744010 448
1744020 448
1744030 448
1744040 448
1744050 448
1744060 448
1744070 448
1744080 448
1744090 448
1744100 448
1744110 449
1744120 449
1744130 449
1744140 449
1744150 449
1744160 450
1744170 450
1744180 450
1744190 450
1744200 450
1744210 451
1744220 451
1744230 452
1744240 453
1744250 455
1744260 456
1744270 457
1744280 458
1744290 459
1744300 460
1744310 460
1744320 461
1744330 461
1744340 462
1744350 462
1744360 463
1744370 464
1744380 464
1744390 465
1744400 465
1744410 466
1744420 466
1744430 467
1744440 468
1744450 469
1744460 469
1744470 470
1744480 471
1744490 472
1744500 473
1744510 473
1744520 474
1744530 474
1744540 475
1744550 476
1744560 477
1744570 477
1744580 478
1744590 478
1744600 478
1744610 478
1744620 478
1744630 478
1744640 478
1744650 477
1744660 477
1744670 477
1744680 477
1744690 477
1744700 477
1744710 477
1744720 476
1744730 476
1744740 476
1744750 476
1744760 476
1744770 476
1744780 476
1744790 476
1744800 476
1744810 476
1744820 476
1744830 477
1744840 477
1744850 477
1744860 477
1744870 477
1744880 477
1744890 477
1744900 477
1744910 477
1744920 477
1744930 477
1744940 477
1744950 477
1744960 477
1744970 477
1744980 477
1744990 477
1745000 477
1745010 477
1745020 477
1745030 477
1745040 477
1745050 477
1745060 477
1745070 478
1745080 478
1745090 478
1745100 478
1745110 478
1745120 478
1745130 478
1745140 478
1745150 478
1745160 478
1745170 478
1745180 478
1745190 478
1745200 478
1745210 478
1745220 478
1745230 478
1745240 478
1745250 478
1745260 478
1745270 478
1745280 478
1745290 478
1745300 478
1745310 478
1745320 478
1745330 478
1745340 478
1745350 478
1745360 478
1745370 478
1745380 478
1745390 478
1745400 478
1745410 478
1745420 478
1745430 478
1745440 478
1745450 478
1745460 478
1745470 478
1745480 478
1745490 478
1745500 478
1745510 478
1745520 478
1745530 478
1745540 478
1745550 478
1745560 478
1745570 478
1745580 478
1745590 478
1745600 478
1745610 478
1745620 478
1745630 478
1745640 478
1745650 478
1745660 478
1745670 477
1745680 477
1745690 477
1745700 477
1745710 477
1745720 477
1745730 477
1745740 477
1745750 477
1745760 477
1745770 477
1745780 477
1745790 477
1745800 477
1745810 477
1745820 477
1745830 477
1745840 477
1745850 477
1745860 477
1745870 477
1745880 477
1745890 477
1745900 477
1745910 477
1745920 477
1745930 477
1745940 477
1745950 477
1745960 476
1745970 476
1745980 476
1745990 476
1746000 476
1746010 476
1746020 476
1746030 476
1746040 476
1746050 476
1746060 476
1746070 476
1746080 476
1746090 476
1746100 476
1746110 476
1746120 476
1746130 476
1746140 476
1746150 476
1746160 476
1746170 476
1746180 476
1746190 476
1746200 476
1746210 476
1746220 476
1746230 476
1746240 475
1746250 475
1746260 475
1746270 475
1746280 475
1746290 475
1746300 475
1746310 475
1746320 475
1746330 475
1746340 475
1746350 475
1746360 475
1746370 475
1746380 476
1746390 476
1746400 476
1746410 476
1746420 476
1746430 476
1746440 476
1746450 476
1746460 476
1746470 476
1746480 476
1746490 476
1746500 476
1746510 476
1746520 476
1746530 476
1746540 477
1746550 477
1746560 477
1746570 477
1746580 477
1746590 477
1746600 477
1746610 477
1746620 477
1746630 477
1746640 477
1746650 477
1746660 477
1746670 477
1746680 477
1746690 477
1746700 477
1746710 478
1746720 478
1746730 478
1746740 478
1746750 478
1746760 478
1746770 478
1746780 478
1746790 478
1746800 478
1746810 478
1746820 478
1746830 478
1746840 478
1746850 478
1746860 478
1746870 478
1746880 478
1746890 478
1746900 478
1746910 478
1746920 478
1746930 478
1746940 478
1746950 478
1746960 478
1746970 478
1746980 478
1746990 478
1747000 478
1747010 477
1747020 477
1747030 477
1747040 477
1747050 477
1747060 477
1747070 477
1747080 477
1747090 477
1747100 477
1747110 477
1747120 477
1747130 476
1747140 476
1747150 476
1747160 476
1747170 476
1747180 476
1747190 476
1747200 475
1747210 475
1747220 475
1747230 475
1747240 475
1747250 475
1747260 474
1747270 474
1747280 474
1747290 474
1747300 474
1747310 473
1747320 473
1747330 473
1747340 473
1747350 473
1747360 472
1747370 472
1747380 472
1747390 472
1747400 471
1747410 471
1747420 471
1747430 471
1747440 470
1747450 470
1747460 470
1747470 470
1747480 470
1747490 469
1747500 469
1747510 469
1747520 469
1747530 468
1747540 468
1747550 468
1747560 468
1747570 467
1747580 467
1747590 467
1747600 467
1747610 466
1747620 466
1747630 466
1747640 466
1747650 465
1747660 465
1747670 465
1747680 465
1747690 465
1747700 464
1747710 464
1747720 464
1747730 464
1747740 463
1747750 463
1747760 463
1747770 463
1747780 463
1747790 462
1747800 462
1747810 462
1747820 462
1747830 462
1747840 462
1747850 462
1747860 462
1747870 462
1747880 462
1747890 462
1747900 461
1747910 461
1747920 461
1747930 461
1747940 461
1747950 461
1747960 461
1747970 461
1747980 461
1747990 461
1748000 461
1748010 461
1748020 461
1748030 461
1748040 461
1748050 461
1748060 461
1748070 461
1748080 461
1748090 461
1748100 461
1748110 461
1748120 460
1748130 460
1748140 460
1748150 460
1748160 460
1748170 460
1748180 460
1748190 460
1748200 459
1748210 459
1748220 459
1748230 459
1748240 459
1748250 459
1748260 459
1748270 458
1748280 458
1748290 458
1748300 458
1748310 458
1748320 457
1748330 457
1748340 457
1748350 457
1748360 457
1748370 457
1748380 456
1748390 456
1748400 456
1748410 455
1748420 455
1748430 455
1748440 455
1748450 455
1748460 454
1748470 454
1748480 454
1748490 454
1748500 454
1748510 454
1748520 454
1748530 453
1748540 453
1748550 453
1748560 452
1748570 452
1748580 451
1748590 451
1748600 451
1748610 451
1748620 451
1748630 451
1748640 451
1748650 451
1748660 450
1748670 450
1748680 449
1748690 449
1748700 449
1748710 449
1748720 449
1748730 449
1748740 449
1748750 448
1748760 448
1748770 448
1748780 448
1748790 448
1748800 448
1748810 448
1748820 448
1748830 448
1748840 448
1748850 448
1748860 448
1748870 448
1748880 448
1748890 448
1748900 448
1748910 447
1748920 447
1748930 447
1748940 447
1748950 447
1748960 447
1748970 447
1748980 447
1748990 447
1749000 447
1749010 447
1749020 447
1749030 447
1749040 447
1749050 447
1749060 447
1749070 447
1749080 447
1749090 447
1749100 446
1749110 446
1749120 446
1749130 446
1749140 447
1749150 447
1749160 446
1749170 446
1749180 446
1749190 446
1749200 446
1749210 446
1749220 446
1749230 446
1749240 446
1749250 446
1749260 446
1749270 446
1749280 446
1749290 446
1749300 446
1749310 446
1749320 446
1749330 446
1749340 446
1749350 446
1749360 446
1749370 446
1749380 446
1749390 446
1749400 446
1749410 446
1749420 446
1749430 446
1749440 446
1749450 445
1749460 445
1749470 445
1749480 445
1749490 445
1749500 445
1749510 445
1749520 445
1749530 445
1749540 445
1749550 445
1749560 445
1749570 444
1749580 444
1749590 444
1749600 444
1749610 444
1749620 444
1749630 444
1749640 444
1749650 444
1749660 444
1749670 444
1749680 444
1749690 443
1749700 443
1749710 443
1749720 443
1749730 443
1749740 443
1749750 443
1749760 443
1749770 443
1749780 443
1749790 444
1749800 444
1749810 444
1749820 444
1749830 444
1749840 444
1749850 444
1749860 444
1749870 444
1749880 443
1749890 443
1749900 443
1749910 443
1749920 443
1749930 443
1749940 443
1749950 443
1749960 443
1749970 443
1749980 443
1749990 444
1750000 444
1750010 444
1750020 443
1750030 443
1750040 443
1750050 443
1750060 443
1750070 443
1750080 443
1750090 443
1750100 443
1750110 443
1750120 442
1750130 442
1750140 442
1750150 442
1750160 442
1750170 442
1750180 443
1750190 443
1750200 443
1750210 443
1750220 442
1750230 442
1750240 442
1750250 442
1750260 442
1750270 442
1750280 442
1750290 442
1750300 442
1750310 442
1750320 442
1750330 442
1750340 442
1750350 442
1750360 442
1750370 442
1750380 442
1750390 442
1750400 442
1750410 442
1750420 442
1750430 443
1750440 443
1750450 443
1750460 443
1750470 443
1750480 443
1750490 443
1750500 443
1750510 443
1750520 443
1750530 443
1750540 443
1750550 443
1750560 444
1750570 444
1750580 444
1750590 444
1750600 444
1750610 444
1750620 444
1750630 445
1750640 445
1750650 445
1750660 445
1750670 445
1750680 445
1750690 446
1750700 446
1750710 446
1750720 446
1750730 446
1750740 447
1750750 447
1750760 447
1750770 447
1750780 448
1750790 448
1750800 448
1750810 448
1750820 449
1750830 449
1750840 449
1750850 450
1750860 450
1750870 450
1750880 450
1750890 451
1750900 451
1750910 451
1750920 452
1750930 452
1750940 452
1750950 453
1750960 453
1750970 454
1750980 454
1750990 455
1751000 455
1751010 456
1751020 456
1751030 457
1751040 457
1751050 458
1751060 459
1751070 459
1751080 460
1751090 460
1751100 461
1751110 461
1751120 461
1751130 462
1751140 462
1751150 463
1751160 463
1751170 464
1751180 464
1751190 465
1751200 465
1751210 466
1751220 466
1751230 466
1751240 467
1751250 467
1751260 468
1751270 468
1751280 468
1751290 468
1751300 468
1751310 469
1751320 469
1751330 469
1751340 469
1751350 469
1751360 469
1751370 469
1751380 470
1751390 470
1751400 470
1751410 470
1751420 470
1751430 470
1751440 470
1751450 470
1751460 470
1751470 470
1751480 470
1751490 470
1751500 470
1751510 470
1751520 470
1751530 470
1751540 471
1751550 471
1751560 471
1751570 471
1751580 471
1751590 471
1751600 471
1751610 471
1751620 471
1751630 471
1751640 471
1751650 471
1751660 471
