1740000 480
1740010 480
1740020 480
1740030 480
1740040 481
1740050 481
1740060 481
1740070 481
1740080 481
1740090 481
1740100 481
1740110 481
1740120 482
1740130 482
1740140 482
1740150 482
1740160 482
1740170 482
1740180 482
1740190 482
1740200 482
1740210 482
1740220 483
1740230 483
1740240 483
1740250 483
1740260 483
1740270 483
1740280 482
1740290 482
1740300 482
1740310 482
1740320 482
1740330 482
1740340 482
1740350 482
1740360 482
1740370 482
1740380 482
1740390 482
1740400 482
1740410 481
1740420 481
1740430 481
1740440 481
1740450 481
1740460 481
1740470 481
1740480 481
1740490 481
1740500 481
1740510 481
1740520 481
1740530 481
1740540 481
1740550 481
1740560 481
1740570 481
1740580 481
1740590 481
1740600 481
1740610 481
1740620 481
1740630 480
1740640 480
1740650 480
1740660 480
1740670 480
1740680 479
1740690 479
1740700 479
1740710 479
1740720 479
1740730 479
1740740 479
1740750 478
1740760 478
1740770 478
1740780 477
1740790 477
1740800 477
1740810 477
1740820 477
1740830 477
1740840 476
1740850 476
1740860 476
1740870 476
1740880 476
1740890 476
1740900 475
1740910 475
1740920 475
1740930 475
1740940 475
1740950 475
1740960 475
1740970 475
1740980 475
1740990 474
1741000 474
1741010 474
1741020 474
1741030 474
1741040 474
1741050 473
1741060 473
1741070 473
1741080 473
1741090 473
1741100 473
1741110 473
1741120 473
1741130 472
1741140 472
1741150 472
1741160 472
1741170 472
1741180 472
1741190 472
1741200 472
1741210 472
1741220 472
1741230 471
1741240 471
1741250 471
1741260 471
1741270 471
1741280 471
1741290 470
1741300 470
1741310 470
1741320 470
1741330 469
1741340 469
1741350 469
1741360 469
1741370 468
1741380 468
1741390 468
1741400 467
1741410 467
1741420 466
1741430 466
1741440 465
1741450 465
1741460 465
1741470 464
1741480 464
1741490 463
1741500 463
1741510 463
1741520 462
1741530 462
1741540 462
1741550 461
1741560 461
1741570 460
1741580 460
1741590 460
1741600 459
1741610 459
1741620 458
1741630 458
1741640 458
1741650 457
1741660 457
1741670 456
1741680 455
1741690 455
1741700 454
1741710 454
1741720 453
1741730 453
1741740 452
1741750 452
1741760 451
1741770 450
1741780 450
1741790 449
1741800 448
1741810 448
1741820 447
1741830 446
1741840 445
1741850 445
1741860 444
1741870 443
1741880 443
1741890 442
1741900 442
1741910 441
1741920 440
1741930 439
1741940 438
1741950 437
1741960 436
1741970 435
1741980 434
1741990 433
1742000 432
1742010 431
1742020 430
1742030 429
1742040 428
1742050 426
1742060 425
1742070 423
1742080 421
1742090 419
1742100 417
1742110 416
1742120 414
1742130 414
1742140 413
1742150 414
1742160 414
1742170 415
1742180 416
1742190 419
1742200 422
1742210 425
1742220 427
1742230 430
1742240 433
1742250 435
1742260 437
1742270 439
1742280 440
1742290 442
1742300 442
1742310 443
1742320 445
1742330 446
1742340 448
1742350 449
1742360 450
1742370 452
1742380 453
1742390 455
1742400 456
1742410 457
1742420 458
1742430 460
1742440 461
1742450 462
1742460 463
1742470 464
1742480 465
1742490 466
1742500 467
1742510 467
1742520 468
1742530 469
1742540 470
1742550 471
1742560 471
1742570 472
1742580 473
1742590 473
1742600 474
1742610 474
1742620 475
1742630 475
1742640 475
1742650 476
1742660 476
1742670 476
1742680 476
1742690 477
1742700 477
1742710 477
1742720 478
1742730 478
1742740 478
1742750 478
1742760 478
1742770 478
1742780 478
1742790 478
1742800 478
1742810 477
1742820 477
1742830 477
1742840 477
1742850 477
1742860 477
1742870 477
1742880 477
1742890 476
1742900 476
1742910 476
1742920 476
1742930 475
1742940 475
1742950 475
1742960 475
1742970 474
1742980 474
1742990 473
1743000 473
1743010 473
1743020 472
1743030 472
1743040 471
1743050 471
1743060 470
1743070 470
1743080 469
1743090 469
1743100 468
1743110 468
1743120 467
1743130 467
1743140 466
1743150 466
1743160 466
1743170 465
1743180 465
1743190 464
1743200 464
1743210 463
1743220 463
1743230 462
1743240 462
1743250 462
1743260 461
1743270 461
1743280 460
1743290 460
1743300 459
1743310 459
1743320 459
1743330 458
1743340 458
1743350 457
1743360 457
1743370 457
1743380 456
1743390 456
1743400 456
1743410 455
1743420 455
1743430 455
1743440 454
1743450 454
1743460 454
1743470 454
1743480 453
1743490 453
1743500 453
1743510 453
1743520 452
1743530 452
1743540 452
1743550 452
1743560 452
1743570 452
1743580 451
1743590 451
1743600 451
1743610 451
1743620 450
1743630 450
1743640 450
1743650 450
1743660 449
1743670 449
1743680 449
1743690 448
1743700 447
1743710 446
1743720 446
1743730 445
1743740 444
1743750 444
1743760 444
1743770 444
1743780 444
1743790 444
1743800 444
1743810 445
1743820 446
1743830 447
1743840 448
1743850 448
1743860 449
1743870 450
1743880 450
1743890 451
1743900 452
1743910 453
1743920 453
1743930 454
1743940 454
1743950 454
1743960 455
1743970 455
1743980 455
1743990 456
1744000 456
1744010 457
1744020 458
1744030 458
1744040 458
1744050 459
1744060 459
1744070 459
1744080 460
1744090 461
1744100 462
1744110 462
1744120 463
1744130 464
1744140 464
1744150 465
1744160 465
1744170 465
1744180 466
1744190 466
1744200 466
1744210 467
1744220 467
1744230 467
1744240 468
1744250 468
1744260 469
1744270 469
1744280 469
1744290 470
1744300 470
1744310 470
1744320 470
1744330 471
1744340 471
1744350 471
1744360 471
1744370 472
1744380 472
1744390 472
1744400 472
1744410 473
1744420 473
1744430 473
1744440 473
1744450 474
1744460 474
1744470 474
1744480 474
1744490 474
1744500 474
1744510 474
1744520 474
1744530 473
1744540 473
1744550 473
1744560 473
1744570 473
1744580 473
1744590 473
1744600 473
1744610 473
1744620 473
1744630 473
1744640 473
1744650 473
1744660 474
1744670 474
1744680 474
1744690 474
1744700 474
1744710 474
1744720 474
1744730 475
1744740 475
1744750 475
1744760 475
1744770 475
1744780 475
1744790 475
1744800 475
1744810 475
1744820 475
1744830 475
1744840 475
1744850 475
1744860 476
1744870 476
1744880 476
1744890 476
1744900 476
1744910 477
1744920 477
1744930 477
1744940 477
1744950 477
1744960 478
1744970 478
1744980 478
1744990 478
1745000 478
1745010 478
1745020 478
1745030 478
1745040 478
1745050 478
1745060 478
1745070 478
1745080 478
1745090 478
1745100 477
1745110 477
1745120 477
1745130 477
1745140 477
1745150 477
1745160 477
1745170 477
1745180 477
1745190 477
1745200 477
1745210 477
1745220 477
1745230 477
1745240 476
1745250 476
1745260 476
1745270 476
1745280 476
1745290 476
1745300 476
1745310 476
1745320 476
1745330 476
1745340 475
1745350 475
1745360 475
1745370 475
1745380 475
1745390 476
1745400 476
1745410 476
1745420 476
1745430 476
1745440 476
1745450 476
1745460 475
1745470 475
1745480 475
1745490 475
1745500 475
1745510 475
1745520 475
1745530 475
1745540 475
1745550 475
1745560 476
1745570 476
1745580 476
1745590 476
1745600 476
1745610 476
1745620 476
1745630 476
1745640 476
1745650 476
1745660 476
1745670 477
1745680 477
1745690 477
1745700 477
1745710 477
1745720 477
1745730 477
1745740 477
1745750 477
1745760 477
1745770 477
1745780 478
1745790 478
1745800 478
1745810 478
1745820 478
1745830 478
1745840 478
1745850 478
1745860 478
1745870 478
1745880 479
1745890 479
1745900 479
1745910 479
1745920 479
1745930 479
1745940 479
1745950 480
1745960 480
1745970 480
1745980 480
1745990 480
1746000 480
1746010 480
1746020 480
1746030 481
1746040 481
1746050 481
1746060 481
1746070 481
1746080 481
1746090 481
1746100 481
1746110 481
1746120 481
1746130 482
1746140 482
1746150 482
1746160 482
1746170 482
1746180 482
1746190 482
1746200 482
1746210 482
1746220 482
1746230 482
1746240 482
1746250 482
1746260 482
1746270 482
1746280 482
1746290 482
1746300 482
1746310 482
1746320 482
1746330 482
1746340 482
1746350 482
1746360 482
1746370 482
1746380 482
1746390 482
1746400 483
1746410 483
1746420 483
1746430 483
1746440 483
1746450 483
1746460 483
1746470 483
1746480 483
1746490 483
1746500 483
1746510 483
1746520 483
1746530 483
1746540 483
1746550 483
1746560 483
1746570 483
1746580 483
1746590 483
1746600 483
1746610 483
1746620 483
1746630 483
1746640 483
1746650 483
1746660 483
1746670 483
1746680 483
1746690 483
1746700 483
1746710 483
1746720 483
1746730 483
1746740 483
1746750 483
1746760 483
1746770 482
1746780 482
1746790 482
1746800 482
1746810 482
1746820 482
1746830 482
1746840 482
1746850 482
1746860 482
1746870 481
1746880 481
1746890 481
1746900 481
1746910 481
1746920 480
1746930 480
1746940 480
1746950 480
1746960 480
1746970 480
1746980 479
1746990 479
1747000 479
1747010 479
1747020 479
1747030 478
1747040 478
1747050 478
1747060 478
1747070 478
1747080 477
1747090 477
1747100 477
1747110 476
1747120 476
1747130 476
1747140 475
1747150 475
1747160 475
1747170 475
1747180 474
1747190 474
1747200 474
1747210 473
1747220 473
1747230 473
1747240 473
1747250 472
1747260 472
1747270 472
1747280 471
1747290 471
1747300 471
1747310 470
1747320 470
1747330 470
1747340 470
1747350 469
1747360 469
1747370 469
1747380 469
1747390 468
1747400 468
1747410 468
1747420 468
1747430 468
1747440 467
1747450 467
1747460 467
1747470 467
1747480 467
1747490 467
1747500 467
1747510 466
1747520 466
1747530 466
1747540 466
1747550 466
1747560 466
1747570 465
1747580 465
1747590 465
1747600 465
1747610 465
1747620 465
1747630 464
1747640 464
1747650 464
1747660 464
1747670 464
1747680 463
1747690 463
1747700 463
1747710 463
1747720 463
1747730 463
1747740 462
1747750 462
1747760 462
1747770 462
1747780 462
1747790 462
1747800 462
1747810 462
1747820 461
1747830 461
1747840 461
1747850 460
1747860 460
1747870 460
1747880 459
1747890 459
1747900 459
1747910 459
1747920 459
1747930 459
1747940 458
1747950 458
1747960 458
1747970 458
1747980 457
1747990 457
1748000 457
1748010 457
1748020 457
1748030 457
1748040 456
1748050 456
1748060 456
1748070 456
1748080 456
1748090 456
1748100 456
1748110 455
1748120 455
1748130 455
1748140 455
1748150 455
1748160 455
1748170 455
1748180 455
1748190 455
1748200 455
1748210 454
1748220 454
1748230 454
1748240 454
1748250 454
1748260 454
1748270 453
1748280 453
1748290 453
1748300 453
1748310 453
1748320 453
1748330 453
1748340 452
1748350 452
1748360 452
1748370 452
1748380 452
1748390 452
1748400 451
1748410 451
1748420 452
1748430 451
1748440 451
1748450 451
1748460 451
1748470 451
1748480 451
1748490 451
1748500 451
1748510 451
1748520 451
1748530 451
1748540 451
1748550 451
1748560 451
1748570 451
1748580 451
1748590 452
1748600 452
1748610 452
1748620 452
1748630 452
1748640 452
1748650 452
1748660 453
1748670 453
1748680 453
1748690 453
1748700 453
1748710 453
1748720 453
1748730 453
1748740 453
1748750 453
1748760 453
1748770 453
1748780 453
1748790 453
1748800 453
1748810 453
1748820 452
1748830 452
1748840 452
1748850 452
1748860 452
1748870 452
1748880 452
1748890 452
1748900 452
1748910 452
1748920 452
1748930 452
1748940 452
1748950 452
1748960 452
1748970 452
1748980 452
1748990 452
1749000 452
1749010 452
1749020 452
1749030 452
1749040 452
1749050 452
1749060 452
1749070 451
1749080 451
1749090 451
1749100 451
1749110 450
1749120 450
1749130 450
1749140 449
1749150 449
1749160 448
1749170 448
1749180 448
1749190 447
1749200 447
1749210 447
1749220 447
1749230 447
1749240 447
1749250 447
1749260 447
1749270 447
1749280 447
1749290 447
1749300 447
1749310 447
1749320 447
1749330 447
1749340 448
1749350 448
1749360 448
1749370 449
1749380 449
1749390 449
1749400 449
1749410 449
1749420 449
1749430 450
1749440 450
1749450 451
1749460 451
1749470 451
1749480 452
1749490 452
1749500 451
1749510 451
1749520 451
1749530 451
1749540 450
1749550 451
1749560 451
1749570 452
1749580 452
1749590 453
1749600 453
1749610 453
1749620 453
1749630 453
1749640 453
1749650 453
1749660 454
1749670 454
1749680 454
1749690 454
1749700 454
1749710 454
1749720 454
1749730 454
1749740 454
1749750 454
1749760 454
1749770 454
1749780 454
1749790 454
1749800 454
1749810 454
1749820 453
1749830 453
1749840 453
1749850 453
1749860 452
1749870 452
1749880 452
1749890 451
1749900 451
1749910 451
1749920 451
1749930 450
1749940 450
1749950 450
1749960 450
1749970 449
1749980 449
1749990 449
1750000 449
1750010 449
1750020 448
1750030 448
1750040 448
1750050 448
1750060 448
1750070 448
1750080 448
1750090 448
1750100 447
1750110 447
1750120 447
1750130 447
1750140 447
1750150 447
1750160 447
1750170 447
1750180 447
1750190 447
1750200 446
1750210 446
1750220 446
1750230 446
1750240 446
1750250 446
1750260 446
1750270 445
1750280 445
1750290 445
1750300 445
1750310 445
1750320 445
1750330 445
1750340 445
1750350 445
1750360 444
1750370 444
1750380 444
1750390 444
1750400 444
1750410 444
1750420 444
1750430 444
1750440 444
1750450 444
1750460 444
1750470 444
1750480 444
1750490 444
1750500 444
1750510 444
1750520 444
1750530 445
1750540 445
1750550 446
1750560 446
1750570 447
1750580 447
1750590 448
1750600 448
1750610 448
1750620 449
1750630 449
1750640 450
1750650 450
1750660 450
1750670 451
1750680 451
1750690 452
1750700 452
1750710 452
1750720 453
1750730 453
1750740 454
1750750 454
1750760 455
1750770 455
1750780 455
1750790 456
1750800 456
1750810 456
1750820 457
1750830 457
1750840 457
1750850 458
1750860 458
1750870 458
1750880 458
1750890 459
1750900 459
1750910 460
1750920 460
1750930 460
1750940 461
1750950 461
1750960 461
1750970 461
1750980 462
1750990 462
1751000 462
1751010 463
1751020 463
1751030 464
1751040 464
1751050 465
1751060 465
1751070 465
1751080 466
1751090 466
1751100 467
1751110 467
1751120 468
1751130 468
1751140 469
1751150 469
1751160 469
1751170 470
1751180 470
1751190 470
1751200 471
1751210 471
1751220 471
1751230 472
1751240 472
1751250 472
1751260 473
1751270 473
1751280 473
1751290 473
1751300 473
1751310 474
1751320 474
1751330 474
1751340 474
1751350 475
1751360 475
1751370 475
1751380 475
1751390 475
1751400 475
1751410 475
1751420 476
1751430 476
1751440 476
1751450 476
1751460 476
1751470 476
1751480 475
1751490 475
1751500 475
1751510 475
1751520 475
1751530 475
