1752520 454
1752530 454
1752540 453
1752550 453
1752560 453
1752570 453
1752580 453
1752590 453
1752600 453
1752610 453
1752620 452
1752630 452
1752640 452
1752650 452
1752660 452
1752670 452
1752680 452
1752690 452
1752700 452
1752710 451
1752720 451
1752730 451
1752740 451
1752750 451
1752760 450
1752770 450
1752780 450
1752790 450
1752800 450
1752810 450
1752820 449
1752830 449
1752840 449
1752850 449
1752860 449
1752870 448
1752880 448
1752890 448
1752900 448
1752910 448
1752920 448
1752930 448
1752940 447
1752950 447
1752960 447
1752970 447
1752980 447
1752990 447
1753000 447
1753010 446
1753020 446
1753030 446
1753040 446
1753050 446
1753060 446
1753070 446
1753080 446
1753090 446
1753100 446
1753110 445
1753120 445
1753130 445
1753140 445
1753150 445
1753160 445
1753170 445
1753180 445
1753190 445
1753200 445
1753210 445
1753220 445
1753230 445
1753240 444
1753250 444
1753260 444
1753270 444
1753280 445
1753290 445
1753300 444
1753310 444
1753320 444
1753330 444
1753340 444
1753350 444
1753360 444
1753370 445
1753380 445
1753390 445
1753400 445
1753410 445
1753420 444
1753430 444
1753440 444
1753450 444
1753460 444
1753470 444
1753480 444
1753490 444
1753500 444
1753510 444
1753520 444
1753530 444
1753540 444
1753550 445
1753560 445
1753570 445
1753580 445
1753590 445
1753600 445
1753610 445
1753620 445
1753630 445
1753640 446
1753650 446
1753660 446
1753670 446
1753680 446
1753690 446
1753700 447
1753710 447
1753720 447
1753730 448
1753740 448
1753750 448
1753760 448
1753770 449
1753780 449
1753790 449
1753800 450
1753810 450
1753820 450
1753830 450
1753840 451
1753850 451
1753860 451
1753870 452
1753880 452
1753890 452
1753900 452
1753910 453
1753920 453
1753930 453
1753940 453
1753950 453
1753960 454
1753970 454
1753980 454
1753990 454
1754000 454
1754010 454
1754020 454
1754030 454
1754040 454
1754050 455
1754060 455
1754070 455
1754080 455
1754090 455
1754100 455
1754110 455
1754120 456
1754130 455
1754140 455
1754150 455
1754160 455
1754170 455
1754180 455
1754190 455
1754200 455
1754210 455
1754220 455
1754230 455
1754240 455
1754250 455
1754260 455
1754270 455
1754280 455
1754290 455
1754300 454
1754310 455
1754320 455
1754330 455
1754340 455
1754350 454
1754360 454
1754370 454
1754380 454
1754390 454
1754400 454
1754410 454
1754420 454
1754430 454
1754440 454
1754450 454
1754460 453
1754470 454
1754480 454
1754490 454
1754500 454
1754510 454
1754520 453
1754530 453
1754540 453
1754550 453
1754560 453
1754570 453
1754580 453
1754590 453
1754600 453
1754610 453
1754620 453
1754630 453
1754640 453
1754650 452
1754660 452
1754670 452
1754680 452
1754690 452
1754700 452
1754710 452
1754720 453
1754730 453
1754740 453
1754750 453
1754760 453
1754770 453
1754780 453
1754790 453
1754800 453
1754810 453
1754820 453
1754830 453
1754840 453
1754850 453
1754860 453
1754870 453
1754880 453
1754890 453
1754900 453
1754910 452
1754920 452
1754930 452
1754940 452
1754950 452
1754960 452
1754970 452
1754980 452
1754990 452
1755000 451
1755010 451
1755020 451
1755030 451
1755040 451
1755050 451
1755060 450
1755070 450
1755080 450
1755090 450
1755100 450
1755110 449
1755120 449
1755130 449
1755140 449
1755150 449
1755160 448
1755170 448
1755180 448
1755190 448
1755200 447
1755210 447
1755220 447
1755230 447
1755240 446
1755250 446
1755260 446
1755270 446
1755280 445
1755290 445
1755300 445
1755310 444
1755320 444
1755330 444
1755340 444
1755350 443
1755360 443
1755370 443
1755380 442
1755390 442
1755400 442
1755410 442
1755420 441
1755430 441
1755440 440
1755450 440
1755460 439
1755470 439
1755480 438
1755490 437
1755500 436
1755510 435
1755520 434
1755530 433
1755540 432
1755550 431
1755560 429
1755570 428
1755580 428
1755590 428
1755600 428
1755610 428
1755620 429
1755630 430
1755640 431
1755650 432
1755660 434
1755670 435
1755680 436
1755690 437
1755700 438
1755710 438
1755720 439
1755730 439
1755740 440
1755750 440
1755760 441
1755770 441
1755780 441
1755790 442
1755800 442
1755810 442
1755820 442
1755830 442
1755840 442
1755850 442
1755860 442
1755870 442
1755880 442
1755890 442
1755900 442
1755910 442
1755920 442
1755930 442
1755940 442
1755950 442
1755960 441
1755970 441
1755980 441
1755990 441
1756000 441
1756010 441
1756020 441
1756030 441
1756040 441
1756050 441
1756060 441
1756070 440
1756080 440
1756090 440
1756100 440
1756110 439
1756120 439
1756130 439
1756140 439
1756150 438
1756160 438
1756170 437
1756180 437
1756190 437
1756200 436
1756210 436
1756220 435
1756230 434
1756240 434
1756250 434
1756260 434
1756270 435
1756280 435
1756290 436
1756300 436
1756310 436
1756320 436
1756330 436
1756340 437
1756350 437
1756360 437
1756370 437
1756380 437
1756390 437
1756400 437
1756410 437
1756420 437
1756430 437
1756440 437
1756450 437
1756460 437
1756470 437
1756480 437
1756490 437
1756500 437
1756510 437
1756520 437
1756530 437
1756540 437
1756550 437
1756560 436
1756570 436
1756580 436
1756590 436
1756600 436
1756610 436
1756620 436
1756630 436
1756640 436
1756650 436
1756660 435
1756670 435
1756680 435
1756690 435
1756700 435
1756710 434
1756720 434
1756730 434
1756740 434
1756750 434
1756760 434
1756770 434
1756780 434
1756790 435
1756800 435
1756810 435
1756820 435
1756830 434
1756840 434
1756850 434
1756860 434
1756870 434
1756880 434
1756890 434
1756900 434
1756910 433
1756920 433
1756930 433
1756940 433
1756950 433
1756960 432
1756970 432
1756980 432
1756990 431
1757000 431
1757010 430
1757020 430
1757030 429
1757040 429
1757050 428
1757060 427
1757070 427
1757080 426
1757090 425
1757100 425
1757110 424
1757120 423
1757130 423
1757140 422
1757150 421
1757160 421
1757170 420
1757180 419
1757190 418
1757200 418
1757210 416
1757220 414
1757230 412
1757240 411
1757250 411
1757260 411
1757270 411
1757280 411
1757290 412
1757300 412
1757310 413
1757320 412
1757330 413
1757340 413
1757350 413
1757360 413
1757370 414
1757380 414
1757390 415
1757400 417
1757410 419
1757420 421
1757430 422
1757440 423
1757450 424
1757460 424
1757470 424
1757480 424
1757490 424
1757500 424
1757510 424
1757520 423
1757530 422
1757540 421
1757550 421
1757560 422
1757570 424
1757580 425
1757590 427
1757600 428
1757610 428
1757620 429
1757630 429
1757640 429
1757650 430
1757660 430
1757670 431
1757680 431
1757690 431
1757700 432
1757710 432
1757720 432
1757730 433
1757740 433
1757750 433
1757760 434
1757770 434
1757780 434
1757790 434
1757800 435
1757810 435
1757820 435
1757830 435
1757840 435
1757850 436
1757860 436
1757870 436
1757880 436
1757890 437
1757900 437
1757910 437
1757920 437
1757930 437
1757940 438
1757950 438
1757960 438
1757970 438
1757980 438
1757990 439
1758000 439
1758010 439
1758020 439
1758030 439
1758040 439
1758050 440
1758060 440
1758070 440
1758080 440
1758090 440
1758100 440
1758110 440
1758120 440
1758130 441
1758140 441
1758150 441
1758160 441
1758170 441
1758180 441
1758190 441
1758200 442
1758210 442
1758220 442
1758230 442
1758240 442
1758250 442
1758260 442
1758270 442
1758280 442
1758290 442
1758300 442
1758310 442
1758320 442
1758330 442
1758340 442
1758350 442
1758360 442
1758370 442
1758380 442
1758390 442
1758400 442
1758410 442
1758420 442
1758430 442
1758440 442
1758450 441
1758460 440
1758470 440
1758480 440
1758490 440
1758500 439
1758510 439
1758520 439
1758530 438
1758540 438
1758550 438
1758560 438
1758570 438
1758580 438
1758590 437
1758600 437
1758610 437
1758620 437
1758630 437
1758640 437
1758650 436
1758660 436
1758670 436
1758680 436
1758690 436
1758700 435
1758710 435
1758720 435
1758730 434
1758740 434
1758750 434
1758760 434
1758770 434
1758780 433
1758790 433
1758800 433
1758810 433
1758820 433
1758830 433
1758840 433
1758850 433
1758860 432
1758870 432
1758880 432
1758890 431
1758900 430
1758910 430
1758920 430
1758930 429
1758940 429
1758950 428
1758960 427
1758970 427
1758980 426
1758990 425
1759000 425
1759010 424
1759020 424
1759030 424
1759040 423
1759050 423
1759060 423
1759070 422
1759080 422
1759090 421
1759100 421
1759110 420
1759120 419
1759130 418
1759140 417
1759150 416
1759160 416
1759170 415
1759180 416
1759190 417
1759200 418
1759210 418
1759220 419
1759230 419
1759240 419
1759250 419
1759260 420
1759270 421
1759280 422
1759290 423
1759300 423
1759310 424
1759320 424
1759330 425
1759340 426
1759350 426
1759360 426
1759370 426
1759380 426
1759390 426
1759400 426
1759410 426
1759420 426
1759430 426
1759440 425
1759450 425
1759460 424
1759470 423
1759480 423
1759490 422
1759500 422
1759510 422
1759520 423
1759530 425
1759540 427
1759550 428
1759560 428
1759570 428
1759580 429
1759590 429
1759600 430
1759610 430
1759620 430
1759630 430
1759640 430
1759650 431
1759660 431
1759670 431
1759680 431
1759690 432
1759700 432
1759710 432
1759720 432
1759730 432
1759740 432
1759750 432
1759760 431
1759770 432
1759780 432
1759790 432
1759800 432
1759810 432
1759820 433
1759830 433
1759840 433
1759850 433
1759860 433
1759870 434
1759880 434
1759890 434
1759900 434
1759910 434
1759920 435
1759930 435
1759940 435
1759950 435
1759960 435
1759970 435
1759980 435
1759990 435
