1753020 449
1753030 449
1753040 449
1753050 449
1753060 449
1753070 449
1753080 450
1753090 450
1753100 450
1753110 450
1753120 450
1753130 450
1753140 450
1753150 450
1753160 450
1753170 450
1753180 450
1753190 450
1753200 450
1753210 450
1753220 450
1753230 450
1753240 450
1753250 450
1753260 450
1753270 450
1753280 450
1753290 450
1753300 450
1753310 450
1753320 450
1753330 450
1753340 450
1753350 450
1753360 450
1753370 450
1753380 450
1753390 450
1753400 449
1753410 449
1753420 449
1753430 449
1753440 449
1753450 449
1753460 449
1753470 449
1753480 448
1753490 448
1753500 448
1753510 448
1753520 448
1753530 448
1753540 448
1753550 448
1753560 448
1753570 447
1753580 447
1753590 447
1753600 447
1753610 447
1753620 447
1753630 447
1753640 447
1753650 447
1753660 447
1753670 447
1753680 447
1753690 447
1753700 447
1753710 447
1753720 447
1753730 447
1753740 447
1753750 447
1753760 447
1753770 447
1753780 447
1753790 447
1753800 447
1753810 447
1753820 447
1753830 447
1753840 447
1753850 447
1753860 447
1753870 447
1753880 447
1753890 447
1753900 447
1753910 448
1753920 448
1753930 448
1753940 448
1753950 448
1753960 448
1753970 448
1753980 448
1753990 448
1754000 448
1754010 448
1754020 447
1754030 447
1754040 447
1754050 447
1754060 448
1754070 449
1754080 450
1754090 450
1754100 450
1754110 448
1754120 446
1754130 446
1754140 446
1754150 445
1754160 445
1754170 445
1754180 445
1754190 445
1754200 445
1754210 445
1754220 444
1754230 444
1754240 444
1754250 444
1754260 444
1754270 444
1754280 444
1754290 444
1754300 444
1754310 444
1754320 444
1754330 444
1754340 444
1754350 443
1754360 443
1754370 443
1754380 443
1754390 443
1754400 443
1754410 443
1754420 443
1754430 443
1754440 443
1754450 443
1754460 443
1754470 444
1754480 444
1754490 445
1754500 445
1754510 446
1754520 446
1754530 447
1754540 447
1754550 447
1754560 447
1754570 447
1754580 447
1754590 447
1754600 447
1754610 448
1754620 448
1754630 449
1754640 449
1754650 448
1754660 448
1754670 448
1754680 448
1754690 449
1754700 449
1754710 449
1754720 449
1754730 449
1754740 449
1754750 449
1754760 449
1754770 449
1754780 449
1754790 449
1754800 448
1754810 448
1754820 448
1754830 448
1754840 448
1754850 448
1754860 448
1754870 448
1754880 448
1754890 448
1754900 447
1754910 447
1754920 447
1754930 447
1754940 447
1754950 447
1754960 447
1754970 446
1754980 446
1754990 446
1755000 446
1755010 445
1755020 445
1755030 445
1755040 444
1755050 444
1755060 444
1755070 443
1755080 443
1755090 442
1755100 442
1755110 441
1755120 441
1755130 440
1755140 440
1755150 439
1755160 439
1755170 439
1755180 439
1755190 438
1755200 437
1755210 437
1755220 437
1755230 438
1755240 439
1755250 440
1755260 441
1755270 442
1755280 443
1755290 443
1755300 444
1755310 445
1755320 446
1755330 446
1755340 447
1755350 447
1755360 447
1755370 448
1755380 449
1755390 449
1755400 450
1755410 451
1755420 452
1755430 452
1755440 453
1755450 453
1755460 454
1755470 455
1755480 455
1755490 456
1755500 457
1755510 457
1755520 458
1755530 458
1755540 459
1755550 459
1755560 460
1755570 460
1755580 461
1755590 461
1755600 462
1755610 462
1755620 463
1755630 463
1755640 464
1755650 464
1755660 465
1755670 465
1755680 465
1755690 466
1755700 466
1755710 466
1755720 466
1755730 466
1755740 466
1755750 467
1755760 466
1755770 466
1755780 466
1755790 466
1755800 466
1755810 466
1755820 465
1755830 465
1755840 465
1755850 465
1755860 465
1755870 464
1755880 464
1755890 464
1755900 464
1755910 464
1755920 464
1755930 463
1755940 463
1755950 463
1755960 463
1755970 463
1755980 462
1755990 462
1756000 462
1756010 462
1756020 462
1756030 461
1756040 461
1756050 461
1756060 460
1756070 460
1756080 460
1756090 460
1756100 459
1756110 459
1756120 459
1756130 459
1756140 458
1756150 458
1756160 458
1756170 458
1756180 458
1756190 457
1756200 457
1756210 457
1756220 457
1756230 457
1756240 457
1756250 457
1756260 457
1756270 457
1756280 456
1756290 456
1756300 456
1756310 456
1756320 456
1756330 456
1756340 456
1756350 455
1756360 455
1756370 455
1756380 455
1756390 455
1756400 455
1756410 455
1756420 455
1756430 455
1756440 455
1756450 454
1756460 454
1756470 454
1756480 454
1756490 454
1756500 454
1756510 453
1756520 453
1756530 453
1756540 453
1756550 452
1756560 452
1756570 452
1756580 452
1756590 451
1756600 451
1756610 450
1756620 450
1756630 450
1756640 449
1756650 449
1756660 448
1756670 447
1756680 447
1756690 446
1756700 446
1756710 445
1756720 444
1756730 444
1756740 443
1756750 442
1756760 441
1756770 440
1756780 439
1756790 438
1756800 437
1756810 436
1756820 435
1756830 433
1756840 432
1756850 431
1756860 429
1756870 428
1756880 426
1756890 424
1756900 423
1756910 421
1756920 421
1756930 421
1756940 421
1756950 421
1756960 422
1756970 422
1756980 422
1756990 422
1757000 423
1757010 424
1757020 425
1757030 427
1757040 430
1757050 433
1757060 435
1757070 438
1757080 441
1757090 444
1757100 447
1757110 449
1757120 450
1757130 451
1757140 452
1757150 453
1757160 454
1757170 455
1757180 456
1757190 456
1757200 457
1757210 458
1757220 458
1757230 459
1757240 459
1757250 460
1757260 460
1757270 461
1757280 461
1757290 462
1757300 462
1757310 463
1757320 463
1757330 463
1757340 464
1757350 464
1757360 464
1757370 464
1757380 464
1757390 463
1757400 463
1757410 463
1757420 463
1757430 463
1757440 463
1757450 462
1757460 462
1757470 461
1757480 461
1757490 461
1757500 460
1757510 460
1757520 460
1757530 459
1757540 459
1757550 459
1757560 458
1757570 458
1757580 458
1757590 457
1757600 457
1757610 457
1757620 457
1757630 456
1757640 456
1757650 456
1757660 456
1757670 455
1757680 455
1757690 455
1757700 455
1757710 454
1757720 454
1757730 454
1757740 454
1757750 454
1757760 454
1757770 454
1757780 454
1757790 454
1757800 454
1757810 454
1757820 453
1757830 453
1757840 453
1757850 453
1757860 453
1757870 453
1757880 453
1757890 453
1757900 453
1757910 453
1757920 452
1757930 452
1757940 452
1757950 452
1757960 452
1757970 452
1757980 452
1757990 452
1758000 452
1758010 452
1758020 452
1758030 452
1758040 451
1758050 451
1758060 451
1758070 451
1758080 451
1758090 451
1758100 451
1758110 451
1758120 450
1758130 450
1758140 450
1758150 450
1758160 449
1758170 449
1758180 449
1758190 449
1758200 448
1758210 448
1758220 447
1758230 447
1758240 447
1758250 446
1758260 446
1758270 446
1758280 446
1758290 446
1758300 446
1758310 445
1758320 445
1758330 445
1758340 445
1758350 445
1758360 445
1758370 444
1758380 444
1758390 444
1758400 444
1758410 444
1758420 443
1758430 443
1758440 443
1758450 443
1758460 442
1758470 442
1758480 442
1758490 441
1758500 441
1758510 440
1758520 440
1758530 439
1758540 439
1758550 438
1758560 438
1758570 438
1758580 438
1758590 438
1758600 437
1758610 437
1758620 438
1758630 438
1758640 438
1758650 438
1758660 438
1758670 438
1758680 438
1758690 438
1758700 438
1758710 439
1758720 439
1758730 439
1758740 438
1758750 438
1758760 439
1758770 439
1758780 439
1758790 439
1758800 439
1758810 439
1758820 439
1758830 440
1758840 440
1758850 440
1758860 440
1758870 440
1758880 440
1758890 441
1758900 441
1758910 441
1758920 441
1758930 441
1758940 442
1758950 442
1758960 442
1758970 442
1758980 442
1758990 442
1759000 442
1759010 442
1759020 442
1759030 442
1759040 442
1759050 442
1759060 442
1759070 442
1759080 442
1759090 442
1759100 442
1759110 442
1759120 442
1759130 442
1759140 442
1759150 442
1759160 442
1759170 442
1759180 442
1759190 442
1759200 443
1759210 443
1759220 443
1759230 443
1759240 443
1759250 443
1759260 443
1759270 443
1759280 443
1759290 443
1759300 443
1759310 443
1759320 443
1759330 443
1759340 443
1759350 443
1759360 443
1759370 443
1759380 443
1759390 442
1759400 440
1759410 438
1759420 436
1759430 436
1759440 436
1759450 437
1759460 437
1759470 437
1759480 436
1759490 436
1759500 434
1759510 433
1759520 432
1759530 432
1759540 432
1759550 433
1759560 435
1759570 437
1759580 440
1759590 441
1759600 441
1759610 441
1759620 441
1759630 441
1759640 440
1759650 440
1759660 440
1759670 440
1759680 440
1759690 440
1759700 439
1759710 439
1759720 439
1759730 439
1759740 439
1759750 439
1759760 439
1759770 439
1759780 439
1759790 439
1759800 439
1759810 439
1759820 439
1759830 439
1759840 438
1759850 438
1759860 438
1759870 438
1759880 438
1759890 438
1759900 438
1759910 437
1759920 437
1759930 437
1759940 437
1759950 436
1759960 436
1759970 436
1759980 435
1759990 435
