1753560 457
1753570 457
1753580 457
1753590 457
1753600 457
1753610 457
1753620 457
1753630 457
1753640 457
1753650 457
1753660 457
1753670 457
1753680 457
1753690 457
1753700 457
1753710 457
1753720 457
1753730 457
1753740 457
1753750 457
1753760 457
1753770 457
1753780 457
1753790 457
1753800 457
1753810 457
1753820 457
1753830 457
1753840 457
1753850 457
1753860 457
1753870 457
1753880 457
1753890 457
1753900 457
1753910 457
1753920 457
1753930 458
1753940 458
1753950 458
1753960 458
1753970 457
1753980 457
1753990 457
1754000 457
1754010 457
1754020 457
1754030 457
1754040 457
1754050 457
1754060 457
1754070 457
1754080 457
1754090 457
1754100 457
1754110 456
1754120 456
1754130 456
1754140 456
1754150 456
1754160 456
1754170 455
1754180 455
1754190 455
1754200 455
1754210 455
1754220 455
1754230 455
1754240 455
1754250 455
1754260 454
1754270 454
1754280 454
1754290 454
1754300 454
1754310 454
1754320 454
1754330 454
1754340 454
1754350 454
1754360 454
1754370 454
1754380 454
1754390 454
1754400 454
1754410 454
1754420 454
1754430 455
1754440 455
1754450 455
1754460 455
1754470 455
1754480 455
1754490 456
1754500 456
1754510 456
1754520 456
1754530 456
1754540 456
1754550 457
1754560 457
1754570 457
1754580 457
1754590 457
1754600 457
1754610 457
1754620 457
1754630 457
1754640 457
1754650 457
1754660 457
1754670 457
1754680 458
1754690 458
1754700 458
1754710 458
1754720 458
1754730 458
1754740 458
1754750 458
1754760 458
1754770 458
1754780 457
1754790 457
1754800 457
1754810 457
1754820 456
1754830 456
1754840 456
1754850 456
1754860 455
1754870 455
1754880 455
1754890 455
1754900 454
1754910 454
1754920 454
1754930 454
1754940 454
1754950 453
1754960 453
1754970 453
1754980 453
1754990 453
1755000 452
1755010 452
1755020 452
1755030 452
1755040 451
1755050 451
1755060 451
1755070 451
1755080 450
1755090 450
1755100 450
1755110 450
1755120 449
1755130 449
1755140 449
1755150 449
1755160 448
1755170 448
1755180 448
1755190 448
1755200 448
1755210 448
1755220 448
1755230 448
1755240 448
1755250 447
1755260 447
1755270 447
1755280 446
1755290 446
1755300 446
1755310 446
1755320 445
1755330 445
1755340 445
1755350 445
1755360 445
1755370 445
1755380 445
1755390 444
1755400 444
1755410 444
1755420 444
1755430 444
1755440 444
1755450 444
1755460 444
1755470 444
1755480 444
1755490 444
1755500 444
1755510 444
1755520 444
1755530 444
1755540 444
1755550 444
1755560 444
1755570 444
1755580 444
1755590 444
1755600 444
1755610 444
1755620 444
1755630 444
1755640 444
1755650 444
1755660 444
1755670 444
1755680 444
1755690 444
1755700 444
1755710 444
1755720 445
1755730 445
1755740 445
1755750 445
1755760 445
1755770 445
1755780 445
1755790 445
1755800 445
1755810 445
1755820 445
1755830 445
1755840 445
1755850 444
1755860 444
1755870 444
1755880 444
1755890 444
1755900 444
1755910 444
1755920 444
1755930 444
1755940 444
1755950 444
1755960 445
1755970 445
1755980 445
1755990 446
1756000 445
1756010 443
1756020 442
1756030 440
1756040 440
1756050 439
1756060 439
1756070 439
1756080 439
1756090 439
1756100 439
1756110 439
1756120 439
1756130 439
1756140 440
1756150 441
1756160 442
1756170 442
1756180 443
1756190 444
1756200 444
1756210 445
1756220 446
1756230 447
1756240 448
1756250 449
1756260 450
1756270 452
1756280 453
1756290 454
1756300 455
1756310 456
1756320 456
1756330 457
1756340 458
1756350 459
1756360 459
1756370 460
1756380 461
1756390 462
1756400 463
1756410 464
1756420 464
1756430 465
1756440 465
1756450 466
1756460 466
1756470 467
1756480 467
1756490 467
1756500 467
1756510 468
1756520 468
1756530 468
1756540 468
1756550 468
1756560 468
1756570 468
1756580 468
1756590 468
1756600 468
1756610 468
1756620 469
1756630 469
1756640 469
1756650 469
1756660 470
1756670 470
1756680 471
1756690 471
1756700 471
1756710 471
1756720 471
1756730 471
1756740 471
1756750 471
1756760 471
1756770 471
1756780 471
1756790 472
1756800 472
1756810 472
1756820 472
1756830 472
1756840 472
1756850 472
1756860 472
1756870 472
1756880 471
1756890 471
1756900 471
1756910 471
1756920 471
1756930 471
1756940 471
1756950 471
1756960 471
1756970 471
1756980 471
1756990 471
1757000 471
1757010 471
1757020 471
1757030 471
1757040 471
1757050 471
1757060 471
1757070 472
1757080 472
1757090 472
1757100 471
1757110 471
1757120 471
1757130 471
1757140 471
1757150 471
1757160 471
1757170 471
1757180 471
1757190 471
1757200 471
1757210 471
1757220 471
1757230 471
1757240 471
1757250 471
1757260 471
1757270 471
1757280 471
1757290 471
1757300 471
1757310 471
1757320 471
1757330 471
1757340 471
1757350 471
1757360 470
1757370 470
1757380 470
1757390 470
1757400 470
1757410 470
1757420 470
1757430 470
1757440 470
1757450 470
1757460 470
1757470 470
1757480 470
1757490 470
1757500 470
1757510 470
1757520 470
1757530 470
1757540 471
1757550 471
1757560 471
1757570 471
1757580 471
1757590 471
1757600 472
1757610 472
1757620 472
1757630 472
1757640 472
1757650 472
1757660 472
1757670 472
1757680 472
1757690 473
1757700 473
1757710 473
1757720 473
1757730 473
1757740 473
1757750 473
1757760 473
1757770 474
1757780 474
1757790 474
1757800 474
1757810 474
1757820 474
1757830 474
1757840 474
1757850 475
1757860 475
1757870 475
1757880 475
1757890 475
1757900 476
1757910 476
1757920 476
1757930 476
1757940 476
1757950 476
1757960 477
1757970 477
1757980 477
1757990 477
1758000 477
1758010 478
1758020 478
1758030 478
1758040 478
1758050 479
1758060 479
1758070 479
1758080 479
1758090 479
1758100 479
1758110 479
1758120 479
1758130 479
1758140 479
1758150 479
1758160 479
1758170 479
1758180 479
1758190 479
1758200 479
1758210 479
1758220 479
1758230 479
1758240 479
1758250 479
1758260 479
1758270 479
1758280 479
1758290 478
1758300 478
1758310 478
1758320 478
1758330 478
1758340 478
1758350 478
1758360 477
1758370 477
1758380 477
1758390 477
1758400 477
1758410 476
1758420 476
1758430 476
1758440 476
1758450 475
1758460 475
1758470 475
1758480 474
1758490 474
1758500 474
1758510 474
1758520 473
1758530 473
1758540 473
1758550 472
1758560 472
1758570 471
1758580 471
1758590 471
1758600 470
1758610 470
1758620 470
1758630 469
1758640 469
1758650 469
1758660 469
1758670 468
1758680 468
1758690 468
1758700 467
1758710 467
1758720 467
1758730 466
1758740 466
1758750 466
1758760 465
1758770 465
1758780 465
1758790 464
1758800 464
1758810 464
1758820 463
1758830 463
1758840 463
1758850 462
1758860 462
1758870 462
1758880 462
1758890 461
1758900 461
1758910 461
1758920 461
1758930 460
1758940 460
1758950 460
1758960 460
1758970 459
1758980 459
1758990 459
1759000 458
1759010 458
1759020 458
1759030 457
1759040 457
1759050 456
1759060 456
1759070 456
1759080 455
1759090 455
1759100 455
1759110 454
1759120 454
1759130 453
1759140 453
1759150 452
1759160 451
1759170 451
1759180 451
1759190 451
1759200 450
1759210 450
1759220 449
1759230 449
1759240 448
1759250 448
1759260 447
1759270 447
1759280 446
1759290 445
1759300 445
1759310 444
1759320 443
1759330 442
1759340 442
1759350 441
1759360 440
1759370 439
1759380 438
1759390 437
1759400 435
1759410 434
1759420 433
1759430 432
1759440 431
1759450 430
1759460 430
1759470 430
1759480 430
1759490 432
1759500 432
1759510 433
1759520 434
1759530 435
1759540 435
1759550 435
1759560 436
1759570 436
1759580 436
1759590 437
1759600 437
1759610 437
1759620 437
1759630 437
1759640 437
1759650 437
1759660 437
1759670 437
1759680 437
1759690 438
1759700 438
1759710 438
1759720 438
1759730 438
1759740 438
1759750 438
1759760 438
1759770 438
1759780 438
1759790 438
1759800 438
1759810 437
1759820 437
1759830 436
1759840 436
1759850 435
1759860 433
1759870 432
1759880 430
1759890 429
1759900 427
1759910 426
1759920 426
1759930 426
1759940 426
1759950 426
1759960 427
1759970 428
1759980 430
1759990 432
