1740000 371
1740010 371
1740020 371
1740030 371
1740040 372
1740050 372
1740060 372
1740070 372
1740080 372
1740090 371
1740100 371
1740110 371
1740120 371
1740130 371
1740140 372
1740150 372
1740160 372
1740170 373
1740180 373
1740190 373
1740200 373
1740210 373
1740220 373
1740230 374
1740240 374
1740250 375
1740260 375
1740270 376
1740280 377
1740290 377
1740300 378
1740310 378
1740320 378
1740330 379
1740340 379
1740350 380
1740360 381
1740370 382
1740380 383
1740390 384
1740400 385
1740410 386
1740420 386
1740430 387
1740440 388
1740450 389
1740460 390
1740470 391
1740480 392
1740490 393
1740500 394
1740510 394
1740520 395
1740530 396
1740540 397
1740550 398
1740560 399
1740570 400
1740580 401
1740590 402
1740600 403
1740610 403
1740620 404
1740630 405
1740640 406
1740650 406
1740660 408
1740670 409
1740680 410
1740690 411
1740700 411
1740710 411
1740720 411
1740730 411
1740740 411
1740750 411
1740760 411
1740770 411
1740780 410
1740790 410
1740800 410
1740810 410
1740820 411
1740830 413
1740840 414
1740850 415
1740860 416
1740870 417
1740880 418
1740890 419
1740900 419
1740910 419
1740920 418
1740930 416
1740940 415
1740950 413
1740960 411
1740970 410
1740980 408
1740990 408
1741000 407
1741010 407
1741020 406
1741030 405
1741040 405
1741050 405
1741060 406
1741070 407
1741080 411
1741090 414
1741100 416
1741110 419
1741120 421
1741130 424
1741140 426
1741150 428
1741160 430
1741170 432
1741180 434
1741190 435
1741200 436
1741210 437
1741220 437
1741230 439
1741240 440
1741250 441
1741260 442
1741270 443
1741280 444
1741290 445
1741300 446
1741310 447
1741320 448
1741330 449
1741340 450
1741350 451
1741360 452
1741370 454
1741380 455
1741390 456
1741400 457
1741410 458
1741420 459
1741430 459
1741440 460
1741450 461
1741460 461
1741470 462
1741480 463
1741490 463
1741500 464
1741510 464
1741520 465
1741530 465
1741540 465
1741550 466
1741560 467
1741570 467
1741580 466
1741590 466
1741600 466
1741610 466
1741620 466
1741630 466
1741640 466
1741650 466
1741660 466
1741670 466
1741680 465
1741690 465
1741700 465
1741710 465
1741720 465
1741730 465
1741740 465
1741750 465
1741760 465
1741770 465
1741780 465
1741790 465
1741800 466
1741810 466
1741820 466
1741830 466
1741840 466
1741850 466
1741860 466
1741870 466
1741880 466
1741890 466
1741900 466
1741910 466
1741920 467
1741930 467
1741940 467
1741950 467
1741960 467
1741970 467
1741980 467
1741990 467
1742000 467
1742010 467
1742020 467
1742030 467
1742040 467
1742050 467
1742060 467
1742070 467
1742080 467
1742090 467
1742100 468
1742110 468
1742120 468
1742130 468
1742140 468
1742150 468
1742160 468
1742170 469
1742180 469
1742190 469
1742200 469
1742210 469
1742220 469
1742230 469
1742240 469
1742250 469
1742260 469
1742270 469
1742280 469
1742290 469
1742300 469
1742310 469
1742320 469
1742330 469
1742340 469
1742350 469
1742360 469
1742370 469
1742380 469
1742390 469
1742400 468
1742410 468
1742420 468
1742430 468
1742440 468
1742450 467
1742460 467
1742470 467
1742480 467
1742490 467
1742500 466
1742510 466
1742520 466
1742530 466
1742540 466
1742550 466
1742560 466
1742570 466
1742580 466
1742590 466
1742600 465
1742610 465
1742620 464
1742630 464
1742640 465
1742650 465
1742660 466
1742670 466
1742680 466
1742690 467
1742700 467
1742710 468
1742720 468
1742730 468
1742740 469
1742750 469
1742760 469
1742770 469
1742780 469
1742790 469
1742800 469
1742810 469
1742820 469
1742830 469
1742840 469
1742850 469
1742860 469
1742870 469
1742880 469
1742890 469
1742900 469
1742910 469
1742920 469
1742930 469
1742940 469
1742950 469
1742960 469
1742970 469
1742980 470
1742990 470
1743000 470
1743010 470
1743020 470
1743030 470
1743040 470
1743050 470
1743060 470
1743070 470
1743080 470
1743090 470
1743100 470
1743110 470
1743120 470
1743130 470
1743140 470
1743150 470
1743160 470
1743170 470
1743180 470
1743190 470
1743200 470
1743210 470
1743220 470
1743230 470
1743240 470
1743250 470
1743260 469
1743270 469
1743280 469
1743290 469
1743300 469
1743310 469
1743320 469
1743330 469
1743340 469
1743350 469
1743360 470
1743370 470
1743380 470
1743390 470
1743400 470
1743410 470
1743420 471
1743430 471
1743440 471
1743450 471
1743460 472
1743470 472
1743480 472
1743490 472
1743500 472
1743510 472
1743520 472
1743530 472
1743540 473
1743550 473
1743560 473
1743570 473
1743580 473
1743590 473
1743600 473
1743610 473
1743620 473
1743630 473
1743640 474
1743650 474
1743660 474
1743670 474
1743680 473
1743690 473
1743700 472
1743710 472
1743720 472
1743730 472
1743740 472
1743750 471
1743760 471
1743770 471
1743780 471
1743790 471
1743800 472
1743810 472
1743820 472
1743830 471
1743840 471
1743850 471
1743860 470
1743870 470
1743880 470
1743890 469
1743900 469
1743910 469
1743920 469
1743930 468
1743940 468
1743950 468
1743960 468
1743970 468
1743980 468
1743990 468
1744000 468
1744010 467
1744020 467
1744030 466
1744040 466
1744050 466
1744060 466
1744070 466
1744080 466
1744090 466
1744100 466
1744110 466
1744120 465
1744130 465
1744140 465
1744150 465
1744160 465
1744170 464
1744180 464
1744190 464
1744200 464
1744210 463
1744220 463
1744230 463
1744240 463
1744250 463
1744260 462
1744270 462
1744280 462
1744290 462
1744300 462
1744310 462
1744320 461
1744330 461
1744340 461
1744350 461
1744360 461
1744370 460
1744380 460
1744390 460
1744400 460
1744410 460
1744420 460
1744430 459
1744440 459
1744450 459
1744460 459
1744470 459
1744480 459
1744490 459
1744500 459
1744510 459
1744520 458
1744530 458
1744540 458
1744550 458
1744560 458
1744570 458
1744580 458
1744590 458
1744600 458
1744610 458
1744620 458
1744630 458
1744640 458
1744650 458
1744660 458
1744670 458
1744680 458
1744690 458
1744700 458
1744710 459
1744720 459
1744730 459
1744740 460
1744750 460
1744760 460
1744770 460
1744780 460
1744790 460
1744800 460
1744810 460
1744820 460
1744830 460
1744840 460
1744850 460
1744860 460
1744870 460
1744880 460
1744890 460
1744900 460
1744910 460
1744920 460
1744930 460
1744940 460
1744950 460
1744960 460
1744970 460
1744980 460
1744990 460
1745000 460
1745010 461
1745020 461
1745030 461
1745040 461
1745050 461
1745060 461
1745070 461
1745080 461
1745090 461
1745100 461
1745110 462
1745120 462
1745130 462
1745140 462
1745150 462
1745160 462
1745170 462
1745180 462
1745190 462
1745200 462
1745210 462
1745220 462
1745230 462
1745240 462
1745250 462
1745260 462
1745270 462
1745280 462
1745290 462
1745300 462
1745310 462
1745320 462
1745330 462
1745340 462
1745350 462
1745360 462
1745370 462
1745380 462
1745390 461
1745400 461
1745410 461
1745420 461
1745430 461
1745440 461
1745450 460
1745460 460
1745470 460
1745480 460
1745490 460
1745500 459
1745510 459
1745520 459
1745530 459
1745540 459
1745550 459
1745560 458
1745570 458
1745580 458
1745590 458
1745600 458
1745610 458
1745620 458
1745630 457
1745640 457
1745650 457
1745660 457
1745670 457
1745680 457
1745690 456
1745700 456
1745710 456
1745720 456
