1756100 469
1756110 469
1756120 469
1756130 469
1756140 469
1756150 469
1756160 469
1756170 469
1756180 469
1756190 469
1756200 469
1756210 469
1756220 469
1756230 469
1756240 469
1756250 469
1756260 469
1756270 469
1756280 469
1756290 469
1756300 469
1756310 469
1756320 469
1756330 469
1756340 468
1756350 468
1756360 468
1756370 468
1756380 468
1756390 468
1756400 467
1756410 467
1756420 467
1756430 467
1756440 467
1756450 466
1756460 466
1756470 466
1756480 466
1756490 466
1756500 465
1756510 465
1756520 465
1756530 465
1756540 465
1756550 465
1756560 465
1756570 465
1756580 465
1756590 465
1756600 465
1756610 465
1756620 465
1756630 465
1756640 465
1756650 465
1756660 465
1756670 465
1756680 465
1756690 465
1756700 465
1756710 465
1756720 466
1756730 466
1756740 466
1756750 466
1756760 466
1756770 465
1756780 465
1756790 465
1756800 465
1756810 465
1756820 465
1756830 465
1756840 465
1756850 465
1756860 465
1756870 465
1756880 465
1756890 465
1756900 464
1756910 464
1756920 464
1756930 464
1756940 464
1756950 464
1756960 464
1756970 464
1756980 464
1756990 464
1757000 464
1757010 464
1757020 464
1757030 465
1757040 465
1757050 465
1757060 465
1757070 466
1757080 466
1757090 466
1757100 466
1757110 466
1757120 467
1757130 467
1757140 467
1757150 467
1757160 467
1757170 468
1757180 468
1757190 468
1757200 468
1757210 469
1757220 469
1757230 469
1757240 469
1757250 470
1757260 470
1757270 470
1757280 470
1757290 470
1757300 471
1757310 471
1757320 471
1757330 471
1757340 471
1757350 471
1757360 471
1757370 471
1757380 471
1757390 471
1757400 471
1757410 471
1757420 471
1757430 471
1757440 471
1757450 471
1757460 471
1757470 471
1757480 471
1757490 471
1757500 471
1757510 470
1757520 470
1757530 470
1757540 470
1757550 470
1757560 470
1757570 469
1757580 469
1757590 469
1757600 469
1757610 468
1757620 468
1757630 468
1757640 468
1757650 467
1757660 467
1757670 467
1757680 467
1757690 466
1757700 466
1757710 465
1757720 465
1757730 465
1757740 465
1757750 464
1757760 464
1757770 463
1757780 463
1757790 463
1757800 463
1757810 462
1757820 462
1757830 462
1757840 461
1757850 461
1757860 461
1757870 460
1757880 460
1757890 460
1757900 459
1757910 459
1757920 459
1757930 458
1757940 458
1757950 458
1757960 458
1757970 457
1757980 457
1757990 457
1758000 457
1758010 457
1758020 457
1758030 457
1758040 457
1758050 458
1758060 458
1758070 458
1758080 458
1758090 458
1758100 458
1758110 458
1758120 458
1758130 458
1758140 458
1758150 458
1758160 458
1758170 458
1758180 458
1758190 458
1758200 458
1758210 458
1758220 458
1758230 458
1758240 458
1758250 458
1758260 458
1758270 458
1758280 457
1758290 457
1758300 457
1758310 457
1758320 457
1758330 456
1758340 456
1758350 456
1758360 455
1758370 455
1758380 455
1758390 455
1758400 454
1758410 454
1758420 454
1758430 453
1758440 453
1758450 453
1758460 452
1758470 452
1758480 452
1758490 451
1758500 451
1758510 451
1758520 450
1758530 450
1758540 450
1758550 449
1758560 449
1758570 448
1758580 448
1758590 448
1758600 447
1758610 447
1758620 447
1758630 446
1758640 446
1758650 446
1758660 445
1758670 445
1758680 445
1758690 445
1758700 444
1758710 444
1758720 444
1758730 444
1758740 443
1758750 443
1758760 443
1758770 443
1758780 443
1758790 443
1758800 443
1758810 443
1758820 443
1758830 443
1758840 443
1758850 443
1758860 443
1758870 443
1758880 443
1758890 444
1758900 444
1758910 444
1758920 444
1758930 444
1758940 444
1758950 445
1758960 445
1758970 446
1758980 446
1758990 447
1759000 447
1759010 448
1759020 449
1759030 449
1759040 450
1759050 450
1759060 451
1759070 451
1759080 451
1759090 452
1759100 452
1759110 453
1759120 453
1759130 453
1759140 454
1759150 454
1759160 454
1759170 455
1759180 455
1759190 455
1759200 455
1759210 456
1759220 456
1759230 456
1759240 456
1759250 456
1759260 456
1759270 457
1759280 457
1759290 457
1759300 457
1759310 457
1759320 457
1759330 457
1759340 457
1759350 457
1759360 457
1759370 457
1759380 457
1759390 457
1759400 457
1759410 457
1759420 457
1759430 457
1759440 457
1759450 457
1759460 457
1759470 457
1759480 457
1759490 457
1759500 456
1759510 456
1759520 456
1759530 456
1759540 456
1759550 455
1759560 455
1759570 454
1759580 454
1759590 453
1759600 453
1759610 453
1759620 453
1759630 452
1759640 452
1759650 452
1759660 452
1759670 452
1759680 452
1759690 452
1759700 452
1759710 452
1759720 452
1759730 452
1759740 452
1759750 452
1759760 453
1759770 454
1759780 454
1759790 455
1759800 456
1759810 457
1759820 457
1759830 458
1759840 459
1759850 460
1759860 460
1759870 460
1759880 461
1759890 461
1759900 461
1759910 462
1759920 462
1759930 462
1759940 463
1759950 463
1759960 463
1759970 463
1759980 463
1759990 464
1740000 398
1740010 400
1740020 400
1740030 400
1740040 399
1740050 398
1740060 398
1740070 397
1740080 397
1740090 396
1740100 396
1740110 395
1740120 395
1740130 394
1740140 394
1740150 393
1740160 394
1740170 394
1740180 394
1740190 394
1740200 395
1740210 395
1740220 395
1740230 395
1740240 395
1740250 395
1740260 395
1740270 396
1740280 397
1740290 400
1740300 402
1740310 404
1740320 406
1740330 408
1740340 409
1740350 410
1740360 412
1740370 413
1740380 413
1740390 414
1740400 415
1740410 415
1740420 416
1740430 416
1740440 417
1740450 417
1740460 417
1740470 418
1740480 419
1740490 419
1740500 420
1740510 422
1740520 423
1740530 424
1740540 425
1740550 426
1740560 427
1740570 428
1740580 430
1740590 431
1740600 432
1740610 434
1740620 435
1740630 436
1740640 438
1740650 439
1740660 439
1740670 440
1740680 440
1740690 441
1740700 441
1740710 442
1740720 442
1740730 442
1740740 443
1740750 443
1740760 443
1740770 444
1740780 444
1740790 444
1740800 445
1740810 445
1740820 446
1740830 446
1740840 446
1740850 447
1740860 447
1740870 447
1740880 448
1740890 448
1740900 448
1740910 449
1740920 449
1740930 450
1740940 450
1740950 450
1740960 451
1740970 451
1740980 451
1740990 451
1741000 452
1741010 452
1741020 453
1741030 453
1741040 453
1741050 454
1741060 454
1741070 454
1741080 455
1741090 455
1741100 455
1741110 456
1741120 456
1741130 456
1741140 457
1741150 457
1741160 457
1741170 457
1741180 457
1741190 458
1741200 458
1741210 458
1741220 458
1741230 459
1741240 459
1741250 459
1741260 459
1741270 460
1741280 460
1741290 460
1741300 460
1741310 460
1741320 461
1741330 461
1741340 461
1741350 461
1741360 461
1741370 462
1741380 462
1741390 462
1741400 462
1741410 462
1741420 462
1741430 463
1741440 463
1741450 463
1741460 463
1741470 463
1741480 463
1741490 463
1741500 463
1741510 464
1741520 464
1741530 464
1741540 463
1741550 463
1741560 463
1741570 463
1741580 464
1741590 464
1741600 464
1741610 464
1741620 464
1741630 464
1741640 464
1741650 464
1741660 464
1741670 464
1741680 464
1741690 464
1741700 464
1741710 464
1741720 464
1741730 464
1741740 465
1741750 465
1741760 465
1741770 466
1741780 466
1741790 466
1741800 466
1741810 466
1741820 466
1741830 467
1741840 467
1741850 467
1741860 467
1741870 467
1741880 467
1741890 468
1741900 468
1741910 468
1741920 468
1741930 468
1741940 468
1741950 468
1741960 468
1741970 468
1741980 469
1741990 469
1742000 469
1742010 469
1742020 469
1742030 469
1742040 469
1742050 469
1742060 469
1742070 469
1742080 469
1742090 469
1742100 469
1742110 469
1742120 469
1742130 469
1742140 469
1742150 469
1742160 469
1742170 469
1742180 469
1742190 469
1742200 469
1742210 469
1742220 469
1742230 469
1742240 469
1742250 469
1742260 469
1742270 469
1742280 469
1742290 469
1742300 469
1742310 469
1742320 469
1742330 469
1742340 469
1742350 469
1742360 469
1742370 469
1742380 469
1742390 468
1742400 468
1742410 468
1742420 468
1742430 468
1742440 468
1742450 468
1742460 468
1742470 468
1742480 468
1742490 468
1742500 468
1742510 468
1742520 468
1742530 468
1742540 468
1742550 467
1742560 467
1742570 467
1742580 467
1742590 467
1742600 467
1742610 467
1742620 466
1742630 466
1742640 466
1742650 466
1742660 465
1742670 465
1742680 464
1742690 464
1742700 463
1742710 463
1742720 462
1742730 462
1742740 461
1742750 461
1742760 460
1742770 460
1742780 460
1742790 459
1742800 459
1742810 459
1742820 459
1742830 459
1742840 458
1742850 458
1742860 458
1742870 458
1742880 457
1742890 457
1742900 457
1742910 457
1742920 457
1742930 456
1742940 456
1742950 456
1742960 456
1742970 455
1742980 455
1742990 455
1743000 454
1743010 454
1743020 453
1743030 453
1743040 453
1743050 452
1743060 452
1743070 452
1743080 451
1743090 451
1743100 451
1743110 450
1743120 450
1743130 449
1743140 449
1743150 449
1743160 448
1743170 448
1743180 448
1743190 447
1743200 447
1743210 447
1743220 447
1743230 447
1743240 447
1743250 448
1743260 448
1743270 449
1743280 450
1743290 450
1743300 451
1743310 451
1743320 451
1743330 451
1743340 451
1743350 452
1743360 452
1743370 452
1743380 453
1743390 453
1743400 453
1743410 454
1743420 454
1743430 454
1743440 455
1743450 455
1743460 455
1743470 455
1743480 455
1743490 456
1743500 456
1743510 456
1743520 456
1743530 456
1743540 456
1743550 456
1743560 456
1743570 456
1743580 456
1743590 456
1743600 456
1743610 456
1743620 456
1743630 456
1743640 456
1743650 456
1743660 456
1743670 456
1743680 456
1743690 456
1743700 456
1743710 456
1743720 456
1743730 456
1743740 456
1743750 456
1743760 457
1743770 456
1743780 456
1743790 456
1743800 456
1743810 456
1743820 456
1743830 456
1743840 456
1743850 456
1743860 456
1743870 455
1743880 455
1743890 455
1743900 455
1743910 455
1743920 455
1743930 454
1743940 454
1743950 454
1743960 454
1743970 454
1743980 454
1743990 453
1744000 453
1744010 453
1744020 453
1744030 453
1744040 453
1744050 452
1744060 452
1744070 452
1744080 452
1744090 452
1744100 451
1744110 451
1744120 451
1744130 451
1744140 451
1744150 450
1744160 450
1744170 450
1744180 450
1744190 450
1744200 450
1744210 450
1744220 449
1744230 449
1744240 449
1744250 449
1744260 449
1744270 449
1744280 448
1744290 448
1744300 448
1744310 448
1744320 448
1744330 448
1744340 447
1744350 447
1744360 447
1744370 447
1744380 447
1744390 447
1744400 447
