1756610 471
1756620 471
1756630 471
1756640 471
1756650 471
1756660 471
1756670 471
1756680 470
1756690 470
1756700 470
1756710 470
1756720 470
1756730 470
1756740 470
1756750 470
1756760 470
1756770 469
1756780 469
1756790 469
1756800 469
1756810 469
1756820 469
1756830 469
1756840 468
1756850 468
1756860 468
1756870 468
1756880 468
1756890 468
1756900 467
1756910 467
1756920 467
1756930 467
1756940 467
1756950 466
1756960 466
1756970 466
1756980 466
1756990 465
1757000 465
1757010 465
1757020 465
1757030 465
1757040 464
1757050 464
1757060 464
1757070 464
1757080 463
1757090 463
1757100 463
1757110 463
1757120 462
1757130 462
1757140 462
1757150 462
1757160 462
1757170 462
1757180 461
1757190 461
1757200 461
1757210 461
1757220 461
1757230 461
1757240 461
1757250 461
1757260 461
1757270 461
1757280 461
1757290 461
1757300 460
1757310 460
1757320 460
1757330 460
1757340 460
1757350 460
1757360 460
1757370 460
1757380 460
1757390 460
1757400 459
1757410 459
1757420 459
1757430 459
1757440 459
1757450 459
1757460 458
1757470 458
1757480 458
1757490 458
1757500 458
1757510 458
1757520 457
1757530 457
1757540 457
