1756410 473
1756420 473
1756430 473
1756440 473
1756450 473
1756460 473
1756470 473
1756480 473
1756490 473
1756500 473
1756510 473
1756520 473
1756530 473
1756540 473
1756550 473
1756560 473
1756570 473
1756580 473
1756590 473
1756600 473
1756610 473
1756620 473
1756630 473
1756640 473
1756650 473
1756660 473
1756670 473
1756680 473
1756690 473
1756700 473
1756710 473
1756720 472
1756730 472
1756740 472
1756750 472
1756760 472
1756770 472
1756780 472
1756790 472
1756800 472
1756810 472
1756820 472
1756830 471
1756840 471
1756850 471
1756860 471
1756870 471
1756880 471
1756890 470
1756900 470
1756910 470
1756920 470
1756930 470
1756940 470
1756950 469
1756960 469
1756970 469
1756980 469
1756990 469
1757000 469
1757010 468
1757020 468
1757030 468
1757040 468
1757050 468
1757060 468
1757070 468
1757080 467
1757090 467
1757100 467
1757110 467
1757120 467
1757130 466
1757140 466
1757150 466
1757160 466
1757170 466
1757180 466
1757190 466
1757200 466
1757210 466
1757220 466
1757230 466
1757240 465
1757250 465
1757260 465
1757270 465
1757280 464
1757290 464
1757300 464
1757310 464
1757320 464
1757330 464
1757340 464
1757350 464
1757360 464
1757370 464
1757380 464
1757390 464
1757400 464
1757410 464
1757420 464
1757430 464
1757440 464
1757450 464
1757460 464
1757470 464
1757480 464
1757490 464
1757500 464
1757510 464
1757520 464
1757530 464
1757540 463
1757550 463
1757560 463
1757570 463
1757580 463
1757590 463
1757600 463
1757610 463
1757620 462
1757630 462
1757640 462
1757650 462
1757660 462
1757670 462
1757680 461
1757690 461
1757700 461
1757710 461
1757720 461
1757730 460
1757740 460
1757750 460
1757760 460
1757770 460
1757780 459
1757790 459
1757800 459
1757810 459
1757820 458
1757830 458
1757840 458
1757850 458
1757860 458
1757870 457
1757880 457
1757890 457
1757900 457
1757910 456
1757920 456
1757930 456
1757940 456
1757950 456
1757960 455
1757970 455
1757980 455
1757990 455
1758000 454
1758010 454
1758020 454
1758030 454
1758040 453
1758050 453
1758060 453
1758070 453
1758080 453
1758090 452
1758100 452
1758110 452
1758120 452
1758130 451
1758140 451
1758150 451
1758160 451
1758170 451
1758180 450
1758190 450
1758200 450
1758210 451
1758220 451
1758230 452
1758240 452
1758250 453
1758260 454
1758270 455
1758280 455
1758290 456
1758300 456
1758310 457
1758320 458
1758330 458
1758340 459
1758350 460
1758360 460
1758370 461
1758380 461
1758390 462
1758400 462
1758410 463
1758420 464
1758430 464
1758440 464
1758450 464
1758460 465
1758470 465
1758480 465
1758490 465
1758500 465
1758510 465
1758520 465
1758530 465
1758540 465
1758550 465
1758560 465
1758570 465
1758580 464
1758590 464
1758600 464
1758610 464
1758620 464
1758630 463
1758640 463
1758650 463
1758660 463
1758670 462
1758680 462
1758690 462
1758700 461
1758710 461
1758720 461
1758730 461
1758740 460
1758750 460
1758760 460
1758770 459
1758780 459
1758790 459
1758800 459
1758810 458
1758820 458
1758830 458
1758840 458
1758850 458
1758860 457
1758870 457
1758880 457
1758890 457
1758900 457
1758910 457
1758920 457
1758930 456
1758940 456
1758950 456
1758960 456
1758970 456
1758980 456
1758990 456
1759000 456
1759010 456
1759020 456
1759030 456
1759040 456
1759050 456
1759060 456
1759070 456
1759080 456
1759090 456
1759100 456
1759110 456
1759120 456
1759130 456
1759140 456
1759150 457
1759160 457
1759170 457
1759180 457
1759190 458
1759200 458
1759210 458
1759220 459
1759230 459
1759240 460
1759250 460
1759260 460
1759270 461
1759280 461
1759290 462
1759300 462
1759310 463
1759320 463
1759330 464
1759340 464
1759350 465
1759360 465
1759370 466
1759380 467
1759390 467
1759400 468
1759410 468
1759420 469
1759430 469
1759440 470
1759450 470
1759460 470
1759470 471
1759480 471
1759490 472
1759500 472
1759510 472
1759520 473
1759530 473
1759540 473
1759550 473
1759560 474
1759570 474
1759580 474
1759590 474
1759600 475
1759610 475
1759620 475
1759630 475
1759640 475
1759650 475
1759660 475
1759670 475
1759680 475
1759690 475
1759700 475
1759710 475
1759720 475
1759730 475
1759740 476
1759750 476
1759760 476
1759770 476
1759780 476
1759790 476
1759800 476
1759810 475
1759820 475
1759830 475
1759840 475
1759850 475
1759860 475
1759870 475
1759880 475
1759890 475
1759900 475
1759910 475
1759920 475
1759930 475
1759940 475
1759950 475
1759960 475
1759970 475
1759980 475
1759990 475
