1740000 439
1740010 440
1740020 441
1740030 441
1740040 442
1740050 443
1740060 444
1740070 444
1740080 445
1740090 445
1740100 446
1740110 446
1740120 447
1740130 447
1740140 447
1740150 448
1740160 448
1740170 449
1740180 449
1740190 450
1740200 450
1740210 450
1740220 451
1740230 451
1740240 452
1740250 452
1740260 452
1740270 453
1740280 453
1740290 453
1740300 454
1740310 454
1740320 454
1740330 454
1740340 454
1740350 454
1740360 454
1740370 455
1740380 455
1740390 455
1740400 455
1740410 455
1740420 456
1740430 456
1740440 456
1740450 456
1740460 456
1740470 456
1740480 456
1740490 456
1740500 456
1740510 456
1740520 456
1740530 456
1740540 457
1740550 457
1740560 457
1740570 457
1740580 457
1740590 456
1740600 456
1740610 456
1740620 456
1740630 456
1740640 456
1740650 457
1740660 457
1740670 457
1740680 457
1740690 457
1740700 457
1740710 457
1740720 457
1740730 457
1740740 457
1740750 457
1740760 457
1740770 456
1740780 456
1740790 456
1740800 456
1740810 456
1740820 456
1740830 456
1740840 455
1740850 455
1740860 455
1740870 455
1740880 455
1740890 455
1740900 455
1740910 454
1740920 454
1740930 454
1740940 454
1740950 454
1740960 454
1740970 454
1740980 454
1740990 454
1741000 454
1741010 454
1741020 454
1741030 454
1741040 454
1741050 453
1741060 453
1741070 453
1741080 453
1741090 453
1741100 453
1741110 453
1741120 452
1741130 452
1741140 452
1741150 452
1741160 452
1741170 452
1741180 451
1741190 451
1741200 451
1741210 451
1741220 450
1741230 450
1741240 450
1741250 450
1741260 449
1741270 449
1741280 449
1741290 448
1741300 448
1741310 448
1741320 447
1741330 447
1741340 446
1741350 445
1741360 445
1741370 444
1741380 443
1741390 442
1741400 441
1741410 440
1741420 439
1741430 437
1741440 436
1741450 434
1741460 435
1741470 437
1741480 438
1741490 440
1741500 441
1741510 442
1741520 443
1741530 444
1741540 445
1741550 445
1741560 446
1741570 447
1741580 448
1741590 448
1741600 449
1741610 449
1741620 450
1741630 450
1741640 450
1741650 451
1741660 451
1741670 451
1741680 452
1741690 452
1741700 452
1741710 453
1741720 453
1741730 453
1741740 453
1741750 454
1741760 454
1741770 454
1741780 454
1741790 455
1741800 455
1741810 455
1741820 455
1741830 455
1741840 456
1741850 456
1741860 456
1741870 456
1741880 456
1741890 456
1741900 457
1741910 457
1741920 457
1741930 457
1741940 457
1741950 457
1741960 457
1741970 457
1741980 457
1741990 457
1742000 457
1742010 457
1742020 458
1742030 458
1742040 458
1742050 458
1742060 458
1742070 458
1742080 458
1742090 458
1742100 458
1742110 458
1742120 458
1742130 458
1742140 457
1742150 457
1742160 457
1742170 457
1742180 457
1742190 457
1742200 457
1742210 457
1742220 457
1742230 457
1742240 457
1742250 457
1742260 456
1742270 456
1742280 456
1742290 456
1742300 456
1742310 456
1742320 456
1742330 456
1742340 456
1742350 456
1742360 456
1742370 456
1742380 456
1742390 456
1742400 456
1742410 456
1742420 456
1742430 456
1742440 456
1742450 455
1742460 455
1742470 455
1742480 455
1742490 455
1742500 455
1742510 455
1742520 455
1742530 455
1742540 455
1742550 455
1742560 454
1742570 454
1742580 454
1742590 454
1742600 454
1742610 453
1742620 453
1742630 453
1742640 452
1742650 452
1742660 452
1742670 451
1742680 451
1742690 451
1742700 450
1742710 450
1742720 450
1742730 449
1742740 449
1742750 449
1742760 448
1742770 448
1742780 448
1742790 447
1742800 447
1742810 447
1742820 446
1742830 446
1742840 446
1742850 445
1742860 445
1742870 444
1742880 444
1742890 444
1742900 443
1742910 443
1742920 442
1742930 442
1742940 441
1742950 439
1742960 437
1742970 435
1742980 433
1742990 431
1743000 429
1743010 427
1743020 425
1743030 424
1743040 422
1743050 420
1743060 418
1743070 416
1743080 414
1743090 412
1743100 410
1743110 409
1743120 408
1743130 406
1743140 404
1743150 402
1743160 402
1743170 404
1743180 407
1743190 408
1743200 410
1743210 411
1743220 409
1743230 407
1743240 403
1743250 402
1743260 402
