1740000 427
1740010 427
1740020 427
1740030 427
1740040 427
1740050 427
1740060 427
1740070 426
1740080 426
1740090 426
1740100 426
1740110 426
1740120 426
1740130 426
1740140 427
1740150 427
1740160 427
1740170 427
1740180 428
1740190 428
1740200 428
1740210 429
1740220 429
1740230 430
1740240 431
1740250 431
1740260 432
1740270 432
1740280 433
1740290 434
1740300 434
1740310 435
1740320 436
1740330 436
1740340 437
1740350 438
1740360 438
1740370 439
1740380 440
1740390 440
1740400 440
1740410 440
1740420 441
1740430 441
1740440 441
1740450 441
1740460 441
1740470 441
1740480 441
1740490 441
1740500 441
1740510 441
1740520 441
1740530 440
1740540 440
1740550 439
1740560 440
1740570 440
1740580 440
1740590 441
1740600 441
1740610 441
1740620 441
1740630 441
1740640 441
1740650 441
1740660 441
1740670 441
1740680 441
1740690 440
1740700 440
1740710 440
1740720 440
1740730 440
1740740 440
1740750 441
1740760 441
1740770 441
1740780 441
1740790 441
1740800 441
1740810 440
1740820 440
1740830 440
1740840 440
1740850 439
1740860 439
1740870 439
1740880 439
1740890 439
1740900 439
1740910 439
1740920 439
1740930 439
1740940 439
1740950 439
1740960 439
1740970 439
1740980 440
1740990 440
1741000 440
1741010 440
1741020 440
1741030 440
1741040 440
1741050 441
1741060 441
1741070 441
1741080 441
1741090 441
1741100 441
1741110 441
1741120 440
1741130 440
1741140 440
1741150 439
1741160 439
1741170 438
1741180 437
1741190 436
1741200 435
1741210 433
1741220 432
1741230 431
1741240 430
1741250 429
1741260 428
1741270 426
1741280 424
1741290 421
1741300 421
1741310 421
1741320 424
1741330 426
1741340 428
1741350 431
1741360 433
1741370 436
1741380 438
1741390 439
1741400 441
1741410 442
1741420 444
1741430 445
1741440 445
1741450 446
1741460 446
1741470 447
1741480 447
1741490 447
1741500 448
1741510 448
1741520 449
1741530 449
1741540 450
1741550 450
1741560 450
1741570 451
1741580 451
1741590 452
1741600 452
1741610 452
1741620 453
1741630 453
1741640 454
1741650 455
1741660 455
1741670 456
1741680 456
1741690 456
1741700 456
1741710 456
1741720 457
1741730 457
1741740 457
1741750 457
1741760 456
1741770 457
1741780 457
1741790 457
1741800 456
1741810 456
1741820 456
1741830 456
1741840 456
1741850 456
1741860 456
1741870 456
1741880 456
1741890 456
1741900 456
1741910 456
1741920 456
1741930 456
1741940 456
1741950 456
1741960 456
1741970 456
1741980 456
1741990 456
1742000 456
1742010 456
1742020 456
1742030 456
1742040 456
1742050 456
1742060 456
1742070 456
1742080 456
1742090 456
1742100 456
1742110 456
1742120 455
1742130 455
1742140 455
1742150 455
1742160 455
1742170 455
1742180 455
1742190 455
1742200 454
1742210 454
1742220 454
1742230 454
1742240 454
1742250 454
1742260 454
1742270 454
1742280 453
1742290 453
1742300 453
1742310 453
1742320 453
1742330 453
1742340 452
1742350 452
1742360 452
1742370 452
1742380 452
1742390 451
1742400 451
1742410 451
1742420 451
1742430 450
1742440 450
1742450 450
1742460 450
1742470 449
1742480 449
1742490 449
1742500 449
1742510 448
1742520 448
1742530 448
1742540 447
1742550 447
1742560 446
1742570 446
1742580 445
1742590 445
1742600 444
1742610 444
1742620 443
1742630 443
1742640 442
1742650 441
1742660 440
1742670 439
1742680 438
1742690 437
1742700 437
1742710 436
1742720 435
1742730 434
1742740 433
1742750 432
1742760 432
1742770 431
1742780 430
1742790 430
1742800 429
1742810 428
1742820 428
1742830 427
1742840 427
1742850 426
1742860 426
1742870 425
1742880 424
1742890 424
1742900 423
1742910 422
1742920 422
1742930 421
1742940 420
1742950 420
1742960 419
1742970 419
1742980 418
1742990 418
