1740000 373
1740010 373
1740020 373
1740030 373
1740040 373
1740050 373
1740060 373
1740070 373
1740080 374
1740090 375
1740100 377
1740110 378
1740120 380
1740130 381
1740140 382
1740150 383
1740160 383
1740170 384
1740180 384
1740190 384
1740200 384
1740210 384
1740220 384
1740230 384
1740240 384
1740250 384
1740260 384
1740270 384
1740280 384
1740290 383
1740300 383
1740310 383
1740320 383
1740330 382
1740340 382
1740350 382
1740360 383
1740370 383
1740380 383
1740390 383
1740400 384
1740410 385
1740420 385
1740430 385
1740440 385
1740450 385
1740460 384
1740470 384
1740480 384
1740490 383
1740500 383
1740510 384
1740520 385
1740530 386
1740540 387
1740550 388
1740560 388
1740570 387
1740580 385
1740590 384
1740600 382
1740610 381
1740620 379
1740630 378
1740640 377
1740650 375
1740660 373
1740670 371
1740680 369
1740690 368
1740700 368
1740710 369
1740720 370
1740730 374
1740740 378
1740750 382
1740760 386
1740770 388
1740780 391
1740790 393
1740800 395
1740810 396
1740820 398
1740830 399
1740840 400
1740850 401
1740860 401
1740870 402
1740880 403
1740890 404
1740900 406
1740910 407
1740920 409
1740930 410
1740940 411
1740950 412
1740960 413
1740970 415
1740980 416
1740990 417
1741000 417
1741010 418
1741020 419
1741030 419
1741040 420
1741050 421
1741060 421
1741070 422
1741080 422
1741090 422
1741100 423
1741110 423
1741120 423
1741130 423
1741140 424
1741150 424
1741160 424
1741170 424
1741180 424
1741190 424
1741200 425
1741210 425
1741220 425
1741230 426
1741240 426
1741250 426
1741260 426
1741270 427
1741280 427
1741290 428
1741300 428
1741310 429
1741320 429
1741330 429
1741340 430
1741350 430
1741360 431
1741370 431
1741380 432
1741390 432
1741400 432
1741410 433
1741420 433
1741430 433
1741440 433
1741450 434
1741460 434
1741470 434
1741480 435
1741490 435
1741500 435
1741510 435
1741520 435
1741530 436
1741540 436
1741550 436
1741560 436
1741570 436
1741580 437
1741590 437
1741600 437
1741610 437
1741620 437
1741630 437
1741640 437
1741650 437
1741660 437
1741670 437
1741680 437
1741690 437
1741700 437
1741710 437
1741720 437
1741730 437
1741740 437
1741750 437
1741760 437
1741770 437
1741780 438
1741790 438
1741800 438
1741810 438
1741820 438
1741830 438
1741840 438
1741850 438
1741860 438
1741870 438
1741880 437
1741890 437
1741900 437
1741910 436
1741920 436
1741930 436
1741940 436
1741950 435
1741960 435
1741970 435
1741980 435
1741990 435
1742000 435
1742010 435
1742020 434
1742030 434
1742040 434
1742050 433
1742060 433
1742070 433
1742080 433
1742090 433
1742100 433
1742110 433
1742120 432
1742130 432
1742140 432
1742150 432
1742160 432
1742170 432
1742180 431
1742190 431
1742200 430
1742210 430
1742220 430
1742230 429
1742240 429
1742250 428
1742260 428
1742270 428
1742280 427
1742290 427
1742300 427
1742310 426
1742320 426
1742330 426
1742340 425
1742350 425
1742360 425
1742370 425
1742380 425
